Repaneled_Airfoil
1.000000 0.006732
0.999890 0.006755
0.999561 0.006823
0.999013 0.006938
0.998246 0.007099
0.997261 0.007306
0.996057 0.007561
0.994636 0.007865
0.992998 0.008217
0.991144 0.008620
0.989074 0.009076
0.986789 0.009582
0.984292 0.010141
0.981581 0.010758
0.978660 0.011428
0.975528 0.012155
0.972188 0.012941
0.968641 0.013783
0.964888 0.014685
0.960932 0.015648
0.956773 0.016668
0.952414 0.017748
0.947856 0.018889
0.943102 0.020084
0.938153 0.021337
0.933013 0.022645
0.927682 0.024004
0.922164 0.025414
0.916461 0.026868
0.910575 0.028367
0.904508 0.029901
0.898265 0.031467
0.891847 0.033064
0.885257 0.034675
0.878498 0.036298
0.871572 0.037936
0.864484 0.039559
0.857236 0.041169
0.849832 0.042772
0.842274 0.044321
0.834565 0.045829
0.826710 0.047307
0.818712 0.048695
0.810574 0.050031
0.802300 0.051323
0.793893 0.052505
0.785357 0.053625
0.776696 0.054691
0.767913 0.055625
0.759014 0.056492
0.750000 0.057294
0.740877 0.057952
0.731648 0.058554
0.722318 0.059095
0.712890 0.059539
0.703368 0.059950
0.693758 0.060323
0.684062 0.060660
0.674286 0.060994
0.664433 0.061326
0.654508 0.061677
0.644516 0.062040
0.634460 0.062417
0.624345 0.062814
0.614175 0.063222
0.603956 0.063646
0.593691 0.064088
0.583384 0.064541
0.573042 0.065009
0.562667 0.065493
0.552264 0.065988
0.541839 0.066497
0.531395 0.067020
0.520938 0.067551
0.510471 0.068096
0.500000 0.068652
0.489529 0.069214
0.479062 0.069787
0.468605 0.070368
0.458161 0.070953
0.447736 0.071546
0.437333 0.072143
0.426958 0.072742
0.416616 0.073344
0.406309 0.073946
0.396044 0.074547
0.385825 0.075147
0.375655 0.075743
0.365540 0.076335
0.355484 0.076920
0.345492 0.077497
0.335567 0.078067
0.325714 0.078623
0.315938 0.079166
0.306242 0.079699
0.296632 0.080212
0.287110 0.080710
0.277682 0.081192
0.268352 0.081646
0.259123 0.082075
0.250000 0.082481
0.240986 0.082815
0.232087 0.083101
0.223304 0.083335
0.214643 0.083456
0.206107 0.083512
0.197700 0.083495
0.189426 0.083333
0.181288 0.083082
0.173290 0.082725
0.165435 0.082171
0.157726 0.081509
0.150168 0.080712
0.142764 0.079694
0.135516 0.078562
0.128428 0.077277
0.121502 0.075767
0.114743 0.074151
0.108153 0.072386
0.101735 0.070452
0.095492 0.068450
0.089425 0.066339
0.083539 0.064117
0.077836 0.061862
0.072318 0.059534
0.066987 0.057143
0.061847 0.054749
0.056898 0.052313
0.052144 0.049849
0.047586 0.047407
0.043227 0.044945
0.039068 0.042482
0.035112 0.040060
0.031359 0.037630
0.027812 0.035219
0.024472 0.032866
0.021340 0.030506
0.018419 0.028178
0.015708 0.025923
0.013211 0.023654
0.010926 0.021430
0.008856 0.019294
0.007002 0.017129
0.005364 0.015023
0.003943 0.013039
0.002739 0.010997
0.001754 0.009057
0.000987 0.007335
0.000439 0.005605
0.000110 0.004370
0.000000 0.003873
0.000110 0.000700
0.000439 -0.003943
0.000987 -0.005485
0.001754 -0.006918
0.002739 -0.008475
0.003943 -0.010035
0.005364 -0.011429
0.007002 -0.012845
0.008856 -0.014215
0.010926 -0.015443
0.013211 -0.016657
0.015708 -0.017805
0.018419 -0.018826
0.021340 -0.019814
0.024472 -0.020725
0.027812 -0.021519
0.031359 -0.022267
0.035112 -0.022930
0.039068 -0.023486
0.043227 -0.023990
0.047586 -0.024406
0.052144 -0.024728
0.056898 -0.024998
0.061847 -0.025185
0.066987 -0.025298
0.072318 -0.025367
0.077836 -0.025371
0.083539 -0.025330
0.089425 -0.025265
0.095492 -0.025173
0.101735 -0.025082
0.108153 -0.025001
0.114743 -0.024961
0.121502 -0.024992
0.128428 -0.025089
0.135516 -0.025342
0.142764 -0.025734
0.150168 -0.026231
0.157726 -0.026878
0.165435 -0.027609
0.173290 -0.028407
0.181288 -0.029289
0.189426 -0.030202
0.197700 -0.031140
0.206107 -0.032082
0.214643 -0.033022
0.223304 -0.033961
0.232087 -0.034868
0.240986 -0.035752
0.250000 -0.036614
0.259123 -0.037396
0.268352 -0.038136
0.277682 -0.038829
0.287110 -0.039424
0.296632 -0.039974
0.306242 -0.040469
0.315938 -0.040869
0.325714 -0.041222
0.335567 -0.041517
0.345492 -0.041720
0.355484 -0.041875
0.365540 -0.041969
0.375655 -0.041974
0.385825 -0.041931
0.396044 -0.041825
0.406309 -0.041636
0.416616 -0.041399
0.426958 -0.041097
0.437333 -0.040718
0.447736 -0.040292
0.458161 -0.039801
0.468605 -0.039238
0.479062 -0.038631
0.489529 -0.037958
0.500000 -0.037220
0.510471 -0.036441
0.520938 -0.035598
0.531395 -0.034695
0.541839 -0.033754
0.552264 -0.032751
0.562667 -0.031696
0.573042 -0.030607
0.583384 -0.029458
0.593691 -0.028264
0.603956 -0.027038
0.614175 -0.025758
0.624345 -0.024440
0.634460 -0.023095
0.644516 -0.021699
0.654508 -0.020272
0.664433 -0.018823
0.674286 -0.017327
0.684062 -0.015817
0.693758 -0.014300
0.703368 -0.012789
0.712890 -0.011307
0.722318 -0.009856
0.731648 -0.008483
0.740877 -0.007176
0.750000 -0.005931
0.759014 -0.004828
0.767913 -0.003804
0.776696 -0.002862
0.785357 -0.002057
0.793893 -0.001323
0.802300 -0.000666
0.810574 -0.000129
0.818712 0.000347
0.826710 0.000751
0.834565 0.001053
0.842274 0.001305
0.849832 0.001498
0.857236 0.001626
0.864484 0.001725
0.871572 0.001790
0.878498 0.001825
0.885257 0.001847
0.891847 0.001855
0.898265 0.001855
0.904508 0.001854
0.910575 0.001852
0.916461 0.001857
0.922164 0.001866
0.927682 0.001885
0.933013 0.001917
0.938153 0.001956
0.943102 0.002011
0.947856 0.002078
0.952414 0.002154
0.956773 0.002244
0.960932 0.002346
0.964888 0.002453
0.968641 0.002573
0.972188 0.002699
0.975528 0.002826
0.978660 0.002961
0.981581 0.003097
0.984292 0.003230
0.986789 0.003364
0.989074 0.003492
0.991144 0.003613
0.992998 0.003728
0.994636 0.003834
0.996057 0.003928
0.997261 0.004010
0.998246 0.004080
0.999013 0.004134
0.999561 0.004174
0.999890 0.004196
1.000000 0.004203
