Repaneled_Airfoil
1.000000 -0.033791
0.999890 -0.033771
0.999561 -0.033712
0.999013 -0.033614
0.998246 -0.033475
0.997261 -0.033296
0.996057 -0.033077
0.994636 -0.032816
0.992998 -0.032513
0.991144 -0.032168
0.989074 -0.031778
0.986789 -0.031345
0.984292 -0.030866
0.981581 -0.030338
0.978660 -0.029763
0.975528 -0.029139
0.972188 -0.028460
0.968641 -0.027731
0.964888 -0.026948
0.960932 -0.026104
0.956773 -0.025206
0.952414 -0.024245
0.947856 -0.023217
0.943102 -0.022129
0.938153 -0.020971
0.933013 -0.019739
0.927682 -0.018440
0.922164 -0.017060
0.916461 -0.015598
0.910575 -0.014063
0.904508 -0.012436
0.898265 -0.010716
0.891847 -0.008917
0.885257 -0.007012
0.878498 -0.005006
0.871572 -0.002913
0.864484 -0.000697
0.857236 0.001627
0.849832 0.004048
0.842274 0.006608
0.834565 0.009280
0.826710 0.012051
0.818712 0.014944
0.810574 0.017913
0.802300 0.020953
0.793893 0.024052
0.785357 0.027182
0.776696 0.030343
0.767913 0.033481
0.759014 0.036602
0.750000 0.039707
0.740877 0.042718
0.731648 0.045696
0.722318 0.048635
0.712890 0.051463
0.703368 0.054245
0.693758 0.056969
0.684062 0.059566
0.674286 0.062105
0.664433 0.064567
0.654508 0.066896
0.644516 0.069160
0.634460 0.071337
0.624345 0.073384
0.614175 0.075362
0.603956 0.077246
0.593691 0.079003
0.583384 0.080691
0.573042 0.082280
0.562667 0.083748
0.552264 0.085146
0.541839 0.086442
0.531395 0.087623
0.520938 0.088735
0.510471 0.089743
0.500000 0.090646
0.489529 0.091481
0.479062 0.092212
0.468605 0.092845
0.458161 0.093413
0.447736 0.093878
0.437333 0.094255
0.426958 0.094571
0.416616 0.094786
0.406309 0.094922
0.396044 0.095001
0.385825 0.094982
0.375655 0.094893
0.365540 0.094751
0.355484 0.094516
0.345492 0.094219
0.335567 0.093874
0.325714 0.093441
0.315938 0.092954
0.306242 0.092425
0.296632 0.091810
0.287110 0.091151
0.277682 0.090453
0.268352 0.089676
0.259123 0.088860
0.250000 0.088009
0.240986 0.087054
0.232087 0.086040
0.223304 0.084967
0.214643 0.083746
0.206107 0.082450
0.197700 0.081071
0.189426 0.079518
0.181288 0.077888
0.173290 0.076167
0.165435 0.074307
0.157726 0.072399
0.150168 0.070429
0.142764 0.068371
0.135516 0.066292
0.128428 0.064178
0.121502 0.062018
0.114743 0.059859
0.108153 0.057687
0.101735 0.055490
0.095492 0.053305
0.089425 0.051113
0.083539 0.048907
0.077836 0.046719
0.072318 0.044527
0.066987 0.042329
0.061847 0.040156
0.056898 0.037979
0.052144 0.035802
0.047586 0.033656
0.043227 0.031506
0.039068 0.029360
0.035112 0.027251
0.031359 0.025133
0.027812 0.023025
0.024472 0.020961
0.021340 0.018878
0.018419 0.016810
0.015708 0.014797
0.013211 0.012753
0.010926 0.010730
0.008856 0.008777
0.007002 0.006769
0.005364 0.004795
0.003943 0.002921
0.002739 0.000953
0.001754 -0.000953
0.000987 -0.002673
0.000439 -0.004518
0.000110 -0.005945
0.000000 -0.006561
0.000110 -0.009025
0.000439 -0.012813
0.000987 -0.014545
0.001754 -0.016084
0.002739 -0.017748
0.003943 -0.019411
0.005364 -0.020910
0.007002 -0.022443
0.008856 -0.023943
0.010926 -0.025316
0.013211 -0.026690
0.015708 -0.028016
0.018419 -0.029235
0.021340 -0.030436
0.024472 -0.031578
0.027812 -0.032623
0.031359 -0.033639
0.035112 -0.034585
0.039068 -0.035440
0.043227 -0.036256
0.047586 -0.036996
0.052144 -0.037646
0.056898 -0.038251
0.061847 -0.038772
0.066987 -0.039206
0.072318 -0.039589
0.077836 -0.039883
0.083539 -0.040093
0.089425 -0.040248
0.095492 -0.040310
0.101735 -0.040292
0.108153 -0.040217
0.114743 -0.040049
0.121502 -0.039806
0.128428 -0.039508
0.135516 -0.039117
0.142764 -0.038661
0.150168 -0.038155
0.157726 -0.037579
0.165435 -0.036966
0.173290 -0.036324
0.181288 -0.035661
0.189426 -0.035000
0.197700 -0.034344
0.206107 -0.033738
0.214643 -0.033168
0.223304 -0.032627
0.232087 -0.032133
0.240986 -0.031647
0.250000 -0.031168
0.259123 -0.030681
0.268352 -0.030173
0.277682 -0.029643
0.287110 -0.029065
0.296632 -0.028462
0.306242 -0.027834
0.315938 -0.027171
0.325714 -0.026492
0.335567 -0.025794
0.345492 -0.025078
0.355484 -0.024353
0.365540 -0.023619
0.375655 -0.022883
0.385825 -0.022146
0.396044 -0.021412
0.406309 -0.020690
0.416616 -0.019979
0.426958 -0.019283
0.437333 -0.018614
0.447736 -0.017963
0.458161 -0.017342
0.468605 -0.016762
0.479062 -0.016209
0.489529 -0.015700
0.500000 -0.015245
0.510471 -0.014824
0.520938 -0.014463
0.531395 -0.014163
0.541839 -0.013907
0.552264 -0.013724
0.562667 -0.013610
0.573042 -0.013545
0.583384 -0.013566
0.593691 -0.013661
0.603956 -0.013809
0.614175 -0.014056
0.624345 -0.014377
0.634460 -0.014755
0.644516 -0.015240
0.654508 -0.015798
0.664433 -0.016414
0.674286 -0.017143
0.684062 -0.017936
0.693758 -0.018782
0.703368 -0.019728
0.712890 -0.020726
0.722318 -0.021765
0.731648 -0.022893
0.740877 -0.024059
0.750000 -0.025257
0.759014 -0.026515
0.767913 -0.027773
0.776696 -0.029031
0.785357 -0.030267
0.793893 -0.031467
0.802300 -0.032627
0.810574 -0.033706
0.818712 -0.034722
0.826710 -0.035668
0.834565 -0.036494
0.842274 -0.037249
0.849832 -0.037921
0.857236 -0.038485
0.864484 -0.038987
0.871572 -0.039416
0.878498 -0.039756
0.885257 -0.040046
0.891847 -0.040272
0.898265 -0.040428
0.904508 -0.040544
0.910575 -0.040607
0.916461 -0.040617
0.922164 -0.040597
0.927682 -0.040534
0.933013 -0.040434
0.938153 -0.040313
0.943102 -0.040161
0.947856 -0.039986
0.952414 -0.039799
0.956773 -0.039590
0.960932 -0.039370
0.964888 -0.039146
0.968641 -0.038912
0.972188 -0.038676
0.975528 -0.038443
0.978660 -0.038208
0.981581 -0.037980
0.984292 -0.037762
0.986789 -0.037550
0.989074 -0.037350
0.991144 -0.037165
0.992998 -0.036994
0.994636 -0.036840
0.996057 -0.036704
0.997261 -0.036586
0.998246 -0.036489
0.999013 -0.036412
0.999561 -0.036357
0.999890 -0.036326
1.000000 -0.036317
