Repaneled_Airfoil
1.000000 0.082488
0.999890 0.082494
0.999561 0.082513
0.999013 0.082548
0.998246 0.082593
0.997261 0.082648
0.996057 0.082712
0.994636 0.082776
0.992998 0.082842
0.991144 0.082907
0.989074 0.082958
0.986789 0.083000
0.984292 0.083027
0.981581 0.083022
0.978660 0.082996
0.975528 0.082939
0.972188 0.082832
0.968641 0.082691
0.964888 0.082501
0.960932 0.082246
0.956773 0.081944
0.952414 0.081576
0.947856 0.081132
0.943102 0.080632
0.938153 0.080054
0.933013 0.079393
0.927682 0.078670
0.922164 0.077864
0.916461 0.076976
0.910575 0.076026
0.904508 0.074995
0.898265 0.073894
0.891847 0.072737
0.885257 0.071515
0.878498 0.070243
0.871572 0.068931
0.864484 0.067584
0.857236 0.066221
0.849832 0.064842
0.842274 0.063481
0.834565 0.062146
0.826710 0.060833
0.818712 0.059608
0.810574 0.058442
0.802300 0.057324
0.793893 0.056334
0.785357 0.055419
0.776696 0.054575
0.767913 0.053898
0.759014 0.053317
0.750000 0.052827
0.740877 0.052548
0.731648 0.052367
0.722318 0.052292
0.712890 0.052402
0.703368 0.052595
0.693758 0.052884
0.684062 0.053315
0.674286 0.053809
0.664433 0.054379
0.654508 0.055046
0.644516 0.055762
0.634460 0.056538
0.624345 0.057385
0.614175 0.058269
0.603956 0.059198
0.593691 0.060172
0.583384 0.061168
0.573042 0.062190
0.562667 0.063229
0.552264 0.064276
0.541839 0.065325
0.531395 0.066365
0.520938 0.067395
0.510471 0.068404
0.500000 0.069379
0.489529 0.070327
0.479062 0.071228
0.468605 0.072073
0.458161 0.072876
0.447736 0.073604
0.437333 0.074257
0.426958 0.074855
0.416616 0.075352
0.406309 0.075760
0.396044 0.076100
0.385825 0.076314
0.375655 0.076429
0.365540 0.076466
0.355484 0.076355
0.345492 0.076139
0.335567 0.075837
0.325714 0.075370
0.315938 0.074795
0.306242 0.074132
0.296632 0.073285
0.287110 0.072334
0.277682 0.071292
0.268352 0.070056
0.259123 0.068722
0.250000 0.067300
0.240986 0.065706
0.232087 0.064065
0.223304 0.062373
0.214643 0.060617
0.206107 0.058865
0.197700 0.057115
0.189426 0.055398
0.181288 0.053721
0.173290 0.052091
0.165435 0.050509
0.157726 0.048963
0.150168 0.047453
0.142764 0.045973
0.135516 0.044520
0.128428 0.043093
0.121502 0.041683
0.114743 0.040291
0.108153 0.038910
0.101735 0.037520
0.095492 0.036137
0.089425 0.034743
0.083539 0.033323
0.077836 0.031901
0.072318 0.030454
0.066987 0.028973
0.061847 0.027489
0.056898 0.025968
0.052144 0.024411
0.047586 0.022853
0.043227 0.021252
0.039068 0.019618
0.035112 0.017988
0.031359 0.016309
0.027812 0.014604
0.024472 0.012912
0.021340 0.011165
0.018419 0.009402
0.015708 0.007664
0.013211 0.005862
0.010926 0.004054
0.008856 0.002290
0.007002 0.000443
0.005364 -0.001394
0.003943 -0.003156
0.002739 -0.005042
0.001754 -0.006897
0.000987 -0.008592
0.000439 -0.010505
0.000110 -0.012126
0.000000 -0.012874
0.000110 -0.014858
0.000439 -0.018070
0.000987 -0.019942
0.001754 -0.021563
0.002739 -0.023316
0.003943 -0.025073
0.005364 -0.026676
0.007002 -0.028330
0.008856 -0.029968
0.010926 -0.031502
0.013211 -0.033059
0.015708 -0.034590
0.018419 -0.036044
0.021340 -0.037506
0.024472 -0.038938
0.027812 -0.040307
0.031359 -0.041676
0.035112 -0.043010
0.039068 -0.044290
0.043227 -0.045564
0.047586 -0.046798
0.052144 -0.047981
0.056898 -0.049151
0.061847 -0.050273
0.066987 -0.051345
0.072318 -0.052394
0.077836 -0.053386
0.083539 -0.054319
0.089425 -0.055221
0.095492 -0.056049
0.101735 -0.056809
0.108153 -0.057525
0.114743 -0.058146
0.121502 -0.058683
0.128428 -0.059161
0.135516 -0.059515
0.142764 -0.059772
0.150168 -0.059955
0.157726 -0.059994
0.165435 -0.059931
0.173290 -0.059783
0.181288 -0.059473
0.189426 -0.059054
0.197700 -0.058540
0.206107 -0.057844
0.214643 -0.057044
0.223304 -0.056149
0.232087 -0.055114
0.240986 -0.054024
0.250000 -0.052881
0.259123 -0.051704
0.268352 -0.050539
0.277682 -0.049389
0.287110 -0.048330
0.296632 -0.047312
0.306242 -0.046345
0.315938 -0.045467
0.325714 -0.044630
0.335567 -0.043843
0.345492 -0.043135
0.355484 -0.042463
0.365540 -0.041837
0.375655 -0.041275
0.385825 -0.040742
0.396044 -0.040250
0.406309 -0.039802
0.416616 -0.039376
0.426958 -0.038978
0.437333 -0.038607
0.447736 -0.038247
0.458161 -0.037901
0.468605 -0.037562
0.479062 -0.037224
0.489529 -0.036884
0.500000 -0.036533
0.510471 -0.036170
0.520938 -0.035787
0.531395 -0.035376
0.541839 -0.034942
0.552264 -0.034468
0.562667 -0.033951
0.573042 -0.033401
0.583384 -0.032791
0.593691 -0.032125
0.603956 -0.031417
0.614175 -0.030629
0.624345 -0.029776
0.634460 -0.028874
0.644516 -0.027873
0.654508 -0.026800
0.664433 -0.025671
0.674286 -0.024427
0.684062 -0.023106
0.693758 -0.021722
0.703368 -0.020190
0.712890 -0.018571
0.722318 -0.016877
0.731648 -0.015005
0.740877 -0.013040
0.750000 -0.010993
0.759014 -0.008742
0.767913 -0.006407
0.776696 -0.003986
0.785357 -0.001388
0.793893 0.001271
0.802300 0.004000
0.810574 0.006863
0.818712 0.009766
0.826710 0.012720
0.834565 0.015770
0.842274 0.018835
0.849832 0.021930
0.857236 0.025065
0.864484 0.028176
0.871572 0.031269
0.878498 0.034330
0.885257 0.037329
0.891847 0.040264
0.898265 0.043117
0.904508 0.045883
0.910575 0.048550
0.916461 0.051103
0.922164 0.053552
0.927682 0.055880
0.933013 0.058081
0.938153 0.060170
0.943102 0.062129
0.947856 0.063959
0.952414 0.065679
0.956773 0.067268
0.960932 0.068737
0.964888 0.070102
0.968641 0.071347
0.972188 0.072484
0.975528 0.073528
0.978660 0.074466
0.981581 0.075312
0.984292 0.076078
0.986789 0.076753
0.989074 0.077353
0.991144 0.077884
0.992998 0.078341
0.994636 0.078736
0.996057 0.079072
0.997261 0.079348
0.998246 0.079571
0.999013 0.079742
0.999561 0.079862
0.999890 0.079934
1.000000 0.079958
