Repaneled_Airfoil
1.000000 0.005703
0.999890 0.005725
0.999561 0.005792
0.999013 0.005904
0.998246 0.006059
0.997261 0.006258
0.996057 0.006500
0.994636 0.006783
0.992998 0.007108
0.991144 0.007473
0.989074 0.007874
0.986789 0.008313
0.984292 0.008789
0.981581 0.009296
0.978660 0.009837
0.975528 0.010409
0.972188 0.011007
0.968641 0.011635
0.964888 0.012287
0.960932 0.012961
0.956773 0.013659
0.952414 0.014377
0.947856 0.015111
0.943102 0.015864
0.938153 0.016632
0.933013 0.017412
0.927682 0.018209
0.922164 0.019015
0.916461 0.019831
0.910575 0.020661
0.904508 0.021498
0.898265 0.022344
0.891847 0.023203
0.885257 0.024069
0.878498 0.024945
0.871572 0.025835
0.864484 0.026734
0.857236 0.027648
0.849832 0.028577
0.842274 0.029522
0.834565 0.030488
0.826710 0.031473
0.818712 0.032479
0.810574 0.033506
0.802300 0.034551
0.793893 0.035617
0.785357 0.036701
0.776696 0.037803
0.767913 0.038923
0.759014 0.040060
0.750000 0.041211
0.740877 0.042378
0.731648 0.043559
0.722318 0.044753
0.712890 0.045955
0.703368 0.047167
0.693758 0.048388
0.684062 0.049611
0.674286 0.050840
0.664433 0.052073
0.654508 0.053300
0.644516 0.054527
0.634460 0.055749
0.624345 0.056957
0.614175 0.058157
0.603956 0.059345
0.593691 0.060508
0.583384 0.061656
0.573042 0.062781
0.562667 0.063872
0.552264 0.064941
0.541839 0.065976
0.531395 0.066967
0.520938 0.067929
0.510471 0.068847
0.500000 0.069711
0.489529 0.070540
0.479062 0.071312
0.468605 0.072024
0.458161 0.072695
0.447736 0.073296
0.437333 0.073832
0.426958 0.074321
0.416616 0.074729
0.406309 0.075068
0.396044 0.075355
0.385825 0.075549
0.375655 0.075673
0.365540 0.075741
0.355484 0.075707
0.345492 0.075601
0.335567 0.075438
0.325714 0.075163
0.315938 0.074818
0.306242 0.074414
0.296632 0.073893
0.287110 0.073303
0.277682 0.072655
0.268352 0.071884
0.259123 0.071052
0.250000 0.070166
0.240986 0.069190
0.232087 0.068199
0.223304 0.067191
0.214643 0.066185
0.206107 0.065205
0.197700 0.064253
0.189426 0.063377
0.181288 0.062562
0.173290 0.061817
0.165435 0.061204
0.157726 0.060676
0.150168 0.060252
0.142764 0.059994
0.135516 0.059840
0.128428 0.059822
0.121502 0.059935
0.114743 0.060094
0.108153 0.060301
0.101735 0.060519
0.095492 0.060726
0.089425 0.060909
0.083539 0.061037
0.077836 0.061124
0.072318 0.061141
0.066987 0.061072
0.061847 0.060945
0.056898 0.060723
0.052144 0.060402
0.047586 0.060020
0.043227 0.059529
0.039068 0.058940
0.035112 0.058295
0.031359 0.057533
0.027812 0.056682
0.024472 0.055785
0.021340 0.054767
0.018419 0.053673
0.015708 0.052548
0.013211 0.051298
0.010926 0.049987
0.008856 0.048666
0.007002 0.047205
0.005364 0.045702
0.003943 0.044226
0.002739 0.042572
0.001754 0.040904
0.000987 0.039352
0.000439 0.037561
0.000110 0.036088
0.000000 0.035424
0.000110 0.033170
0.000439 0.029585
0.000987 0.027648
0.001754 0.025871
0.002739 0.023903
0.003943 0.021872
0.005364 0.019927
0.007002 0.017872
0.008856 0.015772
0.010926 0.013710
0.013211 0.011563
0.015708 0.009378
0.018419 0.007202
0.021340 0.004954
0.024472 0.002670
0.027812 0.000383
0.031359 -0.001967
0.035112 -0.004346
0.039068 -0.006731
0.043227 -0.009166
0.047586 -0.011617
0.052144 -0.014065
0.056898 -0.016546
0.061847 -0.019018
0.066987 -0.021466
0.072318 -0.023924
0.077836 -0.026336
0.083539 -0.028691
0.089425 -0.031024
0.095492 -0.033262
0.101735 -0.035401
0.108153 -0.037481
0.114743 -0.039399
0.121502 -0.041174
0.128428 -0.042848
0.135516 -0.044302
0.142764 -0.045604
0.150168 -0.046794
0.157726 -0.047758
0.165435 -0.048577
0.173290 -0.049280
0.181288 -0.049761
0.189426 -0.050112
0.197700 -0.050353
0.206107 -0.050394
0.214643 -0.050331
0.223304 -0.050175
0.232087 -0.049862
0.240986 -0.049484
0.250000 -0.049042
0.259123 -0.048520
0.268352 -0.047982
0.277682 -0.047428
0.287110 -0.046875
0.296632 -0.046321
0.306242 -0.045768
0.315938 -0.045221
0.325714 -0.044675
0.335567 -0.044133
0.345492 -0.043598
0.355484 -0.043067
0.365540 -0.042540
0.375655 -0.042022
0.385825 -0.041507
0.396044 -0.040998
0.406309 -0.040498
0.416616 -0.040000
0.426958 -0.039509
0.437333 -0.039023
0.447736 -0.038540
0.458161 -0.038062
0.468605 -0.037587
0.479062 -0.037115
0.489529 -0.036643
0.500000 -0.036174
0.510471 -0.035704
0.520938 -0.035232
0.531395 -0.034759
0.541839 -0.034284
0.552264 -0.033804
0.562667 -0.033319
0.573042 -0.032830
0.583384 -0.032333
0.593691 -0.031826
0.603956 -0.031313
0.614175 -0.030787
0.624345 -0.030251
0.634460 -0.029708
0.644516 -0.029145
0.654508 -0.028571
0.664433 -0.027987
0.674286 -0.027381
0.684062 -0.026761
0.693758 -0.026132
0.703368 -0.025479
0.712890 -0.024814
0.722318 -0.024140
0.731648 -0.023440
0.740877 -0.022730
0.750000 -0.022013
0.759014 -0.021269
0.767913 -0.020519
0.776696 -0.019760
0.785357 -0.018980
0.793893 -0.018196
0.802300 -0.017406
0.810574 -0.016600
0.818712 -0.015791
0.826710 -0.014979
0.834565 -0.014155
0.842274 -0.013334
0.849832 -0.012513
0.857236 -0.011693
0.864484 -0.010883
0.871572 -0.010083
0.878498 -0.009295
0.885257 -0.008525
0.891847 -0.007772
0.898265 -0.007041
0.904508 -0.006331
0.910575 -0.005645
0.916461 -0.004985
0.922164 -0.004350
0.927682 -0.003742
0.933013 -0.003163
0.938153 -0.002610
0.943102 -0.002086
0.947856 -0.001591
0.952414 -0.001122
0.956773 -0.000682
0.960932 -0.000271
0.964888 0.000115
0.968641 0.000474
0.972188 0.000806
0.975528 0.001115
0.978660 0.001398
0.981581 0.001657
0.984292 0.001894
0.986789 0.002108
0.989074 0.002300
0.991144 0.002473
0.992998 0.002624
0.994636 0.002757
0.996057 0.002870
0.997261 0.002965
0.998246 0.003042
0.999013 0.003102
0.999561 0.003144
0.999890 0.003167
1.000000 0.003174
