Repaneled_Airfoil
1.000000 0.017692
0.999890 0.017712
0.999561 0.017773
0.999013 0.017874
0.998246 0.018015
0.997261 0.018194
0.996057 0.018411
0.994636 0.018663
0.992998 0.018951
0.991144 0.019274
0.989074 0.019626
0.986789 0.020010
0.984292 0.020423
0.981581 0.020857
0.978660 0.021317
0.975528 0.021800
0.972188 0.022297
0.968641 0.022813
0.964888 0.023343
0.960932 0.023880
0.956773 0.024430
0.952414 0.024986
0.947856 0.025541
0.943102 0.026104
0.938153 0.026663
0.933013 0.027217
0.927682 0.027772
0.922164 0.028318
0.916461 0.028854
0.910575 0.029388
0.904508 0.029907
0.898265 0.030414
0.891847 0.030917
0.885257 0.031402
0.878498 0.031877
0.871572 0.032348
0.864484 0.032802
0.857236 0.033250
0.849832 0.033694
0.842274 0.034128
0.834565 0.034563
0.826710 0.034998
0.818712 0.035437
0.810574 0.035887
0.802300 0.036348
0.793893 0.036834
0.785357 0.037347
0.776696 0.037884
0.767913 0.038479
0.759014 0.039117
0.750000 0.039798
0.740877 0.040569
0.731648 0.041383
0.722318 0.042243
0.712890 0.043164
0.703368 0.044113
0.693758 0.045090
0.684062 0.046094
0.674286 0.047107
0.664433 0.048127
0.654508 0.049143
0.644516 0.050158
0.634460 0.051171
0.624345 0.052173
0.614175 0.053172
0.603956 0.054162
0.593691 0.055136
0.583384 0.056102
0.573042 0.057054
0.562667 0.057984
0.552264 0.058901
0.541839 0.059797
0.531395 0.060665
0.520938 0.061517
0.510471 0.062340
0.500000 0.063131
0.489529 0.063900
0.479062 0.064633
0.468605 0.065329
0.458161 0.065999
0.447736 0.066625
0.437333 0.067211
0.426958 0.067766
0.416616 0.068269
0.406309 0.068729
0.396044 0.069155
0.385825 0.069521
0.375655 0.069841
0.365540 0.070124
0.355484 0.070342
0.345492 0.070510
0.335567 0.070640
0.325714 0.070697
0.315938 0.070705
0.306242 0.070673
0.296632 0.070561
0.287110 0.070402
0.277682 0.070201
0.268352 0.069915
0.259123 0.069584
0.250000 0.069212
0.240986 0.068749
0.232087 0.068245
0.223304 0.067696
0.214643 0.067059
0.206107 0.066382
0.197700 0.065659
0.189426 0.064851
0.181288 0.064004
0.173290 0.063111
0.165435 0.062134
0.157726 0.061120
0.150168 0.060057
0.142764 0.058915
0.135516 0.057739
0.128428 0.056514
0.121502 0.055214
0.114743 0.053887
0.108153 0.052511
0.101735 0.051070
0.095492 0.049608
0.089425 0.048101
0.083539 0.046538
0.077836 0.044962
0.072318 0.043344
0.066987 0.041680
0.061847 0.040011
0.056898 0.038301
0.052144 0.036555
0.047586 0.034812
0.043227 0.033031
0.039068 0.031223
0.035112 0.029426
0.031359 0.027591
0.027812 0.025738
0.024472 0.023908
0.021340 0.022033
0.018419 0.020153
0.015708 0.018308
0.013211 0.016410
0.010926 0.014517
0.008856 0.012677
0.007002 0.010764
0.005364 0.008871
0.003943 0.007063
0.002739 0.005144
0.001754 0.003268
0.000987 0.001562
0.000439 -0.000321
0.000110 -0.001851
0.000000 -0.002536
0.000110 -0.004721
0.000439 -0.008176
0.000987 -0.009990
0.001754 -0.011575
0.002739 -0.013290
0.003943 -0.015005
0.005364 -0.016562
0.007002 -0.018162
0.008856 -0.019739
0.010926 -0.021203
0.013211 -0.022680
0.015708 -0.024123
0.018419 -0.025475
0.021340 -0.026827
0.024472 -0.028138
0.027812 -0.029374
0.031359 -0.030600
0.035112 -0.031781
0.039068 -0.032898
0.043227 -0.033998
0.047586 -0.035051
0.052144 -0.036047
0.056898 -0.037025
0.061847 -0.037952
0.066987 -0.038829
0.072318 -0.039686
0.077836 -0.040492
0.083539 -0.041254
0.089425 -0.041994
0.095492 -0.042685
0.101735 -0.043336
0.108153 -0.043966
0.114743 -0.044548
0.121502 -0.045096
0.128428 -0.045623
0.135516 -0.046105
0.142764 -0.046558
0.150168 -0.046990
0.157726 -0.047378
0.165435 -0.047738
0.173290 -0.048077
0.181288 -0.048370
0.189426 -0.048637
0.197700 -0.048881
0.206107 -0.049078
0.214643 -0.049249
0.223304 -0.049398
0.232087 -0.049501
0.240986 -0.049582
0.250000 -0.049640
0.259123 -0.049654
0.268352 -0.049647
0.277682 -0.049617
0.287110 -0.049547
0.296632 -0.049458
0.306242 -0.049346
0.315938 -0.049197
0.325714 -0.049030
0.335567 -0.048841
0.345492 -0.048619
0.355484 -0.048379
0.365540 -0.048118
0.375655 -0.047827
0.385825 -0.047519
0.396044 -0.047189
0.406309 -0.046832
0.416616 -0.046459
0.426958 -0.046066
0.437333 -0.045647
0.447736 -0.045213
0.458161 -0.044759
0.468605 -0.044281
0.479062 -0.043789
0.489529 -0.043276
0.500000 -0.042743
0.510471 -0.042195
0.520938 -0.041627
0.531395 -0.041039
0.541839 -0.040438
0.552264 -0.039816
0.562667 -0.039176
0.573042 -0.038523
0.583384 -0.037850
0.593691 -0.037159
0.603956 -0.036457
0.614175 -0.035733
0.624345 -0.034994
0.634460 -0.034245
0.644516 -0.033474
0.654508 -0.032690
0.664433 -0.031895
0.674286 -0.031079
0.684062 -0.030245
0.693758 -0.029398
0.703368 -0.028503
0.712890 -0.027577
0.722318 -0.026624
0.731648 -0.025596
0.740877 -0.024529
0.750000 -0.023425
0.759014 -0.022225
0.767913 -0.020990
0.776696 -0.019720
0.785357 -0.018387
0.793893 -0.017041
0.802300 -0.015680
0.810574 -0.014293
0.818712 -0.012911
0.826710 -0.011532
0.834565 -0.010158
0.842274 -0.008803
0.849832 -0.007467
0.857236 -0.006157
0.864484 -0.004875
0.871572 -0.003624
0.878498 -0.002410
0.885257 -0.001232
0.891847 -0.000093
0.898265 0.001001
0.904508 0.002056
0.910575 0.003065
0.916461 0.004026
0.922164 0.004946
0.927682 0.005817
0.933013 0.006641
0.938153 0.007423
0.943102 0.008157
0.947856 0.008845
0.952414 0.009494
0.956773 0.010097
0.960932 0.010657
0.964888 0.011180
0.968641 0.011661
0.972188 0.012105
0.975528 0.012515
0.978660 0.012887
0.981581 0.013226
0.984292 0.013535
0.986789 0.013811
0.989074 0.014059
0.991144 0.014280
0.992998 0.014472
0.994636 0.014640
0.996057 0.014784
0.997261 0.014903
0.998246 0.015000
0.999013 0.015075
0.999561 0.015128
0.999890 0.015157
1.000000 0.015166
