Repaneled_Airfoil
1.000000 -0.014586
0.999890 -0.014559
0.999561 -0.014477
0.999013 -0.014341
0.998246 -0.014151
0.997261 -0.013906
0.996057 -0.013607
0.994636 -0.013254
0.992998 -0.012847
0.991144 -0.012386
0.989074 -0.011871
0.986789 -0.011303
0.984292 -0.010683
0.981581 -0.010010
0.978660 -0.009284
0.975528 -0.008507
0.972188 -0.007679
0.968641 -0.006801
0.964888 -0.005874
0.960932 -0.004899
0.956773 -0.003876
0.952414 -0.002807
0.947856 -0.001695
0.943102 -0.000540
0.938153 0.000657
0.933013 0.001891
0.927682 0.003164
0.922164 0.004469
0.916461 0.005805
0.910575 0.007174
0.904508 0.008564
0.898265 0.009976
0.891847 0.011412
0.885257 0.012858
0.878498 0.014313
0.871572 0.015782
0.864484 0.017244
0.857236 0.018703
0.849832 0.020165
0.842274 0.021598
0.834565 0.023017
0.826710 0.024427
0.818712 0.025801
0.810574 0.027170
0.802300 0.028536
0.793893 0.029891
0.785357 0.031258
0.776696 0.032636
0.767913 0.034038
0.759014 0.035472
0.750000 0.036939
0.740877 0.038461
0.731648 0.040010
0.722318 0.041586
0.712890 0.043178
0.703368 0.044776
0.693758 0.046378
0.684062 0.047951
0.674286 0.049506
0.664433 0.051035
0.654508 0.052506
0.644516 0.053950
0.634460 0.055357
0.624345 0.056706
0.614175 0.058025
0.603956 0.059304
0.593691 0.060525
0.583384 0.061716
0.573042 0.062862
0.562667 0.063953
0.552264 0.065011
0.541839 0.066022
0.531395 0.066980
0.520938 0.067906
0.510471 0.068782
0.500000 0.069606
0.489529 0.070398
0.479062 0.071138
0.468605 0.071830
0.458161 0.072490
0.447736 0.073096
0.437333 0.073658
0.426958 0.074186
0.416616 0.074661
0.406309 0.075093
0.396044 0.075493
0.385825 0.075839
0.375655 0.076144
0.365540 0.076418
0.355484 0.076636
0.345492 0.076817
0.335567 0.076968
0.325714 0.077062
0.315938 0.077121
0.306242 0.077150
0.296632 0.077123
0.287110 0.077062
0.277682 0.076974
0.268352 0.076826
0.259123 0.076640
0.250000 0.076420
0.240986 0.076072
0.232087 0.075639
0.223304 0.075120
0.214643 0.074391
0.206107 0.073548
0.197700 0.072576
0.189426 0.071352
0.181288 0.070011
0.173290 0.068530
0.165435 0.066843
0.157726 0.065073
0.150168 0.063199
0.142764 0.061181
0.135516 0.059113
0.128428 0.056973
0.121502 0.054741
0.114743 0.052489
0.108153 0.050195
0.101735 0.047847
0.095492 0.045499
0.089425 0.043128
0.083539 0.040731
0.077836 0.038350
0.072318 0.035960
0.066987 0.033563
0.061847 0.031196
0.056898 0.028829
0.052144 0.026469
0.047586 0.024148
0.043227 0.021832
0.039068 0.019530
0.035112 0.017275
0.031359 0.015024
0.027812 0.012793
0.024472 0.010617
0.021340 0.008433
0.018419 0.006276
0.015708 0.004182
0.013211 0.002068
0.010926 -0.000017
0.008856 -0.002025
0.007002 -0.004079
0.005364 -0.006092
0.003943 -0.008000
0.002739 -0.009995
0.001754 -0.011924
0.000987 -0.013661
0.000439 -0.015519
0.000110 -0.016954
0.000000 -0.017571
0.000110 -0.020048
0.000439 -0.023851
0.000987 -0.025578
0.001754 -0.027110
0.002739 -0.028764
0.003943 -0.030413
0.005364 -0.031894
0.007002 -0.033404
0.008856 -0.034877
0.010926 -0.036217
0.013211 -0.037552
0.015708 -0.038832
0.018419 -0.039997
0.021340 -0.041138
0.024472 -0.042211
0.027812 -0.043176
0.031359 -0.044103
0.035112 -0.044952
0.039068 -0.045696
0.043227 -0.046391
0.047586 -0.046999
0.052144 -0.047505
0.056898 -0.047957
0.061847 -0.048313
0.066987 -0.048572
0.072318 -0.048772
0.077836 -0.048875
0.083539 -0.048889
0.089425 -0.048843
0.095492 -0.048702
0.101735 -0.048485
0.108153 -0.048213
0.114743 -0.047859
0.121502 -0.047445
0.128428 -0.046988
0.135516 -0.046472
0.142764 -0.045922
0.150168 -0.045347
0.157726 -0.044758
0.165435 -0.044180
0.173290 -0.043612
0.181288 -0.043108
0.189426 -0.042673
0.197700 -0.042300
0.206107 -0.042105
0.214643 -0.042006
0.223304 -0.041993
0.232087 -0.042099
0.240986 -0.042237
0.250000 -0.042407
0.259123 -0.042575
0.268352 -0.042717
0.277682 -0.042831
0.287110 -0.042875
0.296632 -0.042887
0.306242 -0.042862
0.315938 -0.042778
0.325714 -0.042663
0.335567 -0.042513
0.345492 -0.042312
0.355484 -0.042084
0.365540 -0.041825
0.375655 -0.041524
0.385825 -0.041201
0.396044 -0.040850
0.406309 -0.040467
0.416616 -0.040066
0.426958 -0.039644
0.437333 -0.039199
0.447736 -0.038741
0.458161 -0.038267
0.468605 -0.037779
0.479062 -0.037285
0.489529 -0.036781
0.500000 -0.036272
0.510471 -0.035761
0.520938 -0.035249
0.531395 -0.034738
0.541839 -0.034231
0.552264 -0.033730
0.562667 -0.033238
0.573042 -0.032753
0.583384 -0.032282
0.593691 -0.031825
0.603956 -0.031380
0.614175 -0.030956
0.624345 -0.030550
0.634460 -0.030159
0.644516 -0.029795
0.654508 -0.029453
0.664433 -0.029128
0.674286 -0.028836
0.684062 -0.028555
0.693758 -0.028285
0.703368 -0.028013
0.712890 -0.027732
0.722318 -0.027441
0.731648 -0.027114
0.740877 -0.026759
0.750000 -0.026380
0.759014 -0.025937
0.767913 -0.025475
0.776696 -0.024992
0.785357 -0.024486
0.793893 -0.023984
0.802300 -0.023485
0.810574 -0.023005
0.818712 -0.022545
0.826710 -0.022111
0.834565 -0.021724
0.842274 -0.021367
0.849832 -0.021045
0.857236 -0.020766
0.864484 -0.020509
0.871572 -0.020278
0.878498 -0.020073
0.885257 -0.019883
0.891847 -0.019711
0.898265 -0.019555
0.904508 -0.019408
0.910575 -0.019273
0.916461 -0.019147
0.922164 -0.019026
0.927682 -0.018912
0.933013 -0.018802
0.938153 -0.018696
0.943102 -0.018593
0.947856 -0.018493
0.952414 -0.018395
0.956773 -0.018299
0.960932 -0.018205
0.964888 -0.018113
0.968641 -0.018022
0.972188 -0.017934
0.975528 -0.017849
0.978660 -0.017766
0.981581 -0.017686
0.984292 -0.017610
0.986789 -0.017537
0.989074 -0.017469
0.991144 -0.017406
0.992998 -0.017349
0.994636 -0.017297
0.996057 -0.017251
0.997261 -0.017212
0.998246 -0.017179
0.999013 -0.017153
0.999561 -0.017135
0.999890 -0.017123
1.000000 -0.017118
