Repaneled_Airfoil
1.000000 -0.009916
0.999890 -0.009890
0.999561 -0.009813
0.999013 -0.009683
0.998246 -0.009500
0.997261 -0.009266
0.996057 -0.008978
0.994636 -0.008636
0.992998 -0.008240
0.991144 -0.007790
0.989074 -0.007282
0.986789 -0.006718
0.984292 -0.006098
0.981581 -0.005417
0.978660 -0.004679
0.975528 -0.003880
0.972188 -0.003017
0.968641 -0.002093
0.964888 -0.001105
0.960932 -0.000051
0.956773 0.001066
0.952414 0.002251
0.947856 0.003505
0.943102 0.004825
0.938153 0.006214
0.933013 0.007675
0.927682 0.009202
0.922164 0.010801
0.916461 0.012471
0.910575 0.014208
0.904508 0.016017
0.898265 0.017896
0.891847 0.019840
0.885257 0.021855
0.878498 0.023936
0.871572 0.026079
0.864484 0.028289
0.857236 0.030560
0.849832 0.032887
0.842274 0.035274
0.834565 0.037711
0.826710 0.040195
0.818712 0.042711
0.810574 0.045246
0.802300 0.047802
0.793893 0.050335
0.785357 0.052852
0.776696 0.055357
0.767913 0.057768
0.759014 0.060128
0.750000 0.062438
0.740877 0.064608
0.731648 0.066730
0.722318 0.068798
0.712890 0.070765
0.703368 0.072701
0.693758 0.074600
0.684062 0.076447
0.674286 0.078284
0.664433 0.080108
0.654508 0.081910
0.644516 0.083700
0.634460 0.085472
0.624345 0.087204
0.614175 0.088915
0.603956 0.090593
0.593691 0.092215
0.583384 0.093805
0.573042 0.095345
0.562667 0.096816
0.552264 0.098243
0.541839 0.099603
0.531395 0.100880
0.520938 0.102104
0.510471 0.103243
0.500000 0.104288
0.489529 0.105270
0.479062 0.106150
0.468605 0.106927
0.458161 0.107633
0.447736 0.108220
0.437333 0.108698
0.426958 0.109098
0.416616 0.109365
0.406309 0.109518
0.396044 0.109588
0.385825 0.109509
0.375655 0.109318
0.365540 0.109040
0.355484 0.108602
0.345492 0.108052
0.335567 0.107414
0.325714 0.106607
0.315938 0.105693
0.306242 0.104691
0.296632 0.103512
0.287110 0.102234
0.277682 0.100872
0.268352 0.099328
0.259123 0.097695
0.250000 0.095981
0.240986 0.094083
0.232087 0.092107
0.223304 0.090050
0.214643 0.087817
0.206107 0.085515
0.197700 0.083132
0.189426 0.080588
0.181288 0.077984
0.173290 0.075303
0.165435 0.072502
0.157726 0.069678
0.150168 0.066818
0.142764 0.063911
0.135516 0.061018
0.128428 0.058132
0.121502 0.055258
0.114743 0.052430
0.108153 0.049647
0.101735 0.046905
0.095492 0.044217
0.089425 0.041575
0.083539 0.038972
0.077836 0.036423
0.072318 0.033914
0.066987 0.031439
0.061847 0.029017
0.056898 0.026628
0.052144 0.024269
0.047586 0.021962
0.043227 0.019679
0.039068 0.017422
0.035112 0.015218
0.031359 0.013025
0.027812 0.010856
0.024472 0.008742
0.021340 0.006624
0.018419 0.004529
0.015708 0.002495
0.013211 0.000438
0.010926 -0.001594
0.008856 -0.003554
0.007002 -0.005564
0.005364 -0.007541
0.003943 -0.009419
0.002739 -0.011394
0.001754 -0.013312
0.000987 -0.015050
0.000439 -0.016948
0.000110 -0.018465
0.000000 -0.019136
0.000110 -0.021392
0.000439 -0.024929
0.000987 -0.026719
0.001754 -0.028283
0.002739 -0.029969
0.003943 -0.031648
0.005364 -0.033160
0.007002 -0.034705
0.008856 -0.036216
0.010926 -0.037597
0.013211 -0.038978
0.015708 -0.040309
0.018419 -0.041527
0.021340 -0.042724
0.024472 -0.043858
0.027812 -0.044884
0.031359 -0.045875
0.035112 -0.046789
0.039068 -0.047596
0.043227 -0.048355
0.047586 -0.049022
0.052144 -0.049582
0.056898 -0.050081
0.061847 -0.050473
0.066987 -0.050755
0.072318 -0.050966
0.077836 -0.051057
0.083539 -0.051031
0.089425 -0.050925
0.095492 -0.050687
0.101735 -0.050327
0.108153 -0.049879
0.114743 -0.049284
0.121502 -0.048567
0.128428 -0.047753
0.135516 -0.046781
0.142764 -0.045684
0.150168 -0.044486
0.157726 -0.043134
0.165435 -0.041685
0.173290 -0.040155
0.181288 -0.038521
0.189426 -0.036836
0.197700 -0.035107
0.206107 -0.033361
0.214643 -0.031626
0.223304 -0.029899
0.232087 -0.028230
0.240986 -0.026585
0.250000 -0.024963
0.259123 -0.023413
0.268352 -0.021890
0.277682 -0.020398
0.287110 -0.018984
0.296632 -0.017602
0.306242 -0.016261
0.315938 -0.015001
0.325714 -0.013779
0.335567 -0.012604
0.345492 -0.011512
0.355484 -0.010460
0.365540 -0.009461
0.375655 -0.008543
0.385825 -0.007666
0.396044 -0.006845
0.406309 -0.006098
0.416616 -0.005392
0.426958 -0.004743
0.437333 -0.004161
0.447736 -0.003616
0.458161 -0.003125
0.468605 -0.002693
0.479062 -0.002294
0.489529 -0.001946
0.500000 -0.001645
0.510471 -0.001372
0.520938 -0.001143
0.531395 -0.000952
0.541839 -0.000784
0.552264 -0.000650
0.562667 -0.000543
0.573042 -0.000453
0.583384 -0.000389
0.593691 -0.000342
0.603956 -0.000305
0.614175 -0.000284
0.624345 -0.000270
0.634460 -0.000260
0.644516 -0.000255
0.654508 -0.000250
0.664433 -0.000244
0.674286 -0.000235
0.684062 -0.000236
0.693758 -0.000247
0.703368 -0.000304
0.712890 -0.000404
0.722318 -0.000542
0.731648 -0.000782
0.740877 -0.001087
0.750000 -0.001453
0.759014 -0.001955
0.767913 -0.002504
0.776696 -0.003101
0.785357 -0.003763
0.793893 -0.004438
0.802300 -0.005127
0.810574 -0.005821
0.818712 -0.006502
0.826710 -0.007168
0.834565 -0.007799
0.842274 -0.008402
0.849832 -0.008973
0.857236 -0.009500
0.864484 -0.009998
0.871572 -0.010460
0.878498 -0.010878
0.885257 -0.011268
0.891847 -0.011621
0.898265 -0.011932
0.904508 -0.012216
0.910575 -0.012463
0.916461 -0.012674
0.922164 -0.012861
0.927682 -0.013015
0.933013 -0.013136
0.938153 -0.013237
0.943102 -0.013310
0.947856 -0.013358
0.952414 -0.013390
0.956773 -0.013398
0.960932 -0.013389
0.964888 -0.013369
0.968641 -0.013332
0.972188 -0.013284
0.975528 -0.013230
0.978660 -0.013165
0.981581 -0.013096
0.984292 -0.013026
0.986789 -0.012951
0.989074 -0.012878
0.991144 -0.012808
0.992998 -0.012740
0.994636 -0.012676
0.996057 -0.012620
0.997261 -0.012568
0.998246 -0.012526
0.999013 -0.012492
0.999561 -0.012467
0.999890 -0.012452
1.000000 -0.012447
