Repaneled_Airfoil
1.000000 0.063257
0.999890 0.063262
0.999561 0.063274
0.999013 0.063291
0.998246 0.063313
0.997261 0.063339
0.996057 0.063367
0.994636 0.063390
0.992998 0.063409
0.991144 0.063421
0.989074 0.063414
0.986789 0.063395
0.984292 0.063356
0.981581 0.063284
0.978660 0.063188
0.975528 0.063058
0.972188 0.062881
0.968641 0.062668
0.964888 0.062409
0.960932 0.062090
0.956773 0.061728
0.952414 0.061308
0.947856 0.060823
0.943102 0.060291
0.938153 0.059695
0.933013 0.059037
0.927682 0.058332
0.922164 0.057568
0.916461 0.056754
0.910575 0.055901
0.904508 0.055007
0.898265 0.054087
0.891847 0.053146
0.885257 0.052200
0.878498 0.051265
0.871572 0.050340
0.864484 0.049469
0.857236 0.048662
0.849832 0.047909
0.842274 0.047303
0.834565 0.046833
0.826710 0.046479
0.818712 0.046384
0.810574 0.046469
0.802300 0.046708
0.793893 0.047265
0.785357 0.048023
0.776696 0.048964
0.767913 0.050278
0.759014 0.051809
0.750000 0.053548
0.740877 0.055664
0.731648 0.057928
0.722318 0.060350
0.712890 0.062946
0.703368 0.065595
0.693758 0.068295
0.684062 0.070965
0.674286 0.073590
0.664433 0.076150
0.654508 0.078574
0.644516 0.080933
0.634460 0.083206
0.624345 0.085346
0.614175 0.087418
0.603956 0.089398
0.593691 0.091251
0.583384 0.093035
0.573042 0.094720
0.562667 0.096285
0.552264 0.097781
0.541839 0.099178
0.531395 0.100462
0.520938 0.101678
0.510471 0.102792
0.500000 0.103803
0.489529 0.104748
0.479062 0.105593
0.468605 0.106343
0.458161 0.107031
0.447736 0.107620
0.437333 0.108124
0.426958 0.108569
0.416616 0.108919
0.406309 0.109193
0.396044 0.109414
0.385825 0.109542
0.375655 0.109605
0.365540 0.109617
0.355484 0.109542
0.345492 0.109411
0.335567 0.109234
0.325714 0.108975
0.315938 0.108667
0.306242 0.108319
0.296632 0.107894
0.287110 0.107427
0.277682 0.106924
0.268352 0.106350
0.259123 0.105734
0.250000 0.105080
0.240986 0.104264
0.232087 0.103337
0.223304 0.102292
0.214643 0.100958
0.206107 0.099466
0.197700 0.097797
0.189426 0.095773
0.181288 0.093574
0.173290 0.091166
0.165435 0.088436
0.157726 0.085579
0.150168 0.082559
0.142764 0.079318
0.135516 0.076003
0.128428 0.072581
0.121502 0.069026
0.114743 0.065448
0.108153 0.061816
0.101735 0.058128
0.095492 0.054457
0.089425 0.050777
0.083539 0.047089
0.077836 0.043449
0.072318 0.039831
0.066987 0.036242
0.061847 0.032724
0.056898 0.029250
0.052144 0.025829
0.047586 0.022496
0.043227 0.019219
0.039068 0.016010
0.035112 0.012899
0.031359 0.009846
0.027812 0.006869
0.024472 0.003997
0.021340 0.001176
0.018419 -0.001568
0.015708 -0.004198
0.013211 -0.006793
0.010926 -0.009307
0.008856 -0.011696
0.007002 -0.014074
0.005364 -0.016356
0.003943 -0.018485
0.002739 -0.020622
0.001754 -0.022608
0.000987 -0.024342
0.000439 -0.025976
0.000110 -0.027081
0.000000 -0.027503
0.000110 -0.031494
0.000439 -0.037135
0.000987 -0.038489
0.001754 -0.039807
0.002739 -0.041246
0.003943 -0.042696
0.005364 -0.043981
0.007002 -0.045273
0.008856 -0.046508
0.010926 -0.047584
0.013211 -0.048625
0.015708 -0.049580
0.018419 -0.050382
0.021340 -0.051125
0.024472 -0.051763
0.027812 -0.052248
0.031359 -0.052657
0.035112 -0.052942
0.039068 -0.053074
0.043227 -0.053114
0.047586 -0.053016
0.052144 -0.052763
0.056898 -0.052407
0.061847 -0.051902
0.066987 -0.051241
0.072318 -0.050472
0.077836 -0.049548
0.083539 -0.048476
0.089425 -0.047294
0.095492 -0.045958
0.101735 -0.044492
0.108153 -0.042922
0.114743 -0.041216
0.121502 -0.039406
0.128428 -0.037510
0.135516 -0.035513
0.142764 -0.033453
0.150168 -0.031339
0.157726 -0.029191
0.165435 -0.027048
0.173290 -0.024909
0.181288 -0.022877
0.189426 -0.020961
0.197700 -0.019150
0.206107 -0.017687
0.214643 -0.016476
0.223304 -0.015490
0.232087 -0.014863
0.240986 -0.014351
0.250000 -0.013948
0.259123 -0.013647
0.268352 -0.013336
0.277682 -0.013017
0.287110 -0.012642
0.296632 -0.012241
0.306242 -0.011810
0.315938 -0.011339
0.325714 -0.010847
0.335567 -0.010333
0.345492 -0.009794
0.355484 -0.009243
0.365540 -0.008680
0.375655 -0.008107
0.385825 -0.007531
0.396044 -0.006953
0.406309 -0.006382
0.416616 -0.005817
0.426958 -0.005264
0.437333 -0.004732
0.447736 -0.004217
0.458161 -0.003726
0.468605 -0.003273
0.479062 -0.002844
0.489529 -0.002456
0.500000 -0.002118
0.510471 -0.001812
0.520938 -0.001563
0.531395 -0.001373
0.541839 -0.001226
0.552264 -0.001148
0.562667 -0.001139
0.573042 -0.001177
0.583384 -0.001301
0.593691 -0.001498
0.603956 -0.001748
0.614175 -0.002094
0.624345 -0.002516
0.634460 -0.002995
0.644516 -0.003581
0.654508 -0.004242
0.664433 -0.004958
0.674286 -0.005775
0.684062 -0.006598
0.693758 -0.007419
0.703368 -0.008165
0.712890 -0.008820
0.722318 -0.009391
0.731648 -0.009736
0.740877 -0.009926
0.750000 -0.009973
0.759014 -0.009680
0.767913 -0.009224
0.776696 -0.008598
0.785357 -0.007658
0.793893 -0.006575
0.802300 -0.005333
0.810574 -0.003815
0.818712 -0.002173
0.826710 -0.000387
0.834565 0.001634
0.842274 0.003751
0.849832 0.005993
0.857236 0.008394
0.864484 0.010840
0.871572 0.013349
0.878498 0.015921
0.885257 0.018488
0.891847 0.021059
0.898265 0.023618
0.904508 0.026133
0.910575 0.028602
0.916461 0.031008
0.922164 0.033340
0.927682 0.035591
0.933013 0.037746
0.938153 0.039811
0.943102 0.041771
0.947856 0.043622
0.952414 0.045374
0.956773 0.047012
0.960932 0.048539
0.964888 0.049968
0.968641 0.051282
0.972188 0.052493
0.975528 0.053611
0.978660 0.054624
0.981581 0.055545
0.984292 0.056382
0.986789 0.057125
0.989074 0.057790
0.991144 0.058381
0.992998 0.058893
0.994636 0.059337
0.996057 0.059717
0.997261 0.060030
0.998246 0.060283
0.999013 0.060478
0.999561 0.060615
0.999890 0.060698
1.000000 0.060725
