Repaneled_Airfoil
1.000000 0.012857
0.999890 0.012880
0.999561 0.012951
0.999013 0.013068
0.998246 0.013231
0.997261 0.013439
0.996057 0.013694
0.994636 0.013993
0.992998 0.014336
0.991144 0.014723
0.989074 0.015150
0.986789 0.015620
0.984292 0.016129
0.981581 0.016676
0.978660 0.017261
0.975528 0.017882
0.972188 0.018536
0.968641 0.019225
0.964888 0.019945
0.960932 0.020692
0.956773 0.021469
0.952414 0.022271
0.947856 0.023096
0.943102 0.023946
0.938153 0.024815
0.933013 0.025701
0.927682 0.026607
0.922164 0.027526
0.916461 0.028456
0.910575 0.029402
0.904508 0.030353
0.898265 0.031311
0.891847 0.032279
0.885257 0.033246
0.878498 0.034215
0.871572 0.035191
0.864484 0.036158
0.857236 0.037123
0.849832 0.038090
0.842274 0.039043
0.834565 0.039992
0.826710 0.040941
0.818712 0.041881
0.810574 0.042834
0.802300 0.043802
0.793893 0.044800
0.785357 0.045837
0.776696 0.046912
0.767913 0.048073
0.759014 0.049306
0.750000 0.050606
0.740877 0.052041
0.731648 0.053530
0.722318 0.055076
0.712890 0.056674
0.703368 0.058285
0.693758 0.059905
0.684062 0.061488
0.674286 0.063036
0.664433 0.064538
0.654508 0.065941
0.644516 0.067298
0.634460 0.068594
0.624345 0.069803
0.614175 0.070970
0.603956 0.072078
0.593691 0.073112
0.583384 0.074107
0.573042 0.075048
0.562667 0.075927
0.552264 0.076773
0.541839 0.077572
0.531395 0.078324
0.520938 0.079048
0.510471 0.079733
0.500000 0.080384
0.489529 0.081015
0.479062 0.081618
0.468605 0.082198
0.458161 0.082766
0.447736 0.083315
0.437333 0.083854
0.426958 0.084386
0.416616 0.084912
0.406309 0.085437
0.396044 0.085962
0.385825 0.086492
0.375655 0.087029
0.365540 0.087571
0.355484 0.088128
0.345492 0.088697
0.335567 0.089275
0.325714 0.089877
0.315938 0.090494
0.306242 0.091123
0.296632 0.091782
0.287110 0.092458
0.277682 0.093147
0.268352 0.093866
0.259123 0.094573
0.250000 0.095267
0.240986 0.095863
0.232087 0.096374
0.223304 0.096798
0.214643 0.097011
0.206107 0.097097
0.197700 0.097042
0.189426 0.096724
0.181288 0.096274
0.173290 0.095671
0.165435 0.094831
0.157726 0.093875
0.150168 0.092778
0.142764 0.091472
0.135516 0.090070
0.128428 0.088537
0.121502 0.086826
0.114743 0.085037
0.108153 0.083135
0.101735 0.081102
0.095492 0.079024
0.089425 0.076866
0.083539 0.074625
0.077836 0.072367
0.072318 0.070056
0.066987 0.067701
0.061847 0.065353
0.056898 0.062975
0.052144 0.060581
0.047586 0.058213
0.043227 0.055830
0.039068 0.053451
0.035112 0.051114
0.031359 0.048770
0.027812 0.046443
0.024472 0.044172
0.021340 0.041892
0.018419 0.039640
0.015708 0.037455
0.013211 0.035254
0.010926 0.033091
0.008856 0.031010
0.007002 0.028892
0.005364 0.026825
0.003943 0.024874
0.002739 0.022853
0.001754 0.020920
0.000987 0.019194
0.000439 0.017422
0.000110 0.016126
0.000000 0.015592
0.000110 0.012676
0.000439 0.008344
0.000987 0.006736
0.001754 0.005264
0.002739 0.003670
0.003943 0.002075
0.005364 0.000648
0.007002 -0.000805
0.008856 -0.002216
0.010926 -0.003489
0.013211 -0.004751
0.015708 -0.005953
0.018419 -0.007034
0.021340 -0.008085
0.024472 -0.009064
0.027812 -0.009932
0.031359 -0.010758
0.035112 -0.011503
0.039068 -0.012145
0.043227 -0.012738
0.047586 -0.013246
0.052144 -0.013660
0.056898 -0.014022
0.061847 -0.014301
0.066987 -0.014500
0.072318 -0.014651
0.077836 -0.014729
0.083539 -0.014749
0.089425 -0.014732
0.095492 -0.014666
0.101735 -0.014574
0.108153 -0.014467
0.114743 -0.014355
0.121502 -0.014263
0.128428 -0.014191
0.135516 -0.014187
0.142764 -0.014259
0.150168 -0.014394
0.157726 -0.014649
0.165435 -0.015000
0.173290 -0.015433
0.181288 -0.016026
0.189426 -0.016733
0.197700 -0.017541
0.206107 -0.018522
0.214643 -0.019574
0.223304 -0.020688
0.232087 -0.021847
0.240986 -0.022999
0.250000 -0.024144
0.259123 -0.025188
0.268352 -0.026165
0.277682 -0.027068
0.287110 -0.027825
0.296632 -0.028512
0.306242 -0.029120
0.315938 -0.029591
0.325714 -0.029996
0.335567 -0.030319
0.345492 -0.030520
0.355484 -0.030658
0.365540 -0.030718
0.375655 -0.030671
0.385825 -0.030569
0.396044 -0.030394
0.406309 -0.030131
0.416616 -0.029820
0.426958 -0.029445
0.437333 -0.029002
0.447736 -0.028521
0.458161 -0.027988
0.468605 -0.027407
0.479062 -0.026799
0.489529 -0.026155
0.500000 -0.025483
0.510471 -0.024795
0.520938 -0.024089
0.531395 -0.023373
0.541839 -0.022654
0.552264 -0.021936
0.562667 -0.021227
0.573042 -0.020527
0.583384 -0.019846
0.593691 -0.019191
0.603956 -0.018556
0.614175 -0.017961
0.624345 -0.017403
0.634460 -0.016876
0.644516 -0.016408
0.654508 -0.015988
0.664433 -0.015606
0.674286 -0.015299
0.684062 -0.015022
0.693758 -0.014767
0.703368 -0.014513
0.712890 -0.014238
0.722318 -0.013944
0.731648 -0.013573
0.740877 -0.013145
0.750000 -0.012665
0.759014 -0.012048
0.767913 -0.011377
0.776696 -0.010651
0.785357 -0.009841
0.793893 -0.009008
0.802300 -0.008151
0.810574 -0.007266
0.818712 -0.006385
0.826710 -0.005509
0.834565 -0.004650
0.842274 -0.003813
0.849832 -0.003001
0.857236 -0.002220
0.864484 -0.001463
0.871572 -0.000732
0.878498 -0.000031
0.885257 0.000645
0.891847 0.001296
0.898265 0.001917
0.904508 0.002514
0.910575 0.003085
0.916461 0.003628
0.922164 0.004149
0.927682 0.004644
0.933013 0.005113
0.938153 0.005560
0.943102 0.005983
0.947856 0.006381
0.952414 0.006759
0.956773 0.007115
0.960932 0.007448
0.964888 0.007762
0.968641 0.008054
0.972188 0.008327
0.975528 0.008581
0.978660 0.008815
0.981581 0.009031
0.984292 0.009229
0.986789 0.009409
0.989074 0.009573
0.991144 0.009720
0.992998 0.009849
0.994636 0.009963
0.996057 0.010062
0.997261 0.010144
0.998246 0.010212
0.999013 0.010263
0.999561 0.010301
0.999890 0.010322
1.000000 0.010328
