Repaneled_Airfoil
1.000000 0.008986
0.999890 0.009012
0.999561 0.009090
0.999013 0.009219
0.998246 0.009402
0.997261 0.009636
0.996057 0.009921
0.994636 0.010260
0.992998 0.010651
0.991144 0.011095
0.989074 0.011592
0.986789 0.012142
0.984292 0.012745
0.981581 0.013403
0.978660 0.014113
0.975528 0.014877
0.972188 0.015695
0.968641 0.016566
0.964888 0.017490
0.960932 0.018468
0.956773 0.019498
0.952414 0.020581
0.947856 0.021716
0.943102 0.022902
0.938153 0.024138
0.933013 0.025423
0.927682 0.026755
0.922164 0.028135
0.916461 0.029559
0.910575 0.031026
0.904508 0.032533
0.898265 0.034079
0.891847 0.035662
0.885257 0.037277
0.878498 0.038920
0.871572 0.040594
0.864484 0.042287
0.857236 0.043999
0.849832 0.045732
0.842274 0.047467
0.834565 0.049208
0.826710 0.050958
0.818712 0.052684
0.810574 0.054394
0.802300 0.056092
0.793893 0.057722
0.785357 0.059310
0.776696 0.060861
0.767913 0.062294
0.759014 0.063660
0.750000 0.064960
0.740877 0.066104
0.731648 0.067193
0.722318 0.068221
0.712890 0.069160
0.703368 0.070079
0.693758 0.070975
0.684062 0.071866
0.674286 0.072782
0.664433 0.073728
0.654508 0.074739
0.644516 0.075784
0.634460 0.076868
0.624345 0.077994
0.614175 0.079141
0.603956 0.080310
0.593691 0.081495
0.583384 0.082685
0.573042 0.083878
0.562667 0.085060
0.552264 0.086233
0.541839 0.087385
0.531395 0.088502
0.520938 0.089593
0.510471 0.090640
0.500000 0.091628
0.489529 0.092575
0.479062 0.093451
0.468605 0.094249
0.458161 0.094993
0.447736 0.095640
0.437333 0.096193
0.426958 0.096677
0.416616 0.097041
0.406309 0.097299
0.396044 0.097477
0.385825 0.097513
0.375655 0.097435
0.365540 0.097269
0.355484 0.096939
0.345492 0.096492
0.335567 0.095952
0.325714 0.095231
0.315938 0.094394
0.306242 0.093462
0.296632 0.092334
0.287110 0.091094
0.277682 0.089759
0.268352 0.088219
0.259123 0.086576
0.250000 0.084840
0.240986 0.082913
0.232087 0.080928
0.223304 0.078883
0.214643 0.076744
0.206107 0.074596
0.197700 0.072436
0.189426 0.070271
0.181288 0.068137
0.173290 0.066035
0.165435 0.063973
0.157726 0.061951
0.150168 0.059972
0.142764 0.058040
0.135516 0.056152
0.128428 0.054311
0.121502 0.052521
0.114743 0.050774
0.108153 0.049070
0.101735 0.047392
0.095492 0.045743
0.089425 0.044113
0.083539 0.042484
0.077836 0.040873
0.072318 0.039262
0.066987 0.037637
0.061847 0.036025
0.056898 0.034396
0.052144 0.032749
0.047586 0.031112
0.043227 0.029447
0.039068 0.027762
0.035112 0.026090
0.031359 0.024381
0.027812 0.022654
0.024472 0.020945
0.021340 0.019189
0.018419 0.017421
0.015708 0.015681
0.013211 0.013882
0.010926 0.012079
0.008856 0.010320
0.007002 0.008479
0.005364 0.006646
0.003943 0.004887
0.002739 0.003001
0.001754 0.001139
0.000987 -0.000568
0.000439 -0.002525
0.000110 -0.004275
0.000000 -0.005109
0.000110 -0.006892
0.000439 -0.009860
0.000987 -0.011781
0.001754 -0.013422
0.002739 -0.015194
0.003943 -0.016967
0.005364 -0.018584
0.007002 -0.020252
0.008856 -0.021905
0.010926 -0.023451
0.013211 -0.025018
0.015708 -0.026559
0.018419 -0.028018
0.021340 -0.029482
0.024472 -0.030912
0.027812 -0.032271
0.031359 -0.033625
0.035112 -0.034937
0.039068 -0.036183
0.043227 -0.037415
0.047586 -0.038596
0.052144 -0.039712
0.056898 -0.040804
0.061847 -0.041833
0.066987 -0.042793
0.072318 -0.043718
0.077836 -0.044566
0.083539 -0.045337
0.089425 -0.046061
0.095492 -0.046687
0.101735 -0.047225
0.108153 -0.047701
0.114743 -0.048056
0.121502 -0.048306
0.128428 -0.048477
0.135516 -0.048497
0.142764 -0.048398
0.150168 -0.048205
0.157726 -0.047846
0.165435 -0.047370
0.173290 -0.046797
0.181288 -0.046053
0.189426 -0.045199
0.197700 -0.044247
0.206107 -0.043125
0.214643 -0.041906
0.223304 -0.040597
0.232087 -0.039162
0.240986 -0.037677
0.250000 -0.036143
0.259123 -0.034587
0.268352 -0.033044
0.277682 -0.031518
0.287110 -0.030096
0.296632 -0.028723
0.306242 -0.027410
0.315938 -0.026207
0.325714 -0.025054
0.335567 -0.023964
0.345492 -0.022973
0.355484 -0.022031
0.365540 -0.021150
0.375655 -0.020356
0.385825 -0.019604
0.396044 -0.018910
0.406309 -0.018285
0.416616 -0.017696
0.426958 -0.017154
0.437333 -0.016663
0.447736 -0.016199
0.458161 -0.015771
0.468605 -0.015374
0.479062 -0.014994
0.489529 -0.014633
0.500000 -0.014286
0.510471 -0.013944
0.520938 -0.013605
0.531395 -0.013261
0.541839 -0.012911
0.552264 -0.012546
0.562667 -0.012160
0.573042 -0.011756
0.583384 -0.011319
0.593691 -0.010847
0.603956 -0.010347
0.614175 -0.009794
0.624345 -0.009195
0.634460 -0.008561
0.644516 -0.007854
0.654508 -0.007094
0.664433 -0.006292
0.674286 -0.005400
0.684062 -0.004470
0.693758 -0.003513
0.703368 -0.002536
0.712890 -0.001580
0.722318 -0.000646
0.731648 0.000212
0.740877 0.001000
0.750000 0.001723
0.759014 0.002286
0.767913 0.002774
0.776696 0.003185
0.785357 0.003482
0.793893 0.003731
0.802300 0.003929
0.810574 0.004062
0.818712 0.004170
0.826710 0.004250
0.834565 0.004302
0.842274 0.004344
0.849832 0.004374
0.857236 0.004394
0.864484 0.004410
0.871572 0.004422
0.878498 0.004434
0.885257 0.004446
0.891847 0.004460
0.898265 0.004478
0.904508 0.004501
0.910575 0.004528
0.916461 0.004563
0.922164 0.004603
0.927682 0.004651
0.933013 0.004706
0.938153 0.004766
0.943102 0.004834
0.947856 0.004909
0.952414 0.004986
0.956773 0.005071
0.960932 0.005160
0.964888 0.005251
0.968641 0.005346
0.972188 0.005443
0.975528 0.005538
0.978660 0.005635
0.981581 0.005731
0.984292 0.005823
0.986789 0.005914
0.989074 0.005999
0.991144 0.006078
0.992998 0.006153
0.994636 0.006221
0.996057 0.006280
0.997261 0.006332
0.998246 0.006376
0.999013 0.006410
0.999561 0.006435
0.999890 0.006450
1.000000 0.006455
