Repaneled_Airfoil
1.000000 -0.014348
0.999890 -0.014314
0.999561 -0.014214
0.999013 -0.014045
0.998246 -0.013809
0.997261 -0.013504
0.996057 -0.013130
0.994636 -0.012686
0.992998 -0.012173
0.991144 -0.011590
0.989074 -0.010932
0.986789 -0.010203
0.984292 -0.009400
0.981581 -0.008520
0.978660 -0.007567
0.975528 -0.006536
0.972188 -0.005425
0.968641 -0.004238
0.964888 -0.002971
0.960932 -0.001620
0.956773 -0.000190
0.952414 0.001322
0.947856 0.002920
0.943102 0.004596
0.938153 0.006357
0.933013 0.008203
0.927682 0.010128
0.922164 0.012137
0.916461 0.014227
0.910575 0.016394
0.904508 0.018642
0.898265 0.020966
0.891847 0.023362
0.885257 0.025831
0.878498 0.028368
0.871572 0.030969
0.864484 0.033632
0.857236 0.036350
0.849832 0.039123
0.842274 0.041941
0.834565 0.044797
0.826710 0.047691
0.818712 0.050588
0.810574 0.053487
0.802300 0.056393
0.793893 0.059235
0.785357 0.062040
0.776696 0.064811
0.767913 0.067440
0.759014 0.069990
0.750000 0.072464
0.740877 0.074746
0.731648 0.076961
0.722318 0.079102
0.712890 0.081111
0.703368 0.083078
0.693758 0.084996
0.684062 0.086854
0.674286 0.088705
0.664433 0.090545
0.654508 0.092371
0.644516 0.094190
0.634460 0.095996
0.624345 0.097767
0.614175 0.099517
0.603956 0.101237
0.593691 0.102902
0.583384 0.104535
0.573042 0.106118
0.562667 0.107627
0.552264 0.109092
0.541839 0.110486
0.531395 0.111791
0.520938 0.113038
0.510471 0.114195
0.500000 0.115248
0.489529 0.116231
0.479062 0.117103
0.468605 0.117862
0.458161 0.118541
0.447736 0.119089
0.437333 0.119514
0.426958 0.119852
0.416616 0.120041
0.406309 0.120103
0.396044 0.120072
0.385825 0.119874
0.375655 0.119548
0.365540 0.119125
0.355484 0.118521
0.345492 0.117791
0.335567 0.116963
0.325714 0.115942
0.315938 0.114801
0.306242 0.113562
0.296632 0.112122
0.287110 0.110571
0.277682 0.108923
0.268352 0.107070
0.259123 0.105116
0.250000 0.103073
0.240986 0.100834
0.232087 0.098536
0.223304 0.096175
0.214643 0.093712
0.206107 0.091234
0.197700 0.088740
0.189426 0.086227
0.181288 0.083738
0.173290 0.081277
0.165435 0.078839
0.157726 0.076437
0.150168 0.074068
0.142764 0.071726
0.135516 0.069422
0.128428 0.067151
0.121502 0.064909
0.114743 0.062705
0.108153 0.060534
0.101735 0.058381
0.095492 0.056261
0.089425 0.054159
0.083539 0.052063
0.077836 0.049994
0.072318 0.047932
0.066987 0.045870
0.061847 0.043833
0.056898 0.041794
0.052144 0.039751
0.047586 0.037734
0.043227 0.035707
0.039068 0.033676
0.035112 0.031676
0.031359 0.029658
0.027812 0.027641
0.024472 0.025660
0.021340 0.023651
0.018419 0.021650
0.015708 0.019695
0.013211 0.017701
0.010926 0.015723
0.008856 0.013808
0.007002 0.011834
0.005364 0.009889
0.003943 0.008039
0.002739 0.006095
0.001754 0.004210
0.000987 0.002509
0.000439 0.000693
0.000110 -0.000699
0.000000 -0.001295
0.000110 -0.003820
0.000439 -0.007682
0.000987 -0.009399
0.001754 -0.010936
0.002739 -0.012601
0.003943 -0.014269
0.005364 -0.015777
0.007002 -0.017323
0.008856 -0.018839
0.010926 -0.020234
0.013211 -0.021635
0.015708 -0.022993
0.018419 -0.024251
0.021340 -0.025498
0.024472 -0.026693
0.027812 -0.027799
0.031359 -0.028883
0.035112 -0.029908
0.039068 -0.030850
0.043227 -0.031761
0.047586 -0.032603
0.052144 -0.033366
0.056898 -0.034090
0.061847 -0.034737
0.066987 -0.035301
0.072318 -0.035819
0.077836 -0.036250
0.083539 -0.036595
0.089425 -0.036884
0.095492 -0.037072
0.101735 -0.037168
0.108153 -0.037199
0.114743 -0.037112
0.121502 -0.036925
0.128428 -0.036661
0.135516 -0.036261
0.142764 -0.035751
0.150168 -0.035153
0.157726 -0.034404
0.165435 -0.033547
0.173290 -0.032598
0.181288 -0.031492
0.189426 -0.030281
0.197700 -0.028977
0.206107 -0.027514
0.214643 -0.025953
0.223304 -0.024304
0.232087 -0.022528
0.240986 -0.020699
0.250000 -0.018819
0.259123 -0.016911
0.268352 -0.015009
0.277682 -0.013118
0.287110 -0.011325
0.296632 -0.009579
0.306242 -0.007893
0.315938 -0.006321
0.325714 -0.004803
0.335567 -0.003353
0.345492 -0.002017
0.355484 -0.000737
0.365540 0.000469
0.375655 0.001567
0.385825 0.002609
0.396044 0.003576
0.406309 0.004443
0.416616 0.005257
0.426958 0.005996
0.437333 0.006649
0.447736 0.007252
0.458161 0.007785
0.468605 0.008245
0.479062 0.008662
0.489529 0.009017
0.500000 0.009312
0.510471 0.009572
0.520938 0.009780
0.531395 0.009944
0.541839 0.010080
0.552264 0.010177
0.562667 0.010243
0.573042 0.010291
0.583384 0.010310
0.593691 0.010314
0.603956 0.010308
0.614175 0.010288
0.624345 0.010264
0.634460 0.010238
0.644516 0.010213
0.654508 0.010193
0.664433 0.010179
0.674286 0.010176
0.684062 0.010162
0.693758 0.010137
0.703368 0.010049
0.712890 0.009902
0.722318 0.009704
0.731648 0.009360
0.740877 0.008922
0.750000 0.008398
0.759014 0.007676
0.767913 0.006884
0.776696 0.006018
0.785357 0.005045
0.793893 0.004043
0.802300 0.003008
0.810574 0.001939
0.818712 0.000872
0.826710 -0.000190
0.834565 -0.001237
0.842274 -0.002261
0.849832 -0.003260
0.857236 -0.004226
0.864484 -0.005161
0.871572 -0.006063
0.878498 -0.006923
0.885257 -0.007749
0.891847 -0.008536
0.898265 -0.009278
0.904508 -0.009984
0.910575 -0.010648
0.916461 -0.011266
0.922164 -0.011848
0.927682 -0.012389
0.933013 -0.012886
0.938153 -0.013351
0.943102 -0.013774
0.947856 -0.014159
0.952414 -0.014514
0.956773 -0.014832
0.960932 -0.015118
0.964888 -0.015378
0.968641 -0.015606
0.972188 -0.015808
0.975528 -0.015989
0.978660 -0.016144
0.981581 -0.016280
0.984292 -0.016399
0.986789 -0.016498
0.989074 -0.016584
0.991144 -0.016657
0.992998 -0.016715
0.994636 -0.016764
0.996057 -0.016805
0.997261 -0.016837
0.998246 -0.016861
0.999013 -0.016879
0.999561 -0.016881
0.999890 -0.016882
1.000000 -0.016882
