Repaneled_Airfoil
1.000000 0.021119
0.999890 0.021134
0.999561 0.021180
0.999013 0.021257
0.998246 0.021363
0.997261 0.021498
0.996057 0.021661
0.994636 0.021850
0.992998 0.022063
0.991144 0.022300
0.989074 0.022556
0.986789 0.022832
0.984292 0.023126
0.981581 0.023430
0.978660 0.023748
0.975528 0.024076
0.972188 0.024407
0.968641 0.024745
0.964888 0.025086
0.960932 0.025422
0.956773 0.025760
0.952414 0.026092
0.947856 0.026412
0.943102 0.026730
0.938153 0.027036
0.933013 0.027328
0.927682 0.027614
0.922164 0.027885
0.916461 0.028141
0.910575 0.028391
0.904508 0.028626
0.898265 0.028852
0.891847 0.029074
0.885257 0.029287
0.878498 0.029499
0.871572 0.029713
0.864484 0.029932
0.857236 0.030163
0.849832 0.030406
0.842274 0.030677
0.834565 0.030977
0.826710 0.031304
0.818712 0.031684
0.810574 0.032104
0.802300 0.032560
0.793893 0.033084
0.785357 0.033656
0.776696 0.034271
0.767913 0.034973
0.759014 0.035728
0.750000 0.036536
0.740877 0.037442
0.731648 0.038391
0.722318 0.039386
0.712890 0.040433
0.703368 0.041499
0.693758 0.042585
0.684062 0.043671
0.674286 0.044749
0.664433 0.045814
0.654508 0.046838
0.644516 0.047845
0.634460 0.048828
0.624345 0.049772
0.614175 0.050698
0.603956 0.051599
0.593691 0.052465
0.583384 0.053314
0.573042 0.054136
0.562667 0.054927
0.552264 0.055700
0.541839 0.056448
0.531395 0.057168
0.520938 0.057872
0.510471 0.058550
0.500000 0.059205
0.489529 0.059843
0.479062 0.060457
0.468605 0.061049
0.458161 0.061627
0.447736 0.062182
0.437333 0.062718
0.426958 0.063240
0.416616 0.063741
0.406309 0.064223
0.396044 0.064693
0.385825 0.065142
0.375655 0.065574
0.365540 0.065994
0.355484 0.066393
0.345492 0.066776
0.335567 0.067147
0.325714 0.067496
0.315938 0.067830
0.306242 0.068152
0.296632 0.068450
0.287110 0.068734
0.277682 0.069004
0.268352 0.069249
0.259123 0.069483
0.250000 0.069707
0.240986 0.069932
0.232087 0.070167
0.223304 0.070411
0.214643 0.070692
0.206107 0.070996
0.197700 0.071327
0.189426 0.071706
0.181288 0.072098
0.173290 0.072504
0.165435 0.072918
0.157726 0.073326
0.150168 0.073725
0.142764 0.074103
0.135516 0.074460
0.128428 0.074790
0.121502 0.075065
0.114743 0.075298
0.108153 0.075472
0.101735 0.075559
0.095492 0.075590
0.089425 0.075539
0.083539 0.075386
0.077836 0.075171
0.072318 0.074861
0.066987 0.074446
0.061847 0.073972
0.056898 0.073394
0.052144 0.072717
0.047586 0.071986
0.043227 0.071151
0.039068 0.070227
0.035112 0.069260
0.031359 0.068189
0.027812 0.067044
0.024472 0.065868
0.021340 0.064589
0.018419 0.063252
0.015708 0.061901
0.013211 0.060443
0.010926 0.058943
0.008856 0.057452
0.007002 0.055838
0.005364 0.054200
0.003943 0.052604
0.002739 0.050844
0.001754 0.049073
0.000987 0.047426
0.000439 0.045451
0.000110 0.043356
0.000000 0.042259
0.000110 0.040897
0.000439 0.038435
0.000987 0.036393
0.001754 0.034644
0.002739 0.032740
0.003943 0.030812
0.005364 0.029006
0.007002 0.027117
0.008856 0.025209
0.010926 0.023364
0.013211 0.021459
0.015708 0.019536
0.018419 0.017644
0.021340 0.015699
0.024472 0.013736
0.027812 0.011781
0.031359 0.009777
0.035112 0.007754
0.039068 0.005724
0.043227 0.003649
0.047586 0.001555
0.052144 -0.000551
0.056898 -0.002698
0.061847 -0.004859
0.066987 -0.007028
0.072318 -0.009230
0.077836 -0.011434
0.083539 -0.013636
0.089425 -0.015856
0.095492 -0.018056
0.101735 -0.020236
0.108153 -0.022415
0.114743 -0.024540
0.121502 -0.026620
0.128428 -0.028675
0.135516 -0.030645
0.142764 -0.032554
0.150168 -0.034423
0.157726 -0.036180
0.165435 -0.037863
0.173290 -0.039490
0.181288 -0.040974
0.189426 -0.042369
0.197700 -0.043690
0.206107 -0.044846
0.214643 -0.045919
0.223304 -0.046917
0.232087 -0.047764
0.240986 -0.048544
0.250000 -0.049259
0.259123 -0.049851
0.268352 -0.050394
0.277682 -0.050885
0.287110 -0.051276
0.296632 -0.051620
0.306242 -0.051911
0.315938 -0.052110
0.325714 -0.052262
0.335567 -0.052360
0.345492 -0.052374
0.355484 -0.052345
0.365540 -0.052262
0.375655 -0.052104
0.385825 -0.051905
0.396044 -0.051655
0.406309 -0.051340
0.416616 -0.050989
0.426958 -0.050591
0.437333 -0.050137
0.447736 -0.049653
0.458161 -0.049126
0.468605 -0.048556
0.479062 -0.047960
0.489529 -0.047327
0.500000 -0.046662
0.510471 -0.045977
0.520938 -0.045264
0.531395 -0.044528
0.541839 -0.043778
0.552264 -0.043008
0.562667 -0.042224
0.573042 -0.041433
0.583384 -0.040630
0.593691 -0.039822
0.603956 -0.039013
0.614175 -0.038200
0.624345 -0.037391
0.634460 -0.036585
0.644516 -0.035785
0.654508 -0.034994
0.664433 -0.034211
0.674286 -0.033442
0.684062 -0.032675
0.693758 -0.031911
0.703368 -0.031124
0.712890 -0.030314
0.722318 -0.029483
0.731648 -0.028586
0.740877 -0.027647
0.750000 -0.026672
0.759014 -0.025594
0.767913 -0.024474
0.776696 -0.023310
0.785357 -0.022058
0.793893 -0.020776
0.802300 -0.019460
0.810574 -0.018079
0.818712 -0.016679
0.826710 -0.015255
0.834565 -0.013787
0.842274 -0.012312
0.849832 -0.010825
0.857236 -0.009322
0.864484 -0.007831
0.871572 -0.006349
0.878498 -0.004881
0.885257 -0.003440
0.891847 -0.002027
0.898265 -0.000649
0.904508 0.000691
0.910575 0.001990
0.916461 0.003240
0.922164 0.004446
0.927682 0.005600
0.933013 0.006700
0.938153 0.007750
0.943102 0.008744
0.947856 0.009683
0.952414 0.010571
0.956773 0.011403
0.960932 0.012181
0.964888 0.012909
0.968641 0.013584
0.972188 0.014208
0.975528 0.014786
0.978660 0.015314
0.981581 0.015797
0.984292 0.016238
0.986789 0.016634
0.989074 0.016990
0.991144 0.017308
0.992998 0.017587
0.994636 0.017829
0.996057 0.018038
0.997261 0.018211
0.998246 0.018352
0.999013 0.018461
0.999561 0.018538
0.999890 0.018584
1.000000 0.018599
