Repaneled_Airfoil
1.000000 0.037878
0.999890 0.037891
0.999561 0.037931
0.999013 0.037998
0.998246 0.038092
0.997261 0.038212
0.996057 0.038357
0.994636 0.038524
0.992998 0.038714
0.991144 0.038925
0.989074 0.039152
0.986789 0.039397
0.984292 0.039659
0.981581 0.039929
0.978660 0.040213
0.975528 0.040506
0.972188 0.040801
0.968641 0.041104
0.964888 0.041408
0.960932 0.041707
0.956773 0.042009
0.952414 0.042305
0.947856 0.042591
0.943102 0.042874
0.938153 0.043145
0.933013 0.043402
0.927682 0.043653
0.922164 0.043888
0.916461 0.044109
0.910575 0.044320
0.904508 0.044515
0.898265 0.044697
0.891847 0.044872
0.885257 0.045033
0.878498 0.045186
0.871572 0.045336
0.864484 0.045480
0.857236 0.045625
0.849832 0.045774
0.842274 0.045932
0.834565 0.046104
0.826710 0.046289
0.818712 0.046500
0.810574 0.046728
0.802300 0.046972
0.793893 0.047244
0.785357 0.047533
0.776696 0.047839
0.767913 0.048173
0.759014 0.048525
0.750000 0.048892
0.740877 0.049287
0.731648 0.049695
0.722318 0.050116
0.712890 0.050555
0.703368 0.051001
0.693758 0.051454
0.684062 0.051911
0.674286 0.052368
0.664433 0.052824
0.654508 0.053273
0.644516 0.053719
0.634460 0.054163
0.624345 0.054603
0.614175 0.055042
0.603956 0.055481
0.593691 0.055920
0.583384 0.056361
0.573042 0.056804
0.562667 0.057251
0.552264 0.057702
0.541839 0.058157
0.531395 0.058620
0.520938 0.059089
0.510471 0.059565
0.500000 0.060052
0.489529 0.060544
0.479062 0.061049
0.468605 0.061564
0.458161 0.062088
0.447736 0.062625
0.437333 0.063174
0.426958 0.063732
0.416616 0.064305
0.406309 0.064891
0.396044 0.065485
0.385825 0.066094
0.375655 0.066715
0.365540 0.067343
0.355484 0.067987
0.345492 0.068640
0.335567 0.069298
0.325714 0.069971
0.315938 0.070650
0.306242 0.071332
0.296632 0.072025
0.287110 0.072720
0.277682 0.073415
0.268352 0.074118
0.259123 0.074834
0.250000 0.075560
0.240986 0.076366
0.232087 0.077227
0.223304 0.078145
0.214643 0.079226
0.206107 0.080391
0.197700 0.081651
0.189426 0.083016
0.181288 0.084383
0.173290 0.085751
0.165435 0.087066
0.157726 0.088320
0.150168 0.089498
0.142764 0.090535
0.135516 0.091476
0.128428 0.092296
0.121502 0.092953
0.114743 0.093510
0.108153 0.093938
0.101735 0.094210
0.095492 0.094386
0.089425 0.094432
0.083539 0.094332
0.077836 0.094146
0.072318 0.093832
0.066987 0.093388
0.061847 0.092868
0.056898 0.092226
0.052144 0.091471
0.047586 0.090655
0.043227 0.089725
0.039068 0.088700
0.035112 0.087630
0.031359 0.086453
0.027812 0.085202
0.024472 0.083923
0.021340 0.082541
0.018419 0.081106
0.015708 0.079662
0.013211 0.078117
0.010926 0.076536
0.008856 0.074970
0.007002 0.073291
0.005364 0.071595
0.003943 0.069951
0.002739 0.068152
0.001754 0.066354
0.000987 0.064690
0.000439 0.062719
0.000110 0.060731
0.000000 0.059717
0.000110 0.058255
0.000439 0.055674
0.000987 0.053666
0.001754 0.051955
0.002739 0.050097
0.003943 0.048226
0.005364 0.046486
0.007002 0.044672
0.008856 0.042849
0.010926 0.041096
0.013211 0.039290
0.015708 0.037475
0.018419 0.035693
0.021340 0.033864
0.024472 0.032018
0.027812 0.030178
0.031359 0.028290
0.035112 0.026378
0.039068 0.024448
0.043227 0.022465
0.047586 0.020449
0.052144 0.018397
0.056898 0.016289
0.061847 0.014137
0.066987 0.011939
0.072318 0.009680
0.077836 0.007374
0.083539 0.005014
0.089425 0.002595
0.095492 0.000125
0.101735 -0.002397
0.108153 -0.004975
0.114743 -0.007596
0.121502 -0.010258
0.128428 -0.012959
0.135516 -0.015658
0.142764 -0.018341
0.150168 -0.021019
0.157726 -0.023611
0.165435 -0.026128
0.173290 -0.028588
0.181288 -0.030860
0.189426 -0.033002
0.197700 -0.035036
0.206107 -0.036831
0.214643 -0.038508
0.223304 -0.040081
0.232087 -0.041443
0.240986 -0.042715
0.250000 -0.043901
0.259123 -0.044929
0.268352 -0.045898
0.277682 -0.046803
0.287110 -0.047582
0.296632 -0.048300
0.306242 -0.048949
0.315938 -0.049478
0.325714 -0.049945
0.335567 -0.050339
0.345492 -0.050617
0.355484 -0.050836
0.365540 -0.050979
0.375655 -0.051013
0.385825 -0.050989
0.396044 -0.050888
0.406309 -0.050688
0.416616 -0.050433
0.426958 -0.050102
0.437333 -0.049682
0.447736 -0.049210
0.458161 -0.048666
0.468605 -0.048043
0.479062 -0.047374
0.489529 -0.046635
0.500000 -0.045830
0.510471 -0.044982
0.520938 -0.044073
0.531395 -0.043108
0.541839 -0.042107
0.552264 -0.041051
0.562667 -0.039950
0.573042 -0.038821
0.583384 -0.037644
0.593691 -0.036434
0.603956 -0.035202
0.614175 -0.033931
0.624345 -0.032638
0.634460 -0.031329
0.644516 -0.029992
0.654508 -0.028640
0.664433 -0.027280
0.674286 -0.025901
0.684062 -0.024514
0.693758 -0.023122
0.703368 -0.021708
0.712890 -0.020283
0.722318 -0.018851
0.731648 -0.017389
0.740877 -0.015916
0.750000 -0.014435
0.759014 -0.012917
0.767913 -0.011391
0.776696 -0.009856
0.785357 -0.008290
0.793893 -0.006720
0.802300 -0.005145
0.810574 -0.003544
0.818712 -0.001945
0.826710 -0.000344
0.834565 0.001274
0.842274 0.002884
0.849832 0.004491
0.857236 0.006094
0.864484 0.007677
0.871572 0.009239
0.878498 0.010776
0.885257 0.012279
0.891847 0.013748
0.898265 0.015176
0.904508 0.016562
0.910575 0.017903
0.916461 0.019193
0.922164 0.020437
0.927682 0.021627
0.933013 0.022763
0.938153 0.023849
0.943102 0.024879
0.947856 0.025854
0.952414 0.026778
0.956773 0.027646
0.960932 0.028460
0.964888 0.029225
0.968641 0.029937
0.972188 0.030597
0.975528 0.031212
0.978660 0.031775
0.981581 0.032294
0.984292 0.032769
0.986789 0.033197
0.989074 0.033584
0.991144 0.033931
0.992998 0.034236
0.994636 0.034503
0.996057 0.034733
0.997261 0.034924
0.998246 0.035080
0.999013 0.035201
0.999561 0.035288
0.999890 0.035339
1.000000 0.035356
