Repaneled_Airfoil
1.000000 0.006505
0.999890 0.006520
0.999561 0.006566
0.999013 0.006644
0.998246 0.006753
0.997261 0.006892
0.996057 0.007061
0.994636 0.007259
0.992998 0.007486
0.991144 0.007742
0.989074 0.008026
0.986789 0.008337
0.984292 0.008674
0.981581 0.009036
0.978660 0.009423
0.975528 0.009835
0.972188 0.010269
0.968641 0.010727
0.964888 0.011206
0.960932 0.011706
0.956773 0.012228
0.952414 0.012770
0.947856 0.013332
0.943102 0.013915
0.938153 0.014517
0.933013 0.015140
0.927682 0.015784
0.922164 0.016448
0.916461 0.017135
0.910575 0.017844
0.904508 0.018577
0.898265 0.019337
0.891847 0.020122
0.885257 0.020938
0.878498 0.021787
0.871572 0.022667
0.864484 0.023587
0.857236 0.024549
0.849832 0.025548
0.842274 0.026604
0.834565 0.027711
0.826710 0.028861
0.818712 0.030071
0.810574 0.031318
0.802300 0.032598
0.793893 0.033906
0.785357 0.035230
0.776696 0.036567
0.767913 0.037892
0.759014 0.039207
0.750000 0.040511
0.740877 0.041763
0.731648 0.042998
0.722318 0.044215
0.712890 0.045389
0.703368 0.046552
0.693758 0.047698
0.684062 0.048818
0.674286 0.049932
0.664433 0.051036
0.654508 0.052124
0.644516 0.053206
0.634460 0.054278
0.624345 0.055328
0.614175 0.056368
0.603956 0.057391
0.593691 0.058389
0.583384 0.059372
0.573042 0.060333
0.562667 0.061263
0.552264 0.062174
0.541839 0.063057
0.531395 0.063905
0.520938 0.064730
0.510471 0.065520
0.500000 0.066272
0.489529 0.066997
0.479062 0.067679
0.468605 0.068319
0.458161 0.068929
0.447736 0.069490
0.437333 0.070006
0.426958 0.070489
0.416616 0.070916
0.406309 0.071295
0.396044 0.071639
0.385825 0.071919
0.375655 0.072152
0.365540 0.072346
0.355484 0.072471
0.345492 0.072547
0.335567 0.072584
0.325714 0.072545
0.315938 0.072458
0.306242 0.072331
0.296632 0.072124
0.287110 0.071869
0.277682 0.071574
0.268352 0.071195
0.259123 0.070772
0.250000 0.070309
0.240986 0.069765
0.232087 0.069190
0.223304 0.068581
0.214643 0.067908
0.206107 0.067209
0.197700 0.066484
0.189426 0.065706
0.181288 0.064900
0.173290 0.064060
0.165435 0.063139
0.157726 0.062177
0.150168 0.061161
0.142764 0.060044
0.135516 0.058879
0.128428 0.057645
0.121502 0.056301
0.114743 0.054911
0.108153 0.053450
0.101735 0.051900
0.095492 0.050319
0.089425 0.048679
0.083539 0.046971
0.077836 0.045246
0.072318 0.043472
0.066987 0.041650
0.061847 0.039822
0.056898 0.037954
0.052144 0.036052
0.047586 0.034157
0.043227 0.032227
0.039068 0.030277
0.035112 0.028344
0.031359 0.026377
0.027812 0.024403
0.024472 0.022458
0.021340 0.020476
0.018419 0.018497
0.015708 0.016560
0.013211 0.014580
0.010926 0.012613
0.008856 0.010706
0.007002 0.008737
0.005364 0.006796
0.003943 0.004949
0.002739 0.003003
0.001754 0.001115
0.000987 -0.000590
0.000439 -0.002427
0.000110 -0.003850
0.000000 -0.004465
0.000110 -0.006916
0.000439 -0.010688
0.000987 -0.012425
0.001754 -0.013971
0.002739 -0.015644
0.003943 -0.017318
0.005364 -0.018833
0.007002 -0.020384
0.008856 -0.021908
0.010926 -0.023311
0.013211 -0.024721
0.015708 -0.026088
0.018419 -0.027358
0.021340 -0.028620
0.024472 -0.029832
0.027812 -0.030961
0.031359 -0.032071
0.035112 -0.033129
0.039068 -0.034113
0.043227 -0.035075
0.047586 -0.035981
0.052144 -0.036825
0.056898 -0.037644
0.061847 -0.038408
0.066987 -0.039120
0.072318 -0.039807
0.077836 -0.040445
0.083539 -0.041041
0.089425 -0.041616
0.095492 -0.042151
0.101735 -0.042658
0.108153 -0.043152
0.114743 -0.043618
0.121502 -0.044074
0.128428 -0.044527
0.135516 -0.044974
0.142764 -0.045420
0.150168 -0.045865
0.157726 -0.046292
0.165435 -0.046702
0.173290 -0.047098
0.181288 -0.047449
0.189426 -0.047764
0.197700 -0.048048
0.206107 -0.048252
0.214643 -0.048412
0.223304 -0.048533
0.232087 -0.048580
0.240986 -0.048593
0.250000 -0.048573
0.259123 -0.048496
0.268352 -0.048396
0.277682 -0.048270
0.287110 -0.048103
0.296632 -0.047916
0.306242 -0.047707
0.315938 -0.047461
0.325714 -0.047197
0.335567 -0.046911
0.345492 -0.046593
0.355484 -0.046259
0.365540 -0.045903
0.375655 -0.045521
0.385825 -0.045124
0.396044 -0.044706
0.406309 -0.044266
0.416616 -0.043812
0.426958 -0.043341
0.437333 -0.042849
0.447736 -0.042345
0.458161 -0.041824
0.468605 -0.041287
0.479062 -0.040739
0.489529 -0.040176
0.500000 -0.039598
0.510471 -0.039011
0.520938 -0.038411
0.531395 -0.037797
0.541839 -0.037175
0.552264 -0.036542
0.562667 -0.035897
0.573042 -0.035245
0.583384 -0.034582
0.593691 -0.033909
0.603956 -0.033231
0.614175 -0.032543
0.624345 -0.031846
0.634460 -0.031145
0.644516 -0.030433
0.654508 -0.029716
0.664433 -0.028995
0.674286 -0.028264
0.684062 -0.027533
0.693758 -0.026804
0.703368 -0.026082
0.712890 -0.025373
0.722318 -0.024678
0.731648 -0.024009
0.740877 -0.023363
0.750000 -0.022739
0.759014 -0.022158
0.767913 -0.021593
0.776696 -0.021044
0.785357 -0.020500
0.793893 -0.019954
0.802300 -0.019404
0.810574 -0.018826
0.818712 -0.018231
0.826710 -0.017615
0.834565 -0.016951
0.842274 -0.016264
0.849832 -0.015549
0.857236 -0.014795
0.864484 -0.014031
0.871572 -0.013252
0.878498 -0.012452
0.885257 -0.011654
0.891847 -0.010852
0.898265 -0.010046
0.904508 -0.009250
0.910575 -0.008460
0.916461 -0.007679
0.922164 -0.006914
0.927682 -0.006164
0.933013 -0.005432
0.938153 -0.004721
0.943102 -0.004031
0.947856 -0.003364
0.952414 -0.002723
0.956773 -0.002107
0.960932 -0.001518
0.964888 -0.000957
0.968641 -0.000426
0.972188 0.000077
0.975528 0.000551
0.978660 0.000993
0.981581 0.001406
0.984292 0.001789
0.986789 0.002140
0.989074 0.002461
0.991144 0.002751
0.992998 0.003010
0.994636 0.003239
0.996057 0.003437
0.997261 0.003605
0.998246 0.003742
0.999013 0.003848
0.999561 0.003924
0.999890 0.003969
1.000000 0.003984
