Repaneled_Airfoil
1.000000 0.019701
0.999890 0.019725
0.999561 0.019799
0.999013 0.019923
0.998246 0.020096
0.997261 0.020318
0.996057 0.020590
0.994636 0.020910
0.992998 0.021280
0.991144 0.021698
0.989074 0.022166
0.986789 0.022682
0.984292 0.023246
0.981581 0.023858
0.978660 0.024517
0.975528 0.025224
0.972188 0.025976
0.968641 0.026774
0.964888 0.027617
0.960932 0.028502
0.956773 0.029431
0.952414 0.030401
0.947856 0.031410
0.943102 0.032457
0.938153 0.033541
0.933013 0.034657
0.927682 0.035807
0.922164 0.036985
0.916461 0.038187
0.910575 0.039417
0.904508 0.040664
0.898265 0.041925
0.891847 0.043205
0.885257 0.044487
0.878498 0.045772
0.871572 0.047066
0.864484 0.048345
0.857236 0.049613
0.849832 0.050877
0.842274 0.052103
0.834565 0.053304
0.826710 0.054485
0.818712 0.055592
0.810574 0.056644
0.802300 0.057648
0.793893 0.058520
0.785357 0.059303
0.776696 0.060005
0.767913 0.060504
0.759014 0.060882
0.750000 0.061143
0.740877 0.061139
0.731648 0.061029
0.722318 0.060805
0.712890 0.060434
0.703368 0.060024
0.693758 0.059572
0.684062 0.059135
0.674286 0.058751
0.664433 0.058437
0.654508 0.058316
0.644516 0.058296
0.634460 0.058403
0.624345 0.058674
0.614175 0.059029
0.603956 0.059490
0.593691 0.060071
0.583384 0.060714
0.573042 0.061435
0.562667 0.062230
0.552264 0.063061
0.541839 0.063939
0.531395 0.064844
0.520938 0.065761
0.510471 0.066683
0.500000 0.067593
0.489529 0.068488
0.479062 0.069349
0.468605 0.070159
0.458161 0.070930
0.447736 0.071625
0.437333 0.072239
0.426958 0.072792
0.416616 0.073229
0.406309 0.073561
0.396044 0.073811
0.385825 0.073911
0.375655 0.073886
0.365540 0.073765
0.355484 0.073460
0.345492 0.073021
0.335567 0.072475
0.325714 0.071715
0.315938 0.070818
0.306242 0.069807
0.296632 0.068561
0.287110 0.067179
0.277682 0.065680
0.268352 0.063927
0.259123 0.062047
0.250000 0.060052
0.240986 0.057827
0.232087 0.055555
0.223304 0.053234
0.214643 0.050907
0.206107 0.048651
0.197700 0.046476
0.189426 0.044542
0.181288 0.042778
0.173290 0.041212
0.165435 0.039856
0.157726 0.038587
0.150168 0.037410
0.142764 0.036294
0.135516 0.035200
0.128428 0.034120
0.121502 0.033013
0.114743 0.031896
0.108153 0.030754
0.101735 0.029567
0.095492 0.028364
0.089425 0.027125
0.083539 0.025835
0.077836 0.024528
0.072318 0.023177
0.066987 0.021774
0.061847 0.020358
0.056898 0.018893
0.052144 0.017380
0.047586 0.015859
0.043227 0.014286
0.039068 0.012674
0.035112 0.011062
0.031359 0.009394
0.027812 0.007697
0.024472 0.006011
0.021340 0.004266
0.018419 0.002503
0.015708 0.000764
0.013211 -0.001041
0.010926 -0.002851
0.008856 -0.004619
0.007002 -0.006470
0.005364 -0.008309
0.003943 -0.010073
0.002739 -0.011959
0.001754 -0.013812
0.000987 -0.015505
0.000439 -0.017406
0.000110 -0.018996
0.000000 -0.019722
0.000110 -0.021763
0.000439 -0.025045
0.000987 -0.026900
0.001754 -0.028514
0.002739 -0.030261
0.003943 -0.032010
0.005364 -0.033609
0.007002 -0.035257
0.008856 -0.036890
0.010926 -0.038418
0.013211 -0.039969
0.015708 -0.041496
0.018419 -0.042946
0.021340 -0.044406
0.024472 -0.045837
0.027812 -0.047208
0.031359 -0.048582
0.035112 -0.049925
0.039068 -0.051219
0.043227 -0.052511
0.047586 -0.053770
0.052144 -0.054986
0.056898 -0.056196
0.061847 -0.057369
0.066987 -0.058502
0.072318 -0.059624
0.077836 -0.060703
0.083539 -0.061743
0.089425 -0.062764
0.095492 -0.063733
0.101735 -0.064656
0.108153 -0.065553
0.114743 -0.066384
0.121502 -0.067161
0.128428 -0.067901
0.135516 -0.068555
0.142764 -0.069129
0.150168 -0.069640
0.157726 -0.069998
0.165435 -0.070229
0.173290 -0.070353
0.181288 -0.070240
0.189426 -0.069952
0.197700 -0.069508
0.206107 -0.068730
0.214643 -0.067745
0.223304 -0.066575
0.232087 -0.065097
0.240986 -0.063489
0.250000 -0.061755
0.259123 -0.059890
0.268352 -0.058020
0.277682 -0.056148
0.287110 -0.054435
0.296632 -0.052807
0.306242 -0.051280
0.315938 -0.049928
0.325714 -0.048657
0.335567 -0.047483
0.345492 -0.046458
0.355484 -0.045502
0.365540 -0.044634
0.375655 -0.043882
0.385825 -0.043184
0.396044 -0.042557
0.406309 -0.042010
0.416616 -0.041500
0.426958 -0.041039
0.437333 -0.040620
0.447736 -0.040219
0.458161 -0.039840
0.468605 -0.039468
0.479062 -0.039094
0.489529 -0.038711
0.500000 -0.038302
0.510471 -0.037870
0.520938 -0.037397
0.531395 -0.036868
0.541839 -0.036298
0.552264 -0.035651
0.562667 -0.034923
0.573042 -0.034135
0.583384 -0.033238
0.593691 -0.032239
0.603956 -0.031165
0.614175 -0.029947
0.624345 -0.028613
0.634460 -0.027191
0.644516 -0.025595
0.654508 -0.023872
0.664433 -0.022051
0.674286 -0.020027
0.684062 -0.017892
0.693758 -0.015673
0.703368 -0.013350
0.712890 -0.011030
0.722318 -0.008720
0.731648 -0.006495
0.740877 -0.004377
0.750000 -0.002360
0.759014 -0.000619
0.767913 0.000971
0.776696 0.002406
0.785357 0.003610
0.793893 0.004710
0.802300 0.005698
0.810574 0.006539
0.818712 0.007313
0.826710 0.008013
0.834565 0.008631
0.842274 0.009207
0.849832 0.009737
0.857236 0.010215
0.864484 0.010663
0.871572 0.011077
0.878498 0.011456
0.885257 0.011814
0.891847 0.012146
0.898265 0.012456
0.904508 0.012751
0.910575 0.013027
0.916461 0.013290
0.922164 0.013541
0.927682 0.013780
0.933013 0.014010
0.938153 0.014231
0.943102 0.014443
0.947856 0.014649
0.952414 0.014848
0.956773 0.015040
0.960932 0.015227
0.964888 0.015405
0.968641 0.015578
0.972188 0.015745
0.975528 0.015903
0.978660 0.016055
0.981581 0.016199
0.984292 0.016334
0.986789 0.016462
0.989074 0.016580
0.991144 0.016689
0.992998 0.016788
0.994636 0.016876
0.996057 0.016952
0.997261 0.017019
0.998246 0.017073
0.999013 0.017116
0.999561 0.017147
0.999890 0.017165
1.000000 0.017170
