Repaneled_Airfoil
1.000000 -0.038719
0.999890 -0.038683
0.999561 -0.038573
0.999013 -0.038390
0.998246 -0.038134
0.997261 -0.037803
0.996057 -0.037398
0.994636 -0.036918
0.992998 -0.036363
0.991144 -0.035733
0.989074 -0.035025
0.986789 -0.034241
0.984292 -0.033380
0.981581 -0.032439
0.978660 -0.031421
0.975528 -0.030324
0.972188 -0.029148
0.968641 -0.027895
0.964888 -0.026564
0.960932 -0.025155
0.956773 -0.023671
0.952414 -0.022111
0.947856 -0.020479
0.943102 -0.018776
0.938153 -0.017005
0.933013 -0.015170
0.927682 -0.013272
0.922164 -0.011319
0.916461 -0.009317
0.910575 -0.007264
0.904508 -0.005174
0.898265 -0.003053
0.891847 -0.000899
0.885257 0.001265
0.878498 0.003433
0.871572 0.005615
0.864484 0.007769
0.857236 0.009900
0.849832 0.012019
0.842274 0.014063
0.834565 0.016056
0.826710 0.018013
0.818712 0.019873
0.810574 0.021692
0.802300 0.023480
0.793893 0.025193
0.785357 0.026885
0.776696 0.028561
0.767913 0.030201
0.759014 0.031847
0.750000 0.033499
0.740877 0.035153
0.731648 0.036812
0.722318 0.038474
0.712890 0.040115
0.703368 0.041746
0.693758 0.043363
0.684062 0.044930
0.674286 0.046472
0.664433 0.047979
0.654508 0.049419
0.644516 0.050828
0.634460 0.052193
0.624345 0.053493
0.614175 0.054761
0.603956 0.055982
0.593691 0.057141
0.583384 0.058266
0.573042 0.059344
0.562667 0.060363
0.552264 0.061348
0.541839 0.062284
0.531395 0.063165
0.520938 0.064014
0.510471 0.064813
0.500000 0.065562
0.489529 0.066279
0.479062 0.066947
0.468605 0.067569
0.458161 0.068160
0.447736 0.068703
0.437333 0.069204
0.426958 0.069675
0.416616 0.070101
0.406309 0.070488
0.396044 0.070847
0.385825 0.071160
0.375655 0.071439
0.365540 0.071692
0.355484 0.071900
0.345492 0.072078
0.335567 0.072231
0.325714 0.072339
0.315938 0.072420
0.306242 0.072478
0.296632 0.072491
0.287110 0.072479
0.277682 0.072445
0.268352 0.072366
0.259123 0.072267
0.250000 0.072149
0.240986 0.072005
0.232087 0.071859
0.223304 0.071709
0.214643 0.071563
0.206107 0.071427
0.197700 0.071302
0.189426 0.071191
0.181288 0.071072
0.173290 0.070942
0.165435 0.070759
0.157726 0.070539
0.150168 0.070269
0.142764 0.069905
0.135516 0.069485
0.128428 0.068988
0.121502 0.068376
0.114743 0.067705
0.108153 0.066948
0.101735 0.066082
0.095492 0.065163
0.089425 0.064157
0.083539 0.063053
0.077836 0.061903
0.072318 0.060670
0.066987 0.059351
0.061847 0.057997
0.056898 0.056565
0.052144 0.055062
0.047586 0.053537
0.043227 0.051939
0.039068 0.050287
0.035112 0.048626
0.031359 0.046898
0.027812 0.045133
0.024472 0.043375
0.021340 0.041553
0.018419 0.039712
0.015708 0.037896
0.013211 0.036016
0.010926 0.034135
0.008856 0.032302
0.007002 0.030395
0.005364 0.028510
0.003943 0.026710
0.002739 0.024812
0.001754 0.022974
0.000987 0.021317
0.000439 0.019570
0.000110 0.018263
0.000000 0.017714
0.000110 0.015010
0.000439 0.010932
0.000987 0.009265
0.001754 0.007745
0.002739 0.006090
0.003943 0.004421
0.005364 0.002899
0.007002 0.001332
0.008856 -0.000215
0.010926 -0.001656
0.013211 -0.003114
0.015708 -0.004545
0.018419 -0.005899
0.021340 -0.007261
0.024472 -0.008595
0.027812 -0.009876
0.031359 -0.011161
0.035112 -0.012424
0.039068 -0.013652
0.043227 -0.014886
0.047586 -0.016103
0.052144 -0.017300
0.056898 -0.018507
0.061847 -0.019704
0.066987 -0.020894
0.072318 -0.022096
0.077836 -0.023294
0.083539 -0.024495
0.089425 -0.025709
0.095492 -0.026925
0.101735 -0.028147
0.108153 -0.029384
0.114743 -0.030622
0.121502 -0.031868
0.128428 -0.033126
0.135516 -0.034380
0.142764 -0.035625
0.150168 -0.036867
0.157726 -0.038066
0.165435 -0.039229
0.173290 -0.040363
0.181288 -0.041404
0.189426 -0.042375
0.197700 -0.043287
0.206107 -0.044056
0.214643 -0.044749
0.223304 -0.045376
0.232087 -0.045871
0.240986 -0.046305
0.250000 -0.046682
0.259123 -0.046952
0.268352 -0.047179
0.277682 -0.047359
0.287110 -0.047459
0.296632 -0.047519
0.306242 -0.047535
0.315938 -0.047478
0.325714 -0.047385
0.335567 -0.047249
0.345492 -0.047051
0.355484 -0.046820
0.365540 -0.046551
0.375655 -0.046229
0.385825 -0.045880
0.396044 -0.045497
0.406309 -0.045073
0.416616 -0.044628
0.426958 -0.044154
0.437333 -0.043652
0.447736 -0.043133
0.458161 -0.042594
0.468605 -0.042037
0.479062 -0.041470
0.489529 -0.040892
0.500000 -0.040307
0.510471 -0.039719
0.520938 -0.039128
0.531395 -0.038540
0.541839 -0.037954
0.552264 -0.037377
0.562667 -0.036810
0.573042 -0.036253
0.583384 -0.035713
0.593691 -0.035190
0.603956 -0.034682
0.614175 -0.034201
0.624345 -0.033744
0.634460 -0.033305
0.644516 -0.032901
0.654508 -0.032526
0.664433 -0.032173
0.674286 -0.031861
0.684062 -0.031573
0.693758 -0.031304
0.703368 -0.031059
0.712890 -0.030822
0.722318 -0.030592
0.731648 -0.030364
0.740877 -0.030133
0.750000 -0.029900
0.759014 -0.029654
0.767913 -0.029417
0.776696 -0.029188
0.785357 -0.029000
0.793893 -0.028847
0.802300 -0.028733
0.810574 -0.028706
0.818712 -0.028733
0.826710 -0.028824
0.834565 -0.029030
0.842274 -0.029291
0.849832 -0.029621
0.857236 -0.030030
0.864484 -0.030470
0.871572 -0.030948
0.878498 -0.031467
0.885257 -0.031995
0.891847 -0.032539
0.898265 -0.033093
0.904508 -0.033643
0.910575 -0.034190
0.916461 -0.034728
0.922164 -0.035253
0.927682 -0.035761
0.933013 -0.036250
0.938153 -0.036718
0.943102 -0.037164
0.947856 -0.037584
0.952414 -0.037980
0.956773 -0.038350
0.960932 -0.038692
0.964888 -0.039012
0.968641 -0.039303
0.972188 -0.039569
0.975528 -0.039813
0.978660 -0.040033
0.981581 -0.040230
0.984292 -0.040408
0.986789 -0.040563
0.989074 -0.040701
0.991144 -0.040822
0.992998 -0.040926
0.994636 -0.041015
0.996057 -0.041090
0.997261 -0.041151
0.998246 -0.041200
0.999013 -0.041237
0.999561 -0.041249
0.999890 -0.041253
1.000000 -0.041253
