Repaneled_Airfoil
1.000000 0.010048
0.999890 0.010070
0.999561 0.010136
0.999013 0.010246
0.998246 0.010399
0.997261 0.010596
0.996057 0.010835
0.994636 0.011118
0.992998 0.011442
0.991144 0.011809
0.989074 0.012216
0.986789 0.012665
0.984292 0.013154
0.981581 0.013681
0.978660 0.014248
0.975528 0.014852
0.972188 0.015492
0.968641 0.016169
0.964888 0.016880
0.960932 0.017625
0.956773 0.018403
0.952414 0.019212
0.947856 0.020052
0.943102 0.020922
0.938153 0.021818
0.933013 0.022740
0.927682 0.023690
0.922164 0.024661
0.916461 0.025654
0.910575 0.026672
0.904508 0.027706
0.898265 0.028758
0.891847 0.029829
0.885257 0.030913
0.878498 0.032009
0.871572 0.033120
0.864484 0.034237
0.857236 0.035364
0.849832 0.036501
0.842274 0.037637
0.834565 0.038778
0.826710 0.039926
0.818712 0.041063
0.810574 0.042198
0.802300 0.043332
0.793893 0.044442
0.785357 0.045540
0.776696 0.046629
0.767913 0.047677
0.759014 0.048705
0.750000 0.049714
0.740877 0.050667
0.731648 0.051601
0.722318 0.052513
0.712890 0.053381
0.703368 0.054235
0.693758 0.055073
0.684062 0.055883
0.674286 0.056686
0.664433 0.057480
0.654508 0.058260
0.644516 0.059036
0.634460 0.059805
0.624345 0.060559
0.614175 0.061308
0.603956 0.062046
0.593691 0.062770
0.583384 0.063487
0.573042 0.064192
0.562667 0.064881
0.552264 0.065562
0.541839 0.066228
0.531395 0.066879
0.520938 0.067519
0.510471 0.068144
0.500000 0.068750
0.489529 0.069345
0.479062 0.069921
0.468605 0.070478
0.458161 0.071022
0.447736 0.071546
0.437333 0.072048
0.426958 0.072537
0.416616 0.073001
0.406309 0.073443
0.396044 0.073870
0.385825 0.074268
0.375655 0.074643
0.365540 0.075001
0.355484 0.075327
0.345492 0.075630
0.335567 0.075913
0.325714 0.076160
0.315938 0.076383
0.306242 0.076585
0.296632 0.076746
0.287110 0.076882
0.277682 0.076996
0.268352 0.077066
0.259123 0.077121
0.250000 0.077162
0.240986 0.077241
0.232087 0.077370
0.223304 0.077552
0.214643 0.077899
0.206107 0.078357
0.197700 0.078937
0.189426 0.079685
0.181288 0.080459
0.173290 0.081253
0.165435 0.082003
0.157726 0.082694
0.150168 0.083307
0.142764 0.083764
0.135516 0.084117
0.128428 0.084332
0.121502 0.084363
0.114743 0.084291
0.108153 0.084082
0.101735 0.083709
0.095492 0.083245
0.089425 0.082654
0.083539 0.081920
0.077836 0.081111
0.072318 0.080184
0.066987 0.079138
0.061847 0.078033
0.056898 0.076821
0.052144 0.075512
0.047586 0.074163
0.043227 0.072718
0.039068 0.071200
0.035112 0.069659
0.031359 0.068033
0.027812 0.066357
0.024472 0.064678
0.021340 0.062921
0.018419 0.061136
0.015708 0.059369
0.013211 0.057528
0.010926 0.055680
0.008856 0.053877
0.007002 0.051993
0.005364 0.050128
0.003943 0.048346
0.002739 0.046465
0.001754 0.044643
0.000987 0.043002
0.000439 0.041276
0.000110 0.039995
0.000000 0.039460
0.000110 0.036698
0.000439 0.032552
0.000987 0.030903
0.001754 0.029389
0.002739 0.027737
0.003943 0.026068
0.005364 0.024541
0.007002 0.022967
0.008856 0.021408
0.010926 0.019950
0.013211 0.018469
0.015708 0.017010
0.018419 0.015616
0.021340 0.014207
0.024472 0.012815
0.027812 0.011461
0.031359 0.010089
0.035112 0.008724
0.039068 0.007371
0.043227 0.005994
0.047586 0.004611
0.052144 0.003214
0.056898 0.001784
0.061847 0.000331
0.066987 -0.001156
0.072318 -0.002687
0.077836 -0.004261
0.083539 -0.005886
0.089425 -0.007564
0.095492 -0.009303
0.101735 -0.011109
0.108153 -0.012977
0.114743 -0.014922
0.121502 -0.016942
0.128428 -0.019026
0.135516 -0.021158
0.142764 -0.023298
0.150168 -0.025446
0.157726 -0.027532
0.165435 -0.029549
0.173290 -0.031511
0.181288 -0.033285
0.189426 -0.034915
0.197700 -0.036424
0.206107 -0.037661
0.214643 -0.038762
0.223304 -0.039742
0.232087 -0.040494
0.240986 -0.041150
0.250000 -0.041715
0.259123 -0.042133
0.268352 -0.042507
0.277682 -0.042832
0.287110 -0.043076
0.296632 -0.043282
0.306242 -0.043443
0.315938 -0.043528
0.325714 -0.043575
0.335567 -0.043576
0.345492 -0.043506
0.355484 -0.043399
0.365540 -0.043246
0.375655 -0.043028
0.385825 -0.042775
0.396044 -0.042475
0.406309 -0.042118
0.416616 -0.041728
0.426958 -0.041293
0.437333 -0.040807
0.447736 -0.040290
0.458161 -0.039732
0.468605 -0.039128
0.479062 -0.038496
0.489529 -0.037826
0.500000 -0.037119
0.510471 -0.036387
0.520938 -0.035619
0.531395 -0.034820
0.541839 -0.034001
0.552264 -0.033150
0.562667 -0.032274
0.573042 -0.031381
0.583384 -0.030462
0.593691 -0.029523
0.603956 -0.028571
0.614175 -0.027596
0.624345 -0.026608
0.634460 -0.025612
0.644516 -0.024596
0.654508 -0.023572
0.664433 -0.022544
0.674286 -0.021502
0.684062 -0.020459
0.693758 -0.019418
0.703368 -0.018383
0.712890 -0.017362
0.722318 -0.016354
0.731648 -0.015376
0.740877 -0.014422
0.750000 -0.013493
0.759014 -0.012610
0.767913 -0.011756
0.776696 -0.010930
0.785357 -0.010142
0.793893 -0.009376
0.802300 -0.008634
0.810574 -0.007919
0.818712 -0.007222
0.826710 -0.006544
0.834565 -0.005885
0.842274 -0.005241
0.849832 -0.004613
0.857236 -0.004001
0.864484 -0.003404
0.871572 -0.002823
0.878498 -0.002258
0.885257 -0.001707
0.891847 -0.001172
0.898265 -0.000652
0.904508 -0.000148
0.910575 0.000341
0.916461 0.000815
0.922164 0.001273
0.927682 0.001717
0.933013 0.002144
0.938153 0.002557
0.943102 0.002953
0.947856 0.003334
0.952414 0.003699
0.956773 0.004048
0.960932 0.004382
0.964888 0.004699
0.968641 0.005000
0.972188 0.005285
0.975528 0.005553
0.978660 0.005805
0.981581 0.006039
0.984292 0.006257
0.986789 0.006458
0.989074 0.006642
0.991144 0.006809
0.992998 0.006959
0.994636 0.007091
0.996057 0.007205
0.997261 0.007303
0.998246 0.007382
0.999013 0.007444
0.999561 0.007488
0.999890 0.007513
1.000000 0.007520
