Repaneled_Airfoil
1.000000 0.012397
0.999890 0.012420
0.999561 0.012488
0.999013 0.012602
0.998246 0.012761
0.997261 0.012966
0.996057 0.013215
0.994636 0.013508
0.992998 0.013845
0.991144 0.014226
0.989074 0.014649
0.986789 0.015114
0.984292 0.015620
0.981581 0.016166
0.978660 0.016752
0.975528 0.017376
0.972188 0.018036
0.968641 0.018733
0.964888 0.019465
0.960932 0.020229
0.956773 0.021026
0.952414 0.021854
0.947856 0.022709
0.943102 0.023594
0.938153 0.024503
0.933013 0.025435
0.927682 0.026392
0.922164 0.027367
0.916461 0.028359
0.910575 0.029370
0.904508 0.030393
0.898265 0.031426
0.891847 0.032474
0.885257 0.033524
0.878498 0.034578
0.871572 0.035641
0.864484 0.036697
0.857236 0.037751
0.849832 0.038806
0.842274 0.039844
0.834565 0.040873
0.826710 0.041899
0.818712 0.042904
0.810574 0.043905
0.802300 0.044908
0.793893 0.045903
0.785357 0.046905
0.776696 0.047917
0.767913 0.048943
0.759014 0.049990
0.750000 0.051058
0.740877 0.052161
0.731648 0.053283
0.722318 0.054423
0.712890 0.055574
0.703368 0.056728
0.693758 0.057886
0.684062 0.059025
0.674286 0.060152
0.664433 0.061262
0.654508 0.062331
0.644516 0.063383
0.634460 0.064410
0.624345 0.065399
0.614175 0.066370
0.603956 0.067315
0.593691 0.068226
0.583384 0.069118
0.573042 0.069984
0.562667 0.070819
0.552264 0.071635
0.541839 0.072427
0.531395 0.073189
0.520938 0.073934
0.510471 0.074655
0.500000 0.075350
0.489529 0.076029
0.479062 0.076683
0.468605 0.077315
0.458161 0.077932
0.447736 0.078525
0.437333 0.079098
0.426958 0.079657
0.416616 0.080193
0.406309 0.080710
0.396044 0.081214
0.385825 0.081696
0.375655 0.082162
0.365540 0.082614
0.355484 0.083044
0.345492 0.083457
0.335567 0.083858
0.325714 0.084236
0.315938 0.084598
0.306242 0.084946
0.296632 0.085270
0.287110 0.085578
0.277682 0.085872
0.268352 0.086139
0.259123 0.086379
0.250000 0.086594
0.240986 0.086709
0.232087 0.086754
0.223304 0.086726
0.214643 0.086525
0.206107 0.086226
0.197700 0.085817
0.189426 0.085196
0.181288 0.084474
0.173290 0.083634
0.165435 0.082609
0.157726 0.081502
0.150168 0.080289
0.142764 0.078925
0.135516 0.077495
0.128428 0.075974
0.121502 0.074330
0.114743 0.072637
0.108153 0.070869
0.101735 0.069011
0.095492 0.067127
0.089425 0.065190
0.083539 0.063194
0.077836 0.061192
0.072318 0.059153
0.066987 0.057080
0.061847 0.055016
0.056898 0.052927
0.052144 0.050823
0.047586 0.048740
0.043227 0.046640
0.039068 0.044537
0.035112 0.042465
0.031359 0.040377
0.027812 0.038296
0.024472 0.036256
0.021340 0.034195
0.018419 0.032147
0.015708 0.030151
0.013211 0.028123
0.010926 0.026115
0.008856 0.024173
0.007002 0.022176
0.005364 0.020210
0.003943 0.018340
0.002739 0.016371
0.001754 0.014457
0.000987 0.012725
0.000439 0.010830
0.000110 0.009317
0.000000 0.008649
0.000110 0.006385
0.000439 0.002838
0.000987 0.001050
0.001754 -0.000513
0.002739 -0.002200
0.003943 -0.003881
0.005364 -0.005396
0.007002 -0.006945
0.008856 -0.008461
0.010926 -0.009851
0.013211 -0.011243
0.015708 -0.012588
0.018419 -0.013825
0.021340 -0.015046
0.024472 -0.016209
0.027812 -0.017275
0.031359 -0.018314
0.035112 -0.019286
0.039068 -0.020167
0.043227 -0.021013
0.047586 -0.021786
0.052144 -0.022476
0.056898 -0.023126
0.061847 -0.023701
0.066987 -0.024203
0.072318 -0.024665
0.077836 -0.025054
0.083539 -0.025383
0.089425 -0.025676
0.095492 -0.025909
0.101735 -0.026100
0.108153 -0.026265
0.114743 -0.026393
0.121502 -0.026504
0.128428 -0.026608
0.135516 -0.026711
0.142764 -0.026829
0.150168 -0.026962
0.157726 -0.027128
0.165435 -0.027331
0.173290 -0.027566
0.181288 -0.027872
0.189426 -0.028239
0.197700 -0.028659
0.206107 -0.029187
0.214643 -0.029764
0.223304 -0.030383
0.232087 -0.031039
0.240986 -0.031697
0.250000 -0.032355
0.259123 -0.032956
0.268352 -0.033516
0.277682 -0.034028
0.287110 -0.034444
0.296632 -0.034812
0.306242 -0.035128
0.315938 -0.035352
0.325714 -0.035532
0.335567 -0.035658
0.345492 -0.035700
0.355484 -0.035700
0.365540 -0.035647
0.375655 -0.035521
0.385825 -0.035354
0.396044 -0.035137
0.406309 -0.034856
0.416616 -0.034539
0.426958 -0.034176
0.437333 -0.033759
0.447736 -0.033312
0.458161 -0.032823
0.468605 -0.032291
0.479062 -0.031734
0.489529 -0.031142
0.500000 -0.030517
0.510471 -0.029873
0.520938 -0.029201
0.531395 -0.028507
0.541839 -0.027800
0.552264 -0.027073
0.562667 -0.026333
0.573042 -0.025585
0.583384 -0.024826
0.593691 -0.024063
0.603956 -0.023299
0.614175 -0.022532
0.624345 -0.021767
0.634460 -0.021006
0.644516 -0.020252
0.654508 -0.019506
0.664433 -0.018769
0.674286 -0.018045
0.684062 -0.017329
0.693758 -0.016620
0.703368 -0.015905
0.712890 -0.015185
0.722318 -0.014460
0.731648 -0.013707
0.740877 -0.012938
0.750000 -0.012156
0.759014 -0.011328
0.767913 -0.010489
0.776696 -0.009638
0.785357 -0.008769
0.793893 -0.007905
0.802300 -0.007046
0.810574 -0.006197
0.818712 -0.005365
0.826710 -0.004554
0.834565 -0.003774
0.842274 -0.003019
0.849832 -0.002294
0.857236 -0.001602
0.864484 -0.000934
0.871572 -0.000293
0.878498 0.000320
0.885257 0.000911
0.891847 0.001478
0.898265 0.002019
0.904508 0.002542
0.910575 0.003042
0.916461 0.003520
0.922164 0.003979
0.927682 0.004419
0.933013 0.004838
0.938153 0.005240
0.943102 0.005624
0.947856 0.005989
0.952414 0.006337
0.956773 0.006669
0.960932 0.006982
0.964888 0.007280
0.968641 0.007561
0.972188 0.007825
0.975528 0.008073
0.978660 0.008305
0.981581 0.008520
0.984292 0.008720
0.986789 0.008904
0.989074 0.009072
0.991144 0.009224
0.992998 0.009359
0.994636 0.009479
0.996057 0.009583
0.997261 0.009671
0.998246 0.009743
0.999013 0.009799
0.999561 0.009839
0.999890 0.009861
1.000000 0.009868
