Repaneled_Airfoil
1.000000 -0.012680
0.999890 -0.012656
0.999561 -0.012583
0.999013 -0.012462
0.998246 -0.012293
0.997261 -0.012075
0.996057 -0.011808
0.994636 -0.011492
0.992998 -0.011127
0.991144 -0.010714
0.989074 -0.010251
0.986789 -0.009739
0.984292 -0.009177
0.981581 -0.008565
0.978660 -0.007903
0.975528 -0.007193
0.972188 -0.006431
0.968641 -0.005621
0.964888 -0.004760
0.960932 -0.003850
0.956773 -0.002892
0.952414 -0.001884
0.947856 -0.000827
0.943102 0.000276
0.938153 0.001427
0.933013 0.002624
0.927682 0.003865
0.922164 0.005151
0.916461 0.006479
0.910575 0.007848
0.904508 0.009256
0.898265 0.010701
0.891847 0.012182
0.885257 0.013694
0.878498 0.015236
0.871572 0.016807
0.864484 0.018400
0.857236 0.020013
0.849832 0.021649
0.842274 0.023292
0.834565 0.024945
0.826710 0.026611
0.818712 0.028270
0.810574 0.029931
0.802300 0.031596
0.793893 0.033237
0.785357 0.034872
0.776696 0.036503
0.767913 0.038093
0.759014 0.039667
0.750000 0.041226
0.740877 0.042730
0.731648 0.044214
0.722318 0.045676
0.712890 0.047084
0.703368 0.048471
0.693758 0.049833
0.684062 0.051143
0.674286 0.052431
0.664433 0.053692
0.654508 0.054903
0.644516 0.056092
0.634460 0.057251
0.624345 0.058362
0.614175 0.059449
0.603956 0.060503
0.593691 0.061511
0.583384 0.062494
0.573042 0.063443
0.562667 0.064348
0.552264 0.065227
0.541839 0.066070
0.531395 0.066872
0.520938 0.067650
0.510471 0.068389
0.500000 0.069090
0.489529 0.069767
0.479062 0.070405
0.468605 0.071007
0.458161 0.071586
0.447736 0.072126
0.437333 0.072632
0.426958 0.073115
0.416616 0.073559
0.406309 0.073972
0.396044 0.074362
0.385825 0.074714
0.375655 0.075036
0.365540 0.075336
0.355484 0.075595
0.345492 0.075828
0.335567 0.076039
0.325714 0.076209
0.315938 0.076353
0.306242 0.076476
0.296632 0.076557
0.287110 0.076614
0.277682 0.076649
0.268352 0.076641
0.259123 0.076607
0.250000 0.076549
0.240986 0.076427
0.232087 0.076266
0.223304 0.076067
0.214643 0.075778
0.206107 0.075443
0.197700 0.075054
0.189426 0.074561
0.181288 0.074013
0.173290 0.073401
0.165435 0.072671
0.157726 0.071883
0.150168 0.071020
0.142764 0.070036
0.135516 0.068994
0.128428 0.067870
0.121502 0.066628
0.114743 0.065334
0.108153 0.063963
0.101735 0.062497
0.095492 0.060996
0.089425 0.059430
0.083539 0.057794
0.077836 0.056137
0.072318 0.054428
0.066987 0.052666
0.061847 0.050897
0.056898 0.049085
0.052144 0.047237
0.047586 0.045393
0.043227 0.043512
0.039068 0.041608
0.035112 0.039720
0.031359 0.037797
0.027812 0.035863
0.024472 0.033956
0.021340 0.032011
0.018419 0.030065
0.015708 0.028161
0.013211 0.026209
0.010926 0.024268
0.008856 0.022385
0.007002 0.020436
0.005364 0.018512
0.003943 0.016678
0.002739 0.014739
0.001754 0.012852
0.000987 0.011140
0.000439 0.009270
0.000110 0.007781
0.000000 0.007124
0.000110 0.004833
0.000439 0.001253
0.000987 -0.000529
0.001754 -0.002097
0.002739 -0.003792
0.003943 -0.005486
0.005364 -0.007019
0.007002 -0.008592
0.008856 -0.010137
0.010926 -0.011565
0.013211 -0.013001
0.015708 -0.014397
0.018419 -0.015698
0.021340 -0.016992
0.024472 -0.018239
0.027812 -0.019405
0.031359 -0.020556
0.035112 -0.021654
0.039068 -0.022682
0.043227 -0.023691
0.047586 -0.024645
0.052144 -0.025539
0.056898 -0.026410
0.061847 -0.027230
0.066987 -0.027999
0.072318 -0.028746
0.077836 -0.029448
0.083539 -0.030111
0.089425 -0.030758
0.095492 -0.031368
0.101735 -0.031957
0.108153 -0.032537
0.114743 -0.033096
0.121502 -0.033653
0.128428 -0.034212
0.135516 -0.034777
0.142764 -0.035351
0.150168 -0.035934
0.157726 -0.036520
0.165435 -0.037108
0.173290 -0.037699
0.181288 -0.038282
0.189426 -0.038857
0.197700 -0.039426
0.206107 -0.039966
0.214643 -0.040489
0.223304 -0.040996
0.232087 -0.041455
0.240986 -0.041886
0.250000 -0.042290
0.259123 -0.042621
0.268352 -0.042913
0.277682 -0.043163
0.287110 -0.043330
0.296632 -0.043457
0.306242 -0.043540
0.315938 -0.043547
0.325714 -0.043517
0.335567 -0.043443
0.345492 -0.043301
0.355484 -0.043126
0.365540 -0.042908
0.375655 -0.042632
0.385825 -0.042326
0.396044 -0.041980
0.406309 -0.041587
0.416616 -0.041168
0.426958 -0.040714
0.437333 -0.040222
0.447736 -0.039709
0.458161 -0.039167
0.468605 -0.038597
0.479062 -0.038011
0.489529 -0.037403
0.500000 -0.036777
0.510471 -0.036140
0.520938 -0.035488
0.531395 -0.034826
0.541839 -0.034159
0.552264 -0.033485
0.562667 -0.032809
0.573042 -0.032133
0.583384 -0.031458
0.593691 -0.030788
0.603956 -0.030123
0.614175 -0.029468
0.624345 -0.028822
0.634460 -0.028186
0.644516 -0.027566
0.654508 -0.026961
0.664433 -0.026370
0.674286 -0.025802
0.684062 -0.025253
0.693758 -0.024721
0.703368 -0.024221
0.712890 -0.023744
0.722318 -0.023287
0.731648 -0.022872
0.740877 -0.022482
0.750000 -0.022116
0.759014 -0.021796
0.767913 -0.021498
0.776696 -0.021223
0.785357 -0.020984
0.793893 -0.020761
0.802300 -0.020555
0.810574 -0.020375
0.818712 -0.020206
0.826710 -0.020050
0.834565 -0.019910
0.842274 -0.019777
0.849832 -0.019653
0.857236 -0.019535
0.864484 -0.019419
0.871572 -0.019307
0.878498 -0.019194
0.885257 -0.019081
0.891847 -0.018967
0.898265 -0.018847
0.904508 -0.018726
0.910575 -0.018601
0.916461 -0.018470
0.922164 -0.018337
0.927682 -0.018199
0.933013 -0.018054
0.938153 -0.017909
0.943102 -0.017759
0.947856 -0.017605
0.952414 -0.017451
0.956773 -0.017293
0.960932 -0.017135
0.964888 -0.016979
0.968641 -0.016821
0.972188 -0.016666
0.975528 -0.016516
0.978660 -0.016367
0.981581 -0.016224
0.984292 -0.016088
0.986789 -0.015958
0.989074 -0.015836
0.991144 -0.015723
0.992998 -0.015619
0.994636 -0.015526
0.996057 -0.015443
0.997261 -0.015372
0.998246 -0.015314
0.999013 -0.015268
0.999561 -0.015234
0.999890 -0.015216
1.000000 -0.015210
