Repaneled_Airfoil
1.000000 0.010934
0.999890 0.010954
0.999561 0.011013
0.999013 0.011112
0.998246 0.011250
0.997261 0.011427
0.996057 0.011642
0.994636 0.011893
0.992998 0.012181
0.991144 0.012505
0.989074 0.012861
0.986789 0.013252
0.984292 0.013675
0.981581 0.014127
0.978660 0.014611
0.975528 0.015123
0.972188 0.015658
0.968641 0.016222
0.964888 0.016811
0.960932 0.017420
0.956773 0.018053
0.952414 0.018708
0.947856 0.019381
0.943102 0.020077
0.938153 0.020792
0.933013 0.021524
0.927682 0.022277
0.922164 0.023049
0.916461 0.023840
0.910575 0.024654
0.904508 0.025488
0.898265 0.026346
0.891847 0.027229
0.885257 0.028139
0.878498 0.029080
0.871572 0.030050
0.864484 0.031060
0.857236 0.032110
0.849832 0.033197
0.842274 0.034341
0.834565 0.035537
0.826710 0.036780
0.818712 0.038092
0.810574 0.039453
0.802300 0.040860
0.793893 0.042331
0.785357 0.043845
0.776696 0.045398
0.767913 0.047005
0.759014 0.048645
0.750000 0.050318
0.740877 0.052025
0.731648 0.053749
0.722318 0.055490
0.712890 0.057225
0.703368 0.058956
0.693758 0.060679
0.684062 0.062354
0.674286 0.064003
0.664433 0.065614
0.654508 0.067148
0.644516 0.068647
0.634460 0.070099
0.624345 0.071476
0.614175 0.072817
0.603956 0.074105
0.593691 0.075323
0.583384 0.076502
0.573042 0.077628
0.562667 0.078686
0.552264 0.079706
0.541839 0.080670
0.531395 0.081571
0.520938 0.082435
0.510471 0.083242
0.500000 0.083991
0.489529 0.084703
0.479062 0.085359
0.468605 0.085962
0.458161 0.086528
0.447736 0.087039
0.437333 0.087502
0.426958 0.087931
0.416616 0.088306
0.406309 0.088636
0.396044 0.088935
0.385825 0.089180
0.375655 0.089386
0.365540 0.089561
0.355484 0.089685
0.345492 0.089772
0.335567 0.089832
0.325714 0.089840
0.315938 0.089817
0.306242 0.089768
0.296632 0.089668
0.287110 0.089539
0.277682 0.089386
0.268352 0.089183
0.259123 0.088956
0.250000 0.088709
0.240986 0.088430
0.232087 0.088145
0.223304 0.087854
0.214643 0.087562
0.206107 0.087279
0.197700 0.087004
0.189426 0.086743
0.181288 0.086483
0.173290 0.086222
0.165435 0.085932
0.157726 0.085623
0.150168 0.085286
0.142764 0.084891
0.135516 0.084463
0.128428 0.083988
0.121502 0.083437
0.114743 0.082845
0.108153 0.082192
0.101735 0.081455
0.095492 0.080676
0.089425 0.079829
0.083539 0.078896
0.077836 0.077923
0.072318 0.076876
0.066987 0.075751
0.061847 0.074592
0.056898 0.073358
0.052144 0.072054
0.047586 0.070724
0.043227 0.069322
0.039068 0.067862
0.035112 0.066387
0.031359 0.064841
0.027812 0.063251
0.024472 0.061660
0.021340 0.059997
0.018419 0.058306
0.015708 0.056630
0.013211 0.054879
0.010926 0.053115
0.008856 0.051388
0.007002 0.049571
0.005364 0.047760
0.003943 0.046019
0.002739 0.044153
0.001754 0.042316
0.000987 0.040636
0.000439 0.038745
0.000110 0.037161
0.000000 0.036436
0.000110 0.034398
0.000439 0.031120
0.000987 0.029261
0.001754 0.027640
0.002739 0.025883
0.003943 0.024120
0.005364 0.022503
0.007002 0.020832
0.008856 0.019172
0.010926 0.017608
0.013211 0.016015
0.015708 0.014438
0.018419 0.012928
0.021340 0.011400
0.024472 0.009888
0.027812 0.008421
0.031359 0.006940
0.035112 0.005474
0.039068 0.004038
0.043227 0.002589
0.047586 0.001153
0.052144 -0.000264
0.056898 -0.001694
0.061847 -0.003111
0.066987 -0.004516
0.072318 -0.005931
0.077836 -0.007332
0.083539 -0.008722
0.089425 -0.010118
0.095492 -0.011495
0.101735 -0.012857
0.108153 -0.014217
0.114743 -0.015548
0.121502 -0.016855
0.128428 -0.018152
0.135516 -0.019400
0.142764 -0.020612
0.150168 -0.021798
0.157726 -0.022911
0.165435 -0.023972
0.173290 -0.024990
0.181288 -0.025900
0.189426 -0.026738
0.197700 -0.027514
0.206107 -0.028148
0.214643 -0.028707
0.223304 -0.029201
0.232087 -0.029565
0.240986 -0.029869
0.250000 -0.030117
0.259123 -0.030260
0.268352 -0.030363
0.277682 -0.030421
0.287110 -0.030403
0.296632 -0.030348
0.306242 -0.030252
0.315938 -0.030088
0.325714 -0.029892
0.335567 -0.029656
0.345492 -0.029365
0.355484 -0.029045
0.365540 -0.028689
0.375655 -0.028289
0.385825 -0.027866
0.396044 -0.027414
0.406309 -0.026928
0.416616 -0.026425
0.426958 -0.025901
0.437333 -0.025354
0.447736 -0.024796
0.458161 -0.024225
0.468605 -0.023644
0.479062 -0.023058
0.489529 -0.022468
0.500000 -0.021879
0.510471 -0.021291
0.520938 -0.020709
0.531395 -0.020137
0.541839 -0.019573
0.552264 -0.019025
0.562667 -0.018495
0.573042 -0.017980
0.583384 -0.017491
0.593691 -0.017026
0.603956 -0.016581
0.614175 -0.016171
0.624345 -0.015790
0.634460 -0.015434
0.644516 -0.015122
0.654508 -0.014843
0.664433 -0.014591
0.674286 -0.014388
0.684062 -0.014210
0.693758 -0.014050
0.703368 -0.013908
0.712890 -0.013767
0.722318 -0.013625
0.731648 -0.013466
0.740877 -0.013290
0.750000 -0.013099
0.759014 -0.012859
0.767913 -0.012595
0.776696 -0.012306
0.785357 -0.011960
0.793893 -0.011588
0.802300 -0.011186
0.810574 -0.010726
0.818712 -0.010239
0.826710 -0.009719
0.834565 -0.009142
0.842274 -0.008542
0.849832 -0.007912
0.857236 -0.007245
0.864484 -0.006567
0.871572 -0.005874
0.878498 -0.005165
0.885257 -0.004457
0.891847 -0.003748
0.898265 -0.003039
0.904508 -0.002340
0.910575 -0.001651
0.916461 -0.000974
0.922164 -0.000314
0.927682 0.000329
0.933013 0.000952
0.938153 0.001553
0.943102 0.002131
0.947856 0.002685
0.952414 0.003214
0.956773 0.003717
0.960932 0.004194
0.964888 0.004644
0.968641 0.005067
0.972188 0.005463
0.975528 0.005834
0.978660 0.006178
0.981581 0.006495
0.984292 0.006787
0.986789 0.007053
0.989074 0.007293
0.991144 0.007510
0.992998 0.007701
0.994636 0.007870
0.996057 0.008015
0.997261 0.008137
0.998246 0.008236
0.999013 0.008313
0.999561 0.008367
0.999890 0.008398
1.000000 0.008408
