Repaneled_Airfoil
1.000000 0.012905
0.999890 0.012925
0.999561 0.012985
0.999013 0.013084
0.998246 0.013223
0.997261 0.013401
0.996057 0.013618
0.994636 0.013872
0.992998 0.014163
0.991144 0.014491
0.989074 0.014853
0.986789 0.015249
0.984292 0.015679
0.981581 0.016140
0.978660 0.016632
0.975528 0.017155
0.972188 0.017703
0.968641 0.018279
0.964888 0.018881
0.960932 0.019504
0.956773 0.020153
0.952414 0.020821
0.947856 0.021508
0.943102 0.022217
0.938153 0.022942
0.933013 0.023682
0.927682 0.024440
0.922164 0.025211
0.916461 0.025994
0.910575 0.026794
0.904508 0.027604
0.898265 0.028426
0.891847 0.029262
0.885257 0.030108
0.878498 0.030966
0.871572 0.031838
0.864484 0.032721
0.857236 0.033618
0.849832 0.034530
0.842274 0.035456
0.834565 0.036400
0.826710 0.037361
0.818712 0.038338
0.810574 0.039332
0.802300 0.040341
0.793893 0.041364
0.785357 0.042400
0.776696 0.043450
0.767913 0.044509
0.759014 0.045578
0.750000 0.046657
0.740877 0.047740
0.731648 0.048830
0.722318 0.049926
0.712890 0.051019
0.703368 0.052115
0.693758 0.053210
0.684062 0.054296
0.674286 0.055378
0.664433 0.056456
0.654508 0.057516
0.644516 0.058569
0.634460 0.059612
0.624345 0.060634
0.614175 0.061645
0.603956 0.062641
0.593691 0.063612
0.583384 0.064571
0.573042 0.065508
0.562667 0.066418
0.552264 0.067310
0.541839 0.068177
0.531395 0.069012
0.520938 0.069828
0.510471 0.070611
0.500000 0.071361
0.489529 0.072087
0.479062 0.072775
0.468605 0.073427
0.458161 0.074053
0.447736 0.074636
0.437333 0.075178
0.426958 0.075692
0.416616 0.076157
0.406309 0.076581
0.396044 0.076974
0.385825 0.077312
0.375655 0.077608
0.365540 0.077871
0.355484 0.078073
0.345492 0.078232
0.335567 0.078356
0.325714 0.078416
0.315938 0.078432
0.306242 0.078413
0.296632 0.078323
0.287110 0.078192
0.277682 0.078025
0.268352 0.077782
0.259123 0.077500
0.250000 0.077183
0.240986 0.076794
0.232087 0.076374
0.223304 0.075923
0.214643 0.075410
0.206107 0.074872
0.197700 0.074306
0.189426 0.073688
0.181288 0.073042
0.173290 0.072363
0.165435 0.071613
0.157726 0.070828
0.150168 0.069996
0.142764 0.069080
0.135516 0.068126
0.128428 0.067114
0.121502 0.066015
0.114743 0.064877
0.108153 0.063681
0.101735 0.062407
0.095492 0.061103
0.089425 0.059743
0.083539 0.058317
0.077836 0.056869
0.072318 0.055369
0.066987 0.053814
0.061847 0.052247
0.056898 0.050631
0.052144 0.048970
0.047586 0.047306
0.043227 0.045596
0.039068 0.043853
0.035112 0.042117
0.031359 0.040334
0.027812 0.038530
0.024472 0.036743
0.021340 0.034908
0.018419 0.033062
0.015708 0.031247
0.013211 0.029375
0.010926 0.027506
0.008856 0.025685
0.007002 0.023791
0.005364 0.021912
0.003943 0.020115
0.002739 0.018205
0.001754 0.016335
0.000987 0.014633
0.000439 0.012742
0.000110 0.011198
0.000000 0.010504
0.000110 0.008360
0.000439 0.004954
0.000987 0.003127
0.001754 0.001534
0.002739 -0.000190
0.003943 -0.001914
0.005364 -0.003481
0.007002 -0.005094
0.008856 -0.006686
0.010926 -0.008167
0.013211 -0.009664
0.015708 -0.011129
0.018419 -0.012509
0.021340 -0.013890
0.024472 -0.015235
0.027812 -0.016509
0.031359 -0.017778
0.035112 -0.019007
0.039068 -0.020177
0.043227 -0.021338
0.047586 -0.022457
0.052144 -0.023527
0.056898 -0.024584
0.061847 -0.025601
0.066987 -0.026575
0.072318 -0.027537
0.077836 -0.028458
0.083539 -0.029345
0.089425 -0.030219
0.095492 -0.031056
0.101735 -0.031865
0.108153 -0.032661
0.114743 -0.033424
0.121502 -0.034165
0.128428 -0.034896
0.135516 -0.035597
0.142764 -0.036277
0.150168 -0.036944
0.157726 -0.037571
0.165435 -0.038168
0.173290 -0.038742
0.181288 -0.039259
0.189426 -0.039736
0.197700 -0.040178
0.206107 -0.040540
0.214643 -0.040860
0.223304 -0.041140
0.232087 -0.041346
0.240986 -0.041517
0.250000 -0.041653
0.259123 -0.041725
0.268352 -0.041771
0.277682 -0.041787
0.287110 -0.041752
0.296632 -0.041692
0.306242 -0.041604
0.315938 -0.041470
0.325714 -0.041311
0.335567 -0.041125
0.345492 -0.040898
0.355484 -0.040649
0.365540 -0.040373
0.375655 -0.040060
0.385825 -0.039727
0.396044 -0.039369
0.406309 -0.038979
0.416616 -0.038570
0.426958 -0.038138
0.437333 -0.037678
0.447736 -0.037201
0.458161 -0.036702
0.468605 -0.036180
0.479062 -0.035643
0.489529 -0.035086
0.500000 -0.034509
0.510471 -0.033920
0.520938 -0.033313
0.531395 -0.032688
0.541839 -0.032054
0.552264 -0.031404
0.562667 -0.030740
0.573042 -0.030067
0.583384 -0.029380
0.593691 -0.028682
0.603956 -0.027978
0.614175 -0.027262
0.624345 -0.026537
0.634460 -0.025807
0.644516 -0.025066
0.654508 -0.024321
0.664433 -0.023572
0.674286 -0.022813
0.684062 -0.022050
0.693758 -0.021286
0.703368 -0.020510
0.712890 -0.019731
0.722318 -0.018950
0.731648 -0.018155
0.740877 -0.017357
0.750000 -0.016557
0.759014 -0.015742
0.767913 -0.014926
0.776696 -0.014108
0.785357 -0.013277
0.793893 -0.012445
0.802300 -0.011613
0.810574 -0.010771
0.818712 -0.009930
0.826710 -0.009090
0.834565 -0.008242
0.842274 -0.007400
0.849832 -0.006560
0.857236 -0.005722
0.864484 -0.004896
0.871572 -0.004079
0.878498 -0.003274
0.885257 -0.002485
0.891847 -0.001712
0.898265 -0.000958
0.904508 -0.000224
0.910575 0.000490
0.916461 0.001181
0.922164 0.001848
0.927682 0.002491
0.933013 0.003109
0.938153 0.003703
0.943102 0.004270
0.947856 0.004811
0.952414 0.005327
0.956773 0.005815
0.960932 0.006277
0.964888 0.006714
0.968641 0.007123
0.972188 0.007507
0.975528 0.007866
0.978660 0.008199
0.981581 0.008507
0.984292 0.008791
0.986789 0.009049
0.989074 0.009284
0.991144 0.009496
0.992998 0.009684
0.994636 0.009849
0.996057 0.009992
0.997261 0.010112
0.998246 0.010209
0.999013 0.010285
0.999561 0.010339
0.999890 0.010370
1.000000 0.010379
