Repaneled_Airfoil
1.000000 -0.002008
0.999890 -0.001984
0.999561 -0.001912
0.999013 -0.001793
0.998246 -0.001627
0.997261 -0.001413
0.996057 -0.001152
0.994636 -0.000845
0.992998 -0.000492
0.991144 -0.000093
0.989074 0.000351
0.986789 0.000841
0.984292 0.001374
0.981581 0.001950
0.978660 0.002570
0.975528 0.003232
0.972188 0.003934
0.968641 0.004676
0.964888 0.005458
0.960932 0.006278
0.956773 0.007137
0.952414 0.008031
0.947856 0.008960
0.943102 0.009924
0.938153 0.010922
0.933013 0.011951
0.927682 0.013012
0.922164 0.014101
0.916461 0.015218
0.910575 0.016365
0.904508 0.017536
0.898265 0.018732
0.891847 0.019953
0.885257 0.021194
0.878498 0.022455
0.871572 0.023739
0.864484 0.025039
0.857236 0.026355
0.849832 0.027690
0.842274 0.029036
0.834565 0.030395
0.826710 0.031769
0.818712 0.033143
0.810574 0.034523
0.802300 0.035909
0.793893 0.037281
0.785357 0.038647
0.776696 0.040011
0.767913 0.041339
0.759014 0.042653
0.750000 0.043952
0.740877 0.045200
0.731648 0.046433
0.722318 0.047649
0.712890 0.048829
0.703368 0.050002
0.693758 0.051163
0.684062 0.052308
0.674286 0.053454
0.664433 0.054599
0.654508 0.055741
0.644516 0.056882
0.634460 0.058021
0.624345 0.059147
0.614175 0.060267
0.603956 0.061375
0.593691 0.062462
0.583384 0.063536
0.573042 0.064590
0.562667 0.065613
0.552264 0.066618
0.541839 0.067592
0.531395 0.068527
0.520938 0.069436
0.510471 0.070304
0.500000 0.071126
0.489529 0.071915
0.479062 0.072652
0.468605 0.073335
0.458161 0.073981
0.447736 0.074564
0.437333 0.075087
0.426958 0.075567
0.416616 0.075973
0.406309 0.076316
0.396044 0.076611
0.385825 0.076823
0.375655 0.076969
0.365540 0.077063
0.355484 0.077064
0.345492 0.076998
0.335567 0.076879
0.325714 0.076658
0.315938 0.076371
0.306242 0.076030
0.296632 0.075579
0.287110 0.075065
0.277682 0.074497
0.268352 0.073814
0.259123 0.073074
0.250000 0.072282
0.240986 0.071398
0.232087 0.070490
0.223304 0.069557
0.214643 0.068592
0.206107 0.067631
0.197700 0.066674
0.189426 0.065732
0.181288 0.064804
0.173290 0.063890
0.165435 0.062973
0.157726 0.062055
0.150168 0.061131
0.142764 0.060179
0.135516 0.059217
0.128428 0.058233
0.121502 0.057206
0.114743 0.056162
0.108153 0.055085
0.101735 0.053954
0.095492 0.052804
0.089425 0.051611
0.083539 0.050363
0.077836 0.049094
0.072318 0.047778
0.066987 0.046406
0.061847 0.045019
0.056898 0.043579
0.052144 0.042091
0.047586 0.040593
0.043227 0.039040
0.039068 0.037448
0.035112 0.035853
0.031359 0.034203
0.027812 0.032522
0.024472 0.030851
0.021340 0.029120
0.018419 0.027369
0.015708 0.025642
0.013211 0.023849
0.010926 0.022048
0.008856 0.020290
0.007002 0.018447
0.005364 0.016614
0.003943 0.014854
0.002739 0.012971
0.001754 0.011117
0.000987 0.009422
0.000439 0.007508
0.000110 0.005884
0.000000 0.005135
0.000110 0.003157
0.000439 -0.000048
0.000987 -0.001922
0.001754 -0.003544
0.002739 -0.005299
0.003943 -0.007057
0.005364 -0.008662
0.007002 -0.010318
0.008856 -0.011960
0.010926 -0.013499
0.013211 -0.015061
0.015708 -0.016600
0.018419 -0.018063
0.021340 -0.019536
0.024472 -0.020982
0.027812 -0.022368
0.031359 -0.023759
0.035112 -0.025119
0.039068 -0.026432
0.043227 -0.027744
0.047586 -0.029023
0.052144 -0.030263
0.056898 -0.031497
0.061847 -0.032695
0.066987 -0.033858
0.072318 -0.035011
0.077836 -0.036125
0.083539 -0.037202
0.089425 -0.038263
0.095492 -0.039278
0.101735 -0.040252
0.108153 -0.041204
0.114743 -0.042098
0.121502 -0.042944
0.128428 -0.043760
0.135516 -0.044500
0.142764 -0.045184
0.150168 -0.045826
0.157726 -0.046373
0.165435 -0.046853
0.173290 -0.047278
0.181288 -0.047584
0.189426 -0.047809
0.197700 -0.047966
0.206107 -0.047975
0.214643 -0.047905
0.223304 -0.047763
0.232087 -0.047503
0.240986 -0.047191
0.250000 -0.046831
0.259123 -0.046407
0.268352 -0.045968
0.277682 -0.045513
0.287110 -0.045050
0.296632 -0.044582
0.306242 -0.044109
0.315938 -0.043632
0.325714 -0.043151
0.335567 -0.042668
0.345492 -0.042183
0.355484 -0.041697
0.365540 -0.041208
0.375655 -0.040720
0.385825 -0.040230
0.396044 -0.039740
0.406309 -0.039248
0.416616 -0.038756
0.426958 -0.038263
0.437333 -0.037768
0.447736 -0.037272
0.458161 -0.036775
0.468605 -0.036274
0.479062 -0.035771
0.489529 -0.035264
0.500000 -0.034752
0.510471 -0.034237
0.520938 -0.033716
0.531395 -0.033187
0.541839 -0.032654
0.552264 -0.032112
0.562667 -0.031561
0.573042 -0.031003
0.583384 -0.030433
0.593691 -0.029853
0.603956 -0.029264
0.614175 -0.028659
0.624345 -0.028042
0.634460 -0.027415
0.644516 -0.026769
0.654508 -0.026110
0.664433 -0.025440
0.674286 -0.024748
0.684062 -0.024047
0.693758 -0.023342
0.703368 -0.022634
0.712890 -0.021935
0.722318 -0.021244
0.731648 -0.020574
0.740877 -0.019925
0.750000 -0.019297
0.759014 -0.018710
0.767913 -0.018146
0.776696 -0.017605
0.785357 -0.017094
0.793893 -0.016599
0.802300 -0.016120
0.810574 -0.015657
0.818712 -0.015204
0.826710 -0.014762
0.834565 -0.014327
0.842274 -0.013898
0.849832 -0.013477
0.857236 -0.013060
0.864484 -0.012652
0.871572 -0.012250
0.878498 -0.011855
0.885257 -0.011467
0.891847 -0.011088
0.898265 -0.010716
0.904508 -0.010353
0.910575 -0.009998
0.916461 -0.009652
0.922164 -0.009316
0.927682 -0.008989
0.933013 -0.008671
0.938153 -0.008363
0.943102 -0.008065
0.947856 -0.007778
0.952414 -0.007501
0.956773 -0.007235
0.960932 -0.006980
0.964888 -0.006737
0.968641 -0.006505
0.972188 -0.006286
0.975528 -0.006078
0.978660 -0.005884
0.981581 -0.005701
0.984292 -0.005531
0.986789 -0.005373
0.989074 -0.005229
0.991144 -0.005099
0.992998 -0.004981
0.994636 -0.004877
0.996057 -0.004787
0.997261 -0.004710
0.998246 -0.004647
0.999013 -0.004598
0.999561 -0.004563
0.999890 -0.004544
1.000000 -0.004538
