Repaneled_Airfoil
1.000000 0.011383
0.999890 0.011399
0.999561 0.011446
0.999013 0.011524
0.998246 0.011634
0.997261 0.011774
0.996057 0.011944
0.994636 0.012141
0.992998 0.012368
0.991144 0.012621
0.989074 0.012900
0.986789 0.013203
0.984292 0.013530
0.981581 0.013877
0.978660 0.014245
0.975528 0.014633
0.972188 0.015035
0.968641 0.015455
0.964888 0.015890
0.960932 0.016334
0.956773 0.016793
0.952414 0.017261
0.947856 0.017735
0.943102 0.018221
0.938153 0.018711
0.933013 0.019205
0.927682 0.019708
0.922164 0.020214
0.916461 0.020723
0.910575 0.021240
0.904508 0.021760
0.898265 0.022284
0.891847 0.022816
0.885257 0.023354
0.878498 0.023900
0.871572 0.024457
0.864484 0.025025
0.857236 0.025609
0.849832 0.026209
0.842274 0.026831
0.834565 0.027477
0.826710 0.028145
0.818712 0.028843
0.810574 0.029563
0.802300 0.030302
0.793893 0.031061
0.785357 0.031833
0.776696 0.032618
0.767913 0.033410
0.759014 0.034206
0.750000 0.035006
0.740877 0.035799
0.731648 0.036596
0.722318 0.037396
0.712890 0.038201
0.703368 0.039017
0.693758 0.039843
0.684062 0.040690
0.674286 0.041556
0.664433 0.042442
0.654508 0.043359
0.644516 0.044293
0.634460 0.045245
0.624345 0.046215
0.614175 0.047194
0.603956 0.048183
0.593691 0.049175
0.583384 0.050169
0.573042 0.051159
0.562667 0.052140
0.552264 0.053113
0.541839 0.054070
0.531395 0.055003
0.520938 0.055919
0.510471 0.056806
0.500000 0.057655
0.489529 0.058478
0.479062 0.059257
0.468605 0.059986
0.458161 0.060681
0.447736 0.061315
0.437333 0.061891
0.426958 0.062424
0.416616 0.062882
0.406309 0.063273
0.396044 0.063615
0.385825 0.063867
0.375655 0.064046
0.365540 0.064170
0.355484 0.064191
0.345492 0.064137
0.335567 0.064023
0.325714 0.063794
0.315938 0.063489
0.306242 0.063123
0.296632 0.062630
0.287110 0.062064
0.277682 0.061436
0.268352 0.060672
0.259123 0.059843
0.250000 0.058955
0.240986 0.057970
0.232087 0.056972
0.223304 0.055960
0.214643 0.054960
0.206107 0.053995
0.197700 0.053070
0.189426 0.052245
0.181288 0.051487
0.173290 0.050806
0.165435 0.050244
0.157726 0.049750
0.150168 0.049338
0.142764 0.049040
0.135516 0.048810
0.128428 0.048665
0.121502 0.048596
0.114743 0.048552
0.108153 0.048529
0.101735 0.048494
0.095492 0.048443
0.089425 0.048357
0.083539 0.048210
0.077836 0.048023
0.072318 0.047767
0.066987 0.047427
0.061847 0.047037
0.056898 0.046557
0.052144 0.045986
0.047586 0.045363
0.043227 0.044640
0.039068 0.043830
0.035112 0.042974
0.031359 0.042012
0.027812 0.040972
0.024472 0.039898
0.021340 0.038716
0.018419 0.037469
0.015708 0.036203
0.013211 0.034823
0.010926 0.033394
0.008856 0.031967
0.007002 0.030411
0.005364 0.028823
0.003943 0.027272
0.002739 0.025548
0.001754 0.023810
0.000987 0.022190
0.000439 0.020258
0.000110 0.018423
0.000000 0.017516
0.000110 0.015868
0.000439 0.013039
0.000987 0.011011
0.001754 0.009244
0.002739 0.007309
0.003943 0.005339
0.005364 0.003479
0.007002 0.001527
0.008856 -0.000453
0.010926 -0.002380
0.013211 -0.004375
0.015708 -0.006394
0.018419 -0.008390
0.021340 -0.010445
0.024472 -0.012523
0.027812 -0.014594
0.031359 -0.016717
0.035112 -0.018859
0.039068 -0.021001
0.043227 -0.023186
0.047586 -0.025382
0.052144 -0.027575
0.056898 -0.029798
0.061847 -0.032014
0.066987 -0.034212
0.072318 -0.036422
0.077836 -0.038598
0.083539 -0.040730
0.089425 -0.042849
0.095492 -0.044893
0.101735 -0.046859
0.108153 -0.048781
0.114743 -0.050573
0.121502 -0.052247
0.128428 -0.053841
0.135516 -0.055250
0.142764 -0.056529
0.150168 -0.057712
0.157726 -0.058695
0.165435 -0.059546
0.173290 -0.060290
0.181288 -0.060821
0.189426 -0.061222
0.197700 -0.061511
0.206107 -0.061584
0.214643 -0.061544
0.223304 -0.061403
0.232087 -0.061091
0.240986 -0.060710
0.250000 -0.060261
0.259123 -0.059733
0.268352 -0.059192
0.277682 -0.058639
0.287110 -0.058099
0.296632 -0.057565
0.306242 -0.057038
0.315938 -0.056527
0.325714 -0.056022
0.335567 -0.055525
0.345492 -0.055042
0.355484 -0.054565
0.365540 -0.054095
0.375655 -0.053636
0.385825 -0.053181
0.396044 -0.052731
0.406309 -0.052288
0.416616 -0.051846
0.426958 -0.051405
0.437333 -0.050965
0.447736 -0.050523
0.458161 -0.050078
0.468605 -0.049627
0.479062 -0.049171
0.489529 -0.048706
0.500000 -0.048227
0.510471 -0.047739
0.520938 -0.047234
0.531395 -0.046711
0.541839 -0.046175
0.552264 -0.045613
0.562667 -0.045027
0.573042 -0.044424
0.583384 -0.043788
0.593691 -0.043123
0.603956 -0.042438
0.614175 -0.041710
0.624345 -0.040951
0.634460 -0.040167
0.644516 -0.039334
0.654508 -0.038468
0.664433 -0.037575
0.674286 -0.036626
0.684062 -0.035648
0.693758 -0.034647
0.703368 -0.033603
0.712890 -0.032546
0.722318 -0.031478
0.731648 -0.030389
0.740877 -0.029298
0.750000 -0.028208
0.759014 -0.027115
0.767913 -0.026026
0.776696 -0.024943
0.785357 -0.023849
0.793893 -0.022755
0.802300 -0.021662
0.810574 -0.020551
0.818712 -0.019439
0.826710 -0.018322
0.834565 -0.017185
0.842274 -0.016048
0.849832 -0.014907
0.857236 -0.013758
0.864484 -0.012620
0.871572 -0.011489
0.878498 -0.010368
0.885257 -0.009267
0.891847 -0.008184
0.898265 -0.007124
0.904508 -0.006090
0.910575 -0.005084
0.916461 -0.004108
0.922164 -0.003163
0.927682 -0.002252
0.933013 -0.001377
0.938153 -0.000536
0.943102 0.000267
0.947856 0.001033
0.952414 0.001764
0.956773 0.002454
0.960932 0.003107
0.964888 0.003723
0.968641 0.004301
0.972188 0.004842
0.975528 0.005347
0.978660 0.005815
0.981581 0.006247
0.984292 0.006644
0.986789 0.007006
0.989074 0.007334
0.991144 0.007630
0.992998 0.007892
0.994636 0.008122
0.996057 0.008320
0.997261 0.008486
0.998246 0.008622
0.999013 0.008728
0.999561 0.008803
0.999890 0.008847
1.000000 0.008862
