Repaneled_Airfoil
1.000000 0.006093
0.999890 0.006108
0.999561 0.006152
0.999013 0.006226
0.998246 0.006330
0.997261 0.006462
0.996057 0.006622
0.994636 0.006808
0.992998 0.007020
0.991144 0.007257
0.989074 0.007515
0.986789 0.007796
0.984292 0.008097
0.981581 0.008414
0.978660 0.008750
0.975528 0.009102
0.972188 0.009464
0.968641 0.009842
0.964888 0.010231
0.960932 0.010628
0.956773 0.011038
0.952414 0.011456
0.947856 0.011880
0.943102 0.012316
0.938153 0.012761
0.933013 0.013214
0.927682 0.013680
0.922164 0.014158
0.916461 0.014652
0.910575 0.015163
0.904508 0.015696
0.898265 0.016256
0.891847 0.016842
0.885257 0.017466
0.878498 0.018134
0.871572 0.018842
0.864484 0.019615
0.857236 0.020454
0.849832 0.021351
0.842274 0.022352
0.834565 0.023445
0.826710 0.024616
0.818712 0.025908
0.810574 0.027269
0.802300 0.028692
0.793893 0.030183
0.785357 0.031704
0.776696 0.033255
0.767913 0.034802
0.759014 0.036335
0.750000 0.037856
0.740877 0.039308
0.731648 0.040738
0.722318 0.042142
0.712890 0.043497
0.703368 0.044840
0.693758 0.046166
0.684062 0.047467
0.674286 0.048767
0.664433 0.050063
0.654508 0.051352
0.644516 0.052638
0.634460 0.053916
0.624345 0.055177
0.614175 0.056427
0.603956 0.057659
0.593691 0.058860
0.583384 0.060044
0.573042 0.061198
0.562667 0.062310
0.552264 0.063396
0.541839 0.064439
0.531395 0.065431
0.520938 0.066388
0.510471 0.067290
0.500000 0.068130
0.489529 0.068928
0.479062 0.069658
0.468605 0.070318
0.458161 0.070929
0.447736 0.071459
0.437333 0.071912
0.426958 0.072310
0.416616 0.072615
0.406309 0.072839
0.396044 0.073004
0.385825 0.073063
0.375655 0.073039
0.365540 0.072951
0.355484 0.072747
0.345492 0.072461
0.335567 0.072109
0.325714 0.071632
0.315938 0.071074
0.306242 0.070451
0.296632 0.069694
0.287110 0.068861
0.277682 0.067963
0.268352 0.066927
0.259123 0.065823
0.250000 0.064659
0.240986 0.063404
0.232087 0.062152
0.223304 0.060903
0.214643 0.059720
0.206107 0.058615
0.197700 0.057597
0.189426 0.056788
0.181288 0.056085
0.173290 0.055502
0.165435 0.055051
0.157726 0.054655
0.150168 0.054321
0.142764 0.054037
0.135516 0.053772
0.128428 0.053524
0.121502 0.053267
0.114743 0.052998
0.108153 0.052705
0.101735 0.052357
0.095492 0.051975
0.089425 0.051537
0.083539 0.051022
0.077836 0.050464
0.072318 0.049830
0.066987 0.049111
0.061847 0.048347
0.056898 0.047497
0.052144 0.046563
0.047586 0.045588
0.043227 0.044524
0.039068 0.043384
0.035112 0.042212
0.031359 0.040949
0.027812 0.039624
0.024472 0.038280
0.021340 0.036846
0.018419 0.035364
0.015708 0.033879
0.013211 0.032300
0.010926 0.030690
0.008856 0.029099
0.007002 0.027401
0.005364 0.025689
0.003943 0.024031
0.002739 0.022224
0.001754 0.020419
0.000987 0.018750
0.000439 0.016786
0.000110 0.014867
0.000000 0.013904
0.000110 0.012367
0.000439 0.009694
0.000987 0.007702
0.001754 0.006002
0.002739 0.004158
0.003943 0.002300
0.005364 0.000578
0.007002 -0.001215
0.008856 -0.003014
0.010926 -0.004736
0.013211 -0.006505
0.015708 -0.008278
0.018419 -0.010007
0.021340 -0.011775
0.024472 -0.013548
0.027812 -0.015299
0.031359 -0.017084
0.035112 -0.018876
0.039068 -0.020659
0.043227 -0.022474
0.047586 -0.024293
0.052144 -0.026109
0.056898 -0.027950
0.061847 -0.029790
0.066987 -0.031622
0.072318 -0.033471
0.077836 -0.035302
0.083539 -0.037114
0.089425 -0.038927
0.095492 -0.040699
0.101735 -0.042429
0.108153 -0.044141
0.114743 -0.045775
0.121502 -0.047339
0.128428 -0.048858
0.135516 -0.050254
0.142764 -0.051553
0.150168 -0.052780
0.157726 -0.053838
0.165435 -0.054772
0.173290 -0.055605
0.181288 -0.056213
0.189426 -0.056669
0.197700 -0.056991
0.206107 -0.057032
0.214643 -0.056918
0.223304 -0.056665
0.232087 -0.056178
0.240986 -0.055591
0.250000 -0.054906
0.259123 -0.054100
0.268352 -0.053270
0.277682 -0.052416
0.287110 -0.051579
0.296632 -0.050750
0.306242 -0.049932
0.315938 -0.049138
0.325714 -0.048354
0.335567 -0.047585
0.345492 -0.046843
0.355484 -0.046112
0.365540 -0.045399
0.375655 -0.044712
0.385825 -0.044037
0.396044 -0.043380
0.406309 -0.042748
0.416616 -0.042129
0.426958 -0.041528
0.437333 -0.040947
0.447736 -0.040378
0.458161 -0.039825
0.468605 -0.039290
0.479062 -0.038763
0.489529 -0.038250
0.500000 -0.037750
0.510471 -0.037257
0.520938 -0.036772
0.531395 -0.036295
0.541839 -0.035822
0.552264 -0.035354
0.562667 -0.034887
0.573042 -0.034421
0.583384 -0.033954
0.593691 -0.033484
0.603956 -0.033012
0.614175 -0.032533
0.624345 -0.032047
0.634460 -0.031556
0.644516 -0.031051
0.654508 -0.030536
0.664433 -0.030014
0.674286 -0.029472
0.684062 -0.028927
0.693758 -0.028379
0.703368 -0.027838
0.712890 -0.027312
0.722318 -0.026801
0.731648 -0.026327
0.740877 -0.025883
0.750000 -0.025466
0.759014 -0.025109
0.767913 -0.024767
0.776696 -0.024441
0.785357 -0.024102
0.793893 -0.023744
0.802300 -0.023363
0.810574 -0.022911
0.818712 -0.022417
0.826710 -0.021870
0.834565 -0.021216
0.842274 -0.020511
0.849832 -0.019740
0.857236 -0.018886
0.864484 -0.018002
0.871572 -0.017078
0.878498 -0.016112
0.885257 -0.015137
0.891847 -0.014146
0.898265 -0.013144
0.904508 -0.012149
0.910575 -0.011159
0.916461 -0.010180
0.922164 -0.009223
0.927682 -0.008286
0.933013 -0.007374
0.938153 -0.006493
0.943102 -0.005642
0.947856 -0.004827
0.952414 -0.004047
0.956773 -0.003306
0.960932 -0.002604
0.964888 -0.001939
0.968641 -0.001315
0.972188 -0.000732
0.975528 -0.000187
0.978660 0.000317
0.981581 0.000782
0.984292 0.001210
0.986789 0.001598
0.989074 0.001949
0.991144 0.002265
0.992998 0.002544
0.994636 0.002788
0.996057 0.002999
0.997261 0.003175
0.998246 0.003319
0.999013 0.003430
0.999561 0.003509
0.999890 0.003556
1.000000 0.003572
