Repaneled_Airfoil
1.000000 -0.002500
0.999890 -0.002473
0.999561 -0.002394
0.999013 -0.002261
0.998246 -0.002074
0.997261 -0.001833
0.996057 -0.001539
0.994636 -0.001188
0.992998 -0.000783
0.991144 -0.000324
0.989074 0.000194
0.986789 0.000768
0.984292 0.001399
0.981581 0.002088
0.978660 0.002836
0.975528 0.003642
0.972188 0.004510
0.968641 0.005435
0.964888 0.006421
0.960932 0.007468
0.956773 0.008573
0.952414 0.009739
0.947856 0.010964
0.943102 0.012247
0.938153 0.013588
0.933013 0.014986
0.927682 0.016437
0.922164 0.017943
0.916461 0.019498
0.910575 0.021102
0.904508 0.022752
0.898265 0.024442
0.891847 0.026173
0.885257 0.027935
0.878498 0.029725
0.871572 0.031546
0.864484 0.033379
0.857236 0.035225
0.849832 0.037088
0.842274 0.038938
0.834565 0.040782
0.826710 0.042624
0.818712 0.044414
0.810574 0.046166
0.802300 0.047888
0.793893 0.049498
0.785357 0.051036
0.776696 0.052509
0.767913 0.053800
0.759014 0.054984
0.750000 0.056067
0.740877 0.056914
0.731648 0.057672
0.722318 0.058333
0.712890 0.058855
0.703368 0.059339
0.693758 0.059779
0.684062 0.060207
0.674286 0.060664
0.664433 0.061160
0.654508 0.061760
0.644516 0.062414
0.634460 0.063133
0.624345 0.063930
0.614175 0.064767
0.603956 0.065652
0.593691 0.066586
0.583384 0.067543
0.573042 0.068527
0.562667 0.069529
0.552264 0.070536
0.541839 0.071546
0.531395 0.072543
0.520938 0.073527
0.510471 0.074486
0.500000 0.075405
0.489529 0.076292
0.479062 0.077126
0.468605 0.077894
0.458161 0.078615
0.447736 0.079252
0.437333 0.079804
0.426958 0.080293
0.416616 0.080670
0.406309 0.080945
0.396044 0.081144
0.385825 0.081205
0.375655 0.081154
0.365540 0.081016
0.355484 0.080716
0.345492 0.080297
0.335567 0.079786
0.325714 0.079091
0.315938 0.078278
0.306242 0.077366
0.296632 0.076254
0.287110 0.075027
0.277682 0.073702
0.268352 0.072163
0.259123 0.070518
0.250000 0.068777
0.240986 0.066848
0.232087 0.064879
0.223304 0.062868
0.214643 0.060833
0.206107 0.058840
0.197700 0.056894
0.189426 0.055085
0.181288 0.053378
0.173290 0.051789
0.165435 0.050328
0.157726 0.048928
0.150168 0.047594
0.142764 0.046308
0.135516 0.045049
0.128428 0.043813
0.121502 0.042572
0.114743 0.041335
0.108153 0.040092
0.101735 0.038821
0.095492 0.037545
0.089425 0.036245
0.083539 0.034906
0.077836 0.033558
0.072318 0.032174
0.066987 0.030747
0.061847 0.029311
0.056898 0.027831
0.052144 0.026310
0.047586 0.024782
0.043227 0.023207
0.039068 0.021595
0.035112 0.019984
0.031359 0.018321
0.027812 0.016629
0.024472 0.014948
0.021340 0.013209
0.018419 0.011453
0.015708 0.009720
0.013211 0.007923
0.010926 0.006119
0.008856 0.004358
0.007002 0.002513
0.005364 0.000678
0.003943 -0.001082
0.002739 -0.002966
0.001754 -0.004819
0.000987 -0.006513
0.000439 -0.008424
0.000110 -0.010040
0.000000 -0.010784
0.000110 -0.012777
0.000439 -0.016000
0.000987 -0.017870
0.001754 -0.019490
0.002739 -0.021243
0.003943 -0.022999
0.005364 -0.024603
0.007002 -0.026257
0.008856 -0.027897
0.010926 -0.029433
0.013211 -0.030992
0.015708 -0.032528
0.018419 -0.033986
0.021340 -0.035453
0.024472 -0.036893
0.027812 -0.038271
0.031359 -0.039652
0.035112 -0.041000
0.039068 -0.042297
0.043227 -0.043591
0.047586 -0.044849
0.052144 -0.046061
0.056898 -0.047264
0.061847 -0.048425
0.066987 -0.049541
0.072318 -0.050640
0.077836 -0.051690
0.083539 -0.052691
0.089425 -0.053667
0.095492 -0.054580
0.101735 -0.055436
0.108153 -0.056257
0.114743 -0.056997
0.121502 -0.057668
0.128428 -0.058289
0.135516 -0.058805
0.142764 -0.059233
0.150168 -0.059592
0.157726 -0.059805
0.165435 -0.059903
0.173290 -0.059904
0.181288 -0.059707
0.189426 -0.059365
0.197700 -0.058897
0.206107 -0.058166
0.214643 -0.057277
0.223304 -0.056244
0.232087 -0.054983
0.240986 -0.053627
0.250000 -0.052180
0.259123 -0.050645
0.268352 -0.049109
0.277682 -0.047575
0.287110 -0.046151
0.296632 -0.044783
0.306242 -0.043480
0.315938 -0.042296
0.325714 -0.041165
0.335567 -0.040101
0.345492 -0.039141
0.355484 -0.038231
0.365540 -0.037383
0.375655 -0.036621
0.385825 -0.035901
0.396044 -0.035235
0.406309 -0.034634
0.416616 -0.034065
0.426958 -0.033538
0.437333 -0.033052
0.447736 -0.032586
0.458161 -0.032146
0.468605 -0.031725
0.479062 -0.031311
0.489529 -0.030903
0.500000 -0.030492
0.510471 -0.030074
0.520938 -0.029642
0.531395 -0.029186
0.541839 -0.028711
0.552264 -0.028198
0.562667 -0.027643
0.573042 -0.027057
0.583384 -0.026411
0.593691 -0.025707
0.603956 -0.024961
0.614175 -0.024132
0.624345 -0.023234
0.634460 -0.022284
0.644516 -0.021230
0.654508 -0.020099
0.664433 -0.018908
0.674286 -0.017594
0.684062 -0.016222
0.693758 -0.014810
0.703368 -0.013370
0.712890 -0.011963
0.722318 -0.010588
0.731648 -0.009333
0.740877 -0.008185
0.750000 -0.007137
0.759014 -0.006345
0.767913 -0.005673
0.776696 -0.005126
0.785357 -0.004765
0.793893 -0.004481
0.802300 -0.004281
0.810574 -0.004189
0.818712 -0.004141
0.826710 -0.004140
0.834565 -0.004191
0.842274 -0.004262
0.849832 -0.004355
0.857236 -0.004469
0.864484 -0.004591
0.871572 -0.004722
0.878498 -0.004857
0.885257 -0.004991
0.891847 -0.005122
0.898265 -0.005248
0.904508 -0.005367
0.910575 -0.005475
0.916461 -0.005572
0.922164 -0.005658
0.927682 -0.005731
0.933013 -0.005788
0.938153 -0.005835
0.943102 -0.005867
0.947856 -0.005885
0.952414 -0.005893
0.956773 -0.005886
0.960932 -0.005868
0.964888 -0.005842
0.968641 -0.005804
0.972188 -0.005759
0.975528 -0.005710
0.978660 -0.005653
0.981581 -0.005593
0.984292 -0.005532
0.986789 -0.005468
0.989074 -0.005405
0.991144 -0.005344
0.992998 -0.005285
0.994636 -0.005231
0.996057 -0.005182
0.997261 -0.005138
0.998246 -0.005102
0.999013 -0.005072
0.999561 -0.005050
0.999890 -0.005037
1.000000 -0.005032
