Repaneled_Airfoil
1.000000 -0.053412
0.999890 -0.053373
0.999561 -0.053257
0.999013 -0.053064
0.998246 -0.052793
0.997261 -0.052443
0.996057 -0.052015
0.994636 -0.051504
0.992998 -0.050912
0.991144 -0.050239
0.989074 -0.049480
0.986789 -0.048637
0.984292 -0.047708
0.981581 -0.046688
0.978660 -0.045582
0.975528 -0.044386
0.972188 -0.043096
0.968641 -0.041717
0.964888 -0.040245
0.960932 -0.038678
0.956773 -0.037022
0.952414 -0.035274
0.947856 -0.033434
0.943102 -0.031507
0.938153 -0.029493
0.933013 -0.027395
0.927682 -0.025218
0.922164 -0.022965
0.916461 -0.020642
0.910575 -0.018252
0.904508 -0.015805
0.898265 -0.013310
0.891847 -0.010766
0.885257 -0.008195
0.878498 -0.005604
0.871572 -0.002986
0.864484 -0.000384
0.857236 0.002205
0.849832 0.004790
0.842274 0.007306
0.834565 0.009776
0.826710 0.012215
0.818712 0.014558
0.810574 0.016860
0.802300 0.019134
0.793893 0.021325
0.785357 0.023490
0.776696 0.025635
0.767913 0.027725
0.759014 0.029808
0.750000 0.031886
0.740877 0.033929
0.731648 0.035958
0.722318 0.037970
0.712890 0.039911
0.703368 0.041818
0.693758 0.043682
0.684062 0.045440
0.674286 0.047143
0.664433 0.048775
0.654508 0.050281
0.644516 0.051729
0.634460 0.053099
0.624345 0.054360
0.614175 0.055565
0.603956 0.056696
0.593691 0.057735
0.583384 0.058725
0.573042 0.059648
0.562667 0.060496
0.552264 0.061303
0.541839 0.062052
0.531395 0.062744
0.520938 0.063404
0.510471 0.064018
0.500000 0.064594
0.489529 0.065146
0.479062 0.065668
0.468605 0.066167
0.458161 0.066654
0.447736 0.067125
0.437333 0.067590
0.426958 0.068051
0.416616 0.068513
0.406309 0.068983
0.396044 0.069458
0.385825 0.069950
0.375655 0.070460
0.365540 0.070984
0.355484 0.071540
0.345492 0.072122
0.335567 0.072723
0.325714 0.073371
0.315938 0.074049
0.306242 0.074752
0.296632 0.075511
0.287110 0.076302
0.277682 0.077120
0.268352 0.077996
0.259123 0.078873
0.250000 0.079750
0.240986 0.080556
0.232087 0.081290
0.223304 0.081948
0.214643 0.082423
0.206107 0.082783
0.197700 0.083017
0.189426 0.083013
0.181288 0.082886
0.173290 0.082616
0.165435 0.082120
0.157726 0.081509
0.150168 0.080756
0.142764 0.079794
0.135516 0.078729
0.128428 0.077526
0.121502 0.076133
0.114743 0.074654
0.108153 0.073053
0.101735 0.071312
0.095492 0.069517
0.089425 0.067631
0.083539 0.065653
0.077836 0.063650
0.072318 0.061583
0.066987 0.059462
0.061847 0.057338
0.056898 0.055174
0.052144 0.052983
0.047586 0.050808
0.043227 0.048609
0.039068 0.046403
0.035112 0.044229
0.031359 0.042037
0.027812 0.039853
0.024472 0.037714
0.021340 0.035557
0.018419 0.033419
0.015708 0.031338
0.013211 0.029230
0.010926 0.027150
0.008856 0.025143
0.007002 0.023089
0.005364 0.021075
0.003943 0.019166
0.002739 0.017171
0.001754 0.015246
0.000987 0.013515
0.000439 0.011676
0.000110 0.010273
0.000000 0.009675
0.000110 0.007114
0.000439 0.003208
0.000987 0.001503
0.001754 -0.000018
0.002739 -0.001662
0.003943 -0.003303
0.005364 -0.004776
0.007002 -0.006279
0.008856 -0.007744
0.010926 -0.009078
0.013211 -0.010408
0.015708 -0.011685
0.018419 -0.012848
0.021340 -0.013989
0.024472 -0.015067
0.027812 -0.016042
0.031359 -0.016983
0.035112 -0.017854
0.039068 -0.018631
0.043227 -0.019370
0.047586 -0.020033
0.052144 -0.020615
0.056898 -0.021157
0.061847 -0.021627
0.066987 -0.022032
0.072318 -0.022401
0.077836 -0.022712
0.083539 -0.022982
0.089425 -0.023229
0.095492 -0.023446
0.101735 -0.023656
0.108153 -0.023868
0.114743 -0.024097
0.121502 -0.024370
0.128428 -0.024683
0.135516 -0.025094
0.142764 -0.025597
0.150168 -0.026174
0.157726 -0.026877
0.165435 -0.027675
0.173290 -0.028552
0.181288 -0.029566
0.189426 -0.030672
0.197700 -0.031858
0.206107 -0.033158
0.214643 -0.034499
0.223304 -0.035876
0.232087 -0.037250
0.240986 -0.038598
0.250000 -0.039920
0.259123 -0.041107
0.268352 -0.042217
0.277682 -0.043242
0.287110 -0.044096
0.296632 -0.044871
0.306242 -0.045554
0.315938 -0.046080
0.325714 -0.046530
0.335567 -0.046886
0.345492 -0.047103
0.355484 -0.047248
0.365540 -0.047302
0.375655 -0.047235
0.385825 -0.047105
0.396044 -0.046892
0.406309 -0.046580
0.416616 -0.046215
0.426958 -0.045779
0.437333 -0.045266
0.447736 -0.044712
0.458161 -0.044102
0.468605 -0.043442
0.479062 -0.042753
0.489529 -0.042029
0.500000 -0.041278
0.510471 -0.040513
0.520938 -0.039735
0.531395 -0.038954
0.541839 -0.038175
0.552264 -0.037406
0.562667 -0.036656
0.573042 -0.035924
0.583384 -0.035227
0.593691 -0.034568
0.603956 -0.033941
0.614175 -0.033374
0.624345 -0.032863
0.634460 -0.032394
0.644516 -0.032012
0.654508 -0.031695
0.664433 -0.031433
0.674286 -0.031276
0.684062 -0.031180
0.693758 -0.031133
0.703368 -0.031165
0.712890 -0.031233
0.722318 -0.031330
0.731648 -0.031474
0.740877 -0.031632
0.750000 -0.031804
0.759014 -0.031999
0.767913 -0.032215
0.776696 -0.032451
0.785357 -0.032751
0.793893 -0.033090
0.802300 -0.033474
0.810574 -0.033954
0.818712 -0.034486
0.826710 -0.035081
0.834565 -0.035786
0.842274 -0.036539
0.849832 -0.037349
0.857236 -0.038224
0.864484 -0.039118
0.871572 -0.040035
0.878498 -0.040972
0.885257 -0.041904
0.891847 -0.042834
0.898265 -0.043754
0.904508 -0.044654
0.910575 -0.045531
0.916461 -0.046379
0.922164 -0.047197
0.927682 -0.047979
0.933013 -0.048722
0.938153 -0.049429
0.943102 -0.050093
0.947856 -0.050714
0.952414 -0.051298
0.956773 -0.051837
0.960932 -0.052333
0.964888 -0.052794
0.968641 -0.053213
0.972188 -0.053593
0.975528 -0.053941
0.978660 -0.054250
0.981581 -0.054527
0.984292 -0.054776
0.986789 -0.054993
0.989074 -0.055184
0.991144 -0.055353
0.992998 -0.055495
0.994636 -0.055617
0.996057 -0.055720
0.997261 -0.055803
0.998246 -0.055870
0.999013 -0.055921
0.999561 -0.055939
0.999890 -0.055945
1.000000 -0.055945
