Repaneled_Airfoil
1.000000 0.025929
0.999890 0.025956
0.999561 0.026035
0.999013 0.026169
0.998246 0.026357
0.997261 0.026599
0.996057 0.026894
0.994636 0.027246
0.992998 0.027653
0.991144 0.028116
0.989074 0.028637
0.986789 0.029215
0.984292 0.029851
0.981581 0.030548
0.978660 0.031304
0.975528 0.032122
0.972188 0.033002
0.968641 0.033942
0.964888 0.034946
0.960932 0.036015
0.956773 0.037145
0.952414 0.038340
0.947856 0.039602
0.943102 0.040925
0.938153 0.042312
0.933013 0.043764
0.927682 0.045276
0.922164 0.046850
0.916461 0.048484
0.910575 0.050175
0.904508 0.051925
0.898265 0.053727
0.891847 0.055581
0.885257 0.057483
0.878498 0.059429
0.871572 0.061417
0.864484 0.063441
0.857236 0.065495
0.849832 0.067582
0.842274 0.069684
0.834565 0.071803
0.826710 0.073939
0.818712 0.076066
0.810574 0.078191
0.802300 0.080318
0.793893 0.082403
0.785357 0.084468
0.776696 0.086516
0.767913 0.088484
0.759014 0.090413
0.750000 0.092303
0.740877 0.094084
0.731648 0.095829
0.722318 0.097533
0.712890 0.099153
0.703368 0.100747
0.693758 0.102308
0.684062 0.103819
0.674286 0.105317
0.664433 0.106797
0.654508 0.108249
0.644516 0.109689
0.634460 0.111108
0.624345 0.112491
0.614175 0.113855
0.603956 0.115189
0.593691 0.116479
0.583384 0.117742
0.573042 0.118968
0.562667 0.120140
0.552264 0.121281
0.541839 0.122373
0.531395 0.123405
0.520938 0.124400
0.510471 0.125336
0.500000 0.126206
0.489529 0.127034
0.479062 0.127792
0.468605 0.128480
0.458161 0.129120
0.447736 0.129681
0.437333 0.130169
0.426958 0.130604
0.416616 0.130951
0.406309 0.131222
0.396044 0.131439
0.385825 0.131557
0.375655 0.131600
0.365540 0.131586
0.355484 0.131467
0.345492 0.131273
0.335567 0.131021
0.325714 0.130657
0.315938 0.130221
0.306242 0.129727
0.296632 0.129115
0.287110 0.128437
0.277682 0.127701
0.268352 0.126843
0.259123 0.125927
0.250000 0.124956
0.240986 0.123875
0.232087 0.122756
0.223304 0.121599
0.214643 0.120371
0.206107 0.119125
0.197700 0.117857
0.189426 0.116551
0.181288 0.115238
0.173290 0.113913
0.165435 0.112550
0.157726 0.111178
0.150168 0.109787
0.142764 0.108353
0.135516 0.106909
0.128428 0.105440
0.121502 0.103928
0.114743 0.102404
0.108153 0.100853
0.101735 0.099257
0.095492 0.097653
0.089425 0.096018
0.083539 0.094342
0.077836 0.092661
0.072318 0.090948
0.066987 0.089197
0.061847 0.087447
0.056898 0.085664
0.052144 0.083850
0.047586 0.082044
0.043227 0.080203
0.039068 0.078339
0.035112 0.076490
0.031359 0.074604
0.027812 0.072706
0.024472 0.070832
0.021340 0.068916
0.018419 0.066998
0.015708 0.065117
0.013211 0.063187
0.010926 0.061264
0.008856 0.059397
0.007002 0.057461
0.005364 0.055551
0.003943 0.053728
0.002739 0.051802
0.001754 0.049927
0.000987 0.048230
0.000439 0.046390
0.000110 0.044950
0.000000 0.044323
0.000110 0.041935
0.000439 0.038237
0.000987 0.036481
0.001754 0.034923
0.002739 0.033235
0.003943 0.031544
0.005364 0.030009
0.007002 0.028434
0.008856 0.026884
0.010926 0.025450
0.013211 0.024005
0.015708 0.022596
0.018419 0.021279
0.021340 0.019966
0.024472 0.018696
0.027812 0.017503
0.031359 0.016322
0.035112 0.015190
0.039068 0.014125
0.043227 0.013078
0.047586 0.012082
0.052144 0.011147
0.056898 0.010234
0.061847 0.009375
0.066987 0.008572
0.072318 0.007795
0.077836 0.007077
0.083539 0.006411
0.089425 0.005775
0.095492 0.005201
0.101735 0.004679
0.108153 0.004190
0.114743 0.003768
0.121502 0.003399
0.128428 0.003067
0.135516 0.002809
0.142764 0.002604
0.150168 0.002441
0.157726 0.002359
0.165435 0.002333
0.173290 0.002354
0.181288 0.002465
0.189426 0.002635
0.197700 0.002857
0.206107 0.003180
0.214643 0.003560
0.223304 0.003990
0.232087 0.004502
0.240986 0.005049
0.250000 0.005631
0.259123 0.006254
0.268352 0.006888
0.277682 0.007533
0.287110 0.008179
0.296632 0.008827
0.306242 0.009476
0.315938 0.010120
0.325714 0.010763
0.335567 0.011402
0.345492 0.012031
0.355484 0.012656
0.365540 0.013275
0.375655 0.013880
0.385825 0.014480
0.396044 0.015070
0.406309 0.015646
0.416616 0.016214
0.426958 0.016771
0.437333 0.017312
0.447736 0.017845
0.458161 0.018366
0.468605 0.018871
0.479062 0.019368
0.489529 0.019852
0.500000 0.020322
0.510471 0.020784
0.520938 0.021233
0.531395 0.021670
0.541839 0.022099
0.552264 0.022517
0.562667 0.022925
0.573042 0.023326
0.583384 0.023718
0.593691 0.024103
0.603956 0.024482
0.614175 0.024854
0.624345 0.025221
0.634460 0.025584
0.644516 0.025942
0.654508 0.026298
0.664433 0.026652
0.674286 0.027003
0.684062 0.027343
0.693758 0.027673
0.703368 0.027966
0.712890 0.028226
0.722318 0.028456
0.731648 0.028611
0.740877 0.028716
0.750000 0.028776
0.759014 0.028732
0.767913 0.028646
0.776696 0.028516
0.785357 0.028316
0.793893 0.028091
0.802300 0.027839
0.810574 0.027549
0.818712 0.027248
0.826710 0.026935
0.834565 0.026610
0.842274 0.026284
0.849832 0.025957
0.857236 0.025635
0.864484 0.025322
0.871572 0.025017
0.878498 0.024729
0.885257 0.024453
0.891847 0.024195
0.898265 0.023959
0.904508 0.023738
0.910575 0.023539
0.916461 0.023363
0.922164 0.023205
0.927682 0.023070
0.933013 0.022958
0.938153 0.022863
0.943102 0.022789
0.947856 0.022735
0.952414 0.022696
0.956773 0.022675
0.960932 0.022670
0.964888 0.022676
0.968641 0.022696
0.972188 0.022727
0.975528 0.022765
0.978660 0.022812
0.981581 0.022865
0.984292 0.022919
0.986789 0.022978
0.989074 0.023037
0.991144 0.023094
0.992998 0.023151
0.994636 0.023203
0.996057 0.023251
0.997261 0.023293
0.998246 0.023329
0.999013 0.023358
0.999561 0.023379
0.999890 0.023392
1.000000 0.023397
