Repaneled_Airfoil
1.000000 -0.014277
0.999890 -0.014260
0.999561 -0.014208
0.999013 -0.014122
0.998246 -0.014003
0.997261 -0.013849
0.996057 -0.013662
0.994636 -0.013441
0.992998 -0.013188
0.991144 -0.012903
0.989074 -0.012586
0.986789 -0.012238
0.984292 -0.011859
0.981581 -0.011451
0.978660 -0.011012
0.975528 -0.010544
0.972188 -0.010049
0.968641 -0.009525
0.964888 -0.008972
0.960932 -0.008392
0.956773 -0.007784
0.952414 -0.007149
0.947856 -0.006486
0.943102 -0.005795
0.938153 -0.005075
0.933013 -0.004325
0.927682 -0.003545
0.922164 -0.002734
0.916461 -0.001888
0.910575 -0.001010
0.904508 -0.000094
0.898265 0.000863
0.891847 0.001857
0.885257 0.002899
0.878498 0.003990
0.871572 0.005126
0.864484 0.006325
0.857236 0.007583
0.849832 0.008895
0.842274 0.010291
0.834565 0.011758
0.826710 0.013288
0.818712 0.014909
0.810574 0.016592
0.802300 0.018331
0.793893 0.020139
0.785357 0.021990
0.776696 0.023882
0.767913 0.025812
0.759014 0.027764
0.750000 0.029737
0.740877 0.031711
0.731648 0.033692
0.722318 0.035676
0.712890 0.037637
0.703368 0.039587
0.693758 0.041523
0.684062 0.043407
0.674286 0.045265
0.664433 0.047089
0.654508 0.048840
0.644516 0.050558
0.634460 0.052231
0.624345 0.053829
0.614175 0.055391
0.603956 0.056899
0.593691 0.058331
0.583384 0.059723
0.573042 0.061055
0.562667 0.062312
0.552264 0.063525
0.541839 0.064672
0.531395 0.065743
0.520938 0.066768
0.510471 0.067723
0.500000 0.068603
0.489529 0.069434
0.479062 0.070191
0.468605 0.070874
0.458161 0.071509
0.447736 0.072065
0.437333 0.072550
0.426958 0.072985
0.416616 0.073338
0.406309 0.073623
0.396044 0.073859
0.385825 0.074009
0.375655 0.074096
0.365540 0.074134
0.355484 0.074084
0.345492 0.073975
0.335567 0.073818
0.325714 0.073571
0.315938 0.073269
0.306242 0.072921
0.296632 0.072484
0.287110 0.071996
0.277682 0.071465
0.268352 0.070842
0.259123 0.070174
0.250000 0.069464
0.240986 0.068646
0.232087 0.067774
0.223304 0.066844
0.214643 0.065783
0.206107 0.064660
0.197700 0.063466
0.189426 0.062128
0.181288 0.060733
0.173290 0.059269
0.165435 0.057710
0.157726 0.056127
0.150168 0.054511
0.142764 0.052858
0.135516 0.051209
0.128428 0.049560
0.121502 0.047920
0.114743 0.046303
0.108153 0.044703
0.101735 0.043107
0.095492 0.041527
0.089425 0.039949
0.083539 0.038360
0.077836 0.036782
0.072318 0.035194
0.066987 0.033587
0.061847 0.031988
0.056898 0.030370
0.052144 0.028730
0.047586 0.027099
0.043227 0.025439
0.039068 0.023758
0.035112 0.022090
0.031359 0.020385
0.027812 0.018662
0.024472 0.016958
0.021340 0.015206
0.018419 0.013444
0.015708 0.011710
0.013211 0.009916
0.010926 0.008118
0.008856 0.006364
0.007002 0.004527
0.005364 0.002698
0.003943 0.000943
0.002739 -0.000943
0.001754 -0.002807
0.000987 -0.004517
0.000439 -0.006492
0.000110 -0.008311
0.000000 -0.009195
0.000110 -0.010883
0.000439 -0.013734
0.000987 -0.015677
0.001754 -0.017326
0.002739 -0.019107
0.003943 -0.020885
0.005364 -0.022509
0.007002 -0.024184
0.008856 -0.025844
0.010926 -0.027397
0.013211 -0.028972
0.015708 -0.030520
0.018419 -0.031985
0.021340 -0.033456
0.024472 -0.034892
0.027812 -0.036257
0.031359 -0.037616
0.035112 -0.038932
0.039068 -0.040183
0.043227 -0.041419
0.047586 -0.042604
0.052144 -0.043724
0.056898 -0.044822
0.061847 -0.045859
0.066987 -0.046829
0.072318 -0.047766
0.077836 -0.048631
0.083539 -0.049425
0.089425 -0.050176
0.095492 -0.050841
0.101735 -0.051425
0.108153 -0.051956
0.114743 -0.052382
0.121502 -0.052719
0.128428 -0.052990
0.135516 -0.053134
0.142764 -0.053184
0.150168 -0.053164
0.157726 -0.053031
0.165435 -0.052834
0.173290 -0.052588
0.181288 -0.052272
0.189426 -0.051933
0.197700 -0.051576
0.206107 -0.051225
0.214643 -0.050884
0.223304 -0.050552
0.232087 -0.050232
0.240986 -0.049909
0.250000 -0.049583
0.259123 -0.049241
0.268352 -0.048882
0.277682 -0.048505
0.287110 -0.048092
0.296632 -0.047662
0.306242 -0.047211
0.315938 -0.046736
0.325714 -0.046247
0.335567 -0.045743
0.345492 -0.045222
0.355484 -0.044693
0.365540 -0.044154
0.375655 -0.043608
0.385825 -0.043057
0.396044 -0.042503
0.406309 -0.041950
0.416616 -0.041397
0.426958 -0.040848
0.437333 -0.040307
0.447736 -0.039771
0.458161 -0.039245
0.468605 -0.038734
0.479062 -0.038233
0.489529 -0.037748
0.500000 -0.037284
0.510471 -0.036833
0.520938 -0.036406
0.531395 -0.036004
0.541839 -0.035618
0.552264 -0.035263
0.562667 -0.034935
0.573042 -0.034627
0.583384 -0.034354
0.593691 -0.034110
0.603956 -0.033888
0.614175 -0.033706
0.624345 -0.033555
0.634460 -0.033427
0.644516 -0.033341
0.654508 -0.033286
0.664433 -0.033254
0.674286 -0.033267
0.684062 -0.033303
0.693758 -0.033357
0.703368 -0.033434
0.712890 -0.033519
0.722318 -0.033609
0.731648 -0.033702
0.740877 -0.033791
0.750000 -0.033875
0.759014 -0.033941
0.767913 -0.033989
0.776696 -0.034020
0.785357 -0.034004
0.793893 -0.033958
0.802300 -0.033880
0.810574 -0.033733
0.818712 -0.033549
0.826710 -0.033321
0.834565 -0.033013
0.842274 -0.032667
0.849832 -0.032274
0.857236 -0.031819
0.864484 -0.031340
0.871572 -0.030828
0.878498 -0.030277
0.885257 -0.029715
0.891847 -0.029133
0.898265 -0.028532
0.904508 -0.027930
0.910575 -0.027321
0.916461 -0.026707
0.922164 -0.026100
0.927682 -0.025495
0.933013 -0.024898
0.938153 -0.024314
0.943102 -0.023740
0.947856 -0.023182
0.952414 -0.022642
0.956773 -0.022120
0.960932 -0.021617
0.964888 -0.021136
0.968641 -0.020677
0.972188 -0.020242
0.975528 -0.019830
0.978660 -0.019442
0.981581 -0.019081
0.984292 -0.018745
0.986789 -0.018435
0.989074 -0.018151
0.991144 -0.017895
0.992998 -0.017665
0.994636 -0.017461
0.996057 -0.017285
0.997261 -0.017136
0.998246 -0.017014
0.999013 -0.016919
0.999561 -0.016851
0.999890 -0.016812
1.000000 -0.016800
