Repaneled_Airfoil
1.000000 -0.014199
0.999890 -0.014169
0.999561 -0.014078
0.999013 -0.013927
0.998246 -0.013714
0.997261 -0.013440
0.996057 -0.013104
0.994636 -0.012707
0.992998 -0.012247
0.991144 -0.011725
0.989074 -0.011137
0.986789 -0.010486
0.984292 -0.009771
0.981581 -0.008989
0.978660 -0.008142
0.975528 -0.007229
0.972188 -0.006249
0.968641 -0.005204
0.964888 -0.004092
0.960932 -0.002912
0.956773 -0.001667
0.952414 -0.000356
0.947856 0.001021
0.943102 0.002459
0.938153 0.003961
0.933013 0.005523
0.927682 0.007143
0.922164 0.008818
0.916461 0.010546
0.910575 0.012325
0.904508 0.014147
0.898265 0.016009
0.891847 0.017912
0.885257 0.019842
0.878498 0.021795
0.871572 0.023776
0.864484 0.025759
0.857236 0.027747
0.849832 0.029745
0.842274 0.031715
0.834565 0.033668
0.826710 0.035612
0.818712 0.037502
0.810574 0.039366
0.802300 0.041212
0.793893 0.042986
0.785357 0.044728
0.776696 0.046442
0.767913 0.048071
0.759014 0.049662
0.750000 0.051217
0.740877 0.052678
0.731648 0.054107
0.722318 0.055499
0.712890 0.056820
0.703368 0.058119
0.693758 0.059389
0.684062 0.060616
0.674286 0.061832
0.664433 0.063034
0.654508 0.064215
0.644516 0.065387
0.634460 0.066545
0.624345 0.067676
0.614175 0.068794
0.603956 0.069892
0.593691 0.070958
0.583384 0.072007
0.573042 0.073029
0.562667 0.074015
0.552264 0.074979
0.541839 0.075909
0.531395 0.076799
0.520938 0.077664
0.510471 0.078487
0.500000 0.079267
0.489529 0.080017
0.479062 0.080720
0.468605 0.081374
0.458161 0.081995
0.447736 0.082562
0.437333 0.083079
0.426958 0.083560
0.416616 0.083980
0.406309 0.084346
0.396044 0.084675
0.385825 0.084935
0.375655 0.085143
0.365540 0.085309
0.355484 0.085402
0.345492 0.085442
0.335567 0.085440
0.325714 0.085358
0.315938 0.085224
0.306242 0.085047
0.296632 0.084785
0.287110 0.084474
0.277682 0.084121
0.268352 0.083678
0.259123 0.083190
0.250000 0.082662
0.240986 0.082058
0.232087 0.081428
0.223304 0.080771
0.214643 0.080069
0.206107 0.079356
0.197700 0.078631
0.189426 0.077884
0.181288 0.077132
0.173290 0.076374
0.165435 0.075595
0.157726 0.074811
0.150168 0.074017
0.142764 0.073199
0.135516 0.072375
0.128428 0.071538
0.121502 0.070674
0.114743 0.069799
0.108153 0.068901
0.101735 0.067959
0.095492 0.066999
0.089425 0.066000
0.083539 0.064949
0.077836 0.063878
0.072318 0.062759
0.066987 0.061584
0.061847 0.060390
0.056898 0.059141
0.052144 0.057840
0.047586 0.056523
0.043227 0.055147
0.039068 0.053725
0.035112 0.052294
0.031359 0.050800
0.027812 0.049268
0.024472 0.047738
0.021340 0.046139
0.018419 0.044513
0.015708 0.042901
0.013211 0.041213
0.010926 0.039509
0.008856 0.037836
0.007002 0.036067
0.005364 0.034296
0.003943 0.032589
0.002739 0.030740
0.001754 0.028903
0.000987 0.027208
0.000439 0.025224
0.000110 0.023289
0.000000 0.022319
0.000110 0.020786
0.000439 0.018121
0.000987 0.016142
0.001754 0.014464
0.002739 0.012649
0.003943 0.010830
0.005364 0.009158
0.007002 0.007426
0.008856 0.005700
0.010926 0.004068
0.013211 0.002404
0.015708 0.000754
0.018419 -0.000830
0.021340 -0.002434
0.024472 -0.004019
0.027812 -0.005553
0.031359 -0.007099
0.035112 -0.008623
0.039068 -0.010107
0.043227 -0.011596
0.047586 -0.013059
0.052144 -0.014487
0.056898 -0.015914
0.061847 -0.017310
0.066987 -0.018671
0.072318 -0.020026
0.077836 -0.021341
0.083539 -0.022617
0.089425 -0.023879
0.095492 -0.025088
0.101735 -0.026251
0.108153 -0.027389
0.114743 -0.028458
0.121502 -0.029469
0.128428 -0.030442
0.135516 -0.031324
0.142764 -0.032142
0.150168 -0.032912
0.157726 -0.033583
0.165435 -0.034188
0.173290 -0.034742
0.181288 -0.035188
0.189426 -0.035569
0.197700 -0.035894
0.206107 -0.036106
0.214643 -0.036260
0.223304 -0.036360
0.232087 -0.036365
0.240986 -0.036328
0.250000 -0.036249
0.259123 -0.036106
0.268352 -0.035939
0.277682 -0.035748
0.287110 -0.035520
0.296632 -0.035274
0.306242 -0.035007
0.315938 -0.034710
0.325714 -0.034396
0.335567 -0.034064
0.345492 -0.033706
0.355484 -0.033333
0.365540 -0.032944
0.375655 -0.032533
0.385825 -0.032110
0.396044 -0.031672
0.406309 -0.031216
0.416616 -0.030749
0.426958 -0.030269
0.437333 -0.029775
0.447736 -0.029272
0.458161 -0.028758
0.468605 -0.028233
0.479062 -0.027700
0.489529 -0.027158
0.500000 -0.026606
0.510471 -0.026048
0.520938 -0.025481
0.531395 -0.024908
0.541839 -0.024330
0.552264 -0.023744
0.562667 -0.023153
0.573042 -0.022558
0.583384 -0.021957
0.593691 -0.021351
0.603956 -0.020744
0.614175 -0.020130
0.624345 -0.019513
0.634460 -0.018894
0.644516 -0.018270
0.654508 -0.017643
0.664433 -0.017015
0.674286 -0.016384
0.684062 -0.015758
0.693758 -0.015139
0.703368 -0.014545
0.712890 -0.013978
0.722318 -0.013436
0.731648 -0.012955
0.740877 -0.012516
0.750000 -0.012116
0.759014 -0.011805
0.767913 -0.011540
0.776696 -0.011322
0.785357 -0.011186
0.793893 -0.011091
0.802300 -0.011041
0.810574 -0.011064
0.818712 -0.011123
0.826710 -0.011224
0.834565 -0.011386
0.842274 -0.011576
0.849832 -0.011798
0.857236 -0.012057
0.864484 -0.012327
0.871572 -0.012612
0.878498 -0.012910
0.885257 -0.013209
0.891847 -0.013508
0.898265 -0.013805
0.904508 -0.014093
0.910575 -0.014373
0.916461 -0.014639
0.922164 -0.014892
0.927682 -0.015130
0.933013 -0.015351
0.938153 -0.015556
0.943102 -0.015742
0.947856 -0.015909
0.952414 -0.016061
0.956773 -0.016194
0.960932 -0.016309
0.964888 -0.016411
0.968641 -0.016495
0.972188 -0.016565
0.975528 -0.016624
0.978660 -0.016669
0.981581 -0.016704
0.984292 -0.016731
0.986789 -0.016749
0.989074 -0.016760
0.991144 -0.016766
0.992998 -0.016767
0.994636 -0.016766
0.996057 -0.016763
0.997261 -0.016758
0.998246 -0.016753
0.999013 -0.016749
0.999561 -0.016744
0.999890 -0.016737
1.000000 -0.016732
