Repaneled_Airfoil
1.000000 -0.026064
0.999890 -0.026037
0.999561 -0.025955
0.999013 -0.025820
0.998246 -0.025630
0.997261 -0.025385
0.996057 -0.025087
0.994636 -0.024733
0.992998 -0.024325
0.991144 -0.023861
0.989074 -0.023341
0.986789 -0.022765
0.984292 -0.022135
0.981581 -0.021448
0.978660 -0.020706
0.975528 -0.019908
0.972188 -0.019053
0.968641 -0.018144
0.964888 -0.017179
0.960932 -0.016159
0.956773 -0.015086
0.952414 -0.013960
0.947856 -0.012781
0.943102 -0.011551
0.938153 -0.010272
0.933013 -0.008946
0.927682 -0.007574
0.922164 -0.006158
0.916461 -0.004704
0.910575 -0.003210
0.904508 -0.001683
0.898265 -0.000127
0.891847 0.001460
0.885257 0.003066
0.878498 0.004687
0.871572 0.006328
0.864484 0.007968
0.857236 0.009608
0.849832 0.011254
0.842274 0.012874
0.834565 0.014479
0.826710 0.016076
0.818712 0.017637
0.810574 0.019190
0.802300 0.020741
0.793893 0.022276
0.785357 0.023820
0.776696 0.025374
0.767913 0.026944
0.759014 0.028543
0.750000 0.030170
0.740877 0.031837
0.731648 0.033522
0.722318 0.035224
0.712890 0.036918
0.703368 0.038603
0.693758 0.040274
0.684062 0.041884
0.674286 0.043456
0.664433 0.044978
0.654508 0.046403
0.644516 0.047783
0.634460 0.049103
0.624345 0.050338
0.614175 0.051530
0.603956 0.052663
0.593691 0.053721
0.583384 0.054741
0.573042 0.055705
0.562667 0.056607
0.552264 0.057475
0.541839 0.058293
0.531395 0.059061
0.520938 0.059800
0.510471 0.060498
0.500000 0.061157
0.489529 0.061793
0.479062 0.062397
0.468605 0.062974
0.458161 0.063534
0.447736 0.064071
0.437333 0.064593
0.426958 0.065104
0.416616 0.065601
0.406309 0.066092
0.396044 0.066577
0.385825 0.067060
0.375655 0.067543
0.365540 0.068025
0.355484 0.068514
0.345492 0.069008
0.335567 0.069506
0.325714 0.070017
0.315938 0.070537
0.306242 0.071064
0.296632 0.071610
0.287110 0.072166
0.277682 0.072730
0.268352 0.073314
0.259123 0.073893
0.250000 0.074466
0.240986 0.074983
0.232087 0.075448
0.223304 0.075860
0.214643 0.076138
0.206107 0.076334
0.197700 0.076439
0.189426 0.076375
0.181288 0.076231
0.173290 0.075994
0.165435 0.075622
0.157726 0.075187
0.150168 0.074673
0.142764 0.074052
0.135516 0.073384
0.128428 0.072651
0.121502 0.071836
0.114743 0.070981
0.108153 0.070069
0.101735 0.069078
0.095492 0.068054
0.089425 0.066971
0.083539 0.065819
0.077836 0.064639
0.072318 0.063402
0.066987 0.062103
0.061847 0.060784
0.056898 0.059408
0.052144 0.057980
0.047586 0.056540
0.043227 0.055044
0.039068 0.053506
0.035112 0.051964
0.031359 0.050365
0.027812 0.048735
0.024472 0.047112
0.021340 0.045429
0.018419 0.043724
0.015708 0.042040
0.013211 0.040287
0.010926 0.038525
0.008856 0.036800
0.007002 0.034988
0.005364 0.033179
0.003943 0.031440
0.002739 0.029567
0.001754 0.027713
0.000987 0.026009
0.000439 0.024037
0.000110 0.022213
0.000000 0.021324
0.000110 0.019650
0.000439 0.016813
0.000987 0.014865
0.001754 0.013210
0.002739 0.011421
0.003943 0.009631
0.005364 0.007994
0.007002 0.006302
0.008856 0.004621
0.010926 0.003042
0.013211 0.001437
0.015708 -0.000148
0.018419 -0.001657
0.021340 -0.003181
0.024472 -0.004679
0.027812 -0.006117
0.031359 -0.007561
0.035112 -0.008976
0.039068 -0.010345
0.043227 -0.011713
0.047586 -0.013050
0.052144 -0.014350
0.056898 -0.015646
0.061847 -0.016910
0.066987 -0.018142
0.072318 -0.019370
0.077836 -0.020564
0.083539 -0.021731
0.089425 -0.022892
0.095492 -0.024018
0.101735 -0.025121
0.108153 -0.026216
0.114743 -0.027276
0.121502 -0.028314
0.128428 -0.029343
0.135516 -0.030336
0.142764 -0.031317
0.150168 -0.032295
0.157726 -0.033260
0.165435 -0.034231
0.173290 -0.035212
0.181288 -0.036212
0.189426 -0.037240
0.197700 -0.038297
0.206107 -0.039393
0.214643 -0.040501
0.223304 -0.041620
0.232087 -0.042709
0.240986 -0.043769
0.250000 -0.044801
0.259123 -0.045722
0.268352 -0.046579
0.277682 -0.047367
0.287110 -0.048015
0.296632 -0.048599
0.306242 -0.049107
0.315938 -0.049488
0.325714 -0.049806
0.335567 -0.050049
0.345492 -0.050178
0.355484 -0.050248
0.365540 -0.050245
0.375655 -0.050145
0.385825 -0.049993
0.396044 -0.049773
0.406309 -0.049473
0.416616 -0.049128
0.426958 -0.048726
0.437333 -0.048262
0.447736 -0.047763
0.458161 -0.047219
0.468605 -0.046631
0.479062 -0.046020
0.489529 -0.045377
0.500000 -0.044710
0.510471 -0.044031
0.520938 -0.043336
0.531395 -0.042636
0.541839 -0.041935
0.552264 -0.041236
0.562667 -0.040549
0.573042 -0.039872
0.583384 -0.039216
0.593691 -0.038586
0.603956 -0.037977
0.614175 -0.037408
0.624345 -0.036877
0.634460 -0.036375
0.644516 -0.035932
0.654508 -0.035535
0.664433 -0.035176
0.674286 -0.034890
0.684062 -0.034641
0.693758 -0.034421
0.703368 -0.034232
0.712890 -0.034048
0.722318 -0.033868
0.731648 -0.033671
0.740877 -0.033455
0.750000 -0.033223
0.759014 -0.032938
0.767913 -0.032638
0.776696 -0.032322
0.785357 -0.031993
0.793893 -0.031669
0.802300 -0.031352
0.810574 -0.031059
0.818712 -0.030788
0.826710 -0.030542
0.834565 -0.030347
0.842274 -0.030181
0.849832 -0.030048
0.857236 -0.029954
0.864484 -0.029877
0.871572 -0.029821
0.878498 -0.029786
0.885257 -0.029759
0.891847 -0.029742
0.898265 -0.029732
0.904508 -0.029726
0.910575 -0.029721
0.916461 -0.029715
0.922164 -0.029708
0.927682 -0.029698
0.933013 -0.029682
0.938153 -0.029664
0.943102 -0.029639
0.947856 -0.029607
0.952414 -0.029572
0.956773 -0.029530
0.960932 -0.029483
0.964888 -0.029433
0.968641 -0.029377
0.972188 -0.029317
0.975528 -0.029257
0.978660 -0.029193
0.981581 -0.029129
0.984292 -0.029066
0.986789 -0.029002
0.989074 -0.028940
0.991144 -0.028883
0.992998 -0.028827
0.994636 -0.028777
0.996057 -0.028731
0.997261 -0.028692
0.998246 -0.028659
0.999013 -0.028632
0.999561 -0.028613
0.999890 -0.028600
1.000000 -0.028595
