Repaneled_Airfoil
1.000000 -0.016330
0.999890 -0.016303
0.999561 -0.016224
0.999013 -0.016093
0.998246 -0.015908
0.997261 -0.015670
0.996057 -0.015379
0.994636 -0.015035
0.992998 -0.014637
0.991144 -0.014186
0.989074 -0.013680
0.986789 -0.013120
0.984292 -0.012506
0.981581 -0.011837
0.978660 -0.011114
0.975528 -0.010335
0.972188 -0.009502
0.968641 -0.008615
0.964888 -0.007673
0.960932 -0.006677
0.956773 -0.005628
0.952414 -0.004525
0.947856 -0.003371
0.943102 -0.002166
0.938153 -0.000911
0.933013 0.000391
0.927682 0.001741
0.922164 0.003135
0.916461 0.004570
0.910575 0.006046
0.904508 0.007558
0.898265 0.009102
0.891847 0.010680
0.885257 0.012280
0.878498 0.013902
0.871572 0.015548
0.864484 0.017199
0.857236 0.018858
0.849832 0.020528
0.842274 0.022182
0.834565 0.023828
0.826710 0.025470
0.818712 0.027068
0.810574 0.028640
0.802300 0.030191
0.793893 0.031663
0.785357 0.033090
0.776696 0.034476
0.767913 0.035743
0.759014 0.036946
0.750000 0.038087
0.740877 0.039079
0.731648 0.040016
0.722318 0.040892
0.712890 0.041676
0.703368 0.042432
0.693758 0.043156
0.684062 0.043856
0.674286 0.044563
0.664433 0.045280
0.654508 0.046032
0.644516 0.046803
0.634460 0.047595
0.624345 0.048411
0.614175 0.049239
0.603956 0.050081
0.593691 0.050933
0.583384 0.051790
0.573042 0.052650
0.562667 0.053507
0.552264 0.054361
0.541839 0.055206
0.531395 0.056035
0.520938 0.056852
0.510471 0.057646
0.500000 0.058412
0.489529 0.059157
0.479062 0.059867
0.468605 0.060536
0.458161 0.061176
0.447736 0.061766
0.437333 0.062305
0.426958 0.062808
0.416616 0.063245
0.406309 0.063625
0.396044 0.063961
0.385825 0.064217
0.375655 0.064410
0.365540 0.064553
0.355484 0.064603
0.345492 0.064586
0.335567 0.064516
0.325714 0.064341
0.315938 0.064097
0.306242 0.063797
0.296632 0.063382
0.287110 0.062899
0.277682 0.062359
0.268352 0.061694
0.259123 0.060968
0.250000 0.060186
0.240986 0.059304
0.232087 0.058394
0.223304 0.057455
0.214643 0.056481
0.206107 0.055507
0.197700 0.054535
0.189426 0.053578
0.181288 0.052625
0.173290 0.051674
0.165435 0.050677
0.157726 0.049653
0.150168 0.048585
0.142764 0.047423
0.135516 0.046212
0.128428 0.044930
0.121502 0.043524
0.114743 0.042066
0.108153 0.040526
0.101735 0.038887
0.095492 0.037211
0.089425 0.035471
0.083539 0.033657
0.077836 0.031824
0.072318 0.029939
0.066987 0.028004
0.061847 0.026064
0.056898 0.024083
0.052144 0.022069
0.047586 0.020064
0.043227 0.018025
0.039068 0.015969
0.035112 0.013936
0.031359 0.011872
0.027812 0.009803
0.024472 0.007769
0.021340 0.005704
0.018419 0.003646
0.015708 0.001637
0.013211 -0.000410
0.010926 -0.002438
0.008856 -0.004398
0.007002 -0.006413
0.005364 -0.008392
0.003943 -0.010270
0.002739 -0.012234
0.001754 -0.014125
0.000987 -0.015823
0.000439 -0.017600
0.000110 -0.018922
0.000000 -0.019474
0.000110 -0.022223
0.000439 -0.026355
0.000987 -0.028010
0.001754 -0.029511
0.002739 -0.031140
0.003943 -0.032775
0.005364 -0.034250
0.007002 -0.035758
0.008856 -0.037234
0.010926 -0.038585
0.013211 -0.039937
0.015708 -0.041242
0.018419 -0.042444
0.021340 -0.043632
0.024472 -0.044766
0.027812 -0.045810
0.031359 -0.046832
0.035112 -0.047794
0.039068 -0.048680
0.043227 -0.049538
0.047586 -0.050336
0.052144 -0.051068
0.056898 -0.051771
0.061847 -0.052416
0.066987 -0.053007
0.072318 -0.053571
0.077836 -0.054086
0.083539 -0.054560
0.089425 -0.055014
0.095492 -0.055430
0.101735 -0.055823
0.108153 -0.056205
0.114743 -0.056571
0.121502 -0.056936
0.128428 -0.057305
0.135516 -0.057686
0.142764 -0.058077
0.150168 -0.058472
0.157726 -0.058850
0.165435 -0.059202
0.173290 -0.059530
0.181288 -0.059786
0.189426 -0.059978
0.197700 -0.060114
0.206107 -0.060110
0.214643 -0.060027
0.223304 -0.059873
0.232087 -0.059604
0.240986 -0.059288
0.250000 -0.058924
0.259123 -0.058505
0.268352 -0.058075
0.277682 -0.057635
0.287110 -0.057198
0.296632 -0.056759
0.306242 -0.056320
0.315938 -0.055884
0.325714 -0.055448
0.335567 -0.055013
0.345492 -0.054578
0.355484 -0.054143
0.365540 -0.053707
0.375655 -0.053270
0.385825 -0.052829
0.396044 -0.052386
0.406309 -0.051937
0.416616 -0.051483
0.426958 -0.051022
0.437333 -0.050550
0.447736 -0.050070
0.458161 -0.049579
0.468605 -0.049072
0.479062 -0.048553
0.489529 -0.048017
0.500000 -0.047459
0.510471 -0.046886
0.520938 -0.046290
0.531395 -0.045666
0.541839 -0.045024
0.552264 -0.044350
0.562667 -0.043645
0.573042 -0.042919
0.583384 -0.042154
0.593691 -0.041354
0.603956 -0.040530
0.614175 -0.039659
0.624345 -0.038751
0.634460 -0.037817
0.644516 -0.036829
0.654508 -0.035803
0.664433 -0.034750
0.674286 -0.033637
0.684062 -0.032501
0.693758 -0.031350
0.703368 -0.030200
0.712890 -0.029076
0.722318 -0.027979
0.731648 -0.026962
0.740877 -0.026012
0.750000 -0.025125
0.759014 -0.024387
0.767913 -0.023724
0.776696 -0.023138
0.785357 -0.022668
0.793893 -0.022252
0.802300 -0.021895
0.810574 -0.021616
0.818712 -0.021374
0.826710 -0.021173
0.834565 -0.021021
0.842274 -0.020892
0.849832 -0.020789
0.857236 -0.020715
0.864484 -0.020652
0.871572 -0.020605
0.878498 -0.020571
0.885257 -0.020542
0.891847 -0.020518
0.898265 -0.020498
0.904508 -0.020477
0.910575 -0.020456
0.916461 -0.020432
0.922164 -0.020405
0.927682 -0.020373
0.933013 -0.020334
0.938153 -0.020292
0.943102 -0.020243
0.947856 -0.020187
0.952414 -0.020128
0.956773 -0.020062
0.960932 -0.019991
0.964888 -0.019918
0.968641 -0.019839
0.972188 -0.019758
0.975528 -0.019678
0.978660 -0.019595
0.981581 -0.019512
0.984292 -0.019432
0.986789 -0.019352
0.989074 -0.019276
0.991144 -0.019204
0.992998 -0.019137
0.994636 -0.019076
0.996057 -0.019022
0.997261 -0.018974
0.998246 -0.018934
0.999013 -0.018903
0.999561 -0.018881
0.999890 -0.018866
1.000000 -0.018861
