Repaneled_Airfoil
1.000000 0.034610
0.999890 0.034628
0.999561 0.034681
0.999013 0.034769
0.998246 0.034891
0.997261 0.035047
0.996057 0.035236
0.994636 0.035457
0.992998 0.035709
0.991144 0.035992
0.989074 0.036301
0.986789 0.036638
0.984292 0.037001
0.981581 0.037385
0.978660 0.037794
0.975528 0.038223
0.972188 0.038666
0.968641 0.039129
0.964888 0.039607
0.960932 0.040095
0.956773 0.040597
0.952414 0.041109
0.947856 0.041625
0.943102 0.042152
0.938153 0.042682
0.933013 0.043214
0.927682 0.043754
0.922164 0.044295
0.916461 0.044835
0.910575 0.045381
0.904508 0.045926
0.898265 0.046472
0.891847 0.047024
0.885257 0.047577
0.878498 0.048135
0.871572 0.048702
0.864484 0.049274
0.857236 0.049858
0.849832 0.050455
0.842274 0.051069
0.834565 0.051703
0.826710 0.052357
0.818712 0.053034
0.810574 0.053727
0.802300 0.054435
0.793893 0.055154
0.785357 0.055878
0.776696 0.056608
0.767913 0.057330
0.759014 0.058048
0.750000 0.058760
0.740877 0.059447
0.731648 0.060130
0.722318 0.060807
0.712890 0.061482
0.703368 0.062165
0.693758 0.062855
0.684062 0.063569
0.674286 0.064306
0.664433 0.065068
0.654508 0.065874
0.644516 0.066704
0.634460 0.067561
0.624345 0.068447
0.614175 0.069348
0.603956 0.070266
0.593691 0.071199
0.583384 0.072138
0.573042 0.073081
0.562667 0.074022
0.552264 0.074960
0.541839 0.075889
0.531395 0.076799
0.520938 0.077695
0.510471 0.078567
0.500000 0.079405
0.489529 0.080219
0.479062 0.080992
0.468605 0.081719
0.458161 0.082412
0.447736 0.083046
0.437333 0.083622
0.426958 0.084155
0.416616 0.084613
0.406309 0.085003
0.396044 0.085344
0.385825 0.085592
0.375655 0.085767
0.365540 0.085884
0.355484 0.085895
0.345492 0.085828
0.335567 0.085699
0.325714 0.085451
0.315938 0.085124
0.306242 0.084731
0.296632 0.084207
0.287110 0.083607
0.277682 0.082940
0.268352 0.082133
0.259123 0.081257
0.250000 0.080317
0.240986 0.079276
0.232087 0.078220
0.223304 0.077148
0.214643 0.076089
0.206107 0.075067
0.197700 0.074088
0.189426 0.073217
0.181288 0.072413
0.173290 0.071688
0.165435 0.071073
0.157726 0.070519
0.150168 0.070037
0.142764 0.069645
0.135516 0.069306
0.128428 0.069032
0.121502 0.068814
0.114743 0.068613
0.108153 0.068425
0.101735 0.068219
0.095492 0.067995
0.089425 0.067738
0.083539 0.067421
0.077836 0.067068
0.072318 0.066650
0.066987 0.066154
0.061847 0.065612
0.056898 0.064987
0.052144 0.064279
0.047586 0.063526
0.043227 0.062680
0.039068 0.061753
0.035112 0.060788
0.031359 0.059726
0.027812 0.058593
0.024472 0.057432
0.021340 0.056169
0.018419 0.054849
0.015708 0.053516
0.013211 0.052076
0.010926 0.050594
0.008856 0.049118
0.007002 0.047521
0.005364 0.045897
0.003943 0.044313
0.002739 0.042563
0.001754 0.040800
0.000987 0.039160
0.000439 0.037196
0.000110 0.035202
0.000000 0.034182
0.000110 0.032719
0.000439 0.030125
0.000987 0.028088
0.001754 0.026334
0.002739 0.024421
0.003943 0.022482
0.005364 0.020662
0.007002 0.018757
0.008856 0.016831
0.010926 0.014968
0.013211 0.013044
0.015708 0.011102
0.018419 0.009193
0.021340 0.007233
0.024472 0.005257
0.027812 0.003296
0.031359 0.001291
0.035112 -0.000726
0.039068 -0.002737
0.043227 -0.004784
0.047586 -0.006836
0.052144 -0.008880
0.056898 -0.010950
0.061847 -0.013011
0.066987 -0.015052
0.072318 -0.017103
0.077836 -0.019121
0.083539 -0.021099
0.089425 -0.023065
0.095492 -0.024963
0.101735 -0.026792
0.108153 -0.028581
0.114743 -0.030253
0.121502 -0.031821
0.128428 -0.033317
0.135516 -0.034645
0.142764 -0.035852
0.150168 -0.036971
0.157726 -0.037902
0.165435 -0.038707
0.173290 -0.039410
0.181288 -0.039904
0.189426 -0.040269
0.197700 -0.040522
0.206107 -0.040552
0.214643 -0.040465
0.223304 -0.040273
0.232087 -0.039907
0.240986 -0.039470
0.250000 -0.038963
0.259123 -0.038377
0.268352 -0.037780
0.277682 -0.037174
0.287110 -0.036589
0.296632 -0.036014
0.306242 -0.035450
0.315938 -0.034909
0.325714 -0.034377
0.335567 -0.033857
0.345492 -0.033357
0.355484 -0.032865
0.365540 -0.032384
0.375655 -0.031917
0.385825 -0.031457
0.396044 -0.031004
0.406309 -0.030558
0.416616 -0.030115
0.426958 -0.029675
0.437333 -0.029235
0.447736 -0.028793
0.458161 -0.028348
0.468605 -0.027894
0.479062 -0.027435
0.489529 -0.026963
0.500000 -0.026476
0.510471 -0.025976
0.520938 -0.025456
0.531395 -0.024912
0.541839 -0.024352
0.552264 -0.023761
0.562667 -0.023139
0.573042 -0.022496
0.583384 -0.021812
0.593691 -0.021093
0.603956 -0.020347
0.614175 -0.019551
0.624345 -0.018715
0.634460 -0.017849
0.644516 -0.016923
0.654508 -0.015955
0.664433 -0.014956
0.674286 -0.013888
0.684062 -0.012784
0.693758 -0.011652
0.703368 -0.010475
0.712890 -0.009285
0.722318 -0.008086
0.731648 -0.006874
0.740877 -0.005668
0.750000 -0.004470
0.759014 -0.003286
0.767913 -0.002116
0.776696 -0.000961
0.785357 0.000189
0.793893 0.001331
0.802300 0.002467
0.810574 0.003609
0.818712 0.004748
0.826710 0.005887
0.834565 0.007039
0.842274 0.008188
0.849832 0.009338
0.857236 0.010490
0.864484 0.011629
0.871572 0.012756
0.878498 0.013869
0.885257 0.014960
0.891847 0.016028
0.898265 0.017068
0.904508 0.018080
0.910575 0.019062
0.916461 0.020008
0.922164 0.020921
0.927682 0.021798
0.933013 0.022636
0.938153 0.023440
0.943102 0.024203
0.947856 0.024927
0.952414 0.025614
0.956773 0.026262
0.960932 0.026871
0.964888 0.027444
0.968641 0.027978
0.972188 0.028475
0.975528 0.028938
0.978660 0.029363
0.981581 0.029755
0.984292 0.030115
0.986789 0.030441
0.989074 0.030736
0.991144 0.031000
0.992998 0.031232
0.994636 0.031436
0.996057 0.031612
0.997261 0.031759
0.998246 0.031879
0.999013 0.031971
0.999561 0.032038
0.999890 0.032075
1.000000 0.032087
