Repaneled_Airfoil
1.000000 -0.021478
0.999890 -0.021459
0.999561 -0.021401
0.999013 -0.021306
0.998246 -0.021171
0.997261 -0.020999
0.996057 -0.020787
0.994636 -0.020535
0.992998 -0.020245
0.991144 -0.019914
0.989074 -0.019542
0.986789 -0.019130
0.984292 -0.018675
0.981581 -0.018176
0.978660 -0.017635
0.975528 -0.017048
0.972188 -0.016414
0.968641 -0.015735
0.964888 -0.015007
0.960932 -0.014225
0.956773 -0.013395
0.952414 -0.012509
0.947856 -0.011564
0.943102 -0.010564
0.938153 -0.009502
0.933013 -0.008372
0.927682 -0.007181
0.922164 -0.005915
0.916461 -0.004573
0.910575 -0.003162
0.904508 -0.001662
0.898265 -0.000073
0.891847 0.001595
0.885257 0.003369
0.878498 0.005245
0.871572 0.007212
0.864484 0.009308
0.857236 0.011522
0.849832 0.013838
0.842274 0.016314
0.834565 0.018915
0.826710 0.021625
0.818712 0.024469
0.810574 0.027391
0.802300 0.030382
0.793893 0.033417
0.785357 0.036468
0.776696 0.039533
0.767913 0.042527
0.759014 0.045471
0.750000 0.048368
0.740877 0.051111
0.731648 0.053801
0.722318 0.056429
0.712890 0.058926
0.703368 0.061375
0.693758 0.063766
0.684062 0.066052
0.674286 0.068300
0.664433 0.070498
0.654508 0.072608
0.644516 0.074676
0.634460 0.076687
0.624345 0.078603
0.614175 0.080471
0.603956 0.082269
0.593691 0.083968
0.583384 0.085612
0.573042 0.087177
0.562667 0.088639
0.552264 0.090041
0.541839 0.091353
0.531395 0.092561
0.520938 0.093705
0.510471 0.094749
0.500000 0.095688
0.489529 0.096559
0.479062 0.097324
0.468605 0.097983
0.458161 0.098573
0.447736 0.099047
0.437333 0.099419
0.426958 0.099720
0.416616 0.099899
0.406309 0.099980
0.396044 0.099989
0.385825 0.099872
0.375655 0.099661
0.365540 0.099378
0.355484 0.098966
0.345492 0.098465
0.335567 0.097895
0.325714 0.097193
0.315938 0.096410
0.306242 0.095560
0.296632 0.094577
0.287110 0.093521
0.277682 0.092402
0.268352 0.091150
0.259123 0.089835
0.250000 0.088463
0.240986 0.086970
0.232087 0.085438
0.223304 0.083866
0.214643 0.082219
0.206107 0.080555
0.197700 0.078871
0.189426 0.077150
0.181288 0.075431
0.173290 0.073712
0.165435 0.071991
0.157726 0.070291
0.150168 0.068613
0.142764 0.066963
0.135516 0.065348
0.128428 0.063771
0.121502 0.062243
0.114743 0.060756
0.108153 0.059307
0.101735 0.057877
0.095492 0.056469
0.089425 0.055070
0.083539 0.053664
0.077836 0.052267
0.072318 0.050857
0.066987 0.049425
0.061847 0.047994
0.056898 0.046537
0.052144 0.045049
0.047586 0.043561
0.043227 0.042035
0.039068 0.040479
0.035112 0.038927
0.031359 0.037326
0.027812 0.035699
0.024472 0.034082
0.021340 0.032408
0.018419 0.030715
0.015708 0.029044
0.013211 0.027304
0.010926 0.025554
0.008856 0.023841
0.007002 0.022040
0.005364 0.020241
0.003943 0.018510
0.002739 0.016644
0.001754 0.014796
0.000987 0.013096
0.000439 0.011123
0.000110 0.009286
0.000000 0.008387
0.000110 0.006735
0.000439 0.003924
0.000987 0.001970
0.001754 0.000308
0.002739 -0.001487
0.003943 -0.003285
0.005364 -0.004932
0.007002 -0.006634
0.008856 -0.008326
0.010926 -0.009917
0.013211 -0.011535
0.015708 -0.013134
0.018419 -0.014657
0.021340 -0.016194
0.024472 -0.017703
0.027812 -0.019149
0.031359 -0.020599
0.035112 -0.022015
0.039068 -0.023376
0.043227 -0.024731
0.047586 -0.026043
0.052144 -0.027300
0.056898 -0.028542
0.061847 -0.029731
0.066987 -0.030860
0.072318 -0.031963
0.077836 -0.032997
0.083539 -0.033961
0.089425 -0.034885
0.095492 -0.035720
0.101735 -0.036471
0.108153 -0.037166
0.114743 -0.037744
0.121502 -0.038220
0.128428 -0.038619
0.135516 -0.038868
0.142764 -0.039001
0.150168 -0.039044
0.157726 -0.038930
0.165435 -0.038713
0.173290 -0.038412
0.181288 -0.037964
0.189426 -0.037429
0.197700 -0.036819
0.206107 -0.036089
0.214643 -0.035296
0.223304 -0.034445
0.232087 -0.033506
0.240986 -0.032527
0.250000 -0.031509
0.259123 -0.030450
0.268352 -0.029379
0.277682 -0.028297
0.287110 -0.027225
0.296632 -0.026156
0.306242 -0.025093
0.315938 -0.024052
0.325714 -0.023021
0.335567 -0.022004
0.345492 -0.021019
0.355484 -0.020051
0.365540 -0.019106
0.375655 -0.018201
0.385825 -0.017318
0.396044 -0.016466
0.406309 -0.015660
0.416616 -0.014881
0.426958 -0.014141
0.437333 -0.013452
0.447736 -0.012795
0.458161 -0.012182
0.468605 -0.011624
0.479062 -0.011100
0.489529 -0.010628
0.500000 -0.010211
0.510471 -0.009829
0.520938 -0.009505
0.531395 -0.009236
0.541839 -0.009005
0.552264 -0.008833
0.562667 -0.008715
0.573042 -0.008634
0.583384 -0.008615
0.593691 -0.008647
0.603956 -0.008716
0.614175 -0.008847
0.624345 -0.009025
0.634460 -0.009237
0.644516 -0.009513
0.654508 -0.009830
0.664433 -0.010180
0.674286 -0.010591
0.684062 -0.011051
0.693758 -0.011551
0.703368 -0.012148
0.712890 -0.012809
0.722318 -0.013524
0.731648 -0.014370
0.740877 -0.015288
0.750000 -0.016272
0.759014 -0.017386
0.767913 -0.018526
0.776696 -0.019692
0.785357 -0.020866
0.793893 -0.022012
0.802300 -0.023127
0.810574 -0.024160
0.818712 -0.025127
0.826710 -0.026018
0.834565 -0.026771
0.842274 -0.027445
0.849832 -0.028024
0.857236 -0.028481
0.864484 -0.028873
0.871572 -0.029184
0.878498 -0.029403
0.885257 -0.029569
0.891847 -0.029671
0.898265 -0.029703
0.904508 -0.029696
0.910575 -0.029639
0.916461 -0.029532
0.922164 -0.029399
0.927682 -0.029229
0.933013 -0.029027
0.938153 -0.028809
0.943102 -0.028567
0.947856 -0.028307
0.952414 -0.028041
0.956773 -0.027762
0.960932 -0.027476
0.964888 -0.027192
0.968641 -0.026905
0.972188 -0.026621
0.975528 -0.026345
0.978660 -0.026075
0.981581 -0.025814
0.984292 -0.025567
0.986789 -0.025331
0.989074 -0.025112
0.991144 -0.024910
0.992998 -0.024724
0.994636 -0.024558
0.996057 -0.024413
0.997261 -0.024287
0.998246 -0.024184
0.999013 -0.024104
0.999561 -0.024046
0.999890 -0.024013
1.000000 -0.024003
