Repaneled_Airfoil
1.000000 0.007105
0.999890 0.007125
0.999561 0.007185
0.999013 0.007285
0.998246 0.007426
0.997261 0.007606
0.996057 0.007825
0.994636 0.008083
0.992998 0.008379
0.991144 0.008714
0.989074 0.009085
0.986789 0.009492
0.984292 0.009935
0.981581 0.010410
0.978660 0.010920
0.975528 0.011462
0.972188 0.012032
0.968641 0.012632
0.964888 0.013258
0.960932 0.013907
0.956773 0.014579
0.952414 0.015271
0.947856 0.015977
0.943102 0.016701
0.938153 0.017433
0.933013 0.018169
0.927682 0.018915
0.922164 0.019656
0.916461 0.020389
0.910575 0.021120
0.904508 0.021831
0.898265 0.022519
0.891847 0.023193
0.885257 0.023826
0.878498 0.024419
0.871572 0.024986
0.864484 0.025485
0.857236 0.025928
0.849832 0.026327
0.842274 0.026630
0.834565 0.026859
0.826710 0.027029
0.818712 0.027079
0.810574 0.027060
0.802300 0.026982
0.793893 0.026800
0.785357 0.026566
0.776696 0.026283
0.767913 0.025925
0.759014 0.025534
0.750000 0.025113
0.740877 0.024658
0.731648 0.024191
0.722318 0.023713
0.712890 0.023236
0.703368 0.022766
0.693758 0.022305
0.684062 0.021884
0.674286 0.021492
0.664433 0.021136
0.654508 0.020859
0.644516 0.020622
0.634460 0.020437
0.624345 0.020329
0.614175 0.020262
0.603956 0.020250
0.593691 0.020309
0.583384 0.020408
0.573042 0.020561
0.562667 0.020779
0.552264 0.021034
0.541839 0.021342
0.531395 0.021706
0.520938 0.022104
0.510471 0.022551
0.500000 0.023045
0.489529 0.023567
0.479062 0.024134
0.468605 0.024737
0.458161 0.025364
0.447736 0.026026
0.437333 0.026717
0.426958 0.027425
0.416616 0.028159
0.406309 0.028911
0.396044 0.029673
0.385825 0.030452
0.375655 0.031238
0.365540 0.032029
0.355484 0.032825
0.345492 0.033619
0.335567 0.034411
0.325714 0.035195
0.315938 0.035970
0.306242 0.036735
0.296632 0.037482
0.287110 0.038212
0.277682 0.038926
0.268352 0.039609
0.259123 0.040277
0.250000 0.040930
0.240986 0.041580
0.232087 0.042234
0.223304 0.042890
0.214643 0.043576
0.206107 0.044278
0.197700 0.044999
0.189426 0.045718
0.181288 0.046402
0.173290 0.047042
0.165435 0.047569
0.157726 0.048016
0.150168 0.048362
0.142764 0.048534
0.135516 0.048600
0.128428 0.048528
0.121502 0.048270
0.114743 0.047915
0.108153 0.047430
0.101735 0.046793
0.095492 0.046078
0.089425 0.045250
0.083539 0.044301
0.077836 0.043292
0.072318 0.042184
0.066987 0.040980
0.061847 0.039734
0.056898 0.038403
0.052144 0.036997
0.047586 0.035566
0.043227 0.034061
0.039068 0.032501
0.035112 0.030931
0.031359 0.029294
0.027812 0.027619
0.024472 0.025949
0.021340 0.024215
0.018419 0.022460
0.015708 0.020726
0.013211 0.018923
0.010926 0.017114
0.008856 0.015347
0.007002 0.013494
0.005364 0.011652
0.003943 0.009885
0.002739 0.007994
0.001754 0.006135
0.000987 0.004435
0.000439 0.002516
0.000110 0.000888
0.000000 0.000136
0.000110 -0.001840
0.000439 -0.005042
0.000987 -0.006915
0.001754 -0.008535
0.002739 -0.010286
0.003943 -0.012038
0.005364 -0.013637
0.007002 -0.015286
0.008856 -0.016920
0.010926 -0.018449
0.013211 -0.020001
0.015708 -0.021530
0.018419 -0.022983
0.021340 -0.024448
0.024472 -0.025887
0.027812 -0.027271
0.031359 -0.028662
0.035112 -0.030029
0.039068 -0.031361
0.043227 -0.032700
0.047586 -0.034021
0.052144 -0.035324
0.056898 -0.036640
0.061847 -0.037949
0.066987 -0.039260
0.072318 -0.040592
0.077836 -0.041933
0.083539 -0.043299
0.089425 -0.044698
0.095492 -0.046131
0.101735 -0.047614
0.108153 -0.049146
0.114743 -0.050746
0.121502 -0.052423
0.128428 -0.054168
0.135516 -0.055995
0.142764 -0.057862
0.150168 -0.059766
0.157726 -0.061673
0.165435 -0.063566
0.173290 -0.065448
0.181288 -0.067242
0.189426 -0.068962
0.197700 -0.070622
0.206107 -0.072127
0.214643 -0.073558
0.223304 -0.074924
0.232087 -0.076151
0.240986 -0.077320
0.250000 -0.078433
0.259123 -0.079434
0.268352 -0.080393
0.277682 -0.081307
0.287110 -0.082124
0.296632 -0.082895
0.306242 -0.083613
0.315938 -0.084233
0.325714 -0.084804
0.335567 -0.085314
0.345492 -0.085725
0.355484 -0.086083
0.365540 -0.086374
0.375655 -0.086564
0.385825 -0.086698
0.396044 -0.086757
0.406309 -0.086717
0.416616 -0.086618
0.426958 -0.086439
0.437333 -0.086159
0.447736 -0.085820
0.458161 -0.085394
0.468605 -0.084870
0.479062 -0.084284
0.489529 -0.083607
0.500000 -0.082834
0.510471 -0.081999
0.520938 -0.081068
0.531395 -0.080044
0.541839 -0.078960
0.552264 -0.077775
0.562667 -0.076503
0.573042 -0.075170
0.583384 -0.073735
0.593691 -0.072217
0.603956 -0.070642
0.614175 -0.068963
0.624345 -0.067208
0.634460 -0.065399
0.644516 -0.063485
0.654508 -0.061504
0.664433 -0.059473
0.674286 -0.057338
0.684062 -0.055149
0.693758 -0.052920
0.703368 -0.050614
0.712890 -0.048286
0.722318 -0.045944
0.731648 -0.043570
0.740877 -0.041202
0.750000 -0.038844
0.759014 -0.036497
0.767913 -0.034181
0.776696 -0.031898
0.785357 -0.029676
0.793893 -0.027514
0.802300 -0.025414
0.810574 -0.023419
0.818712 -0.021503
0.826710 -0.019674
0.834565 -0.017980
0.842274 -0.016375
0.849832 -0.014871
0.857236 -0.013492
0.864484 -0.012187
0.871572 -0.010968
0.878498 -0.009844
0.885257 -0.008781
0.891847 -0.007789
0.898265 -0.006868
0.904508 -0.005998
0.910575 -0.005184
0.916461 -0.004424
0.922164 -0.003705
0.927682 -0.003033
0.933013 -0.002402
0.938153 -0.001805
0.943102 -0.001247
0.947856 -0.000722
0.952414 -0.000225
0.956773 0.000240
0.960932 0.000677
0.964888 0.001089
0.968641 0.001474
0.972188 0.001834
0.975528 0.002171
0.978660 0.002484
0.981581 0.002775
0.984292 0.003044
0.986789 0.003290
0.989074 0.003514
0.991144 0.003718
0.992998 0.003899
0.994636 0.004059
0.996057 0.004198
0.997261 0.004316
0.998246 0.004412
0.999013 0.004486
0.999561 0.004540
0.999890 0.004569
1.000000 0.004578
