Repaneled_Airfoil
1.000000 0.022141
0.999890 0.022167
0.999561 0.022245
0.999013 0.022375
0.998246 0.022556
0.997261 0.022787
0.996057 0.023069
0.994636 0.023400
0.992998 0.023779
0.991144 0.024205
0.989074 0.024675
0.986789 0.025189
0.984292 0.025746
0.981581 0.026341
0.978660 0.026976
0.975528 0.027647
0.972188 0.028349
0.968641 0.029085
0.964888 0.029849
0.960932 0.030636
0.956773 0.031449
0.952414 0.032282
0.947856 0.033128
0.943102 0.033992
0.938153 0.034866
0.933013 0.035742
0.927682 0.036630
0.922164 0.037512
0.916461 0.038388
0.910575 0.039265
0.904508 0.040125
0.898265 0.040967
0.891847 0.041801
0.885257 0.042602
0.878498 0.043376
0.871572 0.044132
0.864484 0.044838
0.857236 0.045507
0.849832 0.046148
0.842274 0.046722
0.834565 0.047251
0.826710 0.047743
0.818712 0.048161
0.810574 0.048544
0.802300 0.048898
0.793893 0.049204
0.785357 0.049496
0.776696 0.049776
0.767913 0.050049
0.759014 0.050334
0.750000 0.050630
0.740877 0.050972
0.731648 0.051338
0.722318 0.051731
0.712890 0.052171
0.703368 0.052637
0.693758 0.053131
0.684062 0.053669
0.674286 0.054232
0.664433 0.054823
0.654508 0.055454
0.644516 0.056106
0.634460 0.056783
0.624345 0.057490
0.614175 0.058213
0.603956 0.058957
0.593691 0.059720
0.583384 0.060493
0.573042 0.061279
0.562667 0.062073
0.552264 0.062871
0.541839 0.063672
0.531395 0.064470
0.520938 0.065266
0.510471 0.066053
0.500000 0.066827
0.489529 0.067590
0.479062 0.068334
0.468605 0.069054
0.458161 0.069757
0.447736 0.070428
0.437333 0.071066
0.426958 0.071679
0.416616 0.072248
0.406309 0.072776
0.396044 0.073273
0.385825 0.073713
0.375655 0.074107
0.365540 0.074463
0.355484 0.074750
0.345492 0.074985
0.335567 0.075179
0.325714 0.075294
0.315938 0.075354
0.306242 0.075368
0.296632 0.075292
0.287110 0.075162
0.277682 0.074984
0.268352 0.074706
0.259123 0.074376
0.250000 0.073997
0.240986 0.073514
0.232087 0.072984
0.223304 0.072404
0.214643 0.071726
0.206107 0.071004
0.197700 0.070232
0.189426 0.069368
0.181288 0.068462
0.173290 0.067504
0.165435 0.066453
0.157726 0.065359
0.150168 0.064211
0.142764 0.062970
0.135516 0.061690
0.128428 0.060354
0.121502 0.058928
0.114743 0.057470
0.108153 0.055956
0.101735 0.054371
0.095492 0.052764
0.089425 0.051111
0.083539 0.049403
0.077836 0.047684
0.072318 0.045925
0.066987 0.044125
0.061847 0.042324
0.056898 0.040488
0.052144 0.038623
0.047586 0.036767
0.043227 0.034880
0.039068 0.032973
0.035112 0.031085
0.031359 0.029164
0.027812 0.027234
0.024472 0.025333
0.021340 0.023395
0.018419 0.021457
0.015708 0.019560
0.013211 0.017616
0.010926 0.015683
0.008856 0.013807
0.007002 0.011864
0.005364 0.009946
0.003943 0.008116
0.002739 0.006179
0.001754 0.004292
0.000987 0.002579
0.000439 0.000700
0.000110 -0.000805
0.000000 -0.001471
0.000110 -0.003719
0.000439 -0.007249
0.000987 -0.009044
0.001754 -0.010618
0.002739 -0.012319
0.003943 -0.014019
0.005364 -0.015558
0.007002 -0.017137
0.008856 -0.018691
0.010926 -0.020125
0.013211 -0.021569
0.015708 -0.022974
0.018419 -0.024284
0.021340 -0.025587
0.024472 -0.026843
0.027812 -0.028017
0.031359 -0.029175
0.035112 -0.030281
0.039068 -0.031313
0.043227 -0.032324
0.047586 -0.033279
0.052144 -0.034168
0.056898 -0.035033
0.061847 -0.035840
0.066987 -0.036589
0.072318 -0.037311
0.077836 -0.037977
0.083539 -0.038593
0.089425 -0.039183
0.095492 -0.039720
0.101735 -0.040218
0.108153 -0.040693
0.114743 -0.041122
0.121502 -0.041524
0.128428 -0.041909
0.135516 -0.042261
0.142764 -0.042594
0.150168 -0.042915
0.157726 -0.043205
0.165435 -0.043476
0.173290 -0.043731
0.181288 -0.043953
0.189426 -0.044154
0.197700 -0.044337
0.206107 -0.044480
0.214643 -0.044602
0.223304 -0.044706
0.232087 -0.044774
0.240986 -0.044825
0.250000 -0.044859
0.259123 -0.044864
0.268352 -0.044855
0.277682 -0.044832
0.287110 -0.044784
0.296632 -0.044723
0.306242 -0.044647
0.315938 -0.044546
0.325714 -0.044431
0.335567 -0.044300
0.345492 -0.044144
0.355484 -0.043972
0.365540 -0.043782
0.375655 -0.043564
0.385825 -0.043331
0.396044 -0.043076
0.406309 -0.042790
0.416616 -0.042487
0.426958 -0.042159
0.437333 -0.041798
0.447736 -0.041417
0.458161 -0.041005
0.468605 -0.040559
0.479062 -0.040091
0.489529 -0.039587
0.500000 -0.039046
0.510471 -0.038480
0.520938 -0.037874
0.531395 -0.037228
0.541839 -0.036555
0.552264 -0.035837
0.562667 -0.035078
0.573042 -0.034289
0.583384 -0.033451
0.593691 -0.032569
0.603956 -0.031658
0.614175 -0.030691
0.624345 -0.029682
0.634460 -0.028642
0.644516 -0.027542
0.654508 -0.026402
0.664433 -0.025231
0.674286 -0.023995
0.684062 -0.022723
0.693758 -0.021422
0.703368 -0.020057
0.712890 -0.018661
0.722318 -0.017240
0.731648 -0.015758
0.740877 -0.014251
0.750000 -0.012724
0.759014 -0.011139
0.767913 -0.009546
0.776696 -0.007945
0.785357 -0.006338
0.793893 -0.004753
0.802300 -0.003192
0.810574 -0.001676
0.818712 -0.000205
0.826710 0.001214
0.834565 0.002549
0.842274 0.003824
0.849832 0.005030
0.857236 0.006149
0.864484 0.007212
0.871572 0.008210
0.878498 0.009134
0.885257 0.010009
0.891847 0.010827
0.898265 0.011582
0.904508 0.012295
0.910575 0.012957
0.916461 0.013567
0.922164 0.014140
0.927682 0.014669
0.933013 0.015156
0.938153 0.015610
0.943102 0.016027
0.947856 0.016410
0.952414 0.016766
0.956773 0.017089
0.960932 0.017385
0.964888 0.017658
0.968641 0.017906
0.972188 0.018130
0.975528 0.018336
0.978660 0.018520
0.981581 0.018686
0.984292 0.018837
0.986789 0.018970
0.989074 0.019088
0.991144 0.019194
0.992998 0.019285
0.994636 0.019363
0.996057 0.019431
0.997261 0.019486
0.998246 0.019531
0.999013 0.019565
0.999561 0.019590
0.999890 0.019605
1.000000 0.019610
