Repaneled_Airfoil
1.000000 -0.011638
0.999890 -0.011613
0.999561 -0.011538
0.999013 -0.011414
0.998246 -0.011239
0.997261 -0.011015
0.996057 -0.010740
0.994636 -0.010416
0.992998 -0.010041
0.991144 -0.009617
0.989074 -0.009143
0.986789 -0.008620
0.984292 -0.008047
0.981581 -0.007424
0.978660 -0.006752
0.975528 -0.006031
0.972188 -0.005261
0.968641 -0.004443
0.964888 -0.003577
0.960932 -0.002664
0.956773 -0.001704
0.952414 -0.000698
0.947856 0.000352
0.943102 0.001447
0.938153 0.002585
0.933013 0.003763
0.927682 0.004982
0.922164 0.006240
0.916461 0.007532
0.910575 0.008861
0.904508 0.010222
0.898265 0.011611
0.891847 0.013031
0.885257 0.014472
0.878498 0.015935
0.871572 0.017421
0.864484 0.018916
0.857236 0.020422
0.849832 0.021943
0.842274 0.023458
0.834565 0.024974
0.826710 0.026495
0.818712 0.027995
0.810574 0.029488
0.802300 0.030979
0.793893 0.032437
0.785357 0.033882
0.776696 0.035318
0.767913 0.036708
0.759014 0.038081
0.750000 0.039436
0.740877 0.040736
0.731648 0.042018
0.722318 0.043281
0.712890 0.044501
0.703368 0.045707
0.693758 0.046896
0.684062 0.048055
0.674286 0.049206
0.664433 0.050346
0.654508 0.051467
0.644516 0.052579
0.634460 0.053678
0.624345 0.054754
0.614175 0.055818
0.603956 0.056862
0.593691 0.057879
0.583384 0.058881
0.573042 0.059858
0.562667 0.060803
0.552264 0.061728
0.541839 0.062624
0.531395 0.063483
0.520938 0.064319
0.510471 0.065120
0.500000 0.065881
0.489529 0.066615
0.479062 0.067307
0.468605 0.067957
0.458161 0.068576
0.447736 0.069148
0.437333 0.069674
0.426958 0.070168
0.416616 0.070608
0.406309 0.071000
0.396044 0.071358
0.385825 0.071655
0.375655 0.071904
0.365540 0.072117
0.355484 0.072262
0.345492 0.072360
0.335567 0.072420
0.325714 0.072407
0.315938 0.072348
0.306242 0.072249
0.296632 0.072073
0.287110 0.071853
0.277682 0.071593
0.268352 0.071251
0.259123 0.070868
0.250000 0.070448
0.240986 0.069957
0.232087 0.069440
0.223304 0.068896
0.214643 0.068307
0.206107 0.067705
0.197700 0.067086
0.189426 0.066440
0.181288 0.065781
0.173290 0.065105
0.165435 0.064383
0.157726 0.063640
0.150168 0.062867
0.142764 0.062034
0.135516 0.061173
0.128428 0.060272
0.121502 0.059303
0.114743 0.058306
0.108153 0.057261
0.101735 0.056149
0.095492 0.055010
0.089425 0.053820
0.083539 0.052566
0.077836 0.051290
0.072318 0.049961
0.066987 0.048575
0.061847 0.047171
0.056898 0.045715
0.052144 0.044209
0.047586 0.042693
0.043227 0.041124
0.039068 0.039515
0.035112 0.037906
0.031359 0.036242
0.027812 0.034550
0.024472 0.032867
0.021340 0.031127
0.018419 0.029368
0.015708 0.027634
0.013211 0.025836
0.010926 0.024031
0.008856 0.022268
0.007002 0.020422
0.005364 0.018585
0.003943 0.016824
0.002739 0.014937
0.001754 0.013079
0.000987 0.011378
0.000439 0.009453
0.000110 0.007798
0.000000 0.007027
0.000110 0.005098
0.000439 0.001951
0.000987 0.000064
0.001754 -0.001562
0.002739 -0.003319
0.003943 -0.005079
0.005364 -0.006685
0.007002 -0.008341
0.008856 -0.009982
0.010926 -0.011519
0.013211 -0.013078
0.015708 -0.014614
0.018419 -0.016071
0.021340 -0.017538
0.024472 -0.018975
0.027812 -0.020352
0.031359 -0.021731
0.035112 -0.023078
0.039068 -0.024376
0.043227 -0.025671
0.047586 -0.026934
0.052144 -0.028155
0.056898 -0.029370
0.061847 -0.030551
0.066987 -0.031696
0.072318 -0.032832
0.077836 -0.033932
0.083539 -0.034999
0.089425 -0.036055
0.095492 -0.037070
0.101735 -0.038054
0.108153 -0.039023
0.114743 -0.039947
0.121502 -0.040837
0.128428 -0.041708
0.135516 -0.042528
0.142764 -0.043308
0.150168 -0.044062
0.157726 -0.044750
0.165435 -0.045393
0.173290 -0.045999
0.181288 -0.046521
0.189426 -0.046987
0.197700 -0.047406
0.206107 -0.047720
0.214643 -0.047979
0.223304 -0.048189
0.232087 -0.048306
0.240986 -0.048381
0.250000 -0.048416
0.259123 -0.048384
0.268352 -0.048326
0.277682 -0.048241
0.287110 -0.048110
0.296632 -0.047958
0.306242 -0.047782
0.315938 -0.047566
0.325714 -0.047330
0.335567 -0.047071
0.345492 -0.046777
0.355484 -0.046465
0.365540 -0.046131
0.375655 -0.045767
0.385825 -0.045387
0.396044 -0.044987
0.406309 -0.044561
0.416616 -0.044120
0.426958 -0.043661
0.437333 -0.043180
0.447736 -0.042688
0.458161 -0.042177
0.468605 -0.041650
0.479062 -0.041111
0.489529 -0.040558
0.500000 -0.039990
0.510471 -0.039413
0.520938 -0.038822
0.531395 -0.038220
0.541839 -0.037610
0.552264 -0.036989
0.562667 -0.036358
0.573042 -0.035722
0.583384 -0.035075
0.593691 -0.034421
0.603956 -0.033764
0.614175 -0.033097
0.624345 -0.032424
0.634460 -0.031749
0.644516 -0.031066
0.654508 -0.030379
0.664433 -0.029691
0.674286 -0.028996
0.684062 -0.028304
0.693758 -0.027615
0.703368 -0.026936
0.712890 -0.026271
0.722318 -0.025620
0.731648 -0.024999
0.740877 -0.024402
0.750000 -0.023828
0.759014 -0.023300
0.767913 -0.022797
0.776696 -0.022321
0.785357 -0.021886
0.793893 -0.021474
0.802300 -0.021086
0.810574 -0.020734
0.818712 -0.020402
0.826710 -0.020091
0.834565 -0.019810
0.842274 -0.019544
0.849832 -0.019298
0.857236 -0.019070
0.864484 -0.018853
0.871572 -0.018649
0.878498 -0.018455
0.885257 -0.018268
0.891847 -0.018086
0.898265 -0.017910
0.904508 -0.017738
0.910575 -0.017569
0.916461 -0.017401
0.922164 -0.017236
0.927682 -0.017072
0.933013 -0.016908
0.938153 -0.016746
0.943102 -0.016584
0.947856 -0.016422
0.952414 -0.016264
0.956773 -0.016105
0.960932 -0.015949
0.964888 -0.015797
0.968641 -0.015646
0.972188 -0.015498
0.975528 -0.015356
0.978660 -0.015218
0.981581 -0.015086
0.984292 -0.014961
0.986789 -0.014842
0.989074 -0.014731
0.991144 -0.014629
0.992998 -0.014535
0.994636 -0.014451
0.996057 -0.014378
0.997261 -0.014314
0.998246 -0.014262
0.999013 -0.014221
0.999561 -0.014191
0.999890 -0.014174
1.000000 -0.014169
