Repaneled_Airfoil
1.000000 0.007222
0.999890 0.007227
0.999561 0.007240
0.999013 0.007261
0.998246 0.007288
0.997261 0.007321
0.996057 0.007358
0.994636 0.007395
0.992998 0.007432
0.991144 0.007468
0.989074 0.007494
0.986789 0.007513
0.984292 0.007522
0.981581 0.007510
0.978660 0.007484
0.975528 0.007438
0.972188 0.007362
0.968641 0.007266
0.964888 0.007140
0.960932 0.006976
0.956773 0.006787
0.952414 0.006563
0.947856 0.006300
0.943102 0.006010
0.938153 0.005685
0.933013 0.005326
0.927682 0.004943
0.922164 0.004532
0.916461 0.004103
0.910575 0.003660
0.904508 0.003209
0.898265 0.002763
0.891847 0.002322
0.885257 0.001910
0.878498 0.001539
0.871572 0.001202
0.864484 0.000951
0.857236 0.000791
0.849832 0.000707
0.842274 0.000796
0.834565 0.001040
0.826710 0.001414
0.818712 0.002049
0.810574 0.002853
0.802300 0.003803
0.793893 0.005018
0.785357 0.006388
0.776696 0.007901
0.767913 0.009665
0.759014 0.011562
0.750000 0.013589
0.740877 0.015819
0.731648 0.018135
0.722318 0.020540
0.712890 0.023034
0.703368 0.025557
0.693758 0.028106
0.684062 0.030624
0.674286 0.033110
0.664433 0.035550
0.654508 0.037888
0.644516 0.040178
0.634460 0.042402
0.624345 0.044520
0.614175 0.046583
0.603956 0.048568
0.593691 0.050446
0.583384 0.052263
0.573042 0.053993
0.562667 0.055612
0.552264 0.057167
0.541839 0.058626
0.531395 0.059974
0.520938 0.061255
0.510471 0.062432
0.500000 0.063499
0.489529 0.064495
0.479062 0.065380
0.468605 0.066158
0.458161 0.066865
0.447736 0.067455
0.437333 0.067942
0.426958 0.068355
0.416616 0.068648
0.406309 0.068842
0.396044 0.068965
0.385825 0.068962
0.375655 0.068866
0.365540 0.068700
0.355484 0.068408
0.345492 0.068029
0.335567 0.067583
0.325714 0.067008
0.315938 0.066354
0.306242 0.065637
0.296632 0.064791
0.287110 0.063875
0.277682 0.062898
0.268352 0.061795
0.259123 0.060631
0.250000 0.059411
0.240986 0.058045
0.232087 0.056605
0.223304 0.055088
0.214643 0.053387
0.206107 0.051599
0.197700 0.049712
0.189426 0.047622
0.181288 0.045445
0.173290 0.043164
0.165435 0.040766
0.157726 0.038362
0.150168 0.035954
0.142764 0.033601
0.135516 0.031332
0.128428 0.029172
0.121502 0.027247
0.114743 0.025482
0.108153 0.023921
0.101735 0.022536
0.095492 0.021249
0.089425 0.020068
0.083539 0.018960
0.077836 0.017899
0.072318 0.016875
0.066987 0.015863
0.061847 0.014865
0.056898 0.013860
0.052144 0.012833
0.047586 0.011802
0.043227 0.010732
0.039068 0.009623
0.035112 0.008504
0.031359 0.007325
0.027812 0.006101
0.024472 0.004867
0.021340 0.003557
0.018419 0.002203
0.015708 0.000847
0.013211 -0.000602
0.010926 -0.002087
0.008856 -0.003559
0.007002 -0.005149
0.005364 -0.006763
0.003943 -0.008334
0.002739 -0.010068
0.001754 -0.011809
0.000987 -0.013425
0.000439 -0.015322
0.000110 -0.017007
0.000000 -0.017808
0.000110 -0.019667
0.000439 -0.022751
0.000987 -0.024721
0.001754 -0.026456
0.002739 -0.028355
0.003943 -0.030287
0.005364 -0.032102
0.007002 -0.034000
0.008856 -0.035916
0.010926 -0.037761
0.013211 -0.039658
0.015708 -0.041561
0.018419 -0.043411
0.021340 -0.045297
0.024472 -0.047177
0.027812 -0.049010
0.031359 -0.050864
0.035112 -0.052697
0.039068 -0.054480
0.043227 -0.056266
0.047586 -0.058012
0.052144 -0.059696
0.056898 -0.061362
0.061847 -0.062962
0.066987 -0.064478
0.072318 -0.065954
0.077836 -0.067326
0.083539 -0.068586
0.089425 -0.069778
0.095492 -0.070820
0.101735 -0.071716
0.108153 -0.072510
0.114743 -0.073099
0.121502 -0.073504
0.128428 -0.073768
0.135516 -0.073758
0.142764 -0.073534
0.150168 -0.073146
0.157726 -0.072488
0.165435 -0.071665
0.173290 -0.070711
0.181288 -0.069571
0.189426 -0.068354
0.197700 -0.067075
0.206107 -0.065798
0.214643 -0.064578
0.223304 -0.063408
0.232087 -0.062348
0.240986 -0.061326
0.250000 -0.060340
0.259123 -0.059411
0.268352 -0.058488
0.277682 -0.057572
0.287110 -0.056662
0.296632 -0.055752
0.306242 -0.054844
0.315938 -0.053952
0.325714 -0.053067
0.335567 -0.052193
0.345492 -0.051345
0.355484 -0.050512
0.365540 -0.049699
0.375655 -0.048922
0.385825 -0.048166
0.396044 -0.047438
0.406309 -0.046756
0.416616 -0.046101
0.426958 -0.045483
0.437333 -0.044916
0.447736 -0.044381
0.458161 -0.043893
0.468605 -0.043461
0.479062 -0.043065
0.489529 -0.042724
0.500000 -0.042442
0.510471 -0.042198
0.520938 -0.042016
0.531395 -0.041896
0.541839 -0.041816
0.552264 -0.041804
0.562667 -0.041852
0.573042 -0.041941
0.583384 -0.042103
0.593691 -0.042323
0.603956 -0.042585
0.614175 -0.042921
0.624345 -0.043312
0.634460 -0.043744
0.644516 -0.044251
0.654508 -0.044808
0.664433 -0.045403
0.674286 -0.046065
0.684062 -0.046736
0.693758 -0.047411
0.703368 -0.048047
0.712890 -0.048632
0.722318 -0.049169
0.731648 -0.049573
0.740877 -0.049883
0.750000 -0.050105
0.759014 -0.050119
0.767913 -0.050024
0.776696 -0.049815
0.785357 -0.049380
0.793893 -0.048832
0.802300 -0.048157
0.810574 -0.047253
0.818712 -0.046236
0.826710 -0.045086
0.834565 -0.043715
0.842274 -0.042243
0.849832 -0.040643
0.857236 -0.038881
0.864484 -0.037063
0.871572 -0.035169
0.878498 -0.033195
0.885257 -0.031209
0.891847 -0.029197
0.898265 -0.027170
0.904508 -0.025165
0.910575 -0.023179
0.916461 -0.021223
0.922164 -0.019317
0.927682 -0.017461
0.933013 -0.015668
0.938153 -0.013940
0.943102 -0.012285
0.947856 -0.010709
0.952414 -0.009208
0.956773 -0.007792
0.960932 -0.006462
0.964888 -0.005210
0.968641 -0.004046
0.972188 -0.002965
0.975528 -0.001961
0.978660 -0.001042
0.981581 -0.000200
0.984292 0.000569
0.986789 0.001260
0.989074 0.001882
0.991144 0.002438
0.992998 0.002924
0.994636 0.003348
0.996057 0.003712
0.997261 0.004014
0.998246 0.004259
0.999013 0.004449
0.999561 0.004583
0.999890 0.004663
1.000000 0.004690
