Repaneled_Airfoil
1.000000 -0.010281
0.999890 -0.010255
0.999561 -0.010178
0.999013 -0.010049
0.998246 -0.009869
0.997261 -0.009637
0.996057 -0.009355
0.994636 -0.009022
0.992998 -0.008639
0.991144 -0.008206
0.989074 -0.007725
0.986789 -0.007194
0.984292 -0.006616
0.981581 -0.005990
0.978660 -0.005318
0.975528 -0.004599
0.972188 -0.003836
0.968641 -0.003029
0.964888 -0.002179
0.960932 -0.001287
0.956773 -0.000353
0.952414 0.000621
0.947856 0.001632
0.943102 0.002683
0.938153 0.003769
0.933013 0.004889
0.927682 0.006045
0.922164 0.007233
0.916461 0.008450
0.910575 0.009700
0.904508 0.010976
0.898265 0.012278
0.891847 0.013608
0.885257 0.014959
0.878498 0.016331
0.871572 0.017728
0.864484 0.019140
0.857236 0.020568
0.849832 0.022016
0.842274 0.023472
0.834565 0.024942
0.826710 0.026427
0.818712 0.027916
0.810574 0.029418
0.802300 0.030934
0.793893 0.032456
0.785357 0.033993
0.776696 0.035545
0.767913 0.037106
0.759014 0.038685
0.750000 0.040279
0.740877 0.041885
0.731648 0.043500
0.722318 0.045123
0.712890 0.046735
0.703368 0.048345
0.693758 0.049949
0.684062 0.051520
0.674286 0.053074
0.664433 0.054604
0.654508 0.056085
0.644516 0.057542
0.634460 0.058966
0.624345 0.060337
0.614175 0.061681
0.603956 0.062988
0.593691 0.064237
0.583384 0.065457
0.573042 0.066633
0.562667 0.067751
0.552264 0.068836
0.541839 0.069871
0.531395 0.070849
0.520938 0.071791
0.510471 0.072677
0.500000 0.073505
0.489529 0.074294
0.479062 0.075025
0.468605 0.075697
0.458161 0.076329
0.447736 0.076897
0.437333 0.077407
0.426958 0.077876
0.416616 0.078278
0.406309 0.078622
0.396044 0.078925
0.385825 0.079156
0.375655 0.079333
0.365540 0.079467
0.355484 0.079526
0.345492 0.079533
0.335567 0.079498
0.325714 0.079385
0.315938 0.079222
0.306242 0.079019
0.296632 0.078734
0.287110 0.078403
0.277682 0.078033
0.268352 0.077580
0.259123 0.077083
0.250000 0.076547
0.240986 0.075911
0.232087 0.075223
0.223304 0.074481
0.214643 0.073618
0.206107 0.072695
0.197700 0.071706
0.189426 0.070585
0.181288 0.069405
0.173290 0.068154
0.165435 0.066782
0.157726 0.065362
0.150168 0.063877
0.142764 0.062291
0.135516 0.060666
0.128428 0.058983
0.121502 0.057215
0.114743 0.055419
0.108153 0.053574
0.101735 0.051664
0.095492 0.049740
0.089425 0.047779
0.083539 0.045772
0.077836 0.043765
0.072318 0.041728
0.066987 0.039663
0.061847 0.037608
0.056898 0.035531
0.052144 0.033437
0.047586 0.031364
0.043227 0.029273
0.039068 0.027175
0.035112 0.025106
0.031359 0.023018
0.027812 0.020934
0.024472 0.018890
0.021340 0.016820
0.018419 0.014762
0.015708 0.012755
0.013211 0.010714
0.010926 0.008693
0.008856 0.006739
0.007002 0.004731
0.005364 0.002757
0.003943 0.000883
0.002739 -0.001083
0.001754 -0.002983
0.000987 -0.004696
0.000439 -0.006518
0.000110 -0.007912
0.000000 -0.008507
0.000110 -0.011058
0.000439 -0.014952
0.000987 -0.016661
0.001754 -0.018189
0.002739 -0.019844
0.003943 -0.021499
0.005364 -0.022991
0.007002 -0.024517
0.008856 -0.026010
0.010926 -0.027378
0.013211 -0.028748
0.015708 -0.030069
0.018419 -0.031285
0.021340 -0.032486
0.024472 -0.033630
0.027812 -0.034680
0.031359 -0.035704
0.035112 -0.036664
0.039068 -0.037538
0.043227 -0.038379
0.047586 -0.039151
0.052144 -0.039844
0.056898 -0.040499
0.061847 -0.041082
0.066987 -0.041594
0.072318 -0.042066
0.077836 -0.042466
0.083539 -0.042804
0.089425 -0.043102
0.095492 -0.043334
0.101735 -0.043513
0.108153 -0.043658
0.114743 -0.043746
0.121502 -0.043795
0.128428 -0.043817
0.135516 -0.043799
0.142764 -0.043758
0.150168 -0.043700
0.157726 -0.043616
0.165435 -0.043520
0.173290 -0.043415
0.181288 -0.043299
0.189426 -0.043181
0.197700 -0.043062
0.206107 -0.042951
0.214643 -0.042842
0.223304 -0.042735
0.232087 -0.042623
0.240986 -0.042503
0.250000 -0.042375
0.259123 -0.042218
0.268352 -0.042041
0.277682 -0.041841
0.287110 -0.041598
0.296632 -0.041333
0.306242 -0.041045
0.315938 -0.040720
0.325714 -0.040378
0.335567 -0.040014
0.345492 -0.039623
0.355484 -0.039217
0.365540 -0.038793
0.375655 -0.038348
0.385825 -0.037893
0.396044 -0.037424
0.406309 -0.036942
0.416616 -0.036452
0.426958 -0.035954
0.437333 -0.035448
0.447736 -0.034939
0.458161 -0.034426
0.468605 -0.033912
0.479062 -0.033397
0.489529 -0.032884
0.500000 -0.032374
0.510471 -0.031867
0.520938 -0.031366
0.531395 -0.030874
0.541839 -0.030387
0.552264 -0.029911
0.562667 -0.029446
0.573042 -0.028991
0.583384 -0.028550
0.593691 -0.028123
0.603956 -0.027707
0.614175 -0.027309
0.624345 -0.026927
0.634460 -0.026558
0.644516 -0.026210
0.654508 -0.025879
0.664433 -0.025561
0.674286 -0.025267
0.684062 -0.024985
0.693758 -0.024713
0.703368 -0.024449
0.712890 -0.024186
0.722318 -0.023924
0.731648 -0.023653
0.740877 -0.023375
0.750000 -0.023091
0.759014 -0.022784
0.767913 -0.022471
0.776696 -0.022151
0.785357 -0.021818
0.793893 -0.021484
0.802300 -0.021148
0.810574 -0.020811
0.818712 -0.020477
0.826710 -0.020147
0.834565 -0.019823
0.842274 -0.019505
0.849832 -0.019194
0.857236 -0.018890
0.864484 -0.018593
0.871572 -0.018302
0.878498 -0.018019
0.885257 -0.017741
0.891847 -0.017470
0.898265 -0.017207
0.904508 -0.016949
0.910575 -0.016698
0.916461 -0.016454
0.922164 -0.016216
0.927682 -0.015985
0.933013 -0.015760
0.938153 -0.015543
0.943102 -0.015333
0.947856 -0.015130
0.952414 -0.014934
0.956773 -0.014745
0.960932 -0.014565
0.964888 -0.014392
0.968641 -0.014228
0.972188 -0.014071
0.975528 -0.013923
0.978660 -0.013783
0.981581 -0.013653
0.984292 -0.013531
0.986789 -0.013418
0.989074 -0.013314
0.991144 -0.013220
0.992998 -0.013135
0.994636 -0.013060
0.996057 -0.012994
0.997261 -0.012939
0.998246 -0.012893
0.999013 -0.012858
0.999561 -0.012833
0.999890 -0.012818
1.000000 -0.012813
