Repaneled_Airfoil
1.000000 0.006297
0.999890 0.006320
0.999561 0.006387
0.999013 0.006498
0.998246 0.006653
0.997261 0.006853
0.996057 0.007095
0.994636 0.007380
0.992998 0.007707
0.991144 0.008075
0.989074 0.008483
0.986789 0.008931
0.984292 0.009417
0.981581 0.009939
0.978660 0.010498
0.975528 0.011092
0.972188 0.011717
0.968641 0.012375
0.964888 0.013065
0.960932 0.013781
0.956773 0.014527
0.952414 0.015298
0.947856 0.016092
0.943102 0.016911
0.938153 0.017751
0.933013 0.018610
0.927682 0.019489
0.922164 0.020385
0.916461 0.021294
0.910575 0.022221
0.904508 0.023159
0.898265 0.024109
0.891847 0.025073
0.885257 0.026042
0.878498 0.027020
0.871572 0.028010
0.864484 0.029003
0.857236 0.030002
0.849832 0.031011
0.842274 0.032019
0.834565 0.033034
0.826710 0.034056
0.818712 0.035077
0.810574 0.036103
0.802300 0.037136
0.793893 0.038165
0.785357 0.039200
0.776696 0.040240
0.767913 0.041277
0.759014 0.042319
0.750000 0.043366
0.740877 0.044411
0.731648 0.045461
0.722318 0.046515
0.712890 0.047566
0.703368 0.048620
0.693758 0.049677
0.684062 0.050731
0.674286 0.051787
0.664433 0.052844
0.654508 0.053897
0.644516 0.054949
0.634460 0.055998
0.624345 0.057036
0.614175 0.058068
0.603956 0.059091
0.593691 0.060095
0.583384 0.061089
0.573042 0.062066
0.562667 0.063018
0.552264 0.063955
0.541839 0.064868
0.531395 0.065750
0.520938 0.066611
0.510471 0.067439
0.500000 0.068231
0.489529 0.068997
0.479062 0.069721
0.468605 0.070404
0.458161 0.071056
0.447736 0.071658
0.437333 0.072213
0.426958 0.072733
0.416616 0.073196
0.406309 0.073608
0.396044 0.073982
0.385825 0.074288
0.375655 0.074541
0.365540 0.074754
0.355484 0.074891
0.345492 0.074975
0.335567 0.075015
0.325714 0.074973
0.315938 0.074877
0.306242 0.074736
0.296632 0.074506
0.287110 0.074224
0.277682 0.073896
0.268352 0.073474
0.259123 0.073004
0.250000 0.072489
0.240986 0.071884
0.232087 0.071242
0.223304 0.070561
0.214643 0.069808
0.206107 0.069026
0.197700 0.068212
0.189426 0.067339
0.181288 0.066445
0.173290 0.065525
0.165435 0.064557
0.157726 0.063575
0.150168 0.062571
0.142764 0.061529
0.135516 0.060476
0.128428 0.059405
0.121502 0.058303
0.114743 0.057193
0.108153 0.056061
0.101735 0.054889
0.095492 0.053706
0.089425 0.052491
0.083539 0.051232
0.077836 0.049961
0.072318 0.048652
0.066987 0.047298
0.061847 0.045934
0.056898 0.044526
0.052144 0.043077
0.047586 0.041621
0.043227 0.040119
0.039068 0.038579
0.035112 0.037040
0.031359 0.035449
0.027812 0.033828
0.024472 0.032217
0.021340 0.030547
0.018419 0.028857
0.015708 0.027187
0.013211 0.025449
0.010926 0.023700
0.008856 0.021989
0.007002 0.020188
0.005364 0.018390
0.003943 0.016659
0.002739 0.014793
0.001754 0.012942
0.000987 0.011238
0.000439 0.009254
0.000110 0.007363
0.000000 0.006427
0.000110 0.004837
0.000439 0.002103
0.000987 0.000138
0.001754 -0.001527
0.002739 -0.003327
0.003943 -0.005127
0.005364 -0.006776
0.007002 -0.008480
0.008856 -0.010173
0.010926 -0.011766
0.013211 -0.013387
0.015708 -0.014988
0.018419 -0.016514
0.021340 -0.018053
0.024472 -0.019565
0.027812 -0.021017
0.031359 -0.022472
0.035112 -0.023897
0.039068 -0.025270
0.043227 -0.026640
0.047586 -0.027972
0.052144 -0.029258
0.056898 -0.030535
0.061847 -0.031770
0.066987 -0.032959
0.072318 -0.034133
0.077836 -0.035256
0.083539 -0.036333
0.089425 -0.037387
0.095492 -0.038383
0.101735 -0.039327
0.108153 -0.040241
0.114743 -0.041083
0.121502 -0.041868
0.128428 -0.042614
0.135516 -0.043273
0.142764 -0.043870
0.150168 -0.044424
0.157726 -0.044888
0.165435 -0.045298
0.173290 -0.045664
0.181288 -0.045945
0.189426 -0.046177
0.197700 -0.046368
0.206107 -0.046481
0.214643 -0.046554
0.223304 -0.046592
0.232087 -0.046565
0.240986 -0.046507
0.250000 -0.046420
0.259123 -0.046286
0.268352 -0.046134
0.277682 -0.045962
0.287110 -0.045760
0.296632 -0.045543
0.306242 -0.045307
0.315938 -0.045046
0.325714 -0.044771
0.335567 -0.044480
0.345492 -0.044165
0.355484 -0.043837
0.365540 -0.043494
0.375655 -0.043130
0.385825 -0.042753
0.396044 -0.042362
0.406309 -0.041953
0.416616 -0.041532
0.426958 -0.041096
0.437333 -0.040643
0.447736 -0.040179
0.458161 -0.039701
0.468605 -0.039206
0.479062 -0.038700
0.489529 -0.038179
0.500000 -0.037643
0.510471 -0.037097
0.520938 -0.036534
0.531395 -0.035956
0.541839 -0.035369
0.552264 -0.034764
0.562667 -0.034144
0.573042 -0.033514
0.583384 -0.032867
0.593691 -0.032205
0.603956 -0.031533
0.614175 -0.030842
0.624345 -0.030136
0.634460 -0.029422
0.644516 -0.028686
0.654508 -0.027938
0.664433 -0.027181
0.674286 -0.026402
0.684062 -0.025612
0.693758 -0.024815
0.703368 -0.024001
0.712890 -0.023180
0.722318 -0.022356
0.731648 -0.021520
0.740877 -0.020682
0.750000 -0.019844
0.759014 -0.018998
0.767913 -0.018155
0.776696 -0.017316
0.785357 -0.016477
0.793893 -0.015645
0.802300 -0.014820
0.810574 -0.014001
0.818712 -0.013194
0.826710 -0.012398
0.834565 -0.011613
0.842274 -0.010842
0.849832 -0.010086
0.857236 -0.009345
0.864484 -0.008621
0.871572 -0.007915
0.878498 -0.007228
0.885257 -0.006559
0.891847 -0.005911
0.898265 -0.005285
0.904508 -0.004678
0.910575 -0.004094
0.916461 -0.003531
0.922164 -0.002990
0.927682 -0.002471
0.933013 -0.001975
0.938153 -0.001500
0.943102 -0.001047
0.947856 -0.000618
0.952414 -0.000209
0.956773 0.000178
0.960932 0.000543
0.964888 0.000888
0.968641 0.001210
0.972188 0.001512
0.975528 0.001794
0.978660 0.002056
0.981581 0.002298
0.984292 0.002521
0.986789 0.002724
0.989074 0.002909
0.991144 0.003075
0.992998 0.003223
0.994636 0.003352
0.996057 0.003464
0.997261 0.003559
0.998246 0.003636
0.999013 0.003696
0.999561 0.003738
0.999890 0.003762
1.000000 0.003769
