Repaneled_Airfoil
1.000000 -0.012605
0.999890 -0.012579
0.999561 -0.012501
0.999013 -0.012371
0.998246 -0.012188
0.997261 -0.011954
0.996057 -0.011667
0.994636 -0.011328
0.992998 -0.010937
0.991144 -0.010493
0.989074 -0.009997
0.986789 -0.009449
0.984292 -0.008848
0.981581 -0.008196
0.978660 -0.007492
0.975528 -0.006736
0.972188 -0.005929
0.968641 -0.005071
0.964888 -0.004163
0.960932 -0.003206
0.956773 -0.002201
0.952414 -0.001148
0.947856 -0.000049
0.943102 0.001095
0.938153 0.002281
0.933013 0.003508
0.927682 0.004775
0.922164 0.006077
0.916461 0.007412
0.910575 0.008780
0.904508 0.010174
0.898265 0.011591
0.891847 0.013033
0.885257 0.014486
0.878498 0.015948
0.871572 0.017426
0.864484 0.018896
0.857236 0.020362
0.849832 0.021829
0.842274 0.023267
0.834565 0.024686
0.826710 0.026094
0.818712 0.027464
0.810574 0.028828
0.802300 0.030190
0.793893 0.031543
0.785357 0.032911
0.776696 0.034294
0.767913 0.035711
0.759014 0.037170
0.750000 0.038668
0.740877 0.040235
0.731648 0.041829
0.722318 0.043451
0.712890 0.045074
0.703368 0.046689
0.693758 0.048292
0.684062 0.049823
0.674286 0.051309
0.664433 0.052732
0.654508 0.054039
0.644516 0.055290
0.634460 0.056470
0.624345 0.057551
0.614175 0.058583
0.603956 0.059547
0.593691 0.060431
0.583384 0.061273
0.573042 0.062058
0.562667 0.062780
0.552264 0.063470
0.541839 0.064114
0.531395 0.064716
0.520938 0.065295
0.510471 0.065843
0.500000 0.066368
0.489529 0.066880
0.479062 0.067378
0.468605 0.067871
0.458161 0.068363
0.447736 0.068858
0.437333 0.069364
0.426958 0.069880
0.416616 0.070418
0.406309 0.070981
0.396044 0.071563
0.385825 0.072185
0.375655 0.072842
0.365540 0.073527
0.355484 0.074270
0.345492 0.075055
0.335567 0.075873
0.325714 0.076764
0.315938 0.077702
0.306242 0.078676
0.296632 0.079734
0.287110 0.080838
0.277682 0.081981
0.268352 0.083209
0.259123 0.084454
0.250000 0.085713
0.240986 0.086962
0.232087 0.088173
0.223304 0.089347
0.214643 0.090422
0.206107 0.091426
0.197700 0.092350
0.189426 0.093132
0.181288 0.093827
0.173290 0.094423
0.165435 0.094861
0.157726 0.095207
0.150168 0.095444
0.142764 0.095518
0.135516 0.095500
0.128428 0.095364
0.121502 0.095074
0.114743 0.094702
0.108153 0.094219
0.101735 0.093604
0.095492 0.092921
0.089425 0.092136
0.083539 0.091239
0.077836 0.090288
0.072318 0.089245
0.066987 0.088110
0.061847 0.086934
0.056898 0.085675
0.052144 0.084342
0.047586 0.082981
0.043227 0.081546
0.039068 0.080054
0.035112 0.078548
0.031359 0.076973
0.027812 0.075356
0.024472 0.073741
0.021340 0.072058
0.018419 0.070349
0.015708 0.068658
0.013211 0.066894
0.010926 0.065118
0.008856 0.063381
0.007002 0.061556
0.005364 0.059737
0.003943 0.057989
0.002739 0.056113
0.001754 0.054262
0.000987 0.052567
0.000439 0.050636
0.000110 0.048963
0.000000 0.048181
0.000110 0.046288
0.000439 0.043185
0.000987 0.041288
0.001754 0.039654
0.002739 0.037887
0.003943 0.036117
0.005364 0.034498
0.007002 0.032827
0.008856 0.031167
0.010926 0.029607
0.013211 0.028020
0.015708 0.026453
0.018419 0.024956
0.021340 0.023444
0.024472 0.021952
0.027812 0.020511
0.031359 0.019057
0.035112 0.017623
0.039068 0.016221
0.043227 0.014808
0.047586 0.013409
0.052144 0.012026
0.056898 0.010629
0.061847 0.009239
0.066987 0.007849
0.072318 0.006441
0.077836 0.005028
0.083539 0.003600
0.089425 0.002147
0.095492 0.000675
0.101735 -0.000826
0.108153 -0.002361
0.114743 -0.003932
0.121502 -0.005548
0.128428 -0.007206
0.135516 -0.008914
0.142764 -0.010665
0.150168 -0.012455
0.157726 -0.014282
0.165435 -0.016140
0.173290 -0.018028
0.181288 -0.019934
0.189426 -0.021854
0.197700 -0.023789
0.206107 -0.025700
0.214643 -0.027590
0.223304 -0.029463
0.232087 -0.031241
0.240986 -0.032961
0.250000 -0.034625
0.259123 -0.036114
0.268352 -0.037516
0.277682 -0.038824
0.287110 -0.039943
0.296632 -0.040974
0.306242 -0.041903
0.315938 -0.042656
0.325714 -0.043324
0.335567 -0.043887
0.345492 -0.044288
0.355484 -0.044608
0.365540 -0.044826
0.375655 -0.044903
0.385825 -0.044905
0.396044 -0.044809
0.406309 -0.044595
0.416616 -0.044317
0.426958 -0.043952
0.437333 -0.043491
0.447736 -0.042978
0.458161 -0.042392
0.468605 -0.041738
0.479062 -0.041045
0.489529 -0.040299
0.500000 -0.039509
0.510471 -0.038695
0.520938 -0.037851
0.531395 -0.036989
0.541839 -0.036119
0.552264 -0.035243
0.562667 -0.034373
0.573042 -0.033512
0.583384 -0.032670
0.593691 -0.031856
0.603956 -0.031066
0.614175 -0.030323
0.624345 -0.029626
0.634460 -0.028966
0.644516 -0.028380
0.654508 -0.027853
0.664433 -0.027376
0.674286 -0.026994
0.684062 -0.026661
0.693758 -0.026365
0.703368 -0.026107
0.712890 -0.025851
0.722318 -0.025598
0.731648 -0.025317
0.740877 -0.025006
0.750000 -0.024668
0.759014 -0.024251
0.767913 -0.023807
0.776696 -0.023336
0.785357 -0.022834
0.793893 -0.022331
0.802300 -0.021829
0.810574 -0.021344
0.818712 -0.020881
0.826710 -0.020442
0.834565 -0.020055
0.842274 -0.019700
0.849832 -0.019383
0.857236 -0.019110
0.864484 -0.018861
0.871572 -0.018637
0.878498 -0.018441
0.885257 -0.018259
0.891847 -0.018093
0.898265 -0.017942
0.904508 -0.017800
0.910575 -0.017667
0.916461 -0.017540
0.922164 -0.017417
0.927682 -0.017299
0.933013 -0.017182
0.938153 -0.017068
0.943102 -0.016955
0.947856 -0.016842
0.952414 -0.016730
0.956773 -0.016618
0.960932 -0.016506
0.964888 -0.016395
0.968641 -0.016285
0.972188 -0.016177
0.975528 -0.016072
0.978660 -0.015967
0.981581 -0.015866
0.984292 -0.015770
0.986789 -0.015677
0.989074 -0.015590
0.991144 -0.015510
0.992998 -0.015435
0.994636 -0.015368
0.996057 -0.015309
0.997261 -0.015257
0.998246 -0.015214
0.999013 -0.015181
0.999561 -0.015156
0.999890 -0.015142
1.000000 -0.015137
