Repaneled_Airfoil
1.000000 0.030467
0.999890 0.030492
0.999561 0.030568
0.999013 0.030692
0.998246 0.030867
0.997261 0.031090
0.996057 0.031362
0.994636 0.031679
0.992998 0.032041
0.991144 0.032449
0.989074 0.032896
0.986789 0.033386
0.984292 0.033914
0.981581 0.034476
0.978660 0.035074
0.975528 0.035704
0.972188 0.036359
0.968641 0.037044
0.964888 0.037752
0.960932 0.038477
0.956773 0.039224
0.952414 0.039985
0.947856 0.040754
0.943102 0.041537
0.938153 0.042325
0.933013 0.043110
0.927682 0.043902
0.922164 0.044687
0.916461 0.045462
0.910575 0.046236
0.904508 0.046992
0.898265 0.047730
0.891847 0.048461
0.885257 0.049161
0.878498 0.049838
0.871572 0.050501
0.864484 0.051124
0.857236 0.051718
0.849832 0.052292
0.842274 0.052816
0.834565 0.053310
0.826710 0.053779
0.818712 0.054202
0.810574 0.054611
0.802300 0.055010
0.793893 0.055403
0.785357 0.055811
0.776696 0.056234
0.767913 0.056711
0.759014 0.057238
0.750000 0.057813
0.740877 0.058509
0.731648 0.059259
0.722318 0.060066
0.712890 0.060952
0.703368 0.061868
0.693758 0.062817
0.684062 0.063790
0.674286 0.064767
0.664433 0.065744
0.654508 0.066701
0.644516 0.067651
0.634460 0.068590
0.624345 0.069508
0.614175 0.070417
0.603956 0.071312
0.593691 0.072187
0.583384 0.073051
0.573042 0.073899
0.562667 0.074727
0.552264 0.075543
0.541839 0.076342
0.531395 0.077118
0.520938 0.077882
0.510471 0.078626
0.500000 0.079348
0.489529 0.080055
0.479062 0.080741
0.468605 0.081405
0.458161 0.082053
0.447736 0.082676
0.437333 0.083277
0.426958 0.083861
0.416616 0.084418
0.406309 0.084951
0.396044 0.085467
0.385825 0.085952
0.375655 0.086413
0.365540 0.086855
0.355484 0.087264
0.345492 0.087647
0.335567 0.088010
0.325714 0.088336
0.315938 0.088637
0.306242 0.088915
0.296632 0.089154
0.287110 0.089366
0.277682 0.089555
0.268352 0.089699
0.259123 0.089809
0.250000 0.089888
0.240986 0.089866
0.232087 0.089777
0.223304 0.089619
0.214643 0.089299
0.206107 0.088889
0.197700 0.088380
0.189426 0.087676
0.181288 0.086873
0.173290 0.085950
0.165435 0.084823
0.157726 0.083596
0.150168 0.082240
0.142764 0.080685
0.135516 0.079036
0.128428 0.077256
0.121502 0.075286
0.114743 0.073233
0.108153 0.071055
0.101735 0.068732
0.095492 0.066360
0.089425 0.063898
0.083539 0.061345
0.077836 0.058776
0.072318 0.056150
0.066987 0.053478
0.061847 0.050816
0.056898 0.048126
0.052144 0.045422
0.047586 0.042752
0.043227 0.040073
0.039068 0.037406
0.035112 0.034792
0.031359 0.032179
0.027812 0.029596
0.024472 0.027081
0.021340 0.024571
0.018419 0.022103
0.015708 0.019718
0.013211 0.017332
0.010926 0.015001
0.008856 0.012772
0.007002 0.010527
0.005364 0.008357
0.003943 0.006323
0.002739 0.004257
0.001754 0.002322
0.000987 0.000625
0.000439 -0.001000
0.000110 -0.002111
0.000000 -0.002541
0.000110 -0.006329
0.000439 -0.011719
0.000987 -0.013110
0.001754 -0.014457
0.002739 -0.015928
0.003943 -0.017413
0.005364 -0.018738
0.007002 -0.020079
0.008856 -0.021371
0.010926 -0.022515
0.013211 -0.023637
0.015708 -0.024687
0.018419 -0.025602
0.021340 -0.026474
0.024472 -0.027260
0.027812 -0.027921
0.031359 -0.028527
0.035112 -0.029039
0.039068 -0.029434
0.043227 -0.029767
0.047586 -0.030001
0.052144 -0.030128
0.056898 -0.030192
0.061847 -0.030160
0.066987 -0.030037
0.072318 -0.029855
0.077836 -0.029591
0.083539 -0.029259
0.089425 -0.028883
0.095492 -0.028452
0.101735 -0.027991
0.108153 -0.027510
0.114743 -0.027025
0.121502 -0.026563
0.128428 -0.026123
0.135516 -0.025763
0.142764 -0.025495
0.150168 -0.025297
0.157726 -0.025228
0.165435 -0.025242
0.173290 -0.025323
0.181288 -0.025521
0.189426 -0.025785
0.197700 -0.026107
0.206107 -0.026517
0.214643 -0.026965
0.223304 -0.027447
0.232087 -0.027961
0.240986 -0.028475
0.250000 -0.028990
0.259123 -0.029461
0.268352 -0.029898
0.277682 -0.030297
0.287110 -0.030615
0.296632 -0.030895
0.306242 -0.031131
0.315938 -0.031292
0.325714 -0.031415
0.335567 -0.031494
0.345492 -0.031503
0.355484 -0.031476
0.365540 -0.031403
0.375655 -0.031268
0.385825 -0.031099
0.396044 -0.030885
0.406309 -0.030616
0.416616 -0.030316
0.426958 -0.029973
0.437333 -0.029582
0.447736 -0.029162
0.458161 -0.028703
0.468605 -0.028203
0.479062 -0.027677
0.489529 -0.027116
0.500000 -0.026521
0.510471 -0.025904
0.520938 -0.025255
0.531395 -0.024579
0.541839 -0.023886
0.552264 -0.023165
0.562667 -0.022424
0.573042 -0.021669
0.583384 -0.020892
0.593691 -0.020101
0.603956 -0.019300
0.614175 -0.018482
0.624345 -0.017654
0.634460 -0.016821
0.644516 -0.015976
0.654508 -0.015126
0.664433 -0.014275
0.674286 -0.013415
0.684062 -0.012546
0.693758 -0.011669
0.703368 -0.010747
0.712890 -0.009789
0.722318 -0.008802
0.731648 -0.007726
0.740877 -0.006600
0.750000 -0.005427
0.759014 -0.004131
0.767913 -0.002792
0.776696 -0.001409
0.785357 0.000039
0.793893 0.001492
0.802300 0.002951
0.810574 0.004410
0.818712 0.005843
0.826710 0.007248
0.834565 0.008601
0.842274 0.009908
0.849832 0.011161
0.857236 0.012347
0.864484 0.013485
0.871572 0.014569
0.878498 0.015589
0.885257 0.016563
0.891847 0.017484
0.898265 0.018346
0.904508 0.019165
0.910575 0.019933
0.916461 0.020648
0.922164 0.021324
0.927682 0.021952
0.933013 0.022534
0.938153 0.023081
0.943102 0.023584
0.947856 0.024048
0.952414 0.024481
0.956773 0.024876
0.960932 0.025238
0.964888 0.025572
0.968641 0.025874
0.972188 0.026149
0.975528 0.026401
0.978660 0.026626
0.981581 0.026829
0.984292 0.027011
0.986789 0.027172
0.989074 0.027315
0.991144 0.027442
0.992998 0.027551
0.994636 0.027645
0.996057 0.027725
0.997261 0.027791
0.998246 0.027844
0.999013 0.027885
0.999561 0.027914
0.999890 0.027931
1.000000 0.027936
