Repaneled_Airfoil
1.000000 -0.007622
0.999890 -0.007593
0.999561 -0.007505
0.999013 -0.007358
0.998246 -0.007153
0.997261 -0.006889
0.996057 -0.006566
0.994636 -0.006184
0.992998 -0.005743
0.991144 -0.005242
0.989074 -0.004683
0.986789 -0.004064
0.984292 -0.003385
0.981581 -0.002646
0.978660 -0.001849
0.975528 -0.000992
0.972188 -0.000074
0.968641 0.000903
0.964888 0.001939
0.960932 0.003035
0.956773 0.004190
0.952414 0.005403
0.947856 0.006676
0.943102 0.008005
0.938153 0.009392
0.933013 0.010835
0.927682 0.012334
0.922164 0.013886
0.916461 0.015492
0.910575 0.017150
0.904508 0.018858
0.898265 0.020614
0.891847 0.022418
0.885257 0.024266
0.878498 0.026155
0.871572 0.028087
0.864484 0.030055
0.857236 0.032056
0.849832 0.034092
0.842274 0.036153
0.834565 0.038239
0.826710 0.040351
0.818712 0.042475
0.810574 0.044614
0.802300 0.046771
0.793893 0.048924
0.785357 0.051084
0.776696 0.053252
0.767913 0.055396
0.759014 0.057538
0.750000 0.059677
0.740877 0.061774
0.731648 0.063858
0.722318 0.065926
0.712890 0.067936
0.703368 0.069922
0.693758 0.071878
0.684062 0.073760
0.674286 0.075607
0.664433 0.077408
0.654508 0.079125
0.644516 0.080803
0.634460 0.082426
0.624345 0.083965
0.614175 0.085462
0.603956 0.086900
0.593691 0.088257
0.583384 0.089569
0.573042 0.090817
0.562667 0.091986
0.552264 0.093111
0.541839 0.094168
0.531395 0.095150
0.520938 0.096086
0.510471 0.096954
0.500000 0.097750
0.489529 0.098500
0.479062 0.099181
0.468605 0.099794
0.458161 0.100363
0.447736 0.100861
0.437333 0.101297
0.426958 0.101690
0.416616 0.102012
0.406309 0.102277
0.396044 0.102500
0.385825 0.102653
0.375655 0.102753
0.365540 0.102814
0.355484 0.102805
0.345492 0.102748
0.335567 0.102654
0.325714 0.102492
0.315938 0.102286
0.306242 0.102045
0.296632 0.101736
0.287110 0.101390
0.277682 0.101010
0.268352 0.100564
0.259123 0.100087
0.250000 0.099582
0.240986 0.099046
0.232087 0.098515
0.223304 0.097990
0.214643 0.097500
0.206107 0.097046
0.197700 0.096631
0.189426 0.096303
0.181288 0.096026
0.173290 0.095809
0.165435 0.095693
0.157726 0.095631
0.150168 0.095636
0.142764 0.095741
0.135516 0.095900
0.128428 0.096129
0.121502 0.096407
0.114743 0.096692
0.108153 0.096977
0.101735 0.097228
0.095492 0.097445
0.089425 0.097610
0.083539 0.097696
0.077836 0.097727
0.072318 0.097673
0.066987 0.097519
0.061847 0.097303
0.056898 0.096983
0.052144 0.096559
0.047586 0.096074
0.043227 0.095477
0.039068 0.094780
0.035112 0.094030
0.031359 0.093165
0.027812 0.092213
0.024472 0.091218
0.021340 0.090107
0.018419 0.088925
0.015708 0.087716
0.013211 0.086389
0.010926 0.085006
0.008856 0.083619
0.007002 0.082098
0.005364 0.080541
0.003943 0.079014
0.002739 0.077313
0.001754 0.075596
0.000987 0.073994
0.000439 0.072095
0.000110 0.070364
0.000000 0.069529
0.000110 0.067734
0.000439 0.064719
0.000987 0.062706
0.001754 0.060927
0.002739 0.058974
0.003943 0.056977
0.005364 0.055082
0.007002 0.053088
0.008856 0.051058
0.010926 0.049074
0.013211 0.047013
0.015708 0.044920
0.018419 0.042841
0.021340 0.040694
0.024472 0.038515
0.027812 0.036332
0.031359 0.034088
0.035112 0.031814
0.039068 0.029527
0.043227 0.027188
0.047586 0.024827
0.052144 0.022457
0.056898 0.020047
0.061847 0.017631
0.066987 0.015223
0.072318 0.012793
0.077836 0.010386
0.083539 0.008014
0.089425 0.005645
0.095492 0.003343
0.101735 0.001110
0.108153 -0.001085
0.114743 -0.003157
0.121502 -0.005117
0.128428 -0.007003
0.135516 -0.008716
0.142764 -0.010310
0.150168 -0.011817
0.157726 -0.013139
0.165435 -0.014341
0.173290 -0.015448
0.181288 -0.016359
0.189426 -0.017156
0.197700 -0.017854
0.206107 -0.018359
0.214643 -0.018763
0.223304 -0.019077
0.232087 -0.019226
0.240986 -0.019301
0.250000 -0.019306
0.259123 -0.019198
0.268352 -0.019051
0.277682 -0.018863
0.287110 -0.018615
0.296632 -0.018338
0.306242 -0.018029
0.315938 -0.017670
0.325714 -0.017286
0.335567 -0.016875
0.345492 -0.016425
0.355484 -0.015956
0.365540 -0.015464
0.375655 -0.014945
0.385825 -0.014412
0.396044 -0.013863
0.406309 -0.013299
0.416616 -0.012727
0.426958 -0.012147
0.437333 -0.011562
0.447736 -0.010976
0.458161 -0.010391
0.468605 -0.009812
0.479062 -0.009237
0.489529 -0.008673
0.500000 -0.008124
0.510471 -0.007586
0.520938 -0.007068
0.531395 -0.006573
0.541839 -0.006095
0.552264 -0.005646
0.562667 -0.005227
0.573042 -0.004830
0.583384 -0.004471
0.593691 -0.004147
0.603956 -0.003849
0.614175 -0.003597
0.624345 -0.003383
0.634460 -0.003199
0.644516 -0.003068
0.654508 -0.002977
0.664433 -0.002917
0.674286 -0.002916
0.684062 -0.002950
0.693758 -0.003013
0.703368 -0.003126
0.712890 -0.003264
0.722318 -0.003424
0.731648 -0.003622
0.740877 -0.003836
0.750000 -0.004066
0.759014 -0.004323
0.767913 -0.004589
0.776696 -0.004864
0.785357 -0.005153
0.793893 -0.005446
0.802300 -0.005741
0.810574 -0.006041
0.818712 -0.006338
0.826710 -0.006634
0.834565 -0.006926
0.842274 -0.007211
0.849832 -0.007491
0.857236 -0.007759
0.864484 -0.008019
0.871572 -0.008267
0.878498 -0.008500
0.885257 -0.008722
0.891847 -0.008930
0.898265 -0.009121
0.904508 -0.009300
0.910575 -0.009464
0.916461 -0.009610
0.922164 -0.009744
0.927682 -0.009862
0.933013 -0.009965
0.938153 -0.010056
0.943102 -0.010133
0.947856 -0.010196
0.952414 -0.010250
0.956773 -0.010290
0.960932 -0.010320
0.964888 -0.010343
0.968641 -0.010356
0.972188 -0.010361
0.975528 -0.010362
0.978660 -0.010355
0.981581 -0.010345
0.984292 -0.010332
0.986789 -0.010314
0.989074 -0.010295
0.991144 -0.010276
0.992998 -0.010256
0.994636 -0.010237
0.996057 -0.010219
0.997261 -0.010202
0.998246 -0.010189
0.999013 -0.010178
0.999561 -0.010169
0.999890 -0.010160
1.000000 -0.010155
