Repaneled_Airfoil
1.000000 0.025110
0.999890 0.025130
0.999561 0.025192
0.999013 0.025295
0.998246 0.025439
0.997261 0.025622
0.996057 0.025844
0.994636 0.026103
0.992998 0.026399
0.991144 0.026730
0.989074 0.027092
0.986789 0.027487
0.984292 0.027911
0.981581 0.028360
0.978660 0.028836
0.975528 0.029335
0.972188 0.029850
0.968641 0.030386
0.964888 0.030938
0.960932 0.031499
0.956773 0.032074
0.952414 0.032657
0.947856 0.033241
0.943102 0.033834
0.938153 0.034426
0.933013 0.035014
0.927682 0.035605
0.922164 0.036188
0.916461 0.036761
0.910575 0.037335
0.904508 0.037894
0.898265 0.038443
0.891847 0.038987
0.885257 0.039515
0.878498 0.040032
0.871572 0.040544
0.864484 0.041039
0.857236 0.041526
0.849832 0.042009
0.842274 0.042479
0.834565 0.042945
0.826710 0.043412
0.818712 0.043879
0.810574 0.044358
0.802300 0.044849
0.793893 0.045373
0.785357 0.045929
0.776696 0.046517
0.767913 0.047182
0.759014 0.047906
0.750000 0.048687
0.740877 0.049590
0.731648 0.050549
0.722318 0.051569
0.712890 0.052670
0.703368 0.053805
0.693758 0.054976
0.684062 0.056177
0.674286 0.057387
0.664433 0.058603
0.654508 0.059807
0.644516 0.061008
0.634460 0.062201
0.624345 0.063376
0.614175 0.064543
0.603956 0.065695
0.593691 0.066822
0.583384 0.067935
0.573042 0.069027
0.562667 0.070086
0.552264 0.071127
0.541839 0.072138
0.531395 0.073111
0.520938 0.074059
0.510471 0.074969
0.500000 0.075836
0.489529 0.076674
0.479062 0.077464
0.468605 0.078205
0.458161 0.078912
0.447736 0.079564
0.437333 0.080163
0.426958 0.080724
0.416616 0.081220
0.406309 0.081660
0.396044 0.082060
0.385825 0.082386
0.375655 0.082654
0.365540 0.082878
0.355484 0.083022
0.345492 0.083107
0.335567 0.083146
0.325714 0.083097
0.315938 0.082991
0.306242 0.082837
0.296632 0.082589
0.287110 0.082286
0.277682 0.081936
0.268352 0.081486
0.259123 0.080985
0.250000 0.080436
0.240986 0.079779
0.232087 0.079072
0.223304 0.078311
0.214643 0.077440
0.206107 0.076518
0.197700 0.075539
0.189426 0.074450
0.181288 0.073317
0.173290 0.072134
0.165435 0.070876
0.157726 0.069597
0.150168 0.068290
0.142764 0.066943
0.135516 0.065593
0.128428 0.064234
0.121502 0.062865
0.114743 0.061501
0.108153 0.060134
0.101735 0.058744
0.095492 0.057354
0.089425 0.055945
0.083539 0.054503
0.077836 0.053057
0.072318 0.051582
0.066987 0.050070
0.061847 0.048555
0.056898 0.047002
0.052144 0.045413
0.047586 0.043824
0.043227 0.042193
0.039068 0.040531
0.035112 0.038874
0.031359 0.037171
0.027812 0.035443
0.024472 0.033730
0.021340 0.031965
0.018419 0.030184
0.015708 0.028431
0.013211 0.026616
0.010926 0.024797
0.008856 0.023022
0.007002 0.021167
0.005364 0.019321
0.003943 0.017553
0.002739 0.015662
0.001754 0.013803
0.000987 0.012104
0.000439 0.010186
0.000110 0.008560
0.000000 0.007810
0.000110 0.005831
0.000439 0.002624
0.000987 0.000752
0.001754 -0.000868
0.002739 -0.002619
0.003943 -0.004371
0.005364 -0.005970
0.007002 -0.007618
0.008856 -0.009250
0.010926 -0.010775
0.013211 -0.012321
0.015708 -0.013842
0.018419 -0.015281
0.021340 -0.016728
0.024472 -0.018142
0.027812 -0.019491
0.031359 -0.020838
0.035112 -0.022148
0.039068 -0.023402
0.043227 -0.024648
0.047586 -0.025852
0.052144 -0.027005
0.056898 -0.028143
0.061847 -0.029233
0.066987 -0.030271
0.072318 -0.031289
0.077836 -0.032251
0.083539 -0.033158
0.089425 -0.034035
0.095492 -0.034844
0.101735 -0.035592
0.108153 -0.036300
0.114743 -0.036923
0.121502 -0.037476
0.128428 -0.037977
0.135516 -0.038371
0.142764 -0.038690
0.150168 -0.038953
0.157726 -0.039119
0.165435 -0.039230
0.173290 -0.039297
0.181288 -0.039294
0.189426 -0.039261
0.197700 -0.039202
0.206107 -0.039116
0.214643 -0.039020
0.223304 -0.038913
0.232087 -0.038787
0.240986 -0.038648
0.250000 -0.038498
0.259123 -0.038324
0.268352 -0.038136
0.277682 -0.037933
0.287110 -0.037706
0.296632 -0.037466
0.306242 -0.037211
0.315938 -0.036935
0.325714 -0.036649
0.335567 -0.036349
0.345492 -0.036033
0.355484 -0.035706
0.365540 -0.035368
0.375655 -0.035016
0.385825 -0.034655
0.396044 -0.034283
0.406309 -0.033900
0.416616 -0.033509
0.426958 -0.033107
0.437333 -0.032695
0.447736 -0.032277
0.458161 -0.031849
0.468605 -0.031411
0.479062 -0.030966
0.489529 -0.030512
0.500000 -0.030049
0.510471 -0.029579
0.520938 -0.029100
0.531395 -0.028611
0.541839 -0.028117
0.552264 -0.027611
0.562667 -0.027096
0.573042 -0.026576
0.583384 -0.026043
0.593691 -0.025501
0.603956 -0.024954
0.614175 -0.024393
0.624345 -0.023823
0.634460 -0.023246
0.644516 -0.022656
0.654508 -0.022057
0.664433 -0.021451
0.674286 -0.020829
0.684062 -0.020190
0.693758 -0.019536
0.703368 -0.018829
0.712890 -0.018083
0.722318 -0.017302
0.731648 -0.016428
0.740877 -0.015500
0.750000 -0.014522
0.759014 -0.013420
0.767913 -0.012270
0.776696 -0.011071
0.785357 -0.009791
0.793893 -0.008491
0.802300 -0.007168
0.810574 -0.005812
0.818712 -0.004460
0.826710 -0.003110
0.834565 -0.001765
0.842274 -0.000442
0.849832 0.000859
0.857236 0.002132
0.864484 0.003374
0.871572 0.004584
0.878498 0.005755
0.885257 0.006891
0.891847 0.007987
0.898265 0.009038
0.904508 0.010050
0.910575 0.011018
0.916461 0.011939
0.922164 0.012819
0.927682 0.013653
0.933013 0.014440
0.938153 0.015188
0.943102 0.015889
0.947856 0.016546
0.952414 0.017165
0.956773 0.017741
0.960932 0.018276
0.964888 0.018775
0.968641 0.019234
0.972188 0.019657
0.975528 0.020048
0.978660 0.020404
0.981581 0.020728
0.984292 0.021023
0.986789 0.021287
0.989074 0.021524
0.991144 0.021735
0.992998 0.021919
0.994636 0.022080
0.996057 0.022218
0.997261 0.022332
0.998246 0.022425
0.999013 0.022496
0.999561 0.022547
0.999890 0.022575
1.000000 0.022583
