Repaneled_Airfoil
1.000000 -0.000173
0.999890 -0.000146
0.999561 -0.000067
0.999013 0.000066
0.998246 0.000251
0.997261 0.000489
0.996057 0.000779
0.994636 0.001121
0.992998 0.001515
0.991144 0.001960
0.989074 0.002455
0.986789 0.003001
0.984292 0.003596
0.981581 0.004239
0.978660 0.004930
0.975528 0.005669
0.972188 0.006452
0.968641 0.007280
0.964888 0.008152
0.960932 0.009066
0.956773 0.010021
0.952414 0.011015
0.947856 0.012046
0.943102 0.013114
0.938153 0.014215
0.933013 0.015346
0.927682 0.016509
0.922164 0.017698
0.916461 0.018910
0.910575 0.020148
0.904508 0.021403
0.898265 0.022673
0.891847 0.023963
0.885257 0.025256
0.878498 0.026556
0.871572 0.027868
0.864484 0.029170
0.857236 0.030469
0.849832 0.031770
0.842274 0.033046
0.834565 0.034309
0.826710 0.035565
0.818712 0.036785
0.810574 0.037991
0.802300 0.039188
0.793893 0.040348
0.785357 0.041499
0.776696 0.042640
0.767913 0.043752
0.759014 0.044857
0.750000 0.045955
0.740877 0.047030
0.731648 0.048102
0.722318 0.049167
0.712890 0.050214
0.703368 0.051257
0.693758 0.052294
0.684062 0.053316
0.674286 0.054334
0.664433 0.055348
0.654508 0.056348
0.644516 0.057345
0.634460 0.058334
0.624345 0.059305
0.614175 0.060269
0.603956 0.061220
0.593691 0.062151
0.583384 0.063071
0.573042 0.063974
0.562667 0.064852
0.552264 0.065715
0.541839 0.066556
0.531395 0.067368
0.520938 0.068163
0.510471 0.068930
0.500000 0.069665
0.489529 0.070378
0.479062 0.071058
0.468605 0.071703
0.458161 0.072323
0.447736 0.072903
0.437333 0.073446
0.426958 0.073963
0.416616 0.074432
0.406309 0.074862
0.396044 0.075262
0.385825 0.075609
0.375655 0.075916
0.365540 0.076190
0.355484 0.076407
0.345492 0.076581
0.335567 0.076722
0.325714 0.076799
0.315938 0.076834
0.306242 0.076834
0.296632 0.076764
0.287110 0.076653
0.277682 0.076507
0.268352 0.076286
0.259123 0.076028
0.250000 0.075736
0.240986 0.075379
0.232087 0.074999
0.223304 0.074595
0.214643 0.074151
0.206107 0.073693
0.197700 0.073220
0.189426 0.072722
0.181288 0.072210
0.173290 0.071678
0.165435 0.071097
0.157726 0.070489
0.150168 0.069845
0.142764 0.069135
0.135516 0.068391
0.128428 0.067599
0.121502 0.066730
0.114743 0.065826
0.108153 0.064868
0.101735 0.063835
0.095492 0.062771
0.089425 0.061650
0.083539 0.060461
0.077836 0.059246
0.072318 0.057973
0.066987 0.056639
0.061847 0.055285
0.056898 0.053875
0.052144 0.052413
0.047586 0.050938
0.043227 0.049408
0.039068 0.047835
0.035112 0.046260
0.031359 0.044628
0.027812 0.042965
0.024472 0.041311
0.021340 0.039597
0.018419 0.037863
0.015708 0.036151
0.013211 0.034371
0.010926 0.032584
0.008856 0.030838
0.007002 0.029005
0.005364 0.027180
0.003943 0.025427
0.002739 0.023547
0.001754 0.021692
0.000987 0.019991
0.000439 0.018048
0.000110 0.016338
0.000000 0.015530
0.000110 0.013691
0.000439 0.010653
0.000987 0.008744
0.001754 0.007106
0.002739 0.005336
0.003943 0.003565
0.005364 0.001946
0.007002 0.000276
0.008856 -0.001381
0.010926 -0.002935
0.013211 -0.004513
0.015708 -0.006069
0.018419 -0.007549
0.021340 -0.009041
0.024472 -0.010505
0.027812 -0.011910
0.031359 -0.013319
0.035112 -0.014699
0.039068 -0.016032
0.043227 -0.017364
0.047586 -0.018665
0.052144 -0.019929
0.056898 -0.021190
0.061847 -0.022417
0.066987 -0.023614
0.072318 -0.024805
0.077836 -0.025963
0.083539 -0.027092
0.089425 -0.028213
0.095492 -0.029300
0.101735 -0.030361
0.108153 -0.031412
0.114743 -0.032425
0.121502 -0.033411
0.128428 -0.034384
0.135516 -0.035314
0.142764 -0.036212
0.150168 -0.037089
0.157726 -0.037907
0.165435 -0.038683
0.173290 -0.039427
0.181288 -0.040089
0.189426 -0.040696
0.197700 -0.041256
0.206107 -0.041711
0.214643 -0.042110
0.223304 -0.042460
0.232087 -0.042714
0.240986 -0.042925
0.250000 -0.043096
0.259123 -0.043193
0.268352 -0.043263
0.277682 -0.043302
0.287110 -0.043288
0.296632 -0.043249
0.306242 -0.043181
0.315938 -0.043066
0.325714 -0.042927
0.335567 -0.042759
0.345492 -0.042548
0.355484 -0.042314
0.365540 -0.042053
0.375655 -0.041752
0.385825 -0.041431
0.396044 -0.041082
0.406309 -0.040699
0.416616 -0.040297
0.426958 -0.039868
0.437333 -0.039409
0.447736 -0.038932
0.458161 -0.038431
0.468605 -0.037904
0.479062 -0.037360
0.489529 -0.036793
0.500000 -0.036204
0.510471 -0.035600
0.520938 -0.034975
0.531395 -0.034331
0.541839 -0.033673
0.552264 -0.032996
0.562667 -0.032302
0.573042 -0.031598
0.583384 -0.030876
0.593691 -0.030140
0.603956 -0.029394
0.614175 -0.028633
0.624345 -0.027860
0.634460 -0.027080
0.644516 -0.026285
0.654508 -0.025481
0.664433 -0.024673
0.674286 -0.023851
0.684062 -0.023024
0.693758 -0.022196
0.703368 -0.021362
0.712890 -0.020530
0.722318 -0.019703
0.731648 -0.018880
0.740877 -0.018065
0.750000 -0.017259
0.759014 -0.016466
0.767913 -0.015688
0.776696 -0.014925
0.785357 -0.014190
0.793893 -0.013477
0.802300 -0.012788
0.810574 -0.012138
0.818712 -0.011516
0.826710 -0.010925
0.834565 -0.010380
0.842274 -0.009864
0.849832 -0.009382
0.857236 -0.008939
0.864484 -0.008520
0.871572 -0.008128
0.878498 -0.007765
0.885257 -0.007422
0.891847 -0.007099
0.898265 -0.006798
0.904508 -0.006513
0.910575 -0.006244
0.916461 -0.005991
0.922164 -0.005750
0.927682 -0.005523
0.933013 -0.005307
0.938153 -0.005102
0.943102 -0.004907
0.947856 -0.004722
0.952414 -0.004546
0.956773 -0.004378
0.960932 -0.004219
0.964888 -0.004067
0.968641 -0.003924
0.972188 -0.003789
0.975528 -0.003661
0.978660 -0.003541
0.981581 -0.003428
0.984292 -0.003324
0.986789 -0.003227
0.989074 -0.003138
0.991144 -0.003057
0.992998 -0.002984
0.994636 -0.002919
0.996057 -0.002863
0.997261 -0.002815
0.998246 -0.002776
0.999013 -0.002745
0.999561 -0.002723
0.999890 -0.002709
1.000000 -0.002704
