Repaneled_Airfoil
1.000000 0.008493
0.999890 0.008509
0.999561 0.008558
0.999013 0.008640
0.998246 0.008753
0.997261 0.008897
0.996057 0.009070
0.994636 0.009272
0.992998 0.009502
0.991144 0.009758
0.989074 0.010036
0.986789 0.010338
0.984292 0.010661
0.981581 0.011000
0.978660 0.011357
0.975528 0.011730
0.972188 0.012112
0.968641 0.012508
0.964888 0.012915
0.960932 0.013326
0.956773 0.013749
0.952414 0.014176
0.947856 0.014606
0.943102 0.015046
0.938153 0.015490
0.933013 0.015939
0.927682 0.016398
0.922164 0.016864
0.916461 0.017342
0.910575 0.017835
0.904508 0.018345
0.898265 0.018880
0.891847 0.019437
0.885257 0.020031
0.878498 0.020666
0.871572 0.021339
0.864484 0.022077
0.857236 0.022881
0.849832 0.023744
0.842274 0.024715
0.834565 0.025783
0.826710 0.026935
0.818712 0.028242
0.810574 0.029666
0.802300 0.031194
0.793893 0.032916
0.785357 0.034770
0.776696 0.036749
0.767913 0.038963
0.759014 0.041326
0.750000 0.043831
0.740877 0.046557
0.731648 0.049364
0.722318 0.052255
0.712890 0.055188
0.703368 0.058116
0.693758 0.061028
0.684062 0.063807
0.674286 0.066494
0.664433 0.069060
0.654508 0.071411
0.644516 0.073659
0.634460 0.075774
0.624345 0.077698
0.614175 0.079525
0.603956 0.081223
0.593691 0.082756
0.583384 0.084202
0.573042 0.085527
0.562667 0.086715
0.552264 0.087829
0.541839 0.088835
0.531395 0.089734
0.520938 0.090570
0.510471 0.091318
0.500000 0.091987
0.489529 0.092609
0.479062 0.093165
0.468605 0.093669
0.458161 0.094144
0.447736 0.094576
0.437333 0.094984
0.426958 0.095377
0.416616 0.095756
0.406309 0.096134
0.396044 0.096513
0.385825 0.096906
0.375655 0.097318
0.365540 0.097746
0.355484 0.098215
0.345492 0.098720
0.335567 0.099254
0.325714 0.099855
0.315938 0.100504
0.306242 0.101191
0.296632 0.101967
0.287110 0.102798
0.277682 0.103675
0.268352 0.104651
0.259123 0.105637
0.250000 0.106629
0.240986 0.107537
0.232087 0.108356
0.223304 0.109082
0.214643 0.109578
0.206107 0.109932
0.197700 0.110126
0.189426 0.110037
0.181288 0.109818
0.173290 0.109449
0.165435 0.108875
0.157726 0.108212
0.150168 0.107440
0.142764 0.106533
0.135516 0.105571
0.128428 0.104540
0.121502 0.103431
0.114743 0.102292
0.108153 0.101105
0.101735 0.099853
0.095492 0.098579
0.089425 0.097261
0.083539 0.095887
0.077836 0.094498
0.072318 0.093068
0.066987 0.091591
0.061847 0.090105
0.056898 0.088578
0.052144 0.087014
0.047586 0.085448
0.043227 0.083840
0.039068 0.082203
0.035112 0.080573
0.031359 0.078897
0.027812 0.077200
0.024472 0.075518
0.021340 0.073785
0.018419 0.072038
0.015708 0.070318
0.013211 0.068536
0.010926 0.066749
0.008856 0.065004
0.007002 0.063174
0.005364 0.061351
0.003943 0.059600
0.002739 0.057717
0.001754 0.055852
0.000987 0.054139
0.000439 0.052148
0.000110 0.050258
0.000000 0.049325
0.000110 0.047726
0.000439 0.044984
0.000987 0.043026
0.001754 0.041369
0.002739 0.039581
0.003943 0.037794
0.005364 0.036163
0.007002 0.034481
0.008856 0.032813
0.010926 0.031249
0.013211 0.029664
0.015708 0.028104
0.018419 0.026626
0.021340 0.025141
0.024472 0.023688
0.027812 0.022304
0.031359 0.020922
0.035112 0.019579
0.039068 0.018296
0.043227 0.017022
0.047586 0.015792
0.052144 0.014616
0.056898 0.013453
0.061847 0.012339
0.066987 0.011272
0.072318 0.010223
0.077836 0.009223
0.083539 0.008268
0.089425 0.007331
0.095492 0.006446
0.101735 0.005598
0.108153 0.004772
0.114743 0.003994
0.121502 0.003249
0.128428 0.002524
0.135516 0.001843
0.142764 0.001174
0.150168 0.000506
0.157726 -0.000176
0.165435 -0.000904
0.173290 -0.001676
0.181288 -0.002565
0.189426 -0.003576
0.197700 -0.004694
0.206107 -0.006013
0.214643 -0.007404
0.223304 -0.008861
0.232087 -0.010341
0.240986 -0.011796
0.250000 -0.013227
0.259123 -0.014501
0.268352 -0.015682
0.277682 -0.016762
0.287110 -0.017642
0.296632 -0.018429
0.306242 -0.019110
0.315938 -0.019608
0.325714 -0.020019
0.335567 -0.020325
0.345492 -0.020473
0.355484 -0.020543
0.365540 -0.020516
0.375655 -0.020360
0.385825 -0.020137
0.396044 -0.019831
0.406309 -0.019427
0.416616 -0.018974
0.426958 -0.018456
0.437333 -0.017876
0.447736 -0.017265
0.458161 -0.016616
0.468605 -0.015941
0.479062 -0.015255
0.489529 -0.014563
0.500000 -0.013881
0.510471 -0.013211
0.520938 -0.012570
0.531395 -0.011974
0.541839 -0.011413
0.552264 -0.010920
0.562667 -0.010503
0.573042 -0.010144
0.583384 -0.009893
0.593691 -0.009745
0.603956 -0.009675
0.614175 -0.009751
0.624345 -0.009951
0.634460 -0.010245
0.644516 -0.010724
0.654508 -0.011339
0.664433 -0.012060
0.674286 -0.012978
0.684062 -0.013964
0.693758 -0.014999
0.703368 -0.016059
0.712890 -0.017081
0.722318 -0.018068
0.731648 -0.018927
0.740877 -0.019680
0.750000 -0.020333
0.759014 -0.020753
0.767913 -0.021060
0.776696 -0.021250
0.785357 -0.021238
0.793893 -0.021132
0.802300 -0.020922
0.810574 -0.020545
0.818712 -0.020091
0.826710 -0.019550
0.834565 -0.018876
0.842274 -0.018146
0.849832 -0.017346
0.857236 -0.016459
0.864484 -0.015542
0.871572 -0.014585
0.878498 -0.013584
0.885257 -0.012577
0.891847 -0.011555
0.898265 -0.010524
0.904508 -0.009504
0.910575 -0.008491
0.916461 -0.007493
0.922164 -0.006519
0.927682 -0.005569
0.933013 -0.004650
0.938153 -0.003764
0.943102 -0.002913
0.947856 -0.002101
0.952414 -0.001326
0.956773 -0.000594
0.960932 0.000096
0.964888 0.000747
0.968641 0.001353
0.972188 0.001918
0.975528 0.002444
0.978660 0.002927
0.981581 0.003370
0.984292 0.003776
0.986789 0.004141
0.989074 0.004471
0.991144 0.004767
0.992998 0.005026
0.994636 0.005253
0.996057 0.005447
0.997261 0.005609
0.998246 0.005741
0.999013 0.005843
0.999561 0.005915
0.999890 0.005958
1.000000 0.005971
