Repaneled_Airfoil
1.000000 -0.000673
0.999890 -0.000649
0.999561 -0.000577
0.999013 -0.000456
0.998246 -0.000286
0.997261 -0.000069
0.996057 0.000198
0.994636 0.000514
0.992998 0.000879
0.991144 0.001293
0.989074 0.001758
0.986789 0.002272
0.984292 0.002837
0.981581 0.003453
0.978660 0.004121
0.975528 0.004840
0.972188 0.005612
0.968641 0.006435
0.964888 0.007312
0.960932 0.008243
0.956773 0.009227
0.952414 0.010266
0.947856 0.011361
0.943102 0.012509
0.938153 0.013714
0.933013 0.014976
0.927682 0.016292
0.922164 0.017666
0.916461 0.019098
0.910575 0.020584
0.904508 0.022129
0.898265 0.023732
0.891847 0.025390
0.885257 0.027108
0.878498 0.028882
0.871572 0.030710
0.864484 0.032599
0.857236 0.034543
0.849832 0.036539
0.842274 0.038596
0.834565 0.040704
0.826710 0.042860
0.818712 0.045064
0.810574 0.047302
0.802300 0.049573
0.793893 0.051860
0.785357 0.054160
0.776696 0.056475
0.767913 0.058763
0.759014 0.061042
0.750000 0.063312
0.740877 0.065519
0.731648 0.067708
0.722318 0.069874
0.712890 0.071973
0.703368 0.074048
0.693758 0.076092
0.684062 0.078065
0.674286 0.080010
0.664433 0.081916
0.654508 0.083749
0.644516 0.085547
0.634460 0.087297
0.624345 0.088971
0.614175 0.090605
0.603956 0.092183
0.593691 0.093682
0.583384 0.095137
0.573042 0.096528
0.562667 0.097837
0.552264 0.099100
0.541839 0.100291
0.531395 0.101400
0.520938 0.102457
0.510471 0.103437
0.500000 0.104336
0.489529 0.105181
0.479062 0.105942
0.468605 0.106623
0.458161 0.107248
0.447736 0.107784
0.437333 0.108241
0.426958 0.108643
0.416616 0.108951
0.406309 0.109182
0.396044 0.109358
0.385825 0.109437
0.375655 0.109442
0.365540 0.109393
0.355484 0.109242
0.345492 0.109023
0.335567 0.108751
0.325714 0.108375
0.315938 0.107937
0.306242 0.107447
0.296632 0.106852
0.287110 0.106200
0.277682 0.105498
0.268352 0.104693
0.259123 0.103835
0.250000 0.102932
0.240986 0.101916
0.232087 0.100848
0.223304 0.099728
0.214643 0.098487
0.206107 0.097193
0.197700 0.095839
0.189426 0.094363
0.181288 0.092841
0.173290 0.091261
0.165435 0.089599
0.157726 0.087918
0.150168 0.086210
0.142764 0.084466
0.135516 0.082726
0.128428 0.080984
0.121502 0.079245
0.114743 0.077526
0.108153 0.075820
0.101735 0.074113
0.095492 0.072423
0.089425 0.070735
0.083539 0.069036
0.077836 0.067350
0.072318 0.065657
0.066987 0.063948
0.061847 0.062251
0.056898 0.060537
0.052144 0.058806
0.047586 0.057088
0.043227 0.055347
0.039068 0.053589
0.035112 0.051848
0.031359 0.050075
0.027812 0.048290
0.024472 0.046527
0.021340 0.044724
0.018419 0.042913
0.015708 0.041134
0.013211 0.039300
0.010926 0.037467
0.008856 0.035681
0.007002 0.033818
0.005364 0.031966
0.003943 0.030191
0.002739 0.028292
0.001754 0.026419
0.000987 0.024704
0.000439 0.022743
0.000110 0.021000
0.000000 0.020171
0.000110 0.018374
0.000439 0.015389
0.000987 0.013474
0.001754 0.011839
0.002739 0.010075
0.003943 0.008314
0.005364 0.006709
0.007002 0.005057
0.008856 0.003423
0.010926 0.001900
0.013211 0.000358
0.015708 -0.001153
0.018419 -0.002576
0.021340 -0.004002
0.024472 -0.005389
0.027812 -0.006699
0.031359 -0.007999
0.035112 -0.009253
0.039068 -0.010436
0.043227 -0.011601
0.047586 -0.012709
0.052144 -0.013749
0.056898 -0.014762
0.061847 -0.015709
0.066987 -0.016587
0.072318 -0.017429
0.077836 -0.018195
0.083539 -0.018887
0.089425 -0.019535
0.095492 -0.020094
0.101735 -0.020574
0.108153 -0.021001
0.114743 -0.021323
0.121502 -0.021558
0.128428 -0.021729
0.135516 -0.021779
0.142764 -0.021738
0.150168 -0.021629
0.157726 -0.021407
0.165435 -0.021119
0.173290 -0.020777
0.181288 -0.020358
0.189426 -0.019904
0.197700 -0.019421
0.206107 -0.018917
0.214643 -0.018409
0.223304 -0.017895
0.232087 -0.017376
0.240986 -0.016848
0.250000 -0.016312
0.259123 -0.015762
0.268352 -0.015198
0.277682 -0.014621
0.287110 -0.014023
0.296632 -0.013414
0.306242 -0.012793
0.315938 -0.012160
0.325714 -0.011521
0.335567 -0.010877
0.345492 -0.010230
0.355484 -0.009582
0.365540 -0.008934
0.375655 -0.008292
0.385825 -0.007653
0.396044 -0.007021
0.406309 -0.006402
0.416616 -0.005792
0.426958 -0.005195
0.437333 -0.004617
0.447736 -0.004052
0.458161 -0.003506
0.468605 -0.002986
0.479062 -0.002482
0.489529 -0.002003
0.500000 -0.001554
0.510471 -0.001124
0.520938 -0.000726
0.531395 -0.000360
0.541839 -0.000016
0.552264 0.000293
0.562667 0.000567
0.573042 0.000817
0.583384 0.001028
0.593691 0.001204
0.603956 0.001355
0.614175 0.001463
0.624345 0.001537
0.634460 0.001586
0.644516 0.001590
0.654508 0.001562
0.664433 0.001509
0.674286 0.001409
0.684062 0.001280
0.693758 0.001127
0.703368 0.000924
0.712890 0.000693
0.722318 0.000438
0.731648 0.000132
0.740877 -0.000199
0.750000 -0.000552
0.759014 -0.000951
0.767913 -0.001362
0.776696 -0.001783
0.785357 -0.002213
0.793893 -0.002636
0.802300 -0.003051
0.810574 -0.003445
0.818712 -0.003820
0.826710 -0.004171
0.834565 -0.004481
0.842274 -0.004764
0.849832 -0.005017
0.857236 -0.005227
0.864484 -0.005413
0.871572 -0.005570
0.878498 -0.005691
0.885257 -0.005790
0.891847 -0.005862
0.898265 -0.005903
0.904508 -0.005927
0.910575 -0.005927
0.916461 -0.005903
0.922164 -0.005865
0.927682 -0.005807
0.933013 -0.005731
0.938153 -0.005645
0.943102 -0.005544
0.947856 -0.005431
0.952414 -0.005312
0.956773 -0.005183
0.960932 -0.005048
0.964888 -0.004911
0.968641 -0.004769
0.972188 -0.004626
0.975528 -0.004486
0.978660 -0.004344
0.981581 -0.004206
0.984292 -0.004075
0.986789 -0.003947
0.989074 -0.003827
0.991144 -0.003716
0.992998 -0.003613
0.994636 -0.003520
0.996057 -0.003437
0.997261 -0.003366
0.998246 -0.003308
0.999013 -0.003262
0.999561 -0.003228
0.999890 -0.003209
1.000000 -0.003203
