Repaneled_Airfoil
1.000000 0.032450
0.999890 0.032468
0.999561 0.032521
0.999013 0.032610
0.998246 0.032732
0.997261 0.032889
0.996057 0.033079
0.994636 0.033300
0.992998 0.033551
0.991144 0.033832
0.989074 0.034138
0.986789 0.034470
0.984292 0.034828
0.981581 0.035203
0.978660 0.035600
0.975528 0.036015
0.972188 0.036442
0.968641 0.036885
0.964888 0.037341
0.960932 0.037802
0.956773 0.038276
0.952414 0.038756
0.947856 0.039239
0.943102 0.039730
0.938153 0.040224
0.933013 0.040720
0.927682 0.041223
0.922164 0.041728
0.916461 0.042238
0.910575 0.042756
0.904508 0.043281
0.898265 0.043816
0.891847 0.044365
0.885257 0.044930
0.878498 0.045518
0.871572 0.046128
0.864484 0.046772
0.857236 0.047454
0.849832 0.048171
0.842274 0.048950
0.834565 0.049787
0.826710 0.050674
0.818712 0.051641
0.810574 0.052655
0.802300 0.053713
0.793893 0.054822
0.785357 0.055959
0.776696 0.057121
0.767913 0.058298
0.759014 0.059477
0.750000 0.060659
0.740877 0.061817
0.731648 0.062973
0.722318 0.064125
0.712890 0.065267
0.703368 0.066414
0.693758 0.067564
0.684062 0.068722
0.674286 0.069893
0.664433 0.071077
0.654508 0.072280
0.644516 0.073492
0.634460 0.074713
0.624345 0.075936
0.614175 0.077159
0.603956 0.078380
0.593691 0.079585
0.583384 0.080781
0.573042 0.081958
0.562667 0.083105
0.552264 0.084231
0.541839 0.085323
0.531395 0.086369
0.520938 0.087384
0.510471 0.088347
0.500000 0.089251
0.489529 0.090113
0.479062 0.090907
0.468605 0.091628
0.458161 0.092298
0.447736 0.092882
0.437333 0.093384
0.426958 0.093827
0.416616 0.094167
0.406309 0.094418
0.396044 0.094603
0.385825 0.094669
0.375655 0.094642
0.365540 0.094543
0.355484 0.094312
0.345492 0.093986
0.335567 0.093585
0.325714 0.093039
0.315938 0.092401
0.306242 0.091686
0.296632 0.090816
0.287110 0.089858
0.277682 0.088825
0.268352 0.087628
0.259123 0.086353
0.250000 0.085005
0.240986 0.083533
0.232087 0.082045
0.223304 0.080541
0.214643 0.079061
0.206107 0.077635
0.197700 0.076270
0.189426 0.075063
0.181288 0.073953
0.173290 0.072956
0.165435 0.072100
0.157726 0.071315
0.150168 0.070613
0.142764 0.070001
0.135516 0.069437
0.128428 0.068929
0.121502 0.068466
0.114743 0.068018
0.108153 0.067580
0.101735 0.067122
0.095492 0.066649
0.089425 0.066143
0.083539 0.065583
0.077836 0.064991
0.072318 0.064340
0.066987 0.063616
0.061847 0.062855
0.056898 0.062019
0.052144 0.061106
0.047586 0.060157
0.043227 0.059123
0.039068 0.058018
0.035112 0.056883
0.031359 0.055660
0.027812 0.054375
0.024472 0.053072
0.021340 0.051677
0.018419 0.050234
0.015708 0.048787
0.013211 0.047244
0.010926 0.045667
0.008856 0.044108
0.007002 0.042436
0.005364 0.040747
0.003943 0.039109
0.002739 0.037316
0.001754 0.035520
0.000987 0.033854
0.000439 0.031871
0.000110 0.029774
0.000000 0.028679
0.000110 0.027324
0.000439 0.024876
0.000987 0.022852
0.001754 0.021131
0.002739 0.019262
0.003943 0.017379
0.005364 0.015628
0.007002 0.013804
0.008856 0.011969
0.010926 0.010210
0.013211 0.008400
0.015708 0.006585
0.018419 0.004812
0.021340 0.002999
0.024472 0.001182
0.027812 -0.000611
0.031359 -0.002439
0.035112 -0.004269
0.039068 -0.006086
0.043227 -0.007931
0.047586 -0.009773
0.052144 -0.011603
0.056898 -0.013452
0.061847 -0.015288
0.066987 -0.017103
0.072318 -0.018923
0.077836 -0.020711
0.083539 -0.022460
0.089425 -0.024198
0.095492 -0.025872
0.101735 -0.027482
0.108153 -0.029055
0.114743 -0.030522
0.121502 -0.031893
0.128428 -0.033198
0.135516 -0.034346
0.142764 -0.035377
0.150168 -0.036318
0.157726 -0.037072
0.165435 -0.037692
0.173290 -0.038203
0.181288 -0.038489
0.189426 -0.038626
0.197700 -0.038633
0.206107 -0.038377
0.214643 -0.037975
0.223304 -0.037441
0.232087 -0.036692
0.240986 -0.035851
0.250000 -0.034921
0.259123 -0.033890
0.268352 -0.032845
0.277682 -0.031787
0.287110 -0.030775
0.296632 -0.029784
0.306242 -0.028820
0.315938 -0.027908
0.325714 -0.027020
0.335567 -0.026162
0.345492 -0.025355
0.355484 -0.024571
0.365540 -0.023818
0.375655 -0.023113
0.385825 -0.022430
0.396044 -0.021777
0.406309 -0.021164
0.416616 -0.020571
0.426958 -0.020006
0.437333 -0.019472
0.447736 -0.018954
0.458161 -0.018458
0.468605 -0.017984
0.479062 -0.017522
0.489529 -0.017075
0.500000 -0.016641
0.510471 -0.016212
0.520938 -0.015791
0.531395 -0.015372
0.541839 -0.014952
0.552264 -0.014531
0.562667 -0.014103
0.573042 -0.013670
0.583384 -0.013223
0.593691 -0.012761
0.603956 -0.012290
0.614175 -0.011794
0.624345 -0.011277
0.634460 -0.010745
0.644516 -0.010178
0.654508 -0.009585
0.664433 -0.008973
0.674286 -0.008316
0.684062 -0.007637
0.693758 -0.006942
0.703368 -0.006219
0.712890 -0.005490
0.722318 -0.004758
0.731648 -0.004020
0.740877 -0.003289
0.750000 -0.002566
0.759014 -0.001857
0.767913 -0.001152
0.776696 -0.000451
0.785357 0.000269
0.793893 0.001003
0.802300 0.001752
0.810574 0.002550
0.818712 0.003372
0.826710 0.004225
0.834565 0.005145
0.842274 0.006092
0.849832 0.007075
0.857236 0.008105
0.864484 0.009142
0.871572 0.010194
0.878498 0.011259
0.885257 0.012317
0.891847 0.013369
0.898265 0.014412
0.904508 0.015433
0.910575 0.016433
0.916461 0.017407
0.922164 0.018351
0.927682 0.019262
0.933013 0.020137
0.938153 0.020978
0.943102 0.021778
0.947856 0.022538
0.952414 0.023259
0.956773 0.023938
0.960932 0.024576
0.964888 0.025175
0.968641 0.025732
0.972188 0.026249
0.975528 0.026730
0.978660 0.027170
0.981581 0.027573
0.984292 0.027942
0.986789 0.028274
0.989074 0.028573
0.991144 0.028841
0.992998 0.029075
0.994636 0.029280
0.996057 0.029456
0.997261 0.029601
0.998246 0.029720
0.999013 0.029812
0.999561 0.029878
0.999890 0.029915
1.000000 0.029927
