Repaneled_Airfoil
1.000000 -0.002263
0.999890 -0.002236
0.999561 -0.002157
0.999013 -0.002026
0.998246 -0.001841
0.997261 -0.001603
0.996057 -0.001313
0.994636 -0.000969
0.992998 -0.000572
0.991144 -0.000122
0.989074 0.000383
0.986789 0.000941
0.984292 0.001552
0.981581 0.002219
0.978660 0.002938
0.975528 0.003712
0.972188 0.004541
0.968641 0.005422
0.964888 0.006357
0.960932 0.007345
0.956773 0.008385
0.952414 0.009476
0.947856 0.010618
0.943102 0.011810
0.938153 0.013050
0.933013 0.014336
0.927682 0.015668
0.922164 0.017043
0.916461 0.018457
0.910575 0.019911
0.904508 0.021400
0.898265 0.022919
0.891847 0.024471
0.885257 0.026044
0.878498 0.027638
0.871572 0.029254
0.864484 0.030875
0.857236 0.032503
0.849832 0.034142
0.842274 0.035766
0.834565 0.037381
0.826710 0.038994
0.818712 0.040568
0.810574 0.042123
0.802300 0.043664
0.793893 0.045147
0.785357 0.046599
0.776696 0.048027
0.767913 0.049373
0.759014 0.050679
0.750000 0.051948
0.740877 0.053121
0.731648 0.054261
0.722318 0.055364
0.712890 0.056406
0.703368 0.057432
0.693758 0.058437
0.684062 0.059422
0.674286 0.060411
0.664433 0.061404
0.654508 0.062410
0.644516 0.063425
0.634460 0.064447
0.624345 0.065471
0.614175 0.066496
0.603956 0.067521
0.593691 0.068538
0.583384 0.069549
0.573042 0.070549
0.562667 0.071529
0.552264 0.072497
0.541839 0.073443
0.531395 0.074359
0.520938 0.075255
0.510471 0.076118
0.500000 0.076940
0.489529 0.077735
0.479062 0.078484
0.468605 0.079184
0.458161 0.079849
0.447736 0.080455
0.437333 0.081006
0.426958 0.081516
0.416616 0.081954
0.406309 0.082331
0.396044 0.082661
0.385825 0.082907
0.375655 0.083089
0.365540 0.083219
0.355484 0.083255
0.345492 0.083223
0.335567 0.083137
0.325714 0.082946
0.315938 0.082688
0.306242 0.082374
0.296632 0.081946
0.287110 0.081453
0.277682 0.080905
0.268352 0.080235
0.259123 0.079505
0.250000 0.078720
0.240986 0.077820
0.232087 0.076876
0.223304 0.075885
0.214643 0.074804
0.206107 0.073691
0.197700 0.072541
0.189426 0.071323
0.181288 0.070082
0.173290 0.068814
0.165435 0.067496
0.157726 0.066164
0.150168 0.064813
0.142764 0.063425
0.135516 0.062032
0.128428 0.060625
0.121502 0.059193
0.114743 0.057761
0.108153 0.056317
0.101735 0.054844
0.095492 0.053371
0.089425 0.051880
0.083539 0.050359
0.077836 0.048838
0.072318 0.047294
0.066987 0.045722
0.061847 0.044151
0.056898 0.042553
0.052144 0.040928
0.047586 0.039308
0.043227 0.037656
0.039068 0.035980
0.035112 0.034315
0.031359 0.032612
0.027812 0.030890
0.024472 0.029187
0.021340 0.027436
0.018419 0.025674
0.015708 0.023941
0.013211 0.022148
0.010926 0.020350
0.008856 0.018597
0.007002 0.016761
0.005364 0.014932
0.003943 0.013177
0.002739 0.011291
0.001754 0.009424
0.000987 0.007710
0.000439 0.005725
0.000110 0.003873
0.000000 0.002967
0.000110 0.001324
0.000439 -0.001472
0.000987 -0.003423
0.001754 -0.005076
0.002739 -0.006860
0.003943 -0.008641
0.005364 -0.010267
0.007002 -0.011944
0.008856 -0.013605
0.010926 -0.015160
0.013211 -0.016736
0.015708 -0.018286
0.018419 -0.019752
0.021340 -0.021224
0.024472 -0.022661
0.027812 -0.024026
0.031359 -0.025386
0.035112 -0.026705
0.039068 -0.027958
0.043227 -0.029198
0.047586 -0.030388
0.052144 -0.031516
0.056898 -0.032625
0.061847 -0.033676
0.066987 -0.034667
0.072318 -0.035631
0.077836 -0.036530
0.083539 -0.037367
0.089425 -0.038171
0.095492 -0.038902
0.101735 -0.039570
0.108153 -0.040196
0.114743 -0.040741
0.121502 -0.041219
0.128428 -0.041649
0.135516 -0.041987
0.142764 -0.042258
0.150168 -0.042477
0.157726 -0.042604
0.165435 -0.042671
0.173290 -0.042690
0.181288 -0.042623
0.189426 -0.042506
0.197700 -0.042346
0.206107 -0.042114
0.214643 -0.041845
0.223304 -0.041541
0.232087 -0.041185
0.240986 -0.040805
0.250000 -0.040402
0.259123 -0.039974
0.268352 -0.039537
0.277682 -0.039094
0.287110 -0.038648
0.296632 -0.038200
0.306242 -0.037750
0.315938 -0.037301
0.325714 -0.036850
0.335567 -0.036398
0.345492 -0.035947
0.355484 -0.035496
0.365540 -0.035044
0.375655 -0.034593
0.385825 -0.034141
0.396044 -0.033687
0.406309 -0.033232
0.416616 -0.032774
0.426958 -0.032314
0.437333 -0.031850
0.447736 -0.031382
0.458161 -0.030909
0.468605 -0.030427
0.479062 -0.029940
0.489529 -0.029444
0.500000 -0.028938
0.510471 -0.028423
0.520938 -0.027895
0.531395 -0.027352
0.541839 -0.026799
0.552264 -0.026228
0.562667 -0.025638
0.573042 -0.025036
0.583384 -0.024410
0.593691 -0.023764
0.603956 -0.023103
0.614175 -0.022413
0.624345 -0.021700
0.634460 -0.020971
0.644516 -0.020208
0.654508 -0.019420
0.664433 -0.018616
0.674286 -0.017773
0.684062 -0.016916
0.693758 -0.016051
0.703368 -0.015186
0.712890 -0.014338
0.722318 -0.013508
0.731648 -0.012728
0.740877 -0.011989
0.750000 -0.011289
0.759014 -0.010680
0.767913 -0.010118
0.776696 -0.009605
0.785357 -0.009170
0.793893 -0.008774
0.802300 -0.008420
0.810574 -0.008126
0.818712 -0.007863
0.826710 -0.007634
0.834565 -0.007451
0.842274 -0.007291
0.849832 -0.007157
0.857236 -0.007051
0.864484 -0.006959
0.871572 -0.006882
0.878498 -0.006819
0.885257 -0.006762
0.891847 -0.006713
0.898265 -0.006667
0.904508 -0.006623
0.910575 -0.006579
0.916461 -0.006533
0.922164 -0.006486
0.927682 -0.006436
0.933013 -0.006381
0.938153 -0.006323
0.943102 -0.006260
0.947856 -0.006192
0.952414 -0.006121
0.956773 -0.006045
0.960932 -0.005966
0.964888 -0.005885
0.968641 -0.005800
0.972188 -0.005714
0.975528 -0.005628
0.978660 -0.005541
0.981581 -0.005455
0.984292 -0.005372
0.986789 -0.005290
0.989074 -0.005213
0.991144 -0.005140
0.992998 -0.005072
0.994636 -0.005010
0.996057 -0.004955
0.997261 -0.004907
0.998246 -0.004867
0.999013 -0.004836
0.999561 -0.004814
0.999890 -0.004799
1.000000 -0.004794
