Repaneled_Airfoil
1.000000 -0.000982
0.999890 -0.000957
0.999561 -0.000883
0.999013 -0.000762
0.998246 -0.000590
0.997261 -0.000370
0.996057 -0.000102
0.994636 0.000216
0.992998 0.000582
0.991144 0.000996
0.989074 0.001458
0.986789 0.001969
0.984292 0.002526
0.981581 0.003131
0.978660 0.003783
0.975528 0.004480
0.972188 0.005222
0.968641 0.006009
0.964888 0.006839
0.960932 0.007711
0.956773 0.008624
0.952414 0.009576
0.947856 0.010565
0.943102 0.011592
0.938153 0.012650
0.933013 0.013739
0.927682 0.014858
0.922164 0.016002
0.916461 0.017165
0.910575 0.018352
0.904508 0.019551
0.898265 0.020758
0.891847 0.021979
0.885257 0.023195
0.878498 0.024408
0.871572 0.025622
0.864484 0.026810
0.857236 0.027979
0.849832 0.029137
0.842274 0.030243
0.834565 0.031314
0.826710 0.032359
0.818712 0.033335
0.810574 0.034276
0.802300 0.035189
0.793893 0.036039
0.785357 0.036860
0.776696 0.037657
0.767913 0.038402
0.759014 0.039128
0.750000 0.039836
0.740877 0.040509
0.731648 0.041172
0.722318 0.041824
0.712890 0.042455
0.703368 0.043083
0.693758 0.043705
0.684062 0.044323
0.674286 0.044944
0.664433 0.045571
0.654508 0.046207
0.644516 0.046850
0.634460 0.047499
0.624345 0.048156
0.614175 0.048817
0.603956 0.049484
0.593691 0.050154
0.583384 0.050828
0.573042 0.051504
0.562667 0.052181
0.552264 0.052858
0.541839 0.053534
0.531395 0.054208
0.520938 0.054880
0.510471 0.055546
0.500000 0.056207
0.489529 0.056862
0.479062 0.057509
0.468605 0.058145
0.458161 0.058772
0.447736 0.059386
0.437333 0.059986
0.426958 0.060574
0.416616 0.061143
0.406309 0.061693
0.396044 0.062230
0.385825 0.062741
0.375655 0.063230
0.365540 0.063703
0.355484 0.064143
0.345492 0.064560
0.335567 0.064956
0.325714 0.065313
0.315938 0.065644
0.306242 0.065952
0.296632 0.066216
0.287110 0.066451
0.277682 0.066660
0.268352 0.066818
0.259123 0.066944
0.250000 0.067041
0.240986 0.067065
0.232087 0.067049
0.223304 0.066989
0.214643 0.066837
0.206107 0.066636
0.197700 0.066380
0.189426 0.066019
0.181288 0.065601
0.173290 0.065116
0.165435 0.064508
0.157726 0.063838
0.150168 0.063089
0.142764 0.062211
0.135516 0.061269
0.128428 0.060242
0.121502 0.059086
0.114743 0.057874
0.108153 0.056580
0.101735 0.055185
0.095492 0.053752
0.089425 0.052251
0.083539 0.050677
0.077836 0.049079
0.072318 0.047425
0.066987 0.045719
0.061847 0.044003
0.056898 0.042242
0.052144 0.040444
0.047586 0.038648
0.043227 0.036815
0.039068 0.034957
0.035112 0.033114
0.031359 0.031235
0.027812 0.029343
0.024472 0.027476
0.021340 0.025569
0.018419 0.023660
0.015708 0.021790
0.013211 0.019871
0.010926 0.017959
0.008856 0.016102
0.007002 0.014176
0.005364 0.012271
0.003943 0.010452
0.002739 0.008521
0.001754 0.006632
0.000987 0.004913
0.000439 0.003002
0.000110 0.001422
0.000000 0.000707
0.000110 -0.001390
0.000439 -0.004737
0.000987 -0.006572
0.001754 -0.008165
0.002739 -0.009884
0.003943 -0.011600
0.005364 -0.013156
0.007002 -0.014752
0.008856 -0.016325
0.010926 -0.017780
0.013211 -0.019245
0.015708 -0.020674
0.018419 -0.022009
0.021340 -0.023340
0.024472 -0.024627
0.027812 -0.025833
0.031359 -0.027025
0.035112 -0.028168
0.039068 -0.029242
0.043227 -0.030297
0.047586 -0.031299
0.052144 -0.032242
0.056898 -0.033165
0.061847 -0.034037
0.066987 -0.034860
0.072318 -0.035664
0.077836 -0.036424
0.083539 -0.037147
0.089425 -0.037857
0.095492 -0.038534
0.101735 -0.039193
0.108153 -0.039848
0.114743 -0.040488
0.121502 -0.041132
0.128428 -0.041786
0.135516 -0.042455
0.142764 -0.043140
0.150168 -0.043840
0.157726 -0.044550
0.165435 -0.045267
0.173290 -0.045991
0.181288 -0.046709
0.189426 -0.047421
0.197700 -0.048129
0.206107 -0.048807
0.214643 -0.049469
0.223304 -0.050116
0.232087 -0.050718
0.240986 -0.051295
0.250000 -0.051847
0.259123 -0.052333
0.268352 -0.052784
0.277682 -0.053198
0.287110 -0.053538
0.296632 -0.053841
0.306242 -0.054103
0.315938 -0.054293
0.325714 -0.054447
0.335567 -0.054557
0.345492 -0.054598
0.355484 -0.054603
0.365540 -0.054562
0.375655 -0.054456
0.385825 -0.054315
0.396044 -0.054127
0.406309 -0.053878
0.416616 -0.053594
0.426958 -0.053262
0.437333 -0.052875
0.447736 -0.052453
0.458161 -0.051984
0.468605 -0.051462
0.479062 -0.050908
0.489529 -0.050308
0.500000 -0.049660
0.510471 -0.048981
0.520938 -0.048257
0.531395 -0.047489
0.541839 -0.046694
0.552264 -0.045853
0.562667 -0.044975
0.573042 -0.044071
0.583384 -0.043124
0.593691 -0.042144
0.603956 -0.041141
0.614175 -0.040097
0.624345 -0.039025
0.634460 -0.037933
0.644516 -0.036802
0.654508 -0.035648
0.664433 -0.034478
0.674286 -0.033272
0.684062 -0.032051
0.693758 -0.030820
0.703368 -0.029571
0.712890 -0.028323
0.722318 -0.027078
0.731648 -0.025836
0.740877 -0.024609
0.750000 -0.023396
0.759014 -0.022207
0.767913 -0.021043
0.776696 -0.019906
0.785357 -0.018819
0.793893 -0.017770
0.802300 -0.016763
0.810574 -0.015824
0.818712 -0.014933
0.826710 -0.014094
0.834565 -0.013337
0.842274 -0.012629
0.849832 -0.011977
0.857236 -0.011393
0.864484 -0.010846
0.871572 -0.010342
0.878498 -0.009885
0.885257 -0.009456
0.891847 -0.009058
0.898265 -0.008692
0.904508 -0.008346
0.910575 -0.008022
0.916461 -0.007719
0.922164 -0.007431
0.927682 -0.007159
0.933013 -0.006900
0.938153 -0.006652
0.943102 -0.006416
0.947856 -0.006189
0.952414 -0.005971
0.956773 -0.005762
0.960932 -0.005562
0.964888 -0.005369
0.968641 -0.005184
0.972188 -0.005007
0.975528 -0.004839
0.978660 -0.004678
0.981581 -0.004526
0.984292 -0.004384
0.986789 -0.004250
0.989074 -0.004127
0.991144 -0.004013
0.992998 -0.003910
0.994636 -0.003818
0.996057 -0.003737
0.997261 -0.003669
0.998246 -0.003612
0.999013 -0.003568
0.999561 -0.003536
0.999890 -0.003518
1.000000 -0.003512
