Repaneled_Airfoil
1.000000 0.003975
0.999890 0.003995
0.999561 0.004055
0.999013 0.004155
0.998246 0.004294
0.997261 0.004472
0.996057 0.004689
0.994636 0.004940
0.992998 0.005227
0.991144 0.005549
0.989074 0.005901
0.986789 0.006285
0.984292 0.006698
0.981581 0.007135
0.978660 0.007599
0.975528 0.008085
0.972188 0.008588
0.968641 0.009112
0.964888 0.009653
0.960932 0.010202
0.956773 0.010766
0.952414 0.011339
0.947856 0.011915
0.943102 0.012501
0.938153 0.013087
0.933013 0.013672
0.927682 0.014262
0.922164 0.014846
0.916461 0.015425
0.910575 0.016006
0.904508 0.016578
0.898265 0.017142
0.891847 0.017707
0.885257 0.018261
0.878498 0.018810
0.871572 0.019359
0.864484 0.019899
0.857236 0.020437
0.849832 0.020977
0.842274 0.021515
0.834565 0.022058
0.826710 0.022608
0.818712 0.023168
0.810574 0.023742
0.802300 0.024331
0.793893 0.024949
0.785357 0.025594
0.776696 0.026265
0.767913 0.026991
0.759014 0.027759
0.750000 0.028566
0.740877 0.029454
0.731648 0.030379
0.722318 0.031344
0.712890 0.032355
0.703368 0.033387
0.693758 0.034439
0.684062 0.035499
0.674286 0.036558
0.664433 0.037613
0.654508 0.038645
0.644516 0.039667
0.634460 0.040675
0.624345 0.041659
0.614175 0.042631
0.603956 0.043586
0.593691 0.044514
0.583384 0.045428
0.573042 0.046322
0.562667 0.047188
0.552264 0.048039
0.541839 0.048866
0.531395 0.049664
0.520938 0.050444
0.510471 0.051198
0.500000 0.051922
0.489529 0.052626
0.479062 0.053300
0.468605 0.053944
0.458161 0.054566
0.447736 0.055155
0.437333 0.055712
0.426958 0.056246
0.416616 0.056743
0.406309 0.057208
0.396044 0.057649
0.385825 0.058048
0.375655 0.058415
0.365540 0.058757
0.355484 0.059054
0.345492 0.059318
0.335567 0.059555
0.325714 0.059744
0.315938 0.059900
0.306242 0.060029
0.296632 0.060104
0.287110 0.060147
0.277682 0.060163
0.268352 0.060122
0.259123 0.060052
0.250000 0.059956
0.240986 0.059821
0.232087 0.059676
0.223304 0.059520
0.214643 0.059355
0.206107 0.059193
0.197700 0.059035
0.189426 0.058885
0.181288 0.058738
0.173290 0.058593
0.165435 0.058441
0.157726 0.058283
0.150168 0.058116
0.142764 0.057927
0.135516 0.057726
0.128428 0.057507
0.121502 0.057249
0.114743 0.056965
0.108153 0.056639
0.101735 0.056248
0.095492 0.055820
0.089425 0.055330
0.083539 0.054761
0.077836 0.054149
0.072318 0.053464
0.066987 0.052695
0.061847 0.051885
0.056898 0.050995
0.052144 0.050026
0.047586 0.049019
0.043227 0.047929
0.039068 0.046770
0.035112 0.045582
0.031359 0.044310
0.027812 0.042979
0.024472 0.041633
0.021340 0.040199
0.018419 0.038721
0.015708 0.037242
0.013211 0.035671
0.010926 0.034070
0.008856 0.032488
0.007002 0.030797
0.005364 0.029092
0.003943 0.027440
0.002739 0.025635
0.001754 0.023830
0.000987 0.022157
0.000439 0.020169
0.000110 0.018063
0.000000 0.016963
0.000110 0.015613
0.000439 0.013172
0.000987 0.011153
0.001754 0.009439
0.002739 0.007580
0.003943 0.005709
0.005364 0.003975
0.007002 0.002170
0.008856 0.000358
0.010926 -0.001375
0.013211 -0.003155
0.015708 -0.004936
0.018419 -0.006668
0.021340 -0.008438
0.024472 -0.010208
0.027812 -0.011949
0.031359 -0.013721
0.035112 -0.015493
0.039068 -0.017251
0.043227 -0.019035
0.047586 -0.020817
0.052144 -0.022590
0.056898 -0.024385
0.061847 -0.026174
0.066987 -0.027953
0.072318 -0.029746
0.077836 -0.031523
0.083539 -0.033282
0.089425 -0.035045
0.095492 -0.036776
0.101735 -0.038475
0.108153 -0.040163
0.114743 -0.041791
0.121502 -0.043369
0.128428 -0.044917
0.135516 -0.046376
0.142764 -0.047775
0.150168 -0.049131
0.157726 -0.050384
0.165435 -0.051570
0.173290 -0.052704
0.181288 -0.053718
0.189426 -0.054657
0.197700 -0.055534
0.206107 -0.056276
0.214643 -0.056949
0.223304 -0.057562
0.232087 -0.058053
0.240986 -0.058491
0.250000 -0.058877
0.259123 -0.059170
0.268352 -0.059427
0.277682 -0.059645
0.287110 -0.059794
0.296632 -0.059910
0.306242 -0.059987
0.315938 -0.060001
0.325714 -0.059983
0.335567 -0.059927
0.345492 -0.059814
0.355484 -0.059670
0.365540 -0.059488
0.375655 -0.059255
0.385825 -0.058993
0.396044 -0.058696
0.406309 -0.058354
0.416616 -0.057986
0.426958 -0.057584
0.437333 -0.057144
0.447736 -0.056682
0.458161 -0.056189
0.468605 -0.055662
0.479062 -0.055117
0.489529 -0.054545
0.500000 -0.053946
0.510471 -0.053331
0.520938 -0.052693
0.531395 -0.052034
0.541839 -0.051362
0.552264 -0.050671
0.562667 -0.049965
0.573042 -0.049249
0.583384 -0.048518
0.593691 -0.047777
0.603956 -0.047030
0.614175 -0.046271
0.624345 -0.045506
0.634460 -0.044739
0.644516 -0.043965
0.654508 -0.043188
0.664433 -0.042412
0.674286 -0.041631
0.684062 -0.040845
0.693758 -0.040054
0.703368 -0.039233
0.712890 -0.038388
0.722318 -0.037524
0.731648 -0.036598
0.740877 -0.035636
0.750000 -0.034643
0.759014 -0.033563
0.767913 -0.032452
0.776696 -0.031308
0.785357 -0.030106
0.793893 -0.028891
0.802300 -0.027659
0.810574 -0.026400
0.818712 -0.025143
0.826710 -0.023887
0.834565 -0.022629
0.842274 -0.021385
0.849832 -0.020155
0.857236 -0.018943
0.864484 -0.017755
0.871572 -0.016592
0.878498 -0.015459
0.885257 -0.014357
0.891847 -0.013288
0.898265 -0.012259
0.904508 -0.011264
0.910575 -0.010309
0.916461 -0.009397
0.922164 -0.008522
0.927682 -0.007690
0.933013 -0.006902
0.938153 -0.006152
0.943102 -0.005445
0.947856 -0.004780
0.952414 -0.004153
0.956773 -0.003568
0.960932 -0.003022
0.964888 -0.002512
0.968641 -0.002040
0.972188 -0.001604
0.975528 -0.001200
0.978660 -0.000833
0.981581 -0.000496
0.984292 -0.000189
0.986789 0.000086
0.989074 0.000334
0.991144 0.000555
0.992998 0.000749
0.994636 0.000917
0.996057 0.001062
0.997261 0.001182
0.998246 0.001280
0.999013 0.001356
0.999561 0.001410
0.999890 0.001440
1.000000 0.001449
