Repaneled_Airfoil
1.000000 -0.019229
0.999890 -0.019204
0.999561 -0.019127
0.999013 -0.018999
0.998246 -0.018820
0.997261 -0.018591
0.996057 -0.018311
0.994636 -0.017980
0.992998 -0.017599
0.991144 -0.017169
0.989074 -0.016689
0.986789 -0.016160
0.984292 -0.015584
0.981581 -0.014960
0.978660 -0.014289
0.975528 -0.013570
0.972188 -0.012807
0.968641 -0.011999
0.964888 -0.011147
0.960932 -0.010253
0.956773 -0.009317
0.952414 -0.008339
0.947856 -0.007323
0.943102 -0.006267
0.938153 -0.005175
0.933013 -0.004049
0.927682 -0.002887
0.922164 -0.001693
0.916461 -0.000471
0.910575 0.000782
0.904508 0.002061
0.898265 0.003364
0.891847 0.004693
0.885257 0.006039
0.878498 0.007403
0.871572 0.008787
0.864484 0.010180
0.857236 0.011584
0.849832 0.013002
0.842274 0.014417
0.834565 0.015837
0.826710 0.017266
0.818712 0.018695
0.810574 0.020139
0.802300 0.021603
0.793893 0.023092
0.785357 0.024616
0.776696 0.026174
0.767913 0.027797
0.759014 0.029478
0.750000 0.031213
0.740877 0.033040
0.731648 0.034906
0.722318 0.036813
0.712890 0.038742
0.703368 0.040676
0.693758 0.042608
0.684062 0.044491
0.674286 0.046339
0.664433 0.048139
0.654508 0.049841
0.644516 0.051497
0.634460 0.053092
0.624345 0.054596
0.614175 0.056055
0.603956 0.057450
0.593691 0.058761
0.583384 0.060028
0.573042 0.061232
0.562667 0.062359
0.552264 0.063445
0.541839 0.064468
0.531395 0.065424
0.520938 0.066341
0.510471 0.067198
0.500000 0.067997
0.489529 0.068760
0.479062 0.069468
0.468605 0.070126
0.458161 0.070752
0.447736 0.071328
0.437333 0.071863
0.426958 0.072369
0.416616 0.072831
0.406309 0.073260
0.396044 0.073663
0.385825 0.074028
0.375655 0.074365
0.365540 0.074682
0.355484 0.074966
0.345492 0.075228
0.335567 0.075473
0.325714 0.075688
0.315938 0.075886
0.306242 0.076070
0.296632 0.076228
0.287110 0.076373
0.277682 0.076504
0.268352 0.076613
0.259123 0.076696
0.250000 0.076755
0.240986 0.076698
0.232087 0.076556
0.223304 0.076326
0.214643 0.075879
0.206107 0.075310
0.197700 0.074605
0.189426 0.073633
0.181288 0.072541
0.173290 0.071309
0.165435 0.069885
0.157726 0.068390
0.150168 0.066807
0.142764 0.065119
0.135516 0.063403
0.128428 0.061649
0.121502 0.059864
0.114743 0.058087
0.108153 0.056308
0.101735 0.054517
0.095492 0.052738
0.089425 0.050956
0.083539 0.049163
0.077836 0.047384
0.072318 0.045599
0.066987 0.043803
0.061847 0.042024
0.056898 0.040235
0.052144 0.038436
0.047586 0.036655
0.043227 0.034859
0.039068 0.033055
0.035112 0.031273
0.031359 0.029467
0.027812 0.027655
0.024472 0.025870
0.021340 0.024050
0.018419 0.022228
0.015708 0.020441
0.013211 0.018605
0.010926 0.016770
0.008856 0.014985
0.007002 0.013121
0.005364 0.011270
0.003943 0.009496
0.002739 0.007595
0.001754 0.005716
0.000987 0.003991
0.000439 0.001992
0.000110 0.000106
0.000000 -0.000823
0.000110 -0.002431
0.000439 -0.005184
0.000987 -0.007136
0.001754 -0.008785
0.002739 -0.010561
0.003943 -0.012333
0.005364 -0.013945
0.007002 -0.015605
0.008856 -0.017246
0.010926 -0.018776
0.013211 -0.020322
0.015708 -0.021836
0.018419 -0.023258
0.021340 -0.024679
0.024472 -0.026058
0.027812 -0.027355
0.031359 -0.028638
0.035112 -0.029868
0.039068 -0.031021
0.043227 -0.032149
0.047586 -0.033215
0.052144 -0.034203
0.056898 -0.035159
0.061847 -0.036043
0.066987 -0.036849
0.072318 -0.037615
0.077836 -0.038299
0.083539 -0.038905
0.089425 -0.039464
0.095492 -0.039932
0.101735 -0.040322
0.108153 -0.040658
0.114743 -0.040896
0.121502 -0.041055
0.128428 -0.041155
0.135516 -0.041151
0.142764 -0.041076
0.150168 -0.040949
0.157726 -0.040758
0.165435 -0.040552
0.173290 -0.040338
0.181288 -0.040160
0.189426 -0.040050
0.197700 -0.040002
0.206107 -0.040147
0.214643 -0.040392
0.223304 -0.040726
0.232087 -0.041166
0.240986 -0.041630
0.250000 -0.042115
0.259123 -0.042565
0.268352 -0.042972
0.277682 -0.043331
0.287110 -0.043590
0.296632 -0.043800
0.306242 -0.043956
0.315938 -0.044021
0.325714 -0.044043
0.335567 -0.044012
0.345492 -0.043904
0.355484 -0.043756
0.365540 -0.043561
0.375655 -0.043303
0.385825 -0.043012
0.396044 -0.042680
0.406309 -0.042301
0.416616 -0.041897
0.426958 -0.041461
0.437333 -0.040993
0.447736 -0.040508
0.458161 -0.040002
0.468605 -0.039481
0.479062 -0.038952
0.489529 -0.038415
0.500000 -0.037877
0.510471 -0.037340
0.520938 -0.036810
0.531395 -0.036293
0.541839 -0.035787
0.552264 -0.035301
0.562667 -0.034840
0.573042 -0.034398
0.583384 -0.033993
0.593691 -0.033622
0.603956 -0.033277
0.614175 -0.032983
0.624345 -0.032732
0.634460 -0.032514
0.644516 -0.032360
0.654508 -0.032252
0.664433 -0.032182
0.674286 -0.032185
0.684062 -0.032217
0.693758 -0.032270
0.703368 -0.032334
0.712890 -0.032385
0.722318 -0.032423
0.731648 -0.032407
0.740877 -0.032349
0.750000 -0.032251
0.759014 -0.032052
0.767913 -0.031812
0.776696 -0.031531
0.785357 -0.031192
0.793893 -0.030835
0.802300 -0.030459
0.810574 -0.030065
0.818712 -0.029673
0.826710 -0.029283
0.834565 -0.028906
0.842274 -0.028543
0.849832 -0.028195
0.857236 -0.027864
0.864484 -0.027545
0.871572 -0.027238
0.878498 -0.026944
0.885257 -0.026659
0.891847 -0.026385
0.898265 -0.026121
0.904508 -0.025864
0.910575 -0.025617
0.916461 -0.025377
0.922164 -0.025144
0.927682 -0.024919
0.933013 -0.024700
0.938153 -0.024489
0.943102 -0.024284
0.947856 -0.024086
0.952414 -0.023895
0.956773 -0.023709
0.960932 -0.023532
0.964888 -0.023361
0.968641 -0.023198
0.972188 -0.023042
0.975528 -0.022894
0.978660 -0.022754
0.981581 -0.022622
0.984292 -0.022498
0.986789 -0.022384
0.989074 -0.022278
0.991144 -0.022182
0.992998 -0.022094
0.994636 -0.022017
0.996057 -0.021949
0.997261 -0.021892
0.998246 -0.021845
0.999013 -0.021808
0.999561 -0.021781
0.999890 -0.021765
1.000000 -0.021760
