  
       XFOIL         Version 6.99
  
 Calculated polar for: Repaneled_Airfoil                               
  
 1 1 Reynolds number fixed          Mach number fixed         
  
 xtrf =   1.000 (top)        1.000 (bottom)  
 Mach =   0.000     Re =     1.000 e 6     Ncrit =   9.000  9.000
  
   alpha    CL        CD       CDp       CM     Top_Xtr  Bot_Xtr  Top_Itr  Bot_Itr
  ------ -------- --------- --------- -------- -------- -------- -------- --------
  -5.000  -0.7891   0.01251   0.00386   0.0005   1.0001   0.0169   1.0000 163.8621
  -4.915  -0.7810   0.01243   0.00380   0.0008   1.0001   0.0172   1.0000 163.9697
  -4.829  -0.7730   0.01232   0.00374   0.0011   1.0001   0.0175   1.0000 164.0892
  -4.744  -0.7651   0.01221   0.00366   0.0015   1.0001   0.0179   1.0000 164.2235
  -4.658  -0.7561   0.01210   0.00359   0.0016   0.9999   0.0183   2.1150 164.3700
  -4.573  -0.7421   0.01197   0.00351   0.0006   0.9989   0.0188   4.2209 164.5595
  -4.487  -0.7281   0.01185   0.00342  -0.0004   0.9978   0.0194   5.5732 164.7480
  -4.402  -0.7141   0.01174   0.00335  -0.0014   0.9964   0.0199   6.7943 164.9246
  -4.317  -0.7001   0.01162   0.00326  -0.0024   0.9948   0.0204   7.9503 165.1081
  -4.231  -0.6866   0.01149   0.00318  -0.0032   0.9928   0.0211   9.1635 165.3194
  -4.146  -0.6733   0.01137   0.00310  -0.0041   0.9903   0.0217  10.4700 165.5352
  -4.060  -0.6601   0.01126   0.00303  -0.0049   0.9872   0.0224  11.8765 165.7482
  -3.975  -0.6475   0.01116   0.00296  -0.0055   0.9828   0.0230  13.6150 165.9397
  -3.889  -0.6346   0.01104   0.00288  -0.0062   0.9769   0.0236  15.6604 166.1374
  -3.804  -0.6207   0.01092   0.00280  -0.0072   0.9675   0.0244  18.4013 166.3717
  -3.719  -0.6029   0.01080   0.00270  -0.0090   0.9469   0.0253  23.2955 166.6417
  -3.633  -0.5881   0.01076   0.00258  -0.0099   0.8925   0.0260  33.0309 166.8583
  -3.548  -0.5823   0.01091   0.00252  -0.0089   0.8263   0.0264  42.2068 166.9742
  -3.462  -0.5749   0.01095   0.00247  -0.0084   0.7929   0.0269  46.2864 167.1180
  -3.377  -0.5668   0.01094   0.00241  -0.0081   0.7701   0.0274  48.9282 167.2800
  -3.292  -0.5584   0.01093   0.00237  -0.0078   0.7528   0.0280  50.8777 167.4491
  -3.206  -0.5497   0.01090   0.00232  -0.0076   0.7384   0.0286  52.4580 167.6225
  -3.121  -0.5410   0.01088   0.00228  -0.0074   0.7260   0.0292  53.8004 167.7925
  -2.950  -0.5232   0.01081   0.00219  -0.0071   0.7053   0.0304  56.0029 168.1154
  -2.864  -0.5142   0.01076   0.00214  -0.0070   0.6964   0.0311  56.9330 168.3026
  -2.779  -0.5052   0.01071   0.00210  -0.0068   0.6882   0.0318  57.7822 168.4997
  -2.693  -0.4961   0.01067   0.00206  -0.0067   0.6808   0.0325  58.5499 168.7020
  -2.608  -0.4870   0.01063   0.00202  -0.0066   0.6738   0.0333  59.2643 168.8970
  -2.437  -0.4688   0.01053   0.00194  -0.0064   0.6606   0.0348  60.6140 169.3005
  -2.352  -0.4597   0.01049   0.00191  -0.0063   0.6545   0.0357  61.2334 169.5284
  -2.266  -0.4505   0.01045   0.00187  -0.0062   0.6483   0.0366  61.8516 169.7548
  -2.181  -0.4412   0.01041   0.00184  -0.0061   0.6425   0.0374  62.4366 169.9552
  -2.010  -0.4229   0.01030   0.00176  -0.0059   0.6312   0.0392  63.5639 170.3941
  -1.925  -0.4137   0.01026   0.00173  -0.0058   0.6259   0.0402  64.0935 170.6363
  -1.839  -0.4044   0.01022   0.00170  -0.0057   0.6203   0.0412  64.6398 170.8724
  -1.754  -0.3952   0.01018   0.00166  -0.0056   0.6153   0.0421  65.1430 171.0986
  -1.668  -0.3860   0.01013   0.00163  -0.0056   0.6099   0.0433  65.6674 171.3800
  -1.583  -0.3767   0.01009   0.00161  -0.0055   0.6050   0.0448  66.1515 171.7265
  -1.498  -0.3673   0.01006   0.00159  -0.0054   0.5998   0.0464  66.6615 172.0794
  -1.412  -0.3581   0.01002   0.00157  -0.0053   0.5950   0.0482  67.1366 172.4758
  -1.327  -0.3486   0.01000   0.00156  -0.0053   0.5897   0.0500  67.6473 172.8816
  -1.241  -0.3394   0.00996   0.00154  -0.0052   0.5849   0.0517  68.1215 173.2499
  -1.156  -0.3300   0.00993   0.00153  -0.0052   0.5797   0.0535  68.6293 173.6197
  -1.070  -0.3206   0.00992   0.00151  -0.0051   0.5748   0.0550  69.1042 173.9490
  -0.985  -0.3113   0.00987   0.00150  -0.0051   0.5697   0.0565  69.6021 174.2604
  -0.899  -0.3020   0.00985   0.00148  -0.0050   0.5649   0.0580  70.0647 174.5477
  -0.814  -0.2925   0.00982   0.00146  -0.0049   0.5598   0.0592  70.5530 174.7990
  -0.643  -0.2738   0.00975   0.00140  -0.0048   0.5503   0.0614  71.4751 175.2438
  -0.558  -0.2645   0.00971   0.00138  -0.0047   0.5456   0.0627  71.9244 175.4831
  -0.472  -0.2550   0.00969   0.00136  -0.0047   0.5411   0.0640  72.3619 175.7349
  -0.387  -0.2455   0.00967   0.00133  -0.0046   0.5365   0.0652  72.8093 175.9693
  -0.301  -0.2362   0.00962   0.00131  -0.0045   0.5321   0.0665  73.2307 176.2204
  -0.216  -0.2268   0.00959   0.00129  -0.0045   0.5273   0.0678  73.6901 176.4688
  -0.131  -0.2174   0.00957   0.00127  -0.0044   0.5228   0.0692  74.1213 176.7286
  -0.045  -0.2078   0.00956   0.00125  -0.0044   0.5180   0.0705  74.5887 176.9728
   0.040  -0.1985   0.00952   0.00123  -0.0043   0.5135   0.0719  75.0235 177.2245
   0.126  -0.1891   0.00949   0.00122  -0.0043   0.5087   0.0733  75.4785 177.4791
   0.211  -0.1796   0.00948   0.00120  -0.0042   0.5041   0.0748  75.9202 177.7486
   0.382  -0.1607   0.00943   0.00117  -0.0041   0.4950   0.0777  76.7960 178.2678
   0.467  -0.1512   0.00941   0.00116  -0.0041   0.4907   0.0792  77.2096 178.5336
   0.553  -0.1416   0.00940   0.00114  -0.0041   0.4861   0.0807  77.6524 178.7994
   0.638  -0.1321   0.00939   0.00112  -0.0040   0.4819   0.0820  78.0568 179.0332
   0.724  -0.1227   0.00935   0.00111  -0.0040   0.4775   0.0835  78.4770 179.2800
   0.809  -0.1132   0.00934   0.00110  -0.0039   0.4732   0.0850  78.8912 179.5323
   0.894  -0.1036   0.00933   0.00108  -0.0039   0.4691   0.0865  79.2930 179.7975
   0.980  -0.0941   0.00932   0.00107  -0.0039   0.4646   0.0880  79.7209 180.0468
   1.065  -0.0847   0.00929   0.00106  -0.0038   0.4605   0.0896  80.1128 180.3048
   1.151  -0.0751   0.00928   0.00105  -0.0038   0.4562   0.0912  80.5353 180.5739
   1.236  -0.0655   0.00928   0.00104  -0.0038   0.4520   0.0928  80.9414 180.8440
   1.322  -0.0560   0.00927   0.00103  -0.0038   0.4478   0.0944  81.3405 181.0932
   1.407  -0.0465   0.00925   0.00102  -0.0037   0.4435   0.0959  81.7553 181.3438
   1.492  -0.0370   0.00924   0.00101  -0.0037   0.4396   0.0975  82.1393 181.6024
   1.578  -0.0273   0.00924   0.00100  -0.0037   0.4353   0.0992  82.5565 181.8619
   1.663  -0.0178   0.00923   0.00099  -0.0037   0.4312   0.1007  82.9546 182.1066
   1.749  -0.0083   0.00921   0.00099  -0.0036   0.4271   0.1024  83.3463 182.3628
   1.834   0.0013   0.00921   0.00098  -0.0036   0.4229   0.1041  83.7544 182.6345
   1.920   0.0109   0.00922   0.00097  -0.0036   0.4191   0.1058  84.1276 182.9036
   2.005   0.0204   0.00920   0.00097  -0.0036   0.4150   0.1075  84.5234 183.1591
   2.091   0.0299   0.00920   0.00097  -0.0036   0.4111   0.1092  84.9053 183.4184
   2.176   0.0396   0.00920   0.00096  -0.0035   0.4073   0.1110  85.2751 183.6908
   2.261   0.0492   0.00920   0.00095  -0.0035   0.4032   0.1127  85.6759 183.9522
   2.347   0.0587   0.00920   0.00095  -0.0035   0.3995   0.1144  86.0438 184.2038
   2.432   0.0683   0.00919   0.00095  -0.0035   0.3956   0.1161  86.4271 184.4599
   2.518   0.0779   0.00919   0.00094  -0.0035   0.3917   0.1179  86.8093 184.7217
   2.603   0.0875   0.00920   0.00093  -0.0035   0.3882   0.1196  87.1593 184.9642
   2.688   0.0970   0.00919   0.00093  -0.0034   0.3844   0.1212  87.5273 185.2075
   2.774   0.1065   0.00919   0.00093  -0.0034   0.3809   0.1230  87.8791 185.4638
   2.859   0.1162   0.00919   0.00092  -0.0034   0.3776   0.1249  88.2066 185.7364
   2.945   0.1258   0.00920   0.00092  -0.0034   0.3741   0.1267  88.5533 185.9935
   3.030   0.1353   0.00919   0.00092  -0.0034   0.3708   0.1286  88.8776 186.2601
   3.116   0.1449   0.00919   0.00092  -0.0034   0.3679   0.1306  89.1712 186.5485
   3.201   0.1545   0.00920   0.00092  -0.0034   0.3648   0.1328  89.4737 186.8535
   3.286   0.1641   0.00920   0.00092  -0.0034   0.3619   0.1349  89.7647 187.1421
   3.372   0.1736   0.00920   0.00092  -0.0033   0.3593   0.1370  90.0276 187.4373
   3.457   0.1833   0.00920   0.00092  -0.0034   0.3567   0.1392  90.2915 187.7429
   3.628   0.2024   0.00920   0.00091  -0.0033   0.3515   0.1433  90.8144 188.3036
   3.714   0.2120   0.00921   0.00091  -0.0033   0.3491   0.1456  91.0497 188.6134
   3.799   0.2217   0.00921   0.00091  -0.0033   0.3467   0.1480  91.2922 188.9310
   3.884   0.2312   0.00920   0.00091  -0.0033   0.3443   0.1504  91.5391 189.2477
   3.970   0.2408   0.00920   0.00091  -0.0033   0.3420   0.1531  91.7742 189.6092
   4.055   0.2503   0.00922   0.00091  -0.0033   0.3398   0.1560  91.9896 189.9879
   4.141   0.2599   0.00920   0.00092  -0.0033   0.3379   0.1592  92.1898 190.4064
   4.226   0.2696   0.00920   0.00092  -0.0033   0.3358   0.1628  92.3962 190.8800
   4.312   0.2791   0.00919   0.00092  -0.0033   0.3339   0.1668  92.5976 191.3929
   4.482   0.2981   0.00919   0.00093  -0.0033   0.3303   0.1777  92.9636 192.7591
   4.568   0.3076   0.00917   0.00093  -0.0033   0.3287   0.1858  93.1236 193.7662
   4.653   0.3170   0.00912   0.00092  -0.0033   0.3271   0.1997  93.2872 195.4427
   4.739   0.3235   0.00859   0.00087  -0.0029   0.3257   0.3820  93.4307 214.8328
   4.824   0.3233   0.00734   0.00077  -0.0015   0.3247   0.7373  93.5341 249.7983
   4.910   0.3311   0.00723   0.00081  -0.0011   0.3232   0.7856  93.6823 255.1990
   4.995   0.3396   0.00720   0.00085  -0.0008   0.3218   0.8107  93.8273 258.1781
   5.080   0.3485   0.00720   0.00088  -0.0006   0.3205   0.8267  93.9685 260.1527
   5.166   0.3576   0.00720   0.00091  -0.0004   0.3192   0.8388  94.0981 261.6929
   5.251   0.3669   0.00721   0.00094  -0.0003   0.3179   0.8489  94.2358 263.0086
   5.337   0.3761   0.00722   0.00096  -0.0002   0.3165   0.8573  94.3795 264.1491
   5.422   0.3853   0.00724   0.00099  -0.0000   0.3151   0.8648  94.5229 265.1768
   5.508   0.3945   0.00726   0.00101   0.0001   0.3137   0.8716  94.6625 266.1301
   5.593   0.4037   0.00729   0.00104   0.0002   0.3124   0.8776  94.7972 266.9931
   5.678   0.4129   0.00733   0.00106   0.0004   0.3112   0.8823  94.9285 267.6847
   5.764   0.4221   0.00736   0.00109   0.0005   0.3100   0.8866  95.0516 268.3282
   5.849   0.4316   0.00738   0.00111   0.0005   0.3088   0.8910  95.1706 268.9935
   5.935   0.4409   0.00740   0.00113   0.0007   0.3077   0.8946  95.2930 269.5410
   6.020   0.4503   0.00742   0.00115   0.0007   0.3065   0.8983  95.4161 270.1233
   6.106   0.4595   0.00745   0.00117   0.0008   0.3054   0.9015  95.5339 270.6368
   6.191   0.4689   0.00749   0.00119   0.0009   0.3043   0.9047  95.6460 271.1401
   6.276   0.4781   0.00752   0.00121   0.0010   0.3033   0.9074  95.7535 271.5844
   6.362   0.4875   0.00756   0.00123   0.0011   0.3022   0.9103  95.8600 272.0617
   6.447   0.4965   0.00761   0.00126   0.0012   0.3012   0.9129  95.9681 272.4984
   6.533   0.5058   0.00764   0.00128   0.0013   0.3003   0.9161  96.0612 273.0426
   6.618   0.5150   0.00766   0.00130   0.0015   0.2994   0.9189  96.1539 273.5246
   6.704   0.5242   0.00768   0.00132   0.0016   0.2985   0.9221  96.2509 274.0804
   6.789   0.5332   0.00771   0.00135   0.0017   0.2976   0.9247  96.3504 274.5630
   6.874   0.5425   0.00774   0.00137   0.0018   0.2966   0.9275  96.4531 275.0677
   6.960   0.5516   0.00777   0.00139   0.0020   0.2956   0.9296  96.5564 275.4537
   7.045   0.5608   0.00781   0.00140   0.0021   0.2946   0.9319  96.6593 275.8737
   7.131   0.5699   0.00784   0.00142   0.0022   0.2937   0.9338  96.7602 276.2390
   7.216   0.5789   0.00789   0.00145   0.0023   0.2927   0.9360  96.8604 276.6681
   7.301   0.5878   0.00794   0.00147   0.0025   0.2917   0.9384  96.9628 277.1348
   7.387   0.5967   0.00798   0.00149   0.0027   0.2909   0.9405  97.0488 277.5697
   7.472   0.6059   0.00800   0.00151   0.0028   0.2902   0.9430  97.1320 278.0576
   7.558   0.6149   0.00802   0.00153   0.0029   0.2893   0.9448  97.2182 278.4366
   7.643   0.6240   0.00805   0.00155   0.0030   0.2885   0.9469  97.3054 278.8826
   7.729   0.6330   0.00807   0.00156   0.0032   0.2877   0.9487  97.3922 279.2726
   7.814   0.6419   0.00810   0.00158   0.0034   0.2869   0.9508  97.4782 279.7354
   7.899   0.6507   0.00814   0.00160   0.0035   0.2861   0.9530  97.5633 280.2144
   7.985   0.6594   0.00817   0.00162   0.0038   0.2853   0.9554  97.6483 280.7529
   8.070   0.6680   0.00821   0.00164   0.0040   0.2845   0.9577  97.7336 281.2882
   8.156   0.6765   0.00825   0.00166   0.0042   0.2837   0.9601  97.8199 281.8626
   8.241   0.6852   0.00831   0.00168   0.0044   0.2828   0.9619  97.9103 282.3250
   8.327   0.6939   0.00837   0.00170   0.0046   0.2819   0.9639  98.0054 282.8324
   8.412   0.7030   0.00839   0.00172   0.0048   0.2813   0.9656  98.0786 283.2733
   8.498   0.7121   0.00841   0.00174   0.0049   0.2805   0.9676  98.1640 283.8029
   8.583   0.7212   0.00843   0.00175   0.0050   0.2795   0.9695  98.2667 284.3077
   8.668   0.7303   0.00846   0.00176   0.0051   0.2784   0.9716  98.3799 284.8993
   8.754   0.7398   0.00848   0.00177   0.0051   0.2773   0.9732  98.5027 285.3831
   8.839   0.7491   0.00852   0.00178   0.0052   0.2761   0.9754  98.6294 286.0106
   8.925   0.7590   0.00856   0.00180   0.0051   0.2749   0.9769  98.7581 286.4969
   9.010   0.7686   0.00862   0.00182   0.0051   0.2737   0.9789  98.8880 287.1367
   9.095   0.7787   0.00869   0.00184   0.0049   0.2725   0.9805  99.0171 287.6937
   9.181   0.7894   0.00871   0.00186   0.0047   0.2715   0.9820  99.1218 288.2245
   9.266   0.8004   0.00874   0.00187   0.0044   0.2704   0.9832  99.2457 288.6705
   9.352   0.8112   0.00877   0.00189   0.0041   0.2691   0.9844  99.3864 289.1114
   9.437   0.8225   0.00880   0.00190   0.0037   0.2677   0.9851  99.5441 289.3935
   9.523   0.8334   0.00884   0.00191   0.0033   0.2661   0.9860  99.7092 289.7424
   9.608   0.8441   0.00890   0.00192   0.0030   0.2646   0.9869  99.8736 290.0951
   9.694   0.8553   0.00897   0.00194   0.0026   0.2631   0.9874 100.0349 290.3255
   9.779   0.8667   0.00898   0.00195   0.0022   0.2618   0.9880 100.1813 290.5894
   9.864   0.8778   0.00900   0.00196   0.0018   0.2604   0.9888 100.3394 290.9298
   9.950   0.8892   0.00903   0.00196   0.0013   0.2587   0.9893 100.5224 291.1566
  10.035   0.9007   0.00908   0.00197   0.0009   0.2569   0.9897 100.7160 291.3595
  10.121   0.9120   0.00914   0.00198   0.0004   0.2552   0.9902 100.9090 291.5878
  10.206   0.9233   0.00918   0.00199  -0.0000   0.2535   0.9907 101.0929 291.8490
  10.291   0.9348   0.00920   0.00200  -0.0005   0.2518   0.9912 101.2798 292.0862
  10.377   0.9464   0.00924   0.00201  -0.0010   0.2502   0.9915 101.4622 292.2491
  10.462   0.9578   0.00929   0.00202  -0.0015   0.2485   0.9919 101.6474 292.4498
  10.548   0.9690   0.00934   0.00204  -0.0019   0.2468   0.9924 101.8357 292.7094
  10.633   0.9801   0.00941   0.00206  -0.0024   0.2451   0.9929 102.0231 293.0299
  10.719   0.9917   0.00943   0.00207  -0.0029   0.2434   0.9933 102.2126 293.2231
  10.804   1.0032   0.00947   0.00208  -0.0033   0.2415   0.9936 102.4302 293.4593
  10.889   1.0144   0.00952   0.00209  -0.0038   0.2394   0.9941 102.6619 293.7583
  10.975   1.0256   0.00959   0.00210  -0.0042   0.2372   0.9947 102.9159 294.0873
  11.060   1.0370   0.00963   0.00211  -0.0047   0.2346   0.9950 103.2027 294.3373
  11.146   1.0484   0.00967   0.00212  -0.0052   0.2312   0.9955 103.5964 294.6578
  11.231   1.0595   0.00974   0.00212  -0.0056   0.2273   0.9960 104.0350 295.0363
  11.317   1.0708   0.00980   0.00213  -0.0061   0.2229   0.9964 104.5485 295.3391
  11.402   1.0818   0.00989   0.00215  -0.0065   0.2180   0.9969 105.1136 295.7367
  11.487   1.0929   0.00998   0.00217  -0.0070   0.2119   0.9973 105.8231 296.1602
  11.573   1.1039   0.01008   0.00220  -0.0074   0.2044   0.9978 106.7145 296.5920
  11.658   1.1144   0.01024   0.00225  -0.0078   0.1948   0.9983 107.8634 297.1438
  11.744   1.1247   0.01044   0.00232  -0.0083   0.1833   0.9988 109.2710 297.7734
  11.829   1.1344   0.01074   0.00246  -0.0086   0.1668   0.9993 111.3502 298.6678
  11.915   1.1432   0.01117   0.00269  -0.0089   0.1451   0.9999 114.2145 300.8356
  12.000   1.1446   0.01160   0.00293  -0.0076   0.1247   0.9999 117.0545 301.0000
