  
       XFOIL         Version 6.99
  
 Calculated polar for: Repaneled_Airfoil                               
  
 1 1 Reynolds number fixed          Mach number fixed         
  
 xtrf =   1.000 (top)        1.000 (bottom)  
 Mach =   0.000     Re =     1.000 e 6     Ncrit =   9.000  9.000
  
   alpha    CL        CD       CDp       CM     Top_Xtr  Bot_Xtr  Top_Itr  Bot_Itr
  ------ -------- --------- --------- -------- -------- -------- -------- --------
  -5.000  -0.3165   0.00847   0.00163  -0.0508   0.9506   0.0753  22.3831 177.5136
  -4.915  -0.3069   0.00840   0.00158  -0.0507   0.9464   0.0776  23.3103 177.9358
  -4.829  -0.2975   0.00832   0.00153  -0.0506   0.9413   0.0799  24.3497 178.3508
  -4.744  -0.2881   0.00825   0.00148  -0.0505   0.9358   0.0825  25.4566 178.8039
  -4.658  -0.2788   0.00819   0.00143  -0.0504   0.9296   0.0850  26.6347 179.2355
  -4.573  -0.2695   0.00812   0.00138  -0.0503   0.9228   0.0878  27.8724 179.7112
  -4.487  -0.2602   0.00806   0.00133  -0.0501   0.9154   0.0906  29.1685 180.1782
  -4.402  -0.2510   0.00800   0.00129  -0.0500   0.9075   0.0937  30.5023 180.6917
  -4.317  -0.2418   0.00796   0.00124  -0.0499   0.8995   0.0968  31.8012 181.1833
  -4.231  -0.2326   0.00791   0.00120  -0.0497   0.8912   0.1001  33.0895 181.7178
  -4.146  -0.2234   0.00787   0.00117  -0.0496   0.8825   0.1033  34.4051 182.2193
  -4.060  -0.2144   0.00783   0.00113  -0.0494   0.8734   0.1067  35.7234 182.7598
  -3.975  -0.2053   0.00780   0.00109  -0.0493   0.8644   0.1103  37.0034 183.3003
  -3.889  -0.1962   0.00778   0.00106  -0.0491   0.8553   0.1142  38.2524 183.9003
  -3.804  -0.1872   0.00775   0.00103  -0.0490   0.8466   0.1181  39.4151 184.4734
  -3.633  -0.1689   0.00770   0.00098  -0.0487   0.8316   0.1259  41.3724 185.6151
  -3.548  -0.1597   0.00768   0.00096  -0.0486   0.8248   0.1297  42.2250 186.1633
  -3.377  -0.1412   0.00763   0.00091  -0.0484   0.8128   0.1379  43.7145 187.3116
  -3.292  -0.1319   0.00761   0.00089  -0.0483   0.8075   0.1424  44.3596 187.9272
  -3.121  -0.1133   0.00756   0.00086  -0.0482   0.7977   0.1515  45.5348 189.1633
  -3.035  -0.1039   0.00753   0.00084  -0.0481   0.7935   0.1567  46.0384 189.8426
  -2.950  -0.0945   0.00750   0.00083  -0.0481   0.7892   0.1617  46.5365 190.5027
  -2.779  -0.0756   0.00744   0.00080  -0.0480   0.7817   0.1730  47.4081 191.9426
  -2.693  -0.0662   0.00740   0.00078  -0.0479   0.7781   0.1791  47.8232 192.7142
  -2.608  -0.0568   0.00736   0.00076  -0.0479   0.7747   0.1854  48.2148 193.4910
  -2.523  -0.0473   0.00732   0.00074  -0.0479   0.7712   0.1921  48.6184 194.3078
  -2.352  -0.0285   0.00723   0.00071  -0.0478   0.7645   0.2079  49.3669 196.1993
  -2.266  -0.0191   0.00717   0.00068  -0.0478   0.7612   0.2183  49.7467 197.4016
  -2.181  -0.0099   0.00710   0.00066  -0.0477   0.7580   0.2320  50.1026 198.9717
  -2.095  -0.0008   0.00699   0.00063  -0.0477   0.7544   0.2523  50.4953 201.2327
  -2.010   0.0081   0.00685   0.00060  -0.0476   0.7511   0.2851  50.8662 204.7780
  -1.925   0.0169   0.00670   0.00058  -0.0475   0.7477   0.3217  51.2383 208.5780
  -1.839   0.0259   0.00658   0.00056  -0.0475   0.7441   0.3527  51.6354 211.7124
  -1.754   0.0350   0.00649   0.00055  -0.0474   0.7408   0.3786  51.9949 214.2808
  -1.668   0.0443   0.00640   0.00054  -0.0473   0.7371   0.4014  52.3955 216.5115
  -1.583   0.0535   0.00633   0.00054  -0.0473   0.7335   0.4213  52.7849 218.4377
  -1.498   0.0629   0.00628   0.00053  -0.0472   0.7301   0.4390  53.1545 220.1530
  -1.412   0.0723   0.00622   0.00053  -0.0472   0.7263   0.4552  53.5651 221.7078
  -1.327   0.0816   0.00618   0.00052  -0.0472   0.7227   0.4703  53.9481 223.1507
  -1.241   0.0911   0.00613   0.00052  -0.0471   0.7188   0.4845  54.3658 224.5098
  -1.156   0.1005   0.00610   0.00051  -0.0471   0.7147   0.4976  54.7939 225.7582
  -1.070   0.1099   0.00607   0.00051  -0.0470   0.7108   0.5105  55.2122 226.9927
  -0.985   0.1194   0.00603   0.00051  -0.0470   0.7064   0.5236  55.6685 228.2481
  -0.899   0.1287   0.00599   0.00050  -0.0469   0.7023   0.5370  56.0937 229.5244
  -0.814   0.1382   0.00596   0.00050  -0.0469   0.6977   0.5501  56.5767 230.7860
  -0.643   0.1570   0.00589   0.00049  -0.0468   0.6885   0.5751  57.5283 233.1939
  -0.472   0.1759   0.00584   0.00048  -0.0467   0.6789   0.5988  58.5125 235.4895
  -0.387   0.1852   0.00582   0.00048  -0.0466   0.6740   0.6111  59.0111 236.6921
  -0.216   0.2038   0.00575   0.00047  -0.0465   0.6633   0.6391  60.1040 239.4580
  -0.131   0.2130   0.00571   0.00046  -0.0464   0.6575   0.6553  60.6836 241.0758
  -0.045   0.2220   0.00566   0.00046  -0.0463   0.6519   0.6735  61.2462 242.9087
   0.126   0.2397   0.00555   0.00047  -0.0459   0.6394   0.7176  62.4949 247.4918
   0.211   0.2483   0.00549   0.00049  -0.0456   0.6329   0.7456  63.1376 250.5131
   0.296   0.2569   0.00546   0.00051  -0.0454   0.6260   0.7729  63.8193 253.5625
   0.382   0.2657   0.00545   0.00053  -0.0452   0.6191   0.7938  64.5054 255.9823
   0.467   0.2746   0.00546   0.00054  -0.0450   0.6120   0.8094  65.2009 257.8584
   0.553   0.2835   0.00547   0.00056  -0.0448   0.6045   0.8220  65.9326 259.4028
   0.638   0.2926   0.00549   0.00057  -0.0446   0.5970   0.8329  66.6587 260.7886
   0.724   0.3016   0.00551   0.00058  -0.0444   0.5897   0.8422  67.3703 261.9858
   0.809   0.3105   0.00554   0.00060  -0.0442   0.5823   0.8505  68.0940 263.0791
   0.894   0.3195   0.00556   0.00061  -0.0441   0.5743   0.8581  68.8607 264.1111
   0.980   0.3285   0.00559   0.00062  -0.0439   0.5664   0.8651  69.6269 265.0827
   1.151   0.3464   0.00567   0.00064  -0.0435   0.5501   0.8777  71.1899 266.8815
   1.322   0.3642   0.00574   0.00067  -0.0431   0.5333   0.8885  72.7982 268.4882
   1.407   0.3731   0.00578   0.00068  -0.0429   0.5251   0.8937  73.5863 269.2831
   1.492   0.3820   0.00583   0.00070  -0.0427   0.5169   0.8989  74.3731 270.1041
   1.578   0.3908   0.00587   0.00071  -0.0425   0.5086   0.9040  75.1611 270.9084
   1.663   0.3995   0.00592   0.00072  -0.0423   0.5003   0.9087  75.9537 271.6954
   1.749   0.4082   0.00596   0.00074  -0.0421   0.4919   0.9136  76.7537 272.5148
   1.834   0.4169   0.00601   0.00075  -0.0418   0.4838   0.9185  77.5324 273.3566
   1.920   0.4255   0.00606   0.00077  -0.0416   0.4759   0.9234  78.2878 274.2255
   2.005   0.4340   0.00611   0.00079  -0.0413   0.4681   0.9284  79.0307 275.1233
   2.091   0.4425   0.00616   0.00080  -0.0410   0.4601   0.9333  79.7968 276.0455
   2.261   0.4593   0.00626   0.00084  -0.0404   0.4447   0.9431  81.2789 277.9924
   2.347   0.4675   0.00632   0.00085  -0.0401   0.4370   0.9480  82.0129 279.0183
   2.432   0.4760   0.00637   0.00087  -0.0398   0.4292   0.9526  82.7647 280.0499
   2.518   0.4846   0.00642   0.00089  -0.0395   0.4218   0.9570  83.4805 281.0508
   2.603   0.4934   0.00648   0.00090  -0.0393   0.4147   0.9610  84.1724 282.0185
   2.688   0.5025   0.00654   0.00092  -0.0392   0.4075   0.9646  84.8678 282.9208
   2.774   0.5121   0.00659   0.00094  -0.0392   0.4006   0.9676  85.5416 283.7239
   2.859   0.5218   0.00666   0.00095  -0.0392   0.3938   0.9704  86.2011 284.4807
   2.945   0.5317   0.00672   0.00097  -0.0392   0.3869   0.9731  86.8770 285.2566
   3.030   0.5418   0.00678   0.00099  -0.0394   0.3803   0.9757  87.5278 286.0623
   3.116   0.5523   0.00685   0.00101  -0.0396   0.3738   0.9780  88.1638 286.7900
   3.201   0.5630   0.00691   0.00103  -0.0398   0.3671   0.9801  88.8301 287.5025
   3.286   0.5738   0.00697   0.00105  -0.0401   0.3607   0.9823  89.4583 288.2452
   3.372   0.5846   0.00705   0.00107  -0.0404   0.3548   0.9843  90.0539 289.0059
   3.457   0.5960   0.00710   0.00108  -0.0408   0.3488   0.9857  90.6484 289.5769
   3.543   0.6072   0.00717   0.00111  -0.0412   0.3434   0.9873  91.1921 290.2296
   3.628   0.6185   0.00723   0.00112  -0.0416   0.3378   0.9888  91.7531 290.8591
   3.714   0.6301   0.00730   0.00114  -0.0421   0.3328   0.9899  92.2589 291.4083
   3.799   0.6416   0.00736   0.00117  -0.0426   0.3277   0.9912  92.7840 292.0473
   3.884   0.6535   0.00742   0.00119  -0.0431   0.3229   0.9921  93.2712 292.4941
   3.970   0.6654   0.00749   0.00121  -0.0437   0.3182   0.9931  93.7511 293.0629
   4.055   0.6774   0.00755   0.00123  -0.0442   0.3140   0.9939  94.1796 293.5434
   4.141   0.6894   0.00761   0.00125  -0.0448   0.3097   0.9948  94.6267 294.1355
   4.226   0.7014   0.00768   0.00127  -0.0454   0.3056   0.9957  95.0440 294.7146
   4.312   0.7135   0.00772   0.00129  -0.0460   0.3017   0.9965  95.4565 295.3410
   4.397   0.7255   0.00779   0.00131  -0.0465   0.2978   0.9973  95.8628 296.0647
   4.482   0.7376   0.00785   0.00133  -0.0471   0.2941   0.9981  96.2424 296.8643
   4.568   0.7498   0.00790   0.00135  -0.0477   0.2901   0.9989  96.6659 297.8307
   4.653   0.7619   0.00798   0.00138  -0.0484   0.2864   0.9996  97.0585 299.2075
   4.739   0.7720   0.00801   0.00139  -0.0485   0.2830   1.0000  97.4153 301.0000
   4.824   0.7794   0.00806   0.00140  -0.0481   0.2801   1.0000  97.7285 301.0000
   4.910   0.7868   0.00811   0.00141  -0.0477   0.2773   1.0000  98.0236 301.0000
   4.995   0.7947   0.00815   0.00142  -0.0474   0.2743   1.0000  98.3466 301.0000
   5.080   0.8024   0.00820   0.00143  -0.0470   0.2709   1.0000  98.7066 301.0000
   5.166   0.8101   0.00827   0.00144  -0.0467   0.2677   1.0000  99.0551 301.0000
   5.251   0.8182   0.00831   0.00145  -0.0464   0.2641   1.0000  99.4419 301.0000
   5.337   0.8260   0.00837   0.00147  -0.0461   0.2603   1.0000  99.8513 301.0000
   5.422   0.8341   0.00842   0.00148  -0.0458   0.2567   1.0000 100.2464 301.0000
   5.508   0.8423   0.00848   0.00150  -0.0455   0.2526   1.0000 100.6994 301.0000
   5.593   0.8504   0.00854   0.00152  -0.0452   0.2487   1.0000 101.1247 301.0000
   5.678   0.8588   0.00860   0.00153  -0.0450   0.2446   1.0000 101.5749 301.0000
   5.764   0.8670   0.00868   0.00155  -0.0448   0.2406   1.0000 102.0195 301.0000
   5.849   0.8755   0.00873   0.00157  -0.0446   0.2362   1.0000 102.5128 301.0000
   5.935   0.8838   0.00881   0.00159  -0.0444   0.2315   1.0000 103.0511 301.0000
   6.020   0.8924   0.00888   0.00161  -0.0442   0.2255   1.0000 103.7251 301.0000
   6.106   0.9007   0.00897   0.00164  -0.0440   0.2191   1.0000 104.4604 301.0000
   6.191   0.9089   0.00907   0.00167  -0.0438   0.2122   1.0000 105.2609 301.0000
   6.276   0.9171   0.00918   0.00170  -0.0436   0.2042   1.0000 106.2020 301.0000
   6.362   0.9252   0.00930   0.00174  -0.0433   0.1946   1.0000 107.3516 301.0000
   6.447   0.9331   0.00944   0.00179  -0.0431   0.1851   1.0000 108.5145 301.0000
   6.533   0.9410   0.00959   0.00185  -0.0428   0.1745   1.0000 109.8262 301.0000
   6.618   0.9486   0.00977   0.00192  -0.0425   0.1643   1.0000 111.1277 301.0000
   6.704   0.9563   0.00993   0.00199  -0.0423   0.1535   1.0000 112.5359 301.0000
   6.789   0.9638   0.01013   0.00208  -0.0420   0.1431   1.0000 113.9352 301.0000
   6.874   0.9715   0.01030   0.00216  -0.0417   0.1335   1.0000 115.2698 301.0000
   6.960   0.9791   0.01048   0.00225  -0.0414   0.1243   1.0000 116.5811 301.0000
   7.045   0.9869   0.01065   0.00233  -0.0411   0.1164   1.0000 117.7401 301.0000
   7.131   0.9947   0.01082   0.00241  -0.0409   0.1088   1.0000 118.8829 301.0000
   7.216   1.0025   0.01099   0.00249  -0.0406   0.1023   1.0000 119.8963 301.0000
   7.301   1.0104   0.01114   0.00257  -0.0404   0.0962   1.0000 120.8665 301.0000
   7.387   1.0184   0.01130   0.00265  -0.0402   0.0905   1.0000 121.8088 301.0000
   7.472   1.0264   0.01145   0.00272  -0.0399   0.0855   1.0000 122.6517 301.0000
   7.558   1.0344   0.01159   0.00280  -0.0397   0.0810   1.0000 123.4229 301.0000
   7.643   1.0424   0.01174   0.00287  -0.0395   0.0767   1.0000 124.1802 301.0000
   7.814   1.0586   0.01203   0.00302  -0.0391   0.0692   1.0000 125.5598 301.0000
   7.899   1.0666   0.01217   0.00310  -0.0389   0.0661   1.0000 126.1580 301.0000
   7.985   1.0747   0.01231   0.00317  -0.0387   0.0629   1.0000 126.7836 301.0000
   8.070   1.0828   0.01245   0.00324  -0.0385   0.0600   1.0000 127.3493 301.0000
   8.156   1.0907   0.01259   0.00332  -0.0382   0.0573   1.0000 127.9084 301.0000
   8.241   1.0989   0.01272   0.00339  -0.0381   0.0549   1.0000 128.4023 301.0000
   8.327   1.1068   0.01288   0.00347  -0.0378   0.0526   1.0000 128.8795 301.0000
   8.412   1.1150   0.01300   0.00354  -0.0376   0.0506   1.0000 129.3100 301.0000
   8.498   1.1230   0.01314   0.00361  -0.0374   0.0486   1.0000 129.7549 301.0000
   8.583   1.1310   0.01328   0.00369  -0.0372   0.0469   1.0000 130.1378 301.0000
   8.668   1.1391   0.01340   0.00376  -0.0370   0.0453   1.0000 130.5127 301.0000
   8.754   1.1470   0.01355   0.00384  -0.0368   0.0437   1.0000 130.8701 301.0000
   8.839   1.1550   0.01368   0.00391  -0.0366   0.0424   1.0000 131.1831 301.0000
   8.925   1.1631   0.01381   0.00398  -0.0364   0.0411   1.0000 131.4987 301.0000
   9.010   1.1708   0.01397   0.00406  -0.0361   0.0398   1.0000 131.8028 301.0000
   9.095   1.1786   0.01411   0.00415  -0.0359   0.0387   1.0000 132.0804 301.0000
   9.181   1.1868   0.01423   0.00421  -0.0357   0.0376   1.0000 132.3489 301.0000
   9.266   1.1947   0.01436   0.00429  -0.0355   0.0365   1.0000 132.6210 301.0000
   9.352   1.2023   0.01452   0.00437  -0.0353   0.0355   1.0000 132.8753 301.0000
   9.437   1.2101   0.01466   0.00445  -0.0350   0.0347   1.0000 133.0982 301.0000
   9.523   1.2181   0.01479   0.00452  -0.0348   0.0339   1.0000 133.3167 301.0000
   9.608   1.2259   0.01492   0.00460  -0.0346   0.0330   1.0000 133.5364 301.0000
   9.694   1.2334   0.01508   0.00469  -0.0343   0.0322   1.0000 133.7451 301.0000
   9.779   1.2407   0.01525   0.00478  -0.0340   0.0315   1.0000 133.9496 301.0000
   9.864   1.2485   0.01539   0.00486  -0.0338   0.0309   1.0000 134.1176 301.0000
   9.950   1.2562   0.01552   0.00494  -0.0335   0.0303   1.0000 134.2894 301.0000
  10.035   1.2638   0.01567   0.00502  -0.0333   0.0296   1.0000 134.4662 301.0000
  10.121   1.2712   0.01583   0.00511  -0.0330   0.0290   1.0000 134.6363 301.0000
  10.206   1.2783   0.01600   0.00521  -0.0327   0.0285   1.0000 134.8014 301.0000
  10.291   1.2851   0.01621   0.00533  -0.0323   0.0278   1.0000 134.9766 301.0000
  10.377   1.2927   0.01634   0.00541  -0.0320   0.0274   1.0000 135.1058 301.0000
  10.462   1.3002   0.01648   0.00549  -0.0318   0.0269   1.0000 135.2463 301.0000
  10.548   1.3076   0.01662   0.00557  -0.0315   0.0264   1.0000 135.3937 301.0000
  10.633   1.3148   0.01678   0.00566  -0.0312   0.0259   1.0000 135.5403 301.0000
  10.719   1.3218   0.01695   0.00575  -0.0308   0.0255   1.0000 135.6792 301.0000
  10.804   1.3286   0.01713   0.00586  -0.0305   0.0250   1.0000 135.8122 301.0000
  10.889   1.3349   0.01734   0.00598  -0.0300   0.0246   1.0000 135.9485 301.0000
  10.975   1.3417   0.01752   0.00608  -0.0297   0.0242   1.0000 136.0597 301.0000
  11.060   1.3488   0.01767   0.00617  -0.0294   0.0239   1.0000 136.1631 301.0000
  11.146   1.3557   0.01783   0.00626  -0.0290   0.0236   1.0000 136.2723 301.0000
  11.231   1.3625   0.01799   0.00636  -0.0287   0.0232   1.0000 136.3821 301.0000
  11.317   1.3691   0.01816   0.00645  -0.0283   0.0229   1.0000 136.4905 301.0000
  11.402   1.3755   0.01835   0.00656  -0.0279   0.0225   1.0000 136.5951 301.0000
  11.487   1.3817   0.01854   0.00667  -0.0274   0.0222   1.0000 136.6962 301.0000
  11.573   1.3876   0.01875   0.00679  -0.0269   0.0219   1.0000 136.7972 301.0000
  11.658   1.3927   0.01899   0.00692  -0.0263   0.0216   1.0000 136.9020 301.0000
  11.744   1.3968   0.01925   0.00707  -0.0255   0.0213   1.0000 137.0055 301.0000
  11.829   1.4026   0.01942   0.00717  -0.0250   0.0211   1.0000 137.0676 301.0000
  11.915   1.4081   0.01959   0.00727  -0.0244   0.0209   1.0000 137.1383 301.0000
  12.000   1.4135   0.01978   0.00738  -0.0239   0.0207   1.0000 137.2142 301.0000
