  
       XFOIL         Version 6.99
  
 Calculated polar for: Repaneled_Airfoil                               
  
 1 1 Reynolds number fixed          Mach number fixed         
  
 xtrf =   1.000 (top)        1.000 (bottom)  
 Mach =   0.000     Re =     1.000 e 6     Ncrit =   9.000  9.000
  
   alpha    CL        CD       CDp       CM     Top_Xtr  Bot_Xtr  Top_Itr  Bot_Itr
  ------ -------- --------- --------- -------- -------- -------- -------- --------
  -5.000  -0.8722   0.01686   0.00418   0.1125   0.6853   0.0325  57.8729 168.3061
  -4.915  -0.8631   0.01677   0.00415   0.1126   0.6852   0.0334  57.8905 168.5535
  -4.829  -0.8540   0.01670   0.00412   0.1128   0.6850   0.0343  57.9073 168.8063
  -4.744  -0.8449   0.01662   0.00410   0.1130   0.6848   0.0352  57.9235 169.0453
  -4.658  -0.8357   0.01654   0.00408   0.1131   0.6847   0.0364  57.9396 169.3286
  -4.573  -0.8265   0.01646   0.00405   0.1132   0.6845   0.0376  57.9559 169.6329
  -4.487  -0.8174   0.01638   0.00403   0.1134   0.6844   0.0387  57.9731 169.9242
  -4.402  -0.8083   0.01630   0.00400   0.1135   0.6842   0.0399  57.9914 170.2188
  -4.231  -0.7881   0.01627   0.00415   0.1133   0.6808   0.0428  58.3397 170.9230
  -4.146  -0.7787   0.01620   0.00414   0.1134   0.6801   0.0444  58.4080 171.2847
  -4.060  -0.7693   0.01612   0.00413   0.1135   0.6795   0.0464  58.4665 171.7466
  -3.975  -0.7600   0.01604   0.00412   0.1136   0.6790   0.0488  58.5179 172.2842
  -3.889  -0.7508   0.01596   0.00410   0.1138   0.6786   0.0518  58.5659 172.9415
  -3.804  -0.7415   0.01586   0.00408   0.1139   0.6781   0.0553  58.6122 173.6725
  -3.719  -0.7321   0.01576   0.00405   0.1140   0.6777   0.0593  58.6575 174.4913
  -3.633  -0.7228   0.01566   0.00403   0.1141   0.6773   0.0639  58.7012 175.4155
  -3.548  -0.7133   0.01556   0.00400   0.1142   0.6768   0.0694  58.7426 176.4726
  -3.462  -0.7037   0.01546   0.00399   0.1143   0.6765   0.0762  58.7813 177.7243
  -3.377  -0.6940   0.01536   0.00398   0.1144   0.6761   0.0848  58.8186 179.2230
  -3.292  -0.6841   0.01526   0.00398   0.1144   0.6757   0.0963  58.8560 181.1401
  -3.206  -0.6739   0.01515   0.00399   0.1144   0.6754   0.1133  58.8947 183.8019
  -3.121  -0.6628   0.01504   0.00406   0.1142   0.6750   0.1451  58.9348 188.3395
  -3.035  -0.6488   0.01493   0.00460   0.1136   0.6746   0.2950  58.9760 205.8476
  -2.950  -0.6406   0.01489   0.00480   0.1139   0.6733   0.3355  59.1098 210.0141
  -2.864  -0.6321   0.01485   0.00489   0.1142   0.6716   0.3522  59.2802 211.6940
  -2.779  -0.6238   0.01479   0.00492   0.1145   0.6704   0.3632  59.4049 212.7933
  -2.693  -0.6156   0.01472   0.00493   0.1148   0.6693   0.3718  59.5101 213.6372
  -2.608  -0.6075   0.01465   0.00493   0.1152   0.6684   0.3785  59.6061 214.2965
  -2.523  -0.5992   0.01457   0.00491   0.1155   0.6675   0.3845  59.6994 214.8924
  -2.437  -0.5913   0.01448   0.00488   0.1159   0.6666   0.3895  59.7890 215.3806
  -2.352  -0.5831   0.01440   0.00484   0.1163   0.6657   0.3943  59.8805 215.8486
  -2.266  -0.5752   0.01431   0.00480   0.1167   0.6648   0.3981  59.9734 216.2210
  -2.181  -0.5665   0.01426   0.00482   0.1169   0.6626   0.4019  60.1947 216.5912
  -2.095  -0.5577   0.01421   0.00481   0.1171   0.6603   0.4053  60.4182 216.9239
  -2.010  -0.5496   0.01414   0.00479   0.1174   0.6585   0.4083  60.6060 217.2133
  -1.925  -0.5415   0.01405   0.00476   0.1178   0.6567   0.4116  60.7826 217.5346
  -1.839  -0.5332   0.01397   0.00470   0.1182   0.6551   0.4149  60.9502 217.8579
  -1.754  -0.5246   0.01392   0.00471   0.1184   0.6519   0.4179  61.2675 218.1404
  -1.668  -0.5162   0.01386   0.00470   0.1187   0.6482   0.4207  61.6372 218.4166
  -1.583  -0.5081   0.01377   0.00464   0.1190   0.6449   0.4236  61.9715 218.6933
  -1.498  -0.4990   0.01374   0.00463   0.1192   0.6392   0.4264  62.5380 218.9653
  -1.412  -0.4911   0.01365   0.00459   0.1196   0.6332   0.4288  63.1299 219.1933
  -1.327  -0.4831   0.01357   0.00453   0.1199   0.6245   0.4311  63.9898 219.4205
  -1.241  -0.4747   0.01351   0.00446   0.1202   0.6072   0.4334  65.6889 219.6363
  -1.156  -0.4564   0.01422   0.00439   0.1178   0.3578   0.4360  89.7874 219.8931
  -1.070  -0.4466   0.01427   0.00441   0.1176   0.3398   0.4379  91.5875 220.0780
  -0.985  -0.4376   0.01426   0.00442   0.1177   0.3305   0.4399  92.5299 220.2663
  -0.899  -0.4286   0.01426   0.00442   0.1178   0.3239   0.4420  93.2009 220.4718
  -0.814  -0.4194   0.01425   0.00443   0.1178   0.3186   0.4441  93.7482 220.6727
  -0.729  -0.4100   0.01425   0.00443   0.1179   0.3143   0.4460  94.1914 220.8519
  -0.643  -0.4008   0.01424   0.00442   0.1179   0.3104   0.4478  94.5900 221.0234
  -0.558  -0.3923   0.01421   0.00443   0.1181   0.3071   0.4497  94.9309 221.2073
  -0.472  -0.3836   0.01418   0.00443   0.1183   0.3043   0.4519  95.2198 221.4168
  -0.387  -0.3746   0.01417   0.00443   0.1184   0.3016   0.4542  95.5031 221.6359
  -0.301  -0.3654   0.01416   0.00443   0.1184   0.2990   0.4562  95.7683 221.8346
  -0.131  -0.3479   0.01411   0.00443   0.1187   0.2948   0.4596  96.2140 222.1558
  -0.045  -0.3394   0.01407   0.00443   0.1189   0.2928   0.4611  96.4238 222.2977
   0.040  -0.3306   0.01405   0.00442   0.1191   0.2908   0.4624  96.6301 222.4296
   0.126  -0.3218   0.01403   0.00441   0.1192   0.2889   0.4637  96.8314 222.5480
   0.211  -0.3128   0.01402   0.00441   0.1193   0.2871   0.4648  97.0246 222.6582
   0.296  -0.3041   0.01399   0.00440   0.1195   0.2854   0.4659  97.2062 222.7634
   0.382  -0.2952   0.01396   0.00439   0.1196   0.2836   0.4670  97.3957 222.8685
   0.467  -0.2862   0.01395   0.00438   0.1197   0.2818   0.4681  97.5813 222.9695
   0.553  -0.2777   0.01392   0.00437   0.1199   0.2801   0.4691  97.7602 223.0691
   0.638  -0.2693   0.01389   0.00436   0.1201   0.2785   0.4702  97.9336 223.1693
   0.724  -0.2610   0.01385   0.00435   0.1203   0.2770   0.4713  98.0941 223.2723
   0.809  -0.2526   0.01381   0.00434   0.1206   0.2754   0.4724  98.2622 223.3789
   0.894  -0.2440   0.01378   0.00432   0.1207   0.2738   0.4735  98.4380 223.4901
   0.980  -0.2354   0.01375   0.00431   0.1209   0.2722   0.4747  98.6116 223.6044
   1.065  -0.2266   0.01373   0.00430   0.1210   0.2706   0.4759  98.7768 223.7205
   1.151  -0.2177   0.01372   0.00428   0.1211   0.2691   0.4771  98.9351 223.8359
   1.236  -0.2088   0.01370   0.00427   0.1213   0.2678   0.4783  99.0818 223.9476
   1.322  -0.2004   0.01366   0.00425   0.1215   0.2664   0.4794  99.2337 224.0520
   1.407  -0.1924   0.01361   0.00423   0.1218   0.2649   0.4805  99.3918 224.1553
   1.492  -0.1842   0.01356   0.00422   0.1220   0.2634   0.4816  99.5556 224.2610
   1.578  -0.1758   0.01353   0.00420   0.1222   0.2619   0.4827  99.7172 224.3707
   1.663  -0.1673   0.01350   0.00418   0.1224   0.2605   0.4839  99.8750 224.4856
   1.749  -0.1586   0.01348   0.00416   0.1225   0.2590   0.4852 100.0362 224.6049
   1.834  -0.1501   0.01345   0.00414   0.1227   0.2575   0.4865 100.2028 224.7263
   1.920  -0.1414   0.01342   0.00412   0.1229   0.2558   0.4877 100.3854 224.8483
   2.005  -0.1326   0.01339   0.00410   0.1230   0.2541   0.4890 100.5711 224.9665
   2.091  -0.1244   0.01335   0.00408   0.1233   0.2525   0.4901 100.7429 225.0782
   2.176  -0.1164   0.01331   0.00405   0.1235   0.2511   0.4913 100.9055 225.1905
   2.261  -0.1082   0.01327   0.00402   0.1237   0.2496   0.4926 101.0633 225.3076
   2.347  -0.1000   0.01323   0.00400   0.1240   0.2482   0.4938 101.2267 225.4300
   2.432  -0.0917   0.01319   0.00398   0.1242   0.2466   0.4952 101.3969 225.5588
   2.518  -0.0832   0.01315   0.00395   0.1244   0.2451   0.4966 101.5697 225.6912
   2.603  -0.0746   0.01313   0.00393   0.1245   0.2435   0.4980 101.7413 225.8249
   2.688  -0.0657   0.01311   0.00390   0.1246   0.2420   0.4993 101.9116 225.9557
   2.774  -0.0576   0.01307   0.00387   0.1249   0.2405   0.5006 102.0767 226.0778
   2.859  -0.0499   0.01301   0.00384   0.1252   0.2389   0.5019 102.2531 226.2004
   2.945  -0.0419   0.01296   0.00380   0.1255   0.2372   0.5033 102.4449 226.3304
   3.030  -0.0337   0.01292   0.00377   0.1257   0.2355   0.5047 102.6417 226.4680
   3.116  -0.0253   0.01289   0.00374   0.1259   0.2337   0.5062 102.8389 226.6123
   3.201  -0.0167   0.01287   0.00371   0.1260   0.2320   0.5078 103.0377 226.7598
   3.286  -0.0081   0.01284   0.00369   0.1262   0.2300   0.5093 103.2565 226.9057
   3.372   0.0002   0.01280   0.00366   0.1264   0.2280   0.5107 103.4894 227.0432
   3.457   0.0080   0.01274   0.00361   0.1267   0.2261   0.5121 103.7075 227.1770
   3.543   0.0160   0.01270   0.00357   0.1270   0.2243   0.5136 103.9091 227.3188
   3.628   0.0240   0.01266   0.00354   0.1272   0.2226   0.5152 104.1007 227.4700
   3.714   0.0322   0.01262   0.00350   0.1274   0.2208   0.5169 104.3173 227.6293
   3.799   0.0406   0.01259   0.00347   0.1276   0.2188   0.5186 104.5451 227.7922
   3.884   0.0493   0.01257   0.00344   0.1277   0.2168   0.5203 104.7746 227.9531
   4.055   0.0649   0.01247   0.00336   0.1283   0.2129   0.5234 105.2303 228.2577
   4.141   0.0729   0.01242   0.00332   0.1286   0.2107   0.5252 105.4886 228.4265
   4.226   0.0810   0.01239   0.00328   0.1288   0.2085   0.5271 105.7455 228.6059
   4.397   0.0980   0.01234   0.00321   0.1291   0.2041   0.5310 106.2692 228.9774
   4.482   0.1056   0.01229   0.00316   0.1294   0.2017   0.5328 106.5536 229.1484
   4.568   0.1134   0.01224   0.00311   0.1297   0.1993   0.5347 106.8302 229.3353
   4.653   0.1214   0.01221   0.00307   0.1299   0.1972   0.5368 107.0877 229.5363
   4.739   0.1296   0.01217   0.00303   0.1301   0.1949   0.5390 107.3632 229.7446
   4.824   0.1381   0.01215   0.00300   0.1302   0.1925   0.5412 107.6518 229.9541
   4.910   0.1458   0.01211   0.00295   0.1305   0.1902   0.5432 107.9264 230.1512
   4.995   0.1534   0.01206   0.00290   0.1308   0.1880   0.5455 108.2018 230.3665
   5.080   0.1612   0.01202   0.00286   0.1311   0.1855   0.5479 108.5095 230.5989
   5.166   0.1694   0.01200   0.00282   0.1313   0.1830   0.5504 108.8132 230.8430
   5.251   0.1774   0.01197   0.00278   0.1315   0.1808   0.5529 109.0871 231.0805
   5.337   0.1846   0.01191   0.00273   0.1319   0.1785   0.5555 109.3700 231.3292
   5.422   0.1921   0.01187   0.00268   0.1322   0.1762   0.5584 109.6602 231.6046
   5.508   0.1999   0.01185   0.00264   0.1324   0.1740   0.5614 109.9350 231.8929
   5.593   0.2068   0.01180   0.00259   0.1329   0.1720   0.5643 110.1957 232.1768
   5.678   0.2135   0.01175   0.00255   0.1334   0.1697   0.5676 110.4833 232.4945
   5.764   0.2207   0.01173   0.00250   0.1337   0.1674   0.5712 110.7815 232.8379
   5.849   0.2273   0.01169   0.00246   0.1342   0.1652   0.5746 111.0594 233.1733
   5.935   0.2332   0.01163   0.00241   0.1348   0.1630   0.5785 111.3375 233.5476
   6.020   0.2396   0.01159   0.00236   0.1354   0.1608   0.5827 111.6279 233.9570
   6.106   0.2446   0.01153   0.00230   0.1362   0.1589   0.5873 111.8783 234.3941
   6.191   0.2495   0.01147   0.00225   0.1370   0.1571   0.5926 112.1053 234.9153
   6.276   0.2528   0.01138   0.00219   0.1382   0.1555   0.5990 112.3244 235.5409
   6.362   0.2543   0.01128   0.00212   0.1397   0.1539   0.6069 112.5283 236.3090
   6.447   0.2494   0.01114   0.00205   0.1426   0.1531   0.6172 112.6444 237.3136
   6.533   0.2371   0.01083   0.00189   0.1470   0.1530   0.6441 112.6593 239.9786
   6.618   0.2069   0.00967   0.00155   0.1552   0.1546   0.8277 112.4363 260.1551
   6.704   0.2161   0.00973   0.00161   0.1552   0.1523   0.8375 112.7408 261.4027
   6.789   0.2257   0.00981   0.00164   0.1551   0.1501   0.8421 113.0323 262.0041
   6.874   0.2354   0.00988   0.00171   0.1550   0.1479   0.8453 113.3313 262.4269
   6.960   0.2450   0.00995   0.00174   0.1549   0.1456   0.8481 113.6515 262.7988
   7.045   0.2547   0.01004   0.00177   0.1547   0.1432   0.8503 113.9674 263.0818
   7.131   0.2646   0.01011   0.00182   0.1546   0.1410   0.8520 114.2746 263.3200
   7.216   0.2744   0.01018   0.00186   0.1544   0.1386   0.8537 114.6053 263.5508
   7.301   0.2840   0.01026   0.00187   0.1542   0.1364   0.8553 114.9125 263.7678
   7.387   0.2937   0.01032   0.00188   0.1541   0.1344   0.8568 115.1876 263.9620
   7.472   0.3036   0.01039   0.00192   0.1539   0.1322   0.8578 115.4933 264.0969
   7.558   0.3135   0.01049   0.00198   0.1537   0.1300   0.8587 115.8042 264.2243
   7.643   0.3233   0.01058   0.00203   0.1536   0.1280   0.8596 116.0961 264.3559
   7.729   0.3332   0.01066   0.00207   0.1534   0.1258   0.8606 116.4091 264.4897
   7.814   0.3429   0.01075   0.00210   0.1532   0.1235   0.8616 116.7360 264.6253
   7.899   0.3526   0.01084   0.00213   0.1530   0.1214   0.8626 117.0473 264.7593
   7.985   0.3623   0.01090   0.00215   0.1529   0.1192   0.8635 117.3656 264.8883
   8.070   0.3720   0.01098   0.00216   0.1527   0.1170   0.8643 117.7010 265.0049
   8.156   0.3818   0.01109   0.00223   0.1525   0.1148   0.8649 118.0198 265.0882
   8.241   0.3918   0.01118   0.00228   0.1523   0.1127   0.8655 118.3394 265.1725
   8.327   0.4017   0.01128   0.00234   0.1521   0.1104   0.8662 118.6859 265.2590
   8.412   0.4115   0.01140   0.00240   0.1519   0.1083   0.8668 119.0116 265.3482
   8.498   0.4214   0.01149   0.00245   0.1517   0.1063   0.8674 119.3259 265.4405
   8.583   0.4312   0.01160   0.00250   0.1515   0.1041   0.8681 119.6630 265.5384
   8.754   0.4506   0.01180   0.00259   0.1511   0.0999   0.8696 120.3226 265.7391
   8.839   0.4602   0.01190   0.00262   0.1509   0.0976   0.8702 120.6928 265.8349
   8.925   0.4697   0.01200   0.00264   0.1507   0.0954   0.8709 121.0405 265.9243
   9.010   0.4793   0.01208   0.00265   0.1505   0.0933   0.8714 121.3999 266.0033
   9.095   0.4891   0.01219   0.00272   0.1503   0.0909   0.8718 121.7819 266.0554
   9.181   0.4988   0.01231   0.00278   0.1501   0.0889   0.8721 122.1217 266.1051
   9.266   0.5086   0.01242   0.00284   0.1499   0.0869   0.8725 122.4651 266.1533
   9.352   0.5183   0.01255   0.00291   0.1496   0.0849   0.8728 122.8078 266.2014
   9.437   0.5281   0.01267   0.00297   0.1494   0.0830   0.8731 123.1207 266.2490
   9.523   0.5378   0.01278   0.00303   0.1492   0.0811   0.8735 123.4666 266.2956
   9.608   0.5475   0.01291   0.00309   0.1489   0.0790   0.8738 123.8284 266.3430
   9.694   0.5571   0.01303   0.00315   0.1487   0.0771   0.8741 124.1593 266.3919
   9.779   0.5668   0.01315   0.00320   0.1485   0.0752   0.8745 124.5182 266.4405
   9.864   0.5763   0.01328   0.00326   0.1482   0.0732   0.8748 124.8750 266.4903
   9.950   0.5859   0.01340   0.00331   0.1480   0.0714   0.8752 125.2008 266.5409
  10.035   0.5955   0.01352   0.00336   0.1477   0.0696   0.8755 125.5483 266.5918
  10.121   0.6049   0.01367   0.00342   0.1475   0.0677   0.8759 125.8984 266.6436
  10.206   0.6145   0.01378   0.00347   0.1472   0.0659   0.8762 126.2398 266.6968
  10.291   0.6239   0.01391   0.00352   0.1470   0.0639   0.8766 126.6426 266.7545
  10.377   0.6333   0.01406   0.00358   0.1467   0.0618   0.8771 127.0386 266.8160
  10.462   0.6427   0.01417   0.00361   0.1464   0.0598   0.8775 127.4478 266.8785
  10.548   0.6520   0.01432   0.00366   0.1462   0.0577   0.8779 127.8816 266.9404
  10.633   0.6613   0.01445   0.00370   0.1459   0.0557   0.8783 128.2825 266.9985
  10.719   0.6707   0.01461   0.00379   0.1456   0.0537   0.8786 128.7064 267.0370
  10.804   0.6800   0.01478   0.00389   0.1453   0.0519   0.8788 129.0976 267.0733
  10.889   0.6894   0.01493   0.00397   0.1451   0.0500   0.8791 129.5148 267.1083
  10.975   0.6987   0.01512   0.00408   0.1448   0.0480   0.8793 129.9351 267.1446
  11.060   0.7081   0.01528   0.00417   0.1445   0.0464   0.8796 130.3020 267.1819
  11.146   0.7174   0.01546   0.00427   0.1442   0.0448   0.8798 130.6796 267.2197
  11.231   0.7265   0.01566   0.00438   0.1439   0.0433   0.8801 131.0226 267.2590
  11.317   0.7358   0.01582   0.00447   0.1436   0.0421   0.8804 131.3202 267.2973
  11.402   0.7450   0.01600   0.00456   0.1433   0.0408   0.8806 131.6177 267.3351
  11.487   0.7541   0.01621   0.00467   0.1429   0.0397   0.8809 131.8875 267.3722
  11.573   0.7633   0.01638   0.00476   0.1426   0.0387   0.8811 132.1205 267.4071
  11.658   0.7726   0.01653   0.00484   0.1423   0.0377   0.8813 132.3713 267.4427
  11.744   0.7817   0.01670   0.00493   0.1420   0.0367   0.8816 132.6380 267.4784
  11.829   0.7906   0.01690   0.00503   0.1416   0.0357   0.8818 132.8935 267.5141
  11.915   0.7997   0.01708   0.00512   0.1413   0.0348   0.8821 133.1173 267.5494
  12.000   0.8087   0.01725   0.00521   0.1410   0.0340   0.8823 133.3463 267.5844
