  
       XFOIL         Version 6.99
  
 Calculated polar for: Repaneled_Airfoil                               
  
 1 1 Reynolds number fixed          Mach number fixed         
  
 xtrf =   1.000 (top)        1.000 (bottom)  
 Mach =   0.000     Re =     1.000 e 6     Ncrit =   9.000  9.000
  
   alpha    CL        CD       CDp       CM     Top_Xtr  Bot_Xtr  Top_Itr  Bot_Itr
  ------ -------- --------- --------- -------- -------- -------- -------- --------
  -5.000  -0.3189   0.00995   0.00201  -0.0924   0.8433   0.0325  39.9788 168.4522
  -4.915  -0.3093   0.00987   0.00197  -0.0925   0.8412   0.0334  40.2607 168.6713
  -4.829  -0.2997   0.00981   0.00193  -0.0925   0.8387   0.0342  40.5797 168.8830
  -4.744  -0.2903   0.00974   0.00187  -0.0925   0.8362   0.0349  40.9078 169.0823
  -4.658  -0.2808   0.00966   0.00183  -0.0926   0.8332   0.0358  41.2914 169.3111
  -4.573  -0.2713   0.00959   0.00178  -0.0926   0.8295   0.0368  41.7698 169.5526
  -4.487  -0.2617   0.00953   0.00174  -0.0926   0.8250   0.0377  42.3377 169.7905
  -4.402  -0.2522   0.00947   0.00168  -0.0926   0.8181   0.0385  43.1960 169.9964
  -4.317  -0.2462   0.00956   0.00151  -0.0918   0.7126   0.0393  55.1677 170.1926
  -4.231  -0.2423   0.01002   0.00167  -0.0909   0.6438   0.0400  62.2096 170.3637
  -4.146  -0.2338   0.01006   0.00168  -0.0907   0.6312   0.0410  63.4530 170.5991
  -4.060  -0.2249   0.01007   0.00168  -0.0907   0.6226   0.0421  64.3104 170.8557
  -3.889  -0.2067   0.01005   0.00167  -0.0906   0.6101   0.0451  65.5380 171.5570
  -3.804  -0.1975   0.01006   0.00167  -0.0906   0.6050   0.0469  66.0373 171.9636
  -3.719  -0.1883   0.01002   0.00167  -0.0906   0.6000   0.0487  66.5237 172.3797
  -3.548  -0.1697   0.01000   0.00166  -0.0905   0.5910   0.0525  67.3991 173.1889
  -3.462  -0.1605   0.00998   0.00166  -0.0905   0.5868   0.0542  67.8067 173.5610
  -3.377  -0.1512   0.00998   0.00166  -0.0905   0.5830   0.0558  68.1717 173.9025
  -3.292  -0.1418   0.00994   0.00164  -0.0905   0.5792   0.0573  68.5418 174.2001
  -3.206  -0.1326   0.00991   0.00162  -0.0905   0.5757   0.0586  68.8820 174.4618
  -3.121  -0.1232   0.00989   0.00160  -0.0904   0.5725   0.0599  69.1911 174.7197
  -3.035  -0.1138   0.00987   0.00158  -0.0904   0.5692   0.0611  69.5087 174.9678
  -2.950  -0.1045   0.00983   0.00156  -0.0904   0.5660   0.0624  69.8149 175.2317
  -2.864  -0.0952   0.00980   0.00155  -0.0904   0.5631   0.0638  70.0932 175.5076
  -2.779  -0.0857   0.00977   0.00153  -0.0904   0.5601   0.0653  70.3854 175.8003
  -2.693  -0.0763   0.00975   0.00151  -0.0904   0.5572   0.0668  70.6668 176.0763
  -2.608  -0.0671   0.00972   0.00149  -0.0903   0.5546   0.0683  70.9136 176.3687
  -2.523  -0.0577   0.00969   0.00148  -0.0903   0.5522   0.0700  71.1484 176.6784
  -2.437  -0.0482   0.00967   0.00146  -0.0903   0.5496   0.0716  71.3988 176.9771
  -2.352  -0.0388   0.00963   0.00144  -0.0903   0.5470   0.0732  71.6466 177.2833
  -2.266  -0.0295   0.00961   0.00143  -0.0902   0.5446   0.0750  71.8800 177.6032
  -2.181  -0.0201   0.00960   0.00142  -0.0902   0.5423   0.0768  72.1001 177.9233
  -2.095  -0.0106   0.00956   0.00140  -0.0902   0.5398   0.0785  72.3362 178.2312
  -2.010  -0.0012   0.00953   0.00139  -0.0902   0.5373   0.0804  72.5756 178.5628
  -1.925   0.0082   0.00952   0.00137  -0.0901   0.5349   0.0824  72.8069 178.9087
  -1.839   0.0175   0.00949   0.00136  -0.0901   0.5327   0.0843  73.0217 179.2423
  -1.754   0.0270   0.00946   0.00135  -0.0901   0.5303   0.0864  73.2532 179.6020
  -1.668   0.0365   0.00944   0.00133  -0.0901   0.5277   0.0885  73.4974 179.9557
  -1.583   0.0458   0.00941   0.00132  -0.0900   0.5252   0.0905  73.7382 180.2938
  -1.498   0.0551   0.00940   0.00131  -0.0900   0.5228   0.0928  73.9636 180.6614
  -1.327   0.0740   0.00935   0.00128  -0.0899   0.5179   0.0974  74.4415 181.4077
  -1.241   0.0834   0.00933   0.00127  -0.0899   0.5153   0.0999  74.6879 181.8175
  -1.156   0.0927   0.00931   0.00125  -0.0898   0.5128   0.1024  74.9233 182.2078
  -1.070   0.1020   0.00928   0.00124  -0.0898   0.5103   0.1052  75.1640 182.6420
  -0.985   0.1115   0.00926   0.00122  -0.0897   0.5075   0.1079  75.4284 183.0701
  -0.899   0.1208   0.00923   0.00121  -0.0897   0.5049   0.1109  75.6833 183.5295
  -0.814   0.1301   0.00922   0.00119  -0.0896   0.5025   0.1140  75.9131 183.9991
  -0.729   0.1394   0.00918   0.00117  -0.0896   0.5001   0.1176  76.1363 184.5204
  -0.643   0.1489   0.00915   0.00115  -0.0895   0.4976   0.1215  76.3837 185.1041
  -0.558   0.1581   0.00911   0.00113  -0.0895   0.4949   0.1265  76.6387 185.8288
  -0.472   0.1673   0.00906   0.00109  -0.0894   0.4923   0.1331  76.8847 186.7634
  -0.301   0.1843   0.00865   0.00104  -0.0892   0.4873   0.2421  77.3690 200.2119
  -0.216   0.1937   0.00865   0.00106  -0.0892   0.4843   0.2520  77.6501 201.3092
  -0.131   0.2031   0.00868   0.00107  -0.0891   0.4815   0.2582  77.9243 201.9819
  -0.045   0.2126   0.00867   0.00108  -0.0890   0.4786   0.2626  78.1964 202.4594
   0.040   0.2221   0.00869   0.00108  -0.0890   0.4754   0.2663  78.5046 202.8666
   0.126   0.2314   0.00870   0.00109  -0.0889   0.4721   0.2692  78.8207 203.1703
   0.211   0.2407   0.00871   0.00109  -0.0888   0.4689   0.2720  79.1234 203.4754
   0.296   0.2502   0.00873   0.00109  -0.0888   0.4653   0.2747  79.4740 203.7587
   0.382   0.2596   0.00876   0.00109  -0.0887   0.4614   0.2767  79.8466 203.9797
   0.467   0.2688   0.00876   0.00109  -0.0886   0.4572   0.2787  80.2476 204.1935
   0.553   0.2781   0.00877   0.00110  -0.0885   0.4523   0.2808  80.7210 204.4079
   0.638   0.2873   0.00879   0.00110  -0.0884   0.4479   0.2828  81.1454 204.6268
   0.724   0.2966   0.00882   0.00110  -0.0883   0.4428   0.2848  81.6393 204.8350
   0.894   0.3150   0.00886   0.00110  -0.0881   0.4313   0.2882  82.7435 205.1983
   0.980   0.3240   0.00889   0.00110  -0.0880   0.4247   0.2898  83.3827 205.3635
   1.065   0.3330   0.00892   0.00110  -0.0878   0.4171   0.2912  84.1224 205.5073
   1.151   0.3418   0.00897   0.00109  -0.0877   0.4082   0.2924  84.9850 205.6356
   1.236   0.3506   0.00902   0.00109  -0.0875   0.3971   0.2936  86.0648 205.7618
   1.322   0.3592   0.00910   0.00110  -0.0872   0.3826   0.2948  87.4883 205.8902
   1.492   0.3694   0.00987   0.00125  -0.0857   0.2441   0.2969 101.8322 206.1062
   1.578   0.3775   0.01002   0.00131  -0.0854   0.2277   0.2982 103.6804 206.2395
   1.663   0.3864   0.01009   0.00134  -0.0853   0.2227   0.2995 104.2566 206.3758
   1.749   0.3955   0.01014   0.00136  -0.0852   0.2195   0.3009 104.6246 206.5160
   1.834   0.4047   0.01019   0.00138  -0.0851   0.2169   0.3022 104.9255 206.6595
   1.920   0.4140   0.01023   0.00140  -0.0850   0.2150   0.3035 105.1370 206.7958
   2.005   0.4234   0.01027   0.00141  -0.0849   0.2135   0.3047 105.3131 206.9135
   2.176   0.4420   0.01033   0.00144  -0.0847   0.2110   0.3068 105.6147 207.1291
   2.261   0.4513   0.01036   0.00146  -0.0846   0.2098   0.3078 105.7510 207.2356
   2.347   0.4605   0.01040   0.00148  -0.0845   0.2087   0.3090 105.8813 207.3588
   2.432   0.4698   0.01043   0.00150  -0.0844   0.2076   0.3103 106.0061 207.4953
   2.518   0.4792   0.01045   0.00151  -0.0843   0.2069   0.3118 106.0907 207.6436
   2.603   0.4886   0.01048   0.00152  -0.0843   0.2062   0.3132 106.1786 207.7958
   2.688   0.4979   0.01051   0.00153  -0.0842   0.2054   0.3146 106.2683 207.9408
   2.774   0.5073   0.01053   0.00155  -0.0841   0.2046   0.3161 106.3582 208.0887
   2.859   0.5166   0.01055   0.00156  -0.0840   0.2039   0.3176 106.4468 208.2414
   2.945   0.5259   0.01058   0.00158  -0.0839   0.2032   0.3191 106.5336 208.3980
   3.030   0.5352   0.01061   0.00160  -0.0838   0.2025   0.3207 106.6187 208.5603
   3.116   0.5445   0.01065   0.00161  -0.0837   0.2017   0.3224 106.7023 208.7347
   3.201   0.5537   0.01069   0.00163  -0.0836   0.2010   0.3241 106.7862 208.9099
   3.286   0.5629   0.01074   0.00165  -0.0835   0.2003   0.3259 106.8726 209.0920
   3.372   0.5721   0.01078   0.00168  -0.0834   0.1995   0.3280 106.9636 209.3044
   3.457   0.5813   0.01081   0.00169  -0.0833   0.1990   0.3306 107.0317 209.5634
   3.543   0.5907   0.01083   0.00171  -0.0832   0.1985   0.3334 107.0905 209.8538
   3.628   0.6001   0.01084   0.00172  -0.0831   0.1979   0.3366 107.1558 210.1710
   3.714   0.6094   0.01085   0.00174  -0.0830   0.1974   0.3403 107.2257 210.5517
   3.799   0.6187   0.01087   0.00175  -0.0829   0.1968   0.3445 107.2977 210.9695
   3.884   0.6280   0.01089   0.00177  -0.0828   0.1962   0.3495 107.3693 211.4750
   4.055   0.6465   0.01090   0.00180  -0.0826   0.1951   0.3660 107.5029 213.1091
   4.141   0.6557   0.01087   0.00181  -0.0826   0.1945   0.3880 107.5658 215.2746
   4.226   0.6633   0.01031   0.00191  -0.0825   0.1941   0.6393 107.6225 239.5214
   4.312   0.6724   0.01038   0.00200  -0.0823   0.1936   0.6610 107.6839 241.6884
   4.397   0.6815   0.01046   0.00206  -0.0821   0.1930   0.6707 107.7481 242.6712
   4.482   0.6906   0.01055   0.00212  -0.0820   0.1925   0.6769 107.8164 243.2999
   4.568   0.6997   0.01064   0.00217  -0.0818   0.1919   0.6821 107.8905 243.8317
   4.653   0.7086   0.01074   0.00222  -0.0816   0.1912   0.6856 107.9723 244.1851
   4.739   0.7178   0.01082   0.00227  -0.0814   0.1907   0.6886 108.0308 244.4899
   4.824   0.7271   0.01087   0.00230  -0.0813   0.1903   0.6915 108.0812 244.7936
   4.910   0.7364   0.01093   0.00233  -0.0812   0.1898   0.6940 108.1356 245.0474
   4.995   0.7456   0.01099   0.00238  -0.0810   0.1894   0.6958 108.1912 245.2354
   5.080   0.7548   0.01106   0.00243  -0.0809   0.1889   0.6977 108.2456 245.4345
   5.166   0.7640   0.01112   0.00247  -0.0807   0.1885   0.6996 108.3008 245.6324
   5.251   0.7733   0.01119   0.00250  -0.0806   0.1880   0.7015 108.3582 245.8219
   5.337   0.7825   0.01126   0.00253  -0.0805   0.1875   0.7032 108.4175 246.0000
   5.422   0.7916   0.01132   0.00258  -0.0803   0.1871   0.7042 108.4773 246.1077
   5.508   0.8006   0.01139   0.00262  -0.0801   0.1866   0.7053 108.5358 246.2193
   5.593   0.8097   0.01146   0.00266  -0.0799   0.1861   0.7064 108.5911 246.3416
   5.678   0.8188   0.01153   0.00270  -0.0798   0.1857   0.7077 108.6439 246.4724
   5.764   0.8278   0.01160   0.00274  -0.0796   0.1853   0.7090 108.6971 246.6063
   5.849   0.8368   0.01168   0.00278  -0.0794   0.1848   0.7102 108.7541 246.7386
   5.935   0.8458   0.01176   0.00281  -0.0792   0.1843   0.7114 108.8182 246.8649
   6.020   0.8546   0.01186   0.00284  -0.0790   0.1837   0.7126 108.8910 246.9833
   6.106   0.8630   0.01197   0.00290  -0.0787   0.1829   0.7133 108.9831 247.0621
   6.191   0.8723   0.01201   0.00293  -0.0786   0.1823   0.7141 109.0568 247.1427
   6.276   0.8816   0.01203   0.00295  -0.0785   0.1816   0.7149 109.1507 247.2305
   6.362   0.8910   0.01206   0.00296  -0.0783   0.1807   0.7158 109.2673 247.3216
   6.447   0.9003   0.01210   0.00298  -0.0782   0.1797   0.7166 109.3907 247.4140
   6.533   0.9095   0.01214   0.00299  -0.0781   0.1787   0.7175 109.5102 247.5055
   6.618   0.9186   0.01219   0.00300  -0.0779   0.1779   0.7184 109.6169 247.5958
   6.704   0.9277   0.01224   0.00302  -0.0777   0.1771   0.7192 109.7047 247.6872
   6.789   0.9367   0.01231   0.00303  -0.0775   0.1765   0.7201 109.7837 247.7807
   6.874   0.9455   0.01239   0.00305  -0.0773   0.1758   0.7210 109.8706 247.8785
   6.960   0.9540   0.01250   0.00308  -0.0771   0.1750   0.7219 109.9781 247.9723
   7.045   0.9632   0.01253   0.00310  -0.0769   0.1743   0.7226 110.0669 248.0435
   7.131   0.9726   0.01254   0.00311  -0.0768   0.1734   0.7232 110.1752 248.1050
   7.216   0.9819   0.01256   0.00311  -0.0767   0.1724   0.7237 110.3052 248.1641
   7.301   0.9911   0.01258   0.00311  -0.0765   0.1713   0.7243 110.4473 248.2224
   7.387   1.0003   0.01260   0.00311  -0.0764   0.1702   0.7248 110.5853 248.2824
   7.472   1.0095   0.01264   0.00310  -0.0762   0.1691   0.7254 110.7160 248.3438
   7.558   1.0184   0.01269   0.00311  -0.0760   0.1682   0.7260 110.8363 248.4061
   7.643   1.0271   0.01278   0.00312  -0.0758   0.1673   0.7266 110.9480 248.4691
   7.729   1.0359   0.01283   0.00314  -0.0756   0.1666   0.7272 111.0453 248.5348
   7.814   1.0452   0.01286   0.00314  -0.0754   0.1658   0.7279 111.1446 248.6076
   7.899   1.0544   0.01289   0.00314  -0.0753   0.1649   0.7286 111.2653 248.6838
   7.985   1.0635   0.01292   0.00314  -0.0751   0.1638   0.7293 111.3973 248.7599
   8.070   1.0726   0.01295   0.00314  -0.0750   0.1628   0.7300 111.5309 248.8325
   8.156   1.0817   0.01299   0.00313  -0.0748   0.1618   0.7306 111.6656 248.8981
   8.241   1.0907   0.01304   0.00312  -0.0746   0.1607   0.7311 111.7993 248.9562
   8.327   1.0994   0.01311   0.00312  -0.0744   0.1597   0.7316 111.9328 249.0071
   8.412   1.1083   0.01316   0.00313  -0.0742   0.1588   0.7321 112.0553 249.0539
   8.498   1.1173   0.01317   0.00314  -0.0740   0.1578   0.7325 112.1812 249.1039
   8.583   1.1263   0.01320   0.00314  -0.0738   0.1567   0.7330 112.3242 249.1556
   8.668   1.1353   0.01323   0.00314  -0.0736   0.1556   0.7335 112.4775 249.2075
   8.754   1.1442   0.01327   0.00314  -0.0734   0.1543   0.7339 112.6430 249.2585
   8.839   1.1531   0.01332   0.00313  -0.0732   0.1529   0.7344 112.8268 249.3075
   8.925   1.1618   0.01337   0.00312  -0.0730   0.1514   0.7348 113.0239 249.3542
   9.010   1.1709   0.01339   0.00312  -0.0728   0.1497   0.7353 113.2553 249.4019
   9.095   1.1798   0.01343   0.00310  -0.0726   0.1476   0.7357 113.5382 249.4529
   9.181   1.1886   0.01348   0.00308  -0.0724   0.1453   0.7363 113.8461 249.5112
   9.266   1.1974   0.01353   0.00307  -0.0722   0.1430   0.7369 114.1687 249.5752
   9.352   1.2062   0.01357   0.00306  -0.0719   0.1398   0.7375 114.6080 249.6423
   9.437   1.2148   0.01364   0.00305  -0.0717   0.1363   0.7381 115.0882 249.7084
   9.523   1.2234   0.01370   0.00304  -0.0715   0.1314   0.7387 115.7703 249.7710
   9.608   1.2317   0.01380   0.00303  -0.0712   0.1258   0.7392 116.5759 249.8282
   9.694   1.2397   0.01392   0.00305  -0.0709   0.1193   0.7397 117.5201 249.8796
   9.779   1.2471   0.01409   0.00308  -0.0705   0.1107   0.7401 118.8128 249.9267
   9.864   1.2539   0.01431   0.00315  -0.0700   0.1024   0.7405 120.0978 249.9693
   9.950   1.2607   0.01452   0.00324  -0.0695   0.0937   0.7409 121.5054 250.0082
  10.035   1.2671   0.01475   0.00335  -0.0689   0.0860   0.7412 122.7792 250.0442
  10.121   1.2736   0.01497   0.00345  -0.0683   0.0792   0.7415 123.9561 250.0794
  10.206   1.2800   0.01519   0.00356  -0.0678   0.0728   0.7419 125.1058 250.1145
  10.291   1.2864   0.01541   0.00366  -0.0672   0.0679   0.7422 126.0375 250.1512
  10.462   1.2997   0.01579   0.00385  -0.0661   0.0588   0.7430 127.8136 250.2377
  10.548   1.3062   0.01597   0.00393  -0.0655   0.0555   0.7435 128.5036 250.2891
  10.633   1.3126   0.01615   0.00401  -0.0649   0.0526   0.7440 129.1079 250.3438
  10.719   1.3190   0.01631   0.00408  -0.0643   0.0497   0.7445 129.7410 250.4006
  10.804   1.3253   0.01647   0.00415  -0.0636   0.0472   0.7450 130.2951 250.4575
  10.889   1.3315   0.01664   0.00422  -0.0630   0.0449   0.7455 130.8179 250.5126
  10.975   1.3377   0.01679   0.00428  -0.0623   0.0431   0.7460 131.2418 250.5650
  11.060   1.3440   0.01694   0.00434  -0.0617   0.0414   0.7464 131.6432 250.6159
  11.146   1.3502   0.01711   0.00442  -0.0611   0.0398   0.7469 132.0078 250.6682
  11.231   1.3571   0.01725   0.00447  -0.0605   0.0384   0.7474 132.3570 250.7236
  11.317   1.3637   0.01741   0.00454  -0.0600   0.0369   0.7479 132.7373 250.7788
  11.402   1.3702   0.01757   0.00461  -0.0594   0.0356   0.7484 133.0710 250.8312
  11.487   1.3770   0.01773   0.00467  -0.0589   0.0344   0.7489 133.3812 250.8802
  11.573   1.3836   0.01789   0.00474  -0.0583   0.0333   0.7493 133.6906 250.9246
  11.658   1.3900   0.01807   0.00482  -0.0577   0.0322   0.7496 133.9758 250.9637
  11.744   1.3967   0.01822   0.00488  -0.0572   0.0313   0.7499 134.2175 250.9975
  11.829   1.4034   0.01837   0.00495  -0.0567   0.0304   0.7502 134.4694 251.0312
  11.915   1.4098   0.01854   0.00503  -0.0561   0.0295   0.7505 134.7181 251.0650
  12.000   1.4161   0.01871   0.00512  -0.0555   0.0287   0.7509 134.9528 251.1001
