  
       XFOIL         Version 6.99
  
 Calculated polar for: Repaneled_Airfoil                               
  
 1 1 Reynolds number fixed          Mach number fixed         
  
 xtrf =   1.000 (top)        1.000 (bottom)  
 Mach =   0.000     Re =     1.000 e 6     Ncrit =   9.000  9.000
  
   alpha    CL        CD       CDp       CM     Top_Xtr  Bot_Xtr  Top_Itr  Bot_Itr
  ------ -------- --------- --------- -------- -------- -------- -------- --------
  -5.000  -0.2208   0.00776   0.00138  -0.0560   0.9510   0.1384  22.2733 187.2803
  -4.829  -0.2032   0.00746   0.00125  -0.0556   0.9474   0.1698  23.0572 191.4366
  -4.744  -0.1951   0.00726   0.00118  -0.0554   0.9449   0.1961  23.5831 194.6954
  -4.658  -0.1865   0.00706   0.00111  -0.0552   0.9431   0.2263  23.9510 198.2371
  -4.573  -0.1781   0.00691   0.00107  -0.0550   0.9405   0.2498  24.4722 200.8727
  -4.487  -0.1692   0.00679   0.00103  -0.0549   0.9385   0.2687  24.8696 202.9279
  -4.402  -0.1603   0.00669   0.00100  -0.0547   0.9361   0.2840  25.3471 204.5633
  -4.317  -0.1513   0.00661   0.00097  -0.0545   0.9338   0.2971  25.7934 205.9466
  -4.231  -0.1422   0.00653   0.00094  -0.0544   0.9313   0.3089  26.2688 207.1744
  -4.146  -0.1331   0.00645   0.00091  -0.0542   0.9286   0.3202  26.7832 208.3368
  -4.060  -0.1241   0.00638   0.00088  -0.0541   0.9256   0.3307  27.3284 209.4073
  -3.975  -0.1149   0.00631   0.00085  -0.0539   0.9225   0.3408  27.8783 210.4342
  -3.889  -0.1059   0.00625   0.00083  -0.0538   0.9189   0.3503  28.5168 211.3844
  -3.804  -0.0967   0.00619   0.00080  -0.0536   0.9155   0.3592  29.1032 212.2747
  -3.719  -0.0876   0.00614   0.00077  -0.0534   0.9113   0.3678  29.8146 213.1369
  -3.633  -0.0784   0.00609   0.00075  -0.0533   0.9070   0.3765  30.5348 213.9925
  -3.548  -0.0692   0.00604   0.00072  -0.0532   0.9029   0.3847  31.2052 214.8048
  -3.462  -0.0599   0.00599   0.00070  -0.0530   0.8985   0.3926  31.9037 215.5778
  -3.377  -0.0506   0.00595   0.00068  -0.0529   0.8937   0.4004  32.6519 216.3394
  -3.292  -0.0412   0.00591   0.00066  -0.0528   0.8892   0.4081  33.3447 217.0862
  -3.121  -0.0224   0.00584   0.00062  -0.0526   0.8802   0.4224  34.6756 218.4761
  -3.035  -0.0130   0.00581   0.00061  -0.0525   0.8758   0.4295  35.3178 219.1598
  -2.950  -0.0035   0.00578   0.00059  -0.0524   0.8713   0.4368  35.9672 219.8707
  -2.864   0.0059   0.00575   0.00058  -0.0524   0.8663   0.4439  36.6727 220.5526
  -2.779   0.0154   0.00572   0.00056  -0.0523   0.8614   0.4509  37.3524 221.2277
  -2.693   0.0248   0.00570   0.00055  -0.0522   0.8566   0.4583  38.0218 221.9375
  -2.608   0.0343   0.00567   0.00054  -0.0521   0.8512   0.4654  38.7494 222.6164
  -2.523   0.0437   0.00565   0.00053  -0.0521   0.8459   0.4726  39.4488 223.3057
  -2.437   0.0532   0.00564   0.00051  -0.0520   0.8408   0.4804  40.1180 224.0529
  -2.352   0.0626   0.00561   0.00051  -0.0519   0.8355   0.4883  40.8068 224.8109
  -2.266   0.0721   0.00559   0.00050  -0.0518   0.8302   0.4959  41.4829 225.5353
  -2.181   0.0815   0.00558   0.00049  -0.0518   0.8249   0.5032  42.1543 226.2360
  -2.095   0.0909   0.00557   0.00048  -0.0517   0.8192   0.5107  42.8557 226.9495
  -2.010   0.1003   0.00556   0.00048  -0.0516   0.8134   0.5178  43.5702 227.6289
  -1.925   0.1097   0.00555   0.00047  -0.0515   0.8077   0.5253  44.2739 228.3485
  -1.754   0.1285   0.00554   0.00046  -0.0514   0.7958   0.5415  45.6970 229.9046
  -1.668   0.1378   0.00553   0.00046  -0.0513   0.7900   0.5496  46.3763 230.6803
  -1.583   0.1471   0.00553   0.00046  -0.0512   0.7843   0.5577  47.0375 231.4578
  -1.498   0.1565   0.00552   0.00046  -0.0511   0.7784   0.5657  47.7242 232.2311
  -1.327   0.1752   0.00552   0.00046  -0.0509   0.7668   0.5812  49.0414 233.7246
  -1.241   0.1846   0.00552   0.00046  -0.0509   0.7606   0.5881  49.7338 234.3948
  -1.070   0.2034   0.00553   0.00046  -0.0507   0.7486   0.6006  51.0661 235.6090
  -0.985   0.2128   0.00554   0.00046  -0.0506   0.7422   0.6064  51.7625 236.1765
  -0.899   0.2222   0.00554   0.00046  -0.0506   0.7359   0.6123  52.4552 236.7622
  -0.814   0.2315   0.00555   0.00046  -0.0505   0.7293   0.6180  53.1618 237.3216
  -0.729   0.2409   0.00557   0.00046  -0.0504   0.7222   0.6241  53.9224 237.9214
  -0.643   0.2502   0.00557   0.00046  -0.0503   0.7147   0.6300  54.7123 238.5000
  -0.558   0.2595   0.00558   0.00046  -0.0502   0.7070   0.6362  55.5220 239.1134
  -0.472   0.2688   0.00560   0.00046  -0.0501   0.6989   0.6425  56.3661 239.7475
  -0.387   0.2780   0.00561   0.00046  -0.0500   0.6904   0.6489  57.2498 240.3897
  -0.301   0.2872   0.00563   0.00046  -0.0499   0.6817   0.6558  58.1439 241.0789
  -0.216   0.2963   0.00565   0.00046  -0.0498   0.6726   0.6630  59.0701 241.8007
  -0.131   0.3054   0.00567   0.00047  -0.0497   0.6628   0.6702  60.0632 242.5387
  -0.045   0.3145   0.00569   0.00047  -0.0495   0.6524   0.6779  61.1128 243.3232
   0.040   0.3234   0.00572   0.00048  -0.0494   0.6410   0.6861  62.2492 244.1624
   0.126   0.3323   0.00575   0.00048  -0.0492   0.6286   0.6947  63.4782 245.0540
   0.211   0.3411   0.00579   0.00049  -0.0491   0.6156   0.7037  64.7573 245.9875
   0.296   0.3498   0.00583   0.00050  -0.0489   0.6022   0.7130  66.0691 246.9690
   0.467   0.3671   0.00592   0.00053  -0.0485   0.5740   0.7329  68.8000 249.0898
   0.553   0.3758   0.00597   0.00055  -0.0483   0.5603   0.7433  70.1201 250.2265
   0.638   0.3844   0.00602   0.00057  -0.0481   0.5463   0.7540  71.4630 251.4039
   0.724   0.3931   0.00607   0.00059  -0.0479   0.5325   0.7647  72.7778 252.5973
   0.809   0.4017   0.00613   0.00061  -0.0477   0.5189   0.7751  74.0785 253.7759
   0.894   0.4104   0.00619   0.00063  -0.0475   0.5042   0.7852  75.4810 254.9501
   0.980   0.4188   0.00626   0.00066  -0.0473   0.4890   0.7951  76.9362 256.1093
   1.065   0.4273   0.00633   0.00068  -0.0471   0.4732   0.8049  78.4431 257.2748
   1.151   0.4358   0.00641   0.00071  -0.0468   0.4573   0.8144  79.9610 258.4378
   1.236   0.4442   0.00648   0.00073  -0.0466   0.4418   0.8239  81.4464 259.6189
   1.322   0.4527   0.00656   0.00076  -0.0464   0.4270   0.8332  82.8795 260.7934
   1.407   0.4611   0.00663   0.00079  -0.0461   0.4129   0.8424  84.2417 261.9874
   1.492   0.4695   0.00669   0.00081  -0.0459   0.3991   0.8514  85.5766 263.1809
   1.578   0.4778   0.00677   0.00084  -0.0456   0.3856   0.8604  86.8954 264.4074
   1.663   0.4862   0.00684   0.00087  -0.0454   0.3725   0.8697  88.1855 265.7031
   1.749   0.4944   0.00691   0.00090  -0.0451   0.3591   0.8790  89.5181 267.0462
   1.834   0.5025   0.00698   0.00093  -0.0448   0.3463   0.8885  90.7905 268.4724
   1.920   0.5106   0.00705   0.00096  -0.0444   0.3340   0.8988  92.0257 270.0576
   2.005   0.5185   0.00712   0.00099  -0.0441   0.3226   0.9095  93.1883 271.8031
   2.091   0.5265   0.00718   0.00102  -0.0437   0.3119   0.9210  94.2813 273.7674
   2.176   0.5346   0.00725   0.00106  -0.0433   0.3017   0.9329  95.3408 275.9496
   2.261   0.5433   0.00732   0.00109  -0.0431   0.2924   0.9445  96.3124 278.2714
   2.347   0.5530   0.00740   0.00112  -0.0431   0.2835   0.9551  97.2458 280.5971
   2.432   0.5638   0.00748   0.00115  -0.0434   0.2748   0.9642  98.1715 282.8085
   2.518   0.5751   0.00757   0.00118  -0.0438   0.2668   0.9717  99.0372 284.8476
   2.603   0.5870   0.00765   0.00121  -0.0444   0.2592   0.9778  99.8568 286.7080
   2.688   0.5990   0.00773   0.00124  -0.0450   0.2522   0.9829 100.6243 288.4635
   2.774   0.6112   0.00781   0.00127  -0.0456   0.2458   0.9873 101.3286 290.2260
   2.945   0.6360   0.00797   0.00133  -0.0469   0.2346   0.9944 102.5755 293.8075
   3.030   0.6488   0.00805   0.00136  -0.0477   0.2298   0.9969 103.1273 295.6365
   3.116   0.6618   0.00812   0.00139  -0.0485   0.2247   0.9987 103.7014 297.6161
   3.201   0.6738   0.00820   0.00141  -0.0491   0.2203   1.0000 104.2127 301.0000
   3.286   0.6819   0.00826   0.00143  -0.0489   0.2164   1.0000 104.6555 301.0000
   3.372   0.6901   0.00833   0.00145  -0.0486   0.2129   1.0000 105.0579 301.0000
   3.457   0.6985   0.00838   0.00147  -0.0484   0.2096   1.0000 105.4459 301.0000
   3.543   0.7068   0.00845   0.00149  -0.0482   0.2064   1.0000 105.8261 301.0000
   3.628   0.7152   0.00850   0.00151  -0.0480   0.2034   1.0000 106.1860 301.0000
   3.714   0.7237   0.00856   0.00153  -0.0478   0.2000   1.0000 106.5845 301.0000
   3.884   0.7408   0.00868   0.00157  -0.0474   0.1937   1.0000 107.3471 301.0000
   3.970   0.7494   0.00875   0.00159  -0.0472   0.1905   1.0000 107.7317 301.0000
   4.055   0.7579   0.00882   0.00162  -0.0471   0.1877   1.0000 108.0744 301.0000
   4.141   0.7668   0.00887   0.00163  -0.0469   0.1848   1.0000 108.4303 301.0000
   4.226   0.7754   0.00894   0.00166  -0.0468   0.1818   1.0000 108.8003 301.0000
   4.312   0.7841   0.00900   0.00168  -0.0467   0.1789   1.0000 109.1591 301.0000
   4.397   0.7929   0.00906   0.00170  -0.0465   0.1755   1.0000 109.5758 301.0000
   4.568   0.8104   0.00919   0.00175  -0.0463   0.1689   1.0000 110.4109 301.0000
   4.653   0.8191   0.00927   0.00177  -0.0461   0.1655   1.0000 110.8458 301.0000
   4.739   0.8279   0.00934   0.00180  -0.0460   0.1624   1.0000 111.2530 301.0000
   4.824   0.8367   0.00941   0.00182  -0.0459   0.1589   1.0000 111.7008 301.0000
   4.910   0.8453   0.00949   0.00185  -0.0458   0.1557   1.0000 112.1203 301.0000
   4.995   0.8542   0.00955   0.00187  -0.0457   0.1522   1.0000 112.5901 301.0000
   5.080   0.8628   0.00964   0.00190  -0.0456   0.1487   1.0000 113.0441 301.0000
   5.166   0.8717   0.00971   0.00193  -0.0455   0.1453   1.0000 113.5166 301.0000
   5.337   0.8890   0.00987   0.00199  -0.0452   0.1380   1.0000 114.5038 301.0000
   5.422   0.8976   0.00997   0.00203  -0.0451   0.1341   1.0000 115.0437 301.0000
   5.508   0.9063   0.01005   0.00206  -0.0450   0.1299   1.0000 115.6485 301.0000
   5.593   0.9148   0.01015   0.00210  -0.0448   0.1257   1.0000 116.2460 301.0000
   5.678   0.9233   0.01026   0.00214  -0.0447   0.1214   1.0000 116.8613 301.0000
   5.764   0.9319   0.01035   0.00218  -0.0445   0.1174   1.0000 117.4595 301.0000
   5.849   0.9403   0.01047   0.00223  -0.0444   0.1132   1.0000 118.0748 301.0000
   5.935   0.9489   0.01057   0.00227  -0.0443   0.1090   1.0000 118.7140 301.0000
   6.020   0.9573   0.01068   0.00232  -0.0441   0.1052   1.0000 119.3091 301.0000
   6.106   0.9656   0.01080   0.00237  -0.0439   0.1013   1.0000 119.9113 301.0000
   6.191   0.9741   0.01090   0.00242  -0.0438   0.0976   1.0000 120.5031 301.0000
   6.276   0.9825   0.01102   0.00248  -0.0436   0.0939   1.0000 121.1010 301.0000
   6.362   0.9909   0.01113   0.00253  -0.0435   0.0903   1.0000 121.7054 301.0000
   6.447   0.9992   0.01125   0.00259  -0.0433   0.0870   1.0000 122.2500 301.0000
   6.533   1.0076   0.01137   0.00264  -0.0432   0.0838   1.0000 122.7990 301.0000
   6.618   1.0160   0.01149   0.00270  -0.0430   0.0809   1.0000 123.3061 301.0000
   6.704   1.0242   0.01161   0.00276  -0.0429   0.0778   1.0000 123.8602 301.0000
   6.789   1.0326   0.01173   0.00282  -0.0427   0.0749   1.0000 124.3710 301.0000
   6.874   1.0408   0.01186   0.00288  -0.0425   0.0720   1.0000 124.9021 301.0000
   6.960   1.0491   0.01198   0.00294  -0.0424   0.0695   1.0000 125.3801 301.0000
   7.045   1.0573   0.01211   0.00301  -0.0422   0.0669   1.0000 125.8607 301.0000
   7.131   1.0656   0.01223   0.00307  -0.0421   0.0646   1.0000 126.3090 301.0000
   7.216   1.0738   0.01236   0.00314  -0.0419   0.0621   1.0000 126.8010 301.0000
   7.301   1.0820   0.01248   0.00321  -0.0417   0.0598   1.0000 127.2493 301.0000
   7.387   1.0902   0.01261   0.00328  -0.0415   0.0575   1.0000 127.7185 301.0000
   7.472   1.0983   0.01275   0.00335  -0.0414   0.0555   1.0000 128.1421 301.0000
   7.558   1.1065   0.01288   0.00341  -0.0412   0.0535   1.0000 128.5592 301.0000
   7.643   1.1144   0.01303   0.00350  -0.0410   0.0516   1.0000 128.9561 301.0000
   7.729   1.1227   0.01314   0.00356  -0.0408   0.0500   1.0000 129.3223 301.0000
   7.814   1.1308   0.01327   0.00363  -0.0406   0.0482   1.0000 129.7147 301.0000
   7.899   1.1388   0.01342   0.00371  -0.0404   0.0466   1.0000 130.0609 301.0000
   7.985   1.1470   0.01354   0.00377  -0.0403   0.0452   1.0000 130.3898 301.0000
   8.070   1.1550   0.01368   0.00384  -0.0401   0.0438   1.0000 130.7193 301.0000
   8.156   1.1628   0.01383   0.00393  -0.0399   0.0425   1.0000 131.0254 301.0000
   8.241   1.1710   0.01395   0.00399  -0.0397   0.0413   1.0000 131.2980 301.0000
   8.327   1.1790   0.01408   0.00407  -0.0395   0.0402   1.0000 131.5802 301.0000
   8.412   1.1867   0.01424   0.00416  -0.0393   0.0391   1.0000 131.8512 301.0000
   8.498   1.1946   0.01438   0.00424  -0.0391   0.0381   1.0000 132.0967 301.0000
   8.583   1.2027   0.01450   0.00430  -0.0389   0.0371   1.0000 132.3456 301.0000
   8.668   1.2106   0.01463   0.00438  -0.0387   0.0361   1.0000 132.6024 301.0000
   8.754   1.2183   0.01479   0.00446  -0.0385   0.0352   1.0000 132.8417 301.0000
   8.839   1.2260   0.01494   0.00455  -0.0383   0.0343   1.0000 133.0555 301.0000
   8.925   1.2339   0.01506   0.00462  -0.0381   0.0336   1.0000 133.2523 301.0000
   9.010   1.2418   0.01520   0.00469  -0.0379   0.0328   1.0000 133.4563 301.0000
   9.095   1.2494   0.01535   0.00478  -0.0376   0.0321   1.0000 133.6540 301.0000
   9.181   1.2569   0.01552   0.00487  -0.0374   0.0314   1.0000 133.8452 301.0000
   9.266   1.2642   0.01569   0.00497  -0.0371   0.0307   1.0000 134.0287 301.0000
   9.352   1.2721   0.01582   0.00505  -0.0369   0.0302   1.0000 134.1797 301.0000
   9.437   1.2797   0.01596   0.00513  -0.0367   0.0296   1.0000 134.3452 301.0000
   9.523   1.2872   0.01611   0.00522  -0.0364   0.0290   1.0000 134.5108 301.0000
   9.608   1.2945   0.01627   0.00531  -0.0361   0.0285   1.0000 134.6705 301.0000
   9.694   1.3016   0.01646   0.00542  -0.0358   0.0279   1.0000 134.8279 301.0000
   9.779   1.3083   0.01668   0.00554  -0.0355   0.0273   1.0000 134.9963 301.0000
   9.864   1.3160   0.01680   0.00562  -0.0352   0.0269   1.0000 135.1126 301.0000
   9.950   1.3235   0.01693   0.00569  -0.0350   0.0265   1.0000 135.2467 301.0000
  10.035   1.3309   0.01708   0.00578  -0.0347   0.0260   1.0000 135.3885 301.0000
  10.121   1.3381   0.01724   0.00587  -0.0344   0.0255   1.0000 135.5300 301.0000
  10.206   1.3451   0.01741   0.00597  -0.0341   0.0251   1.0000 135.6650 301.0000
  10.291   1.3519   0.01759   0.00607  -0.0338   0.0247   1.0000 135.7942 301.0000
  10.377   1.3584   0.01780   0.00619  -0.0334   0.0242   1.0000 135.9244 301.0000
  10.462   1.3650   0.01800   0.00631  -0.0330   0.0239   1.0000 136.0396 301.0000
  10.548   1.3721   0.01815   0.00640  -0.0327   0.0236   1.0000 136.1368 301.0000
  10.633   1.3790   0.01831   0.00649  -0.0324   0.0232   1.0000 136.2422 301.0000
  10.719   1.3858   0.01847   0.00658  -0.0321   0.0229   1.0000 136.3521 301.0000
  10.804   1.3925   0.01864   0.00668  -0.0317   0.0225   1.0000 136.4644 301.0000
  10.889   1.3990   0.01882   0.00678  -0.0313   0.0222   1.0000 136.5754 301.0000
  10.975   1.4053   0.01901   0.00689  -0.0309   0.0219   1.0000 136.6849 301.0000
  11.060   1.4111   0.01922   0.00701  -0.0305   0.0215   1.0000 136.7949 301.0000
  11.146   1.4161   0.01945   0.00714  -0.0298   0.0212   1.0000 136.9099 301.0000
  11.231   1.4209   0.01970   0.00729  -0.0292   0.0208   1.0000 137.0177 301.0000
  11.317   1.4269   0.01985   0.00738  -0.0287   0.0206   1.0000 137.0924 301.0000
  11.402   1.4327   0.02002   0.00747  -0.0282   0.0204   1.0000 137.1774 301.0000
  11.487   1.4384   0.02020   0.00757  -0.0277   0.0201   1.0000 137.2679 301.0000
  11.573   1.4440   0.02038   0.00768  -0.0272   0.0199   1.0000 137.3604 301.0000
  11.658   1.4494   0.02057   0.00779  -0.0267   0.0196   1.0000 137.4535 301.0000
  11.744   1.4547   0.02078   0.00791  -0.0261   0.0193   1.0000 137.5460 301.0000
  11.829   1.4597   0.02100   0.00804  -0.0255   0.0191   1.0000 137.6363 301.0000
  11.915   1.4645   0.02124   0.00818  -0.0250   0.0188   1.0000 137.7261 301.0000
  12.000   1.4690   0.02150   0.00834  -0.0243   0.0185   1.0000 137.8184 301.0000
