  
       XFOIL         Version 6.99
  
 Calculated polar for: Repaneled_Airfoil                               
  
 1 1 Reynolds number fixed          Mach number fixed         
  
 xtrf =   1.000 (top)        1.000 (bottom)  
 Mach =   0.000     Re =     1.000 e 6     Ncrit =   9.000  9.000
  
   alpha    CL        CD       CDp       CM     Top_Xtr  Bot_Xtr  Top_Itr  Bot_Itr
  ------ -------- --------- --------- -------- -------- -------- -------- --------
  -5.000  -0.6324   0.00766   0.00143   0.0312   0.9976   0.2988   5.5936 206.1191
  -4.915  -0.6186   0.00759   0.00141   0.0302   0.9968   0.3027   6.4028 206.5236
  -4.829  -0.6046   0.00755   0.00140   0.0293   0.9959   0.3064   7.1222 206.9099
  -4.744  -0.5908   0.00749   0.00138   0.0283   0.9948   0.3096   7.8432 207.2367
  -4.658  -0.5771   0.00744   0.00135   0.0274   0.9936   0.3133   8.5825 207.6169
  -4.573  -0.5633   0.00739   0.00134   0.0265   0.9924   0.3173   9.2768 208.0328
  -4.487  -0.5496   0.00732   0.00131   0.0256   0.9912   0.3218   9.9352 208.4926
  -4.402  -0.5360   0.00726   0.00129   0.0247   0.9895   0.3264  10.7659 208.9685
  -4.317  -0.5223   0.00719   0.00126   0.0238   0.9875   0.3307  11.6899 209.4042
  -4.231  -0.5083   0.00712   0.00123   0.0228   0.9848   0.3350  12.7646 209.8395
  -4.146  -0.4943   0.00705   0.00119   0.0219   0.9813   0.3391  14.0802 210.2502
  -3.975  -0.4701   0.00690   0.00111   0.0209   0.9668   0.3477  18.4706 211.1138
  -3.889  -0.4549   0.00681   0.00106   0.0196   0.9555   0.3526  21.2715 211.6122
  -3.804  -0.4332   0.00673   0.00099   0.0170   0.9352   0.3579  25.5519 212.1374
  -3.719  -0.4120   0.00671   0.00087   0.0146   0.8775   0.3630  35.1112 212.6471
  -3.633  -0.4038   0.00682   0.00084   0.0150   0.8409   0.3665  40.1519 212.9990
  -3.548  -0.3955   0.00685   0.00083   0.0153   0.8242   0.3701  42.2880 213.3549
  -3.462  -0.3867   0.00687   0.00082   0.0155   0.8133   0.3742  43.6336 213.7559
  -3.377  -0.3777   0.00688   0.00082   0.0157   0.8051   0.3782  44.6262 214.1471
  -3.292  -0.3686   0.00687   0.00081   0.0158   0.7985   0.3826  45.4207 214.5794
  -3.121  -0.3502   0.00684   0.00079   0.0160   0.7875   0.3918  46.7162 215.4831
  -3.035  -0.3409   0.00684   0.00079   0.0161   0.7828   0.3968  47.2567 215.9727
  -2.950  -0.3316   0.00681   0.00078   0.0162   0.7783   0.4018  47.7803 216.4630
  -2.864  -0.3222   0.00680   0.00077   0.0163   0.7741   0.4071  48.2578 216.9799
  -2.779  -0.3129   0.00677   0.00077   0.0163   0.7701   0.4123  48.7193 217.4811
  -2.608  -0.2941   0.00672   0.00075   0.0164   0.7626   0.4231  49.5649 218.5304
  -2.437  -0.2753   0.00667   0.00074   0.0166   0.7549   0.4347  50.4221 219.6526
  -2.352  -0.2659   0.00665   0.00073   0.0166   0.7511   0.4406  50.8439 220.2183
  -2.266  -0.2564   0.00662   0.00072   0.0167   0.7473   0.4469  51.2586 220.8290
  -2.181  -0.2470   0.00658   0.00072   0.0167   0.7434   0.4532  51.6870 221.4298
  -2.095  -0.2376   0.00656   0.00071   0.0168   0.7399   0.4597  52.0746 222.0613
  -2.010  -0.2281   0.00652   0.00070   0.0168   0.7357   0.4665  52.5217 222.7085
  -1.925  -0.2187   0.00650   0.00069   0.0169   0.7318   0.4730  52.9520 223.3275
  -1.839  -0.2092   0.00647   0.00068   0.0169   0.7272   0.4797  53.4410 223.9761
  -1.754  -0.1999   0.00644   0.00067   0.0170   0.7227   0.4863  53.9172 224.6075
  -1.668  -0.1904   0.00640   0.00067   0.0170   0.7180   0.4931  54.4240 225.2502
  -1.583  -0.1809   0.00638   0.00066   0.0171   0.7133   0.5003  54.9213 225.9376
  -1.498  -0.1715   0.00634   0.00065   0.0171   0.7081   0.5073  55.4659 226.6153
  -1.412  -0.1621   0.00632   0.00064   0.0172   0.7029   0.5146  56.0065 227.3062
  -1.241  -0.1432   0.00625   0.00062   0.0173   0.6906   0.5299  57.2818 228.7691
  -1.156  -0.1339   0.00623   0.00060   0.0174   0.6836   0.5374  58.0018 229.4940
  -1.070  -0.1245   0.00620   0.00059   0.0175   0.6752   0.5451  58.8633 230.2316
  -0.985  -0.1152   0.00618   0.00058   0.0175   0.6657   0.5531  59.8258 230.9973
  -0.899  -0.1060   0.00616   0.00056   0.0176   0.6555   0.5609  60.8522 231.7503
  -0.814  -0.0968   0.00615   0.00055   0.0177   0.6446   0.5686  61.9419 232.4921
  -0.729  -0.0876   0.00615   0.00053   0.0178   0.6324   0.5766  63.1592 233.2599
  -0.643  -0.0784   0.00615   0.00052   0.0179   0.6184   0.5848  64.5362 234.0613
  -0.558  -0.0695   0.00616   0.00051   0.0181   0.6024   0.5932  66.0983 234.8788
  -0.472  -0.0606   0.00618   0.00050   0.0182   0.5838   0.6018  67.9074 235.7105
  -0.387  -0.0517   0.00621   0.00049   0.0184   0.5626   0.6106  69.9527 236.5766
  -0.301  -0.0429   0.00625   0.00048   0.0185   0.5398   0.6198  72.1455 237.4788
  -0.216  -0.0342   0.00629   0.00048   0.0187   0.5158   0.6294  74.4379 238.4270
  -0.131  -0.0255   0.00634   0.00047   0.0188   0.4899   0.6396  76.9088 239.4390
  -0.045  -0.0170   0.00641   0.00047   0.0190   0.4599   0.6507  79.7699 240.5418
   0.040  -0.0087   0.00650   0.00048   0.0192   0.4239   0.6629  83.2339 241.7732
   0.126  -0.0008   0.00661   0.00049   0.0195   0.3787   0.6769  87.6344 243.1984
   0.211   0.0066   0.00677   0.00052   0.0198   0.3201   0.6943  93.5067 244.9860
   0.296   0.0134   0.00695   0.00058   0.0202   0.2543   0.7178 100.4595 247.4515
   0.382   0.0209   0.00700   0.00065   0.0206   0.2248   0.7492 103.7515 250.8535
   0.467   0.0292   0.00704   0.00072   0.0209   0.2105   0.7763 105.4126 253.8985
   0.553   0.0381   0.00709   0.00077   0.0210   0.2007   0.7925 106.5697 255.7779
   0.638   0.0473   0.00714   0.00081   0.0212   0.1932   0.8032 107.4706 257.0527
   0.724   0.0567   0.00720   0.00084   0.0212   0.1869   0.8115 108.2323 258.0532
   0.809   0.0660   0.00725   0.00088   0.0213   0.1814   0.8180 108.9077 258.8646
   0.894   0.0755   0.00729   0.00091   0.0214   0.1768   0.8234 109.4885 259.5367
   0.980   0.0849   0.00734   0.00094   0.0214   0.1725   0.8283 110.0246 260.1558
   1.065   0.0945   0.00738   0.00097   0.0215   0.1685   0.8328 110.5268 260.7272
   1.236   0.1135   0.00748   0.00102   0.0216   0.1615   0.8406 111.4348 261.7333
   1.322   0.1230   0.00753   0.00105   0.0216   0.1581   0.8440 111.8675 262.1769
   1.407   0.1325   0.00757   0.00108   0.0217   0.1552   0.8471 112.2568 262.5964
   1.492   0.1422   0.00761   0.00110   0.0217   0.1522   0.8504 112.6556 263.0315
   1.578   0.1515   0.00767   0.00113   0.0217   0.1495   0.8529 113.0097 263.3664
   1.663   0.1612   0.00770   0.00116   0.0218   0.1470   0.8557 113.3456 263.7425
   1.749   0.1707   0.00775   0.00118   0.0218   0.1444   0.8582 113.6909 264.0834
   1.834   0.1801   0.00780   0.00121   0.0219   0.1420   0.8602 114.0153 264.3675
   1.920   0.1898   0.00783   0.00123   0.0219   0.1398   0.8625 114.3308 264.6833
   2.005   0.1994   0.00788   0.00125   0.0219   0.1374   0.8649 114.6604 265.0098
   2.091   0.2088   0.00793   0.00128   0.0219   0.1352   0.8665 114.9664 265.2444
   2.176   0.2184   0.00797   0.00131   0.0220   0.1331   0.8684 115.2599 265.5121
   2.261   0.2280   0.00801   0.00133   0.0220   0.1309   0.8705 115.5705 265.8013
   2.347   0.2375   0.00806   0.00135   0.0220   0.1288   0.8723 115.8613 266.0666
   2.432   0.2470   0.00810   0.00138   0.0221   0.1269   0.8738 116.1277 266.2826
   2.518   0.2565   0.00814   0.00141   0.0221   0.1249   0.8755 116.4201 266.5254
   2.603   0.2661   0.00819   0.00143   0.0221   0.1228   0.8773 116.7230 266.7917
   2.688   0.2755   0.00825   0.00145   0.0222   0.1208   0.8791 117.0190 267.0537
   2.774   0.2850   0.00828   0.00148   0.0222   0.1187   0.8806 117.3202 267.2656
   2.859   0.2945   0.00832   0.00150   0.0223   0.1166   0.8822 117.6331 267.5110
   2.945   0.3039   0.00838   0.00153   0.0223   0.1147   0.8841 117.9237 267.7829
   3.030   0.3135   0.00842   0.00155   0.0223   0.1128   0.8858 118.2026 268.0458
   3.116   0.3229   0.00846   0.00158   0.0224   0.1108   0.8872 118.5033 268.2540
   3.201   0.3322   0.00851   0.00160   0.0225   0.1089   0.8887 118.7951 268.4874
   3.286   0.3416   0.00857   0.00163   0.0225   0.1072   0.8904 119.0640 268.7372
   3.457   0.3605   0.00866   0.00168   0.0226   0.1036   0.8933 119.6204 269.1939
   3.543   0.3697   0.00872   0.00171   0.0227   0.1018   0.8947 119.8920 269.4074
   3.628   0.3791   0.00876   0.00174   0.0227   0.1001   0.8962 120.1647 269.6460
   3.714   0.3887   0.00881   0.00176   0.0228   0.0982   0.8979 120.4765 269.9015
   3.799   0.3980   0.00886   0.00179   0.0228   0.0962   0.8992 120.7881 270.1141
   3.884   0.4071   0.00892   0.00182   0.0229   0.0944   0.9004 121.0813 270.3117
   3.970   0.4165   0.00896   0.00184   0.0230   0.0925   0.9018 121.3992 270.5314
   4.055   0.4259   0.00902   0.00187   0.0230   0.0906   0.9033 121.7207 270.7743
   4.141   0.4352   0.00909   0.00189   0.0231   0.0887   0.9049 122.0191 271.0289
   4.226   0.4444   0.00913   0.00193   0.0232   0.0871   0.9061 122.3039 271.2276
   4.312   0.4535   0.00918   0.00196   0.0233   0.0853   0.9076 122.6051 271.4679
   4.397   0.4626   0.00925   0.00199   0.0234   0.0836   0.9093 122.8936 271.7562
   4.482   0.4718   0.00931   0.00202   0.0235   0.0820   0.9111 123.1644 272.0557
   4.568   0.4807   0.00936   0.00206   0.0237   0.0804   0.9126 123.4527 272.3153
   4.653   0.4896   0.00943   0.00210   0.0238   0.0788   0.9144 123.7407 272.6237
   4.739   0.4987   0.00951   0.00214   0.0239   0.0772   0.9164 124.0178 272.9644
   4.824   0.5076   0.00955   0.00217   0.0241   0.0757   0.9178 124.2911 273.2098
   4.910   0.5165   0.00961   0.00221   0.0242   0.0740   0.9193 124.5907 273.4676
   4.995   0.5255   0.00968   0.00224   0.0244   0.0724   0.9208 124.8902 273.7381
   5.080   0.5348   0.00975   0.00227   0.0244   0.0708   0.9224 125.1787 274.0055
   5.166   0.5437   0.00980   0.00231   0.0245   0.0692   0.9233 125.4849 274.1822
   5.251   0.5526   0.00988   0.00235   0.0247   0.0676   0.9244 125.7900 274.3728
   5.337   0.5615   0.00995   0.00239   0.0248   0.0661   0.9255 126.0772 274.5823
   5.422   0.5708   0.01001   0.00242   0.0249   0.0645   0.9268 126.3746 274.8161
   5.508   0.5799   0.01008   0.00246   0.0249   0.0630   0.9281 126.6780 275.0433
   5.593   0.5886   0.01016   0.00250   0.0251   0.0615   0.9290 126.9616 275.2230
   5.678   0.5976   0.01022   0.00254   0.0252   0.0602   0.9300 127.2309 275.4141
   5.764   0.6066   0.01028   0.00257   0.0253   0.0587   0.9312 127.5247 275.6230
   5.849   0.6156   0.01037   0.00261   0.0254   0.0573   0.9324 127.8085 275.8611
   5.935   0.6245   0.01045   0.00266   0.0255   0.0561   0.9336 128.0660 276.0814
   6.020   0.6332   0.01051   0.00270   0.0257   0.0549   0.9346 128.3156 276.2750
   6.106   0.6420   0.01059   0.00275   0.0258   0.0537   0.9357 128.5735 276.4917
   6.191   0.6508   0.01068   0.00280   0.0260   0.0525   0.9369 128.8216 276.7383
   6.276   0.6597   0.01078   0.00285   0.0261   0.0514   0.9383 129.0586 277.0082
   6.362   0.6683   0.01083   0.00290   0.0263   0.0504   0.9393 129.2844 277.2113
   6.447   0.6769   0.01091   0.00294   0.0264   0.0493   0.9405 129.5289 277.4452
   6.533   0.6855   0.01100   0.00299   0.0266   0.0482   0.9418 129.7653 277.7136
   6.618   0.6942   0.01111   0.00305   0.0267   0.0471   0.9433 129.9977 278.0076
   6.704   0.7026   0.01117   0.00310   0.0270   0.0463   0.9444 130.1933 278.2474
   6.789   0.7110   0.01124   0.00315   0.0272   0.0453   0.9458 130.4112 278.5503
   6.874   0.7195   0.01133   0.00320   0.0274   0.0444   0.9475 130.6291 278.9072
   6.960   0.7275   0.01143   0.00326   0.0277   0.0435   0.9490 130.8355 279.2167
   7.045   0.7354   0.01153   0.00332   0.0280   0.0426   0.9504 131.0398 279.5414
   7.131   0.7441   0.01161   0.00337   0.0282   0.0418   0.9520 131.2261 279.8875
   7.216   0.7523   0.01169   0.00343   0.0284   0.0410   0.9533 131.4274 280.1733
   7.301   0.7605   0.01178   0.00348   0.0287   0.0402   0.9544 131.6266 280.4377
   7.387   0.7689   0.01189   0.00355   0.0289   0.0394   0.9556 131.8271 280.7098
   7.472   0.7774   0.01202   0.00363   0.0290   0.0385   0.9568 132.0345 280.9785
   7.558   0.7861   0.01208   0.00367   0.0292   0.0378   0.9576 132.2111 281.1695
   7.643   0.7947   0.01216   0.00372   0.0293   0.0370   0.9584 132.4110 281.3619
   7.729   0.8033   0.01225   0.00378   0.0294   0.0362   0.9593 132.6134 281.5756
   7.814   0.8120   0.01236   0.00384   0.0295   0.0355   0.9602 132.8067 281.8108
   7.899   0.8203   0.01251   0.00393   0.0297   0.0347   0.9612 133.0037 282.0492
   7.985   0.8289   0.01258   0.00398   0.0298   0.0341   0.9620 133.1532 282.2437
   8.070   0.8376   0.01266   0.00404   0.0300   0.0335   0.9629 133.3180 282.4636
   8.156   0.8462   0.01276   0.00410   0.0301   0.0329   0.9638 133.4859 282.7111
   8.241   0.8548   0.01287   0.00417   0.0302   0.0323   0.9649 133.6493 282.9830
   8.327   0.8630   0.01299   0.00424   0.0304   0.0317   0.9658 133.8067 283.2178
   8.412   0.8709   0.01314   0.00434   0.0306   0.0310   0.9668 133.9785 283.4957
   8.498   0.8795   0.01324   0.00440   0.0307   0.0306   0.9679 134.1063 283.7895
   8.583   0.8880   0.01333   0.00447   0.0309   0.0301   0.9690 134.2454 284.0908
   8.668   0.8964   0.01343   0.00454   0.0311   0.0296   0.9701 134.3894 284.3838
   8.754   0.9047   0.01354   0.00461   0.0312   0.0291   0.9713 134.5325 284.7389
   8.839   0.9129   0.01366   0.00469   0.0314   0.0286   0.9726 134.6704 285.1081
   8.925   0.9210   0.01380   0.00478   0.0316   0.0281   0.9738 134.8081 285.4674
   9.010   0.9289   0.01399   0.00490   0.0318   0.0276   0.9753 134.9603 285.9191
   9.095   0.9374   0.01411   0.00499   0.0319   0.0272   0.9765 135.0712 286.2816
   9.181   0.9462   0.01420   0.00506   0.0320   0.0268   0.9777 135.1837 286.6820
   9.266   0.9549   0.01431   0.00514   0.0320   0.0264   0.9790 135.3089 287.1086
   9.352   0.9639   0.01443   0.00522   0.0320   0.0260   0.9802 135.4380 287.4984
   9.437   0.9727   0.01455   0.00530   0.0321   0.0256   0.9816 135.5651 287.9915
   9.523   0.9819   0.01469   0.00540   0.0320   0.0251   0.9827 135.6906 288.3869
   9.608   0.9909   0.01485   0.00550   0.0320   0.0247   0.9840 135.8126 288.8868
   9.694   0.9999   0.01505   0.00564   0.0319   0.0243   0.9852 135.9436 289.3410
   9.779   1.0091   0.01522   0.00576   0.0318   0.0240   0.9864 136.0509 289.8471
   9.864   1.0189   0.01535   0.00585   0.0316   0.0236   0.9875 136.1484 290.2925
   9.950   1.0286   0.01549   0.00596   0.0314   0.0233   0.9886 136.2546 290.7899
  10.035   1.0385   0.01563   0.00606   0.0311   0.0230   0.9897 136.3635 291.2797
  10.121   1.0483   0.01578   0.00617   0.0309   0.0226   0.9908 136.4712 291.8130
  10.206   1.0582   0.01595   0.00628   0.0306   0.0223   0.9918 136.5776 292.3535
  10.291   1.0680   0.01612   0.00641   0.0304   0.0220   0.9930 136.6812 292.9888
  10.377   1.0778   0.01632   0.00655   0.0301   0.0217   0.9940 136.7857 293.6098
  10.462   1.0873   0.01656   0.00671   0.0298   0.0213   0.9952 136.8979 294.3805
  10.548   1.0966   0.01683   0.00691   0.0296   0.0210   0.9965 137.0103 295.3198
  10.633   1.1068   0.01698   0.00703   0.0293   0.0208   0.9976 137.0765 296.3274
  10.719   1.1169   0.01715   0.00715   0.0290   0.0206   0.9989 137.1529 297.7872
  10.804   1.1263   0.01732   0.00728   0.0288   0.0203   1.0000 137.2334 301.0000
  10.889   1.1332   0.01747   0.00739   0.0291   0.0201   1.0000 137.3066 301.0000
  10.975   1.1407   0.01764   0.00751   0.0293   0.0199   1.0000 137.3822 301.0000
  11.060   1.1484   0.01781   0.00763   0.0294   0.0197   1.0000 137.4578 301.0000
  11.146   1.1561   0.01799   0.00776   0.0295   0.0195   1.0000 137.5325 301.0000
  11.231   1.1639   0.01818   0.00790   0.0297   0.0192   1.0000 137.6070 301.0000
  11.317   1.1716   0.01838   0.00804   0.0298   0.0190   1.0000 137.6805 301.0000
  11.402   1.1791   0.01860   0.00820   0.0299   0.0188   1.0000 137.7542 301.0000
  11.487   1.1864   0.01885   0.00838   0.0300   0.0186   1.0000 137.8306 301.0000
  11.573   1.1933   0.01915   0.00859   0.0302   0.0184   1.0000 137.9129 301.0000
  11.658   1.1995   0.01950   0.00884   0.0305   0.0181   1.0000 138.0011 301.0000
  11.744   1.2075   0.01966   0.00896   0.0306   0.0180   1.0000 138.0427 301.0000
  11.829   1.2154   0.01983   0.00909   0.0307   0.0179   1.0000 138.0920 301.0000
  11.915   1.2231   0.02002   0.00923   0.0308   0.0177   1.0000 138.1478 301.0000
  12.000   1.2307   0.02021   0.00938   0.0309   0.0175   1.0000 138.2083 301.0000
