  
       XFOIL         Version 6.99
  
 Calculated polar for: Repaneled_Airfoil                               
  
 1 1 Reynolds number fixed          Mach number fixed         
  
 xtrf =   1.000 (top)        1.000 (bottom)  
 Mach =   0.000     Re =     1.000 e 6     Ncrit =   9.000  9.000
  
   alpha    CL        CD       CDp       CM     Top_Xtr  Bot_Xtr  Top_Itr  Bot_Itr
  ------ -------- --------- --------- -------- -------- -------- -------- --------
  -5.000  -0.3343   0.00818   0.00122  -0.0519   0.8477   0.1326  39.2749 186.5782
  -4.915  -0.3251   0.00809   0.00118  -0.0518   0.8452   0.1409  39.6039 187.7343
  -4.829  -0.3159   0.00801   0.00114  -0.0517   0.8430   0.1491  39.8970 188.8403
  -4.744  -0.3065   0.00793   0.00111  -0.0517   0.8406   0.1577  40.2138 189.9775
  -4.658  -0.2972   0.00785   0.00108  -0.0517   0.8380   0.1656  40.5519 191.0111
  -4.573  -0.2879   0.00778   0.00105  -0.0516   0.8357   0.1732  40.8496 191.9795
  -4.487  -0.2784   0.00772   0.00103  -0.0516   0.8334   0.1808  41.1469 192.9300
  -4.402  -0.2690   0.00765   0.00101  -0.0516   0.8307   0.1876  41.4804 193.7603
  -4.317  -0.2595   0.00760   0.00100  -0.0516   0.8284   0.1937  41.7792 194.5018
  -4.231  -0.2500   0.00756   0.00099  -0.0515   0.8263   0.1998  42.0491 195.2319
  -4.146  -0.2403   0.00752   0.00098  -0.0515   0.8235   0.2057  42.3892 195.9401
  -4.060  -0.2307   0.00748   0.00097  -0.0515   0.8210   0.2106  42.7057 196.5135
  -3.975  -0.2211   0.00747   0.00096  -0.0515   0.8188   0.2149  42.9827 197.0189
  -3.889  -0.2114   0.00742   0.00095  -0.0515   0.8159   0.2187  43.3343 197.4529
  -3.804  -0.2018   0.00740   0.00094  -0.0515   0.8132   0.2222  43.6749 197.8652
  -3.719  -0.1922   0.00738   0.00093  -0.0515   0.8107   0.2254  43.9773 198.2216
  -3.633  -0.1824   0.00735   0.00092  -0.0515   0.8074   0.2287  44.3700 198.6034
  -3.548  -0.1727   0.00734   0.00091  -0.0515   0.8043   0.2318  44.7489 198.9579
  -3.462  -0.1631   0.00732   0.00090  -0.0515   0.8013   0.2346  45.1123 199.2674
  -3.377  -0.1534   0.00729   0.00089  -0.0515   0.7977   0.2376  45.5440 199.6066
  -3.292  -0.1437   0.00729   0.00088  -0.0515   0.7944   0.2406  45.9368 199.9396
  -3.206  -0.1340   0.00726   0.00087  -0.0515   0.7905   0.2432  46.3874 200.2357
  -3.121  -0.1244   0.00724   0.00086  -0.0515   0.7868   0.2459  46.8230 200.5294
  -3.035  -0.1147   0.00723   0.00085  -0.0514   0.7829   0.2483  47.2712 200.8029
  -2.950  -0.1049   0.00722   0.00084  -0.0514   0.7788   0.2504  47.7473 201.0361
  -2.864  -0.0953   0.00720   0.00083  -0.0514   0.7749   0.2525  48.1977 201.2638
  -2.779  -0.0857   0.00718   0.00082  -0.0514   0.7706   0.2548  48.6868 201.5172
  -2.693  -0.0760   0.00718   0.00081  -0.0514   0.7666   0.2573  49.1430 201.7844
  -2.608  -0.0662   0.00718   0.00080  -0.0514   0.7620   0.2595  49.6531 202.0251
  -2.523  -0.0567   0.00716   0.00078  -0.0514   0.7578   0.2615  50.1297 202.2461
  -2.437  -0.0470   0.00714   0.00077  -0.0514   0.7529   0.2636  50.6669 202.4741
  -2.352  -0.0374   0.00714   0.00076  -0.0514   0.7484   0.2658  51.1640 202.7069
  -2.266  -0.0277   0.00715   0.00075  -0.0513   0.7437   0.2678  51.6843 202.9332
  -2.181  -0.0181   0.00714   0.00074  -0.0513   0.7393   0.2698  52.1657 203.1468
  -2.095  -0.0085   0.00712   0.00073  -0.0513   0.7345   0.2719  52.6830 203.3650
  -2.010   0.0010   0.00712   0.00072  -0.0513   0.7300   0.2740  53.1652 203.5952
  -1.925   0.0107   0.00713   0.00072  -0.0513   0.7252   0.2761  53.6840 203.8187
  -1.754   0.0299   0.00712   0.00070  -0.0512   0.7161   0.2801  54.6534 204.2448
  -1.668   0.0394   0.00712   0.00069  -0.0512   0.7118   0.2822  55.1023 204.4687
  -1.583   0.0491   0.00712   0.00069  -0.0512   0.7073   0.2843  55.5815 204.6903
  -1.498   0.0587   0.00714   0.00068  -0.0512   0.7032   0.2862  56.0093 204.8957
  -1.412   0.0684   0.00713   0.00067  -0.0512   0.6988   0.2881  56.4621 205.0949
  -1.327   0.0779   0.00713   0.00067  -0.0511   0.6948   0.2901  56.8792 205.3012
  -1.241   0.0875   0.00713   0.00066  -0.0511   0.6910   0.2921  57.2740 205.5132
  -1.156   0.0972   0.00713   0.00066  -0.0511   0.6872   0.2941  57.6651 205.7242
  -1.070   0.1068   0.00714   0.00065  -0.0511   0.6839   0.2959  58.0069 205.9146
  -0.985   0.1165   0.00713   0.00065  -0.0511   0.6803   0.2976  58.3745 206.0954
  -0.899   0.1261   0.00713   0.00064  -0.0511   0.6769   0.2994  58.7251 206.2797
  -0.814   0.1357   0.00713   0.00064  -0.0511   0.6738   0.3013  59.0354 206.4724
  -0.729   0.1455   0.00712   0.00063  -0.0511   0.6705   0.3033  59.3736 206.6804
  -0.643   0.1552   0.00713   0.00063  -0.0511   0.6673   0.3053  59.7000 206.8899
  -0.472   0.1745   0.00712   0.00062  -0.0511   0.6613   0.3092  60.3046 207.3000
  -0.387   0.1841   0.00711   0.00062  -0.0511   0.6582   0.3113  60.6155 207.5161
  -0.301   0.1938   0.00712   0.00062  -0.0511   0.6554   0.3135  60.8998 207.7372
  -0.216   0.2035   0.00712   0.00061  -0.0511   0.6524   0.3156  61.2003 207.9575
  -0.131   0.2131   0.00711   0.00061  -0.0511   0.6490   0.3178  61.5431 208.1806
  -0.045   0.2227   0.00711   0.00061  -0.0511   0.6456   0.3202  61.8817 208.4287
   0.040   0.2324   0.00711   0.00060  -0.0511   0.6419   0.3228  62.2443 208.6957
   0.126   0.2420   0.00712   0.00060  -0.0511   0.6379   0.3255  62.6472 208.9647
   0.211   0.2515   0.00712   0.00059  -0.0511   0.6341   0.3281  63.0275 209.2371
   0.296   0.2612   0.00711   0.00059  -0.0511   0.6297   0.3312  63.4539 209.5460
   0.382   0.2707   0.00712   0.00059  -0.0511   0.6257   0.3344  63.8503 209.8726
   0.467   0.2803   0.00712   0.00058  -0.0510   0.6219   0.3377  64.2302 210.2056
   0.553   0.2899   0.00711   0.00058  -0.0510   0.6178   0.3416  64.6283 210.5965
   0.724   0.3091   0.00710   0.00058  -0.0510   0.6107   0.3503  65.3264 211.4751
   0.809   0.3187   0.00710   0.00058  -0.0510   0.6069   0.3555  65.7005 211.9954
   0.894   0.3281   0.00709   0.00057  -0.0510   0.6033   0.3613  66.0556 212.5648
   0.980   0.3377   0.00708   0.00057  -0.0510   0.5992   0.3679  66.4473 213.2204
   1.151   0.3567   0.00706   0.00057  -0.0509   0.5923   0.3851  67.1246 214.9162
   1.322   0.3756   0.00700   0.00058  -0.0509   0.5855   0.4097  67.7808 217.3193
   1.407   0.3849   0.00697   0.00058  -0.0509   0.5824   0.4266  68.0827 218.9609
   1.578   0.4034   0.00684   0.00058  -0.0508   0.5751   0.4755  68.7838 223.6474
   1.663   0.4122   0.00675   0.00058  -0.0507   0.5718   0.5123  69.1062 227.1723
   1.749   0.4209   0.00660   0.00059  -0.0506   0.5682   0.5634  69.4570 232.0672
   1.834   0.4290   0.00643   0.00060  -0.0503   0.5647   0.6296  69.7883 238.5159
   1.920   0.4369   0.00627   0.00061  -0.0500   0.5617   0.6947  70.0823 245.0959
   2.091   0.4525   0.00597   0.00062  -0.0492   0.5548   0.7919  70.7469 255.7650
   2.176   0.4561   0.00575   0.00072  -0.0476   0.5519   0.8996  71.0255 270.2155
   2.261   0.4643   0.00575   0.00075  -0.0471   0.5480   0.9249  71.3976 274.4880
   2.347   0.4731   0.00578   0.00078  -0.0469   0.5439   0.9389  71.7879 277.1441
   2.432   0.4823   0.00581   0.00079  -0.0467   0.5400   0.9488  72.1604 279.1979
   2.518   0.4919   0.00584   0.00081  -0.0466   0.5358   0.9567  72.5667 280.9777
   2.603   0.5019   0.00589   0.00083  -0.0466   0.5318   0.9629  72.9456 282.4892
   2.688   0.5121   0.00592   0.00084  -0.0467   0.5276   0.9684  73.3459 283.9241
   2.774   0.5229   0.00596   0.00086  -0.0469   0.5229   0.9728  73.7979 285.1848
   2.859   0.5340   0.00601   0.00087  -0.0472   0.5181   0.9766  74.2530 286.3370
   2.945   0.5453   0.00605   0.00088  -0.0476   0.5129   0.9798  74.7582 287.3869
   3.030   0.5569   0.00610   0.00090  -0.0480   0.5077   0.9825  75.2526 288.3333
   3.116   0.5687   0.00615   0.00091  -0.0485   0.5020   0.9848  75.7991 289.1887
   3.201   0.5808   0.00620   0.00093  -0.0490   0.4959   0.9868  76.3729 290.0078
   3.286   0.5942   0.00627   0.00094  -0.0499   0.4887   0.9882  77.0613 290.6045
   3.372   0.6078   0.00633   0.00096  -0.0508   0.4808   0.9896  77.8196 291.2671
   3.457   0.6213   0.00640   0.00098  -0.0516   0.4729   0.9912  78.5747 292.0060
   3.543   0.6355   0.00647   0.00100  -0.0527   0.4647   0.9923  79.3573 292.6350
   3.628   0.6494   0.00655   0.00102  -0.0536   0.4559   0.9936  80.2015 293.3778
   3.714   0.6632   0.00663   0.00104  -0.0546   0.4454   0.9949  81.2073 294.1675
   3.799   0.6769   0.00673   0.00106  -0.0556   0.4320   0.9961  82.4955 294.9993
   3.884   0.6905   0.00686   0.00109  -0.0565   0.4151   0.9971  84.1317 295.8430
   3.970   0.7038   0.00702   0.00113  -0.0574   0.3942   0.9981  86.1603 296.8026
   4.055   0.7168   0.00722   0.00118  -0.0583   0.3678   0.9990  88.7639 297.9552
   4.141   0.7288   0.00751   0.00126  -0.0591   0.3286   0.9998  92.6882 299.7877
   4.226   0.7326   0.00815   0.00147  -0.0583   0.2483   1.0000 101.1709 301.0000
   4.312   0.7376   0.00852   0.00163  -0.0576   0.2120   1.0000 105.2950 301.0000
   4.397   0.7443   0.00871   0.00171  -0.0571   0.1960   1.0000 107.1895 301.0000
   4.482   0.7515   0.00885   0.00177  -0.0566   0.1849   1.0000 108.5419 301.0000
   4.568   0.7588   0.00898   0.00182  -0.0562   0.1756   1.0000 109.6970 301.0000
   4.653   0.7662   0.00909   0.00187  -0.0559   0.1676   1.0000 110.7126 301.0000
   4.739   0.7737   0.00920   0.00191  -0.0555   0.1605   1.0000 111.6229 301.0000
   4.824   0.7812   0.00930   0.00195  -0.0551   0.1540   1.0000 112.4735 301.0000
   4.910   0.7888   0.00940   0.00199  -0.0547   0.1481   1.0000 113.2689 301.0000
   4.995   0.7962   0.00950   0.00203  -0.0543   0.1426   1.0000 114.0015 301.0000
   5.080   0.8039   0.00958   0.00206  -0.0540   0.1377   1.0000 114.6895 301.0000
   5.166   0.8115   0.00967   0.00210  -0.0536   0.1332   1.0000 115.3109 301.0000
   5.337   0.8267   0.00984   0.00217  -0.0528   0.1249   1.0000 116.5006 301.0000
   5.422   0.8342   0.00994   0.00220  -0.0524   0.1211   1.0000 117.0388 301.0000
   5.508   0.8420   0.01001   0.00224  -0.0521   0.1175   1.0000 117.5752 301.0000
   5.593   0.8495   0.01010   0.00227  -0.0517   0.1140   1.0000 118.0911 301.0000
   5.678   0.8572   0.01018   0.00231  -0.0513   0.1104   1.0000 118.6410 301.0000
   5.764   0.8647   0.01027   0.00234  -0.0510   0.1070   1.0000 119.1662 301.0000
   5.849   0.8723   0.01036   0.00238  -0.0506   0.1035   1.0000 119.7103 301.0000
   5.935   0.8798   0.01045   0.00242  -0.0502   0.1003   1.0000 120.2192 301.0000
   6.020   0.8874   0.01054   0.00245  -0.0498   0.0968   1.0000 120.7681 301.0000
   6.106   0.8950   0.01063   0.00249  -0.0495   0.0937   1.0000 121.2735 301.0000
   6.191   0.9025   0.01072   0.00253  -0.0491   0.0905   1.0000 121.8052 301.0000
   6.276   0.9101   0.01082   0.00257  -0.0487   0.0877   1.0000 122.2770 301.0000
   6.362   0.9176   0.01091   0.00261  -0.0483   0.0849   1.0000 122.7608 301.0000
   6.447   0.9251   0.01101   0.00266  -0.0480   0.0823   1.0000 123.2080 301.0000
   6.533   0.9327   0.01110   0.00270  -0.0476   0.0795   1.0000 123.6952 301.0000
   6.618   0.9402   0.01120   0.00274  -0.0472   0.0770   1.0000 124.1382 301.0000
   6.704   0.9479   0.01129   0.00278  -0.0469   0.0745   1.0000 124.5948 301.0000
   6.789   0.9553   0.01140   0.00283  -0.0465   0.0721   1.0000 125.0186 301.0000
   6.874   0.9631   0.01149   0.00287  -0.0462   0.0700   1.0000 125.4213 301.0000
   6.960   0.9706   0.01160   0.00292  -0.0458   0.0679   1.0000 125.8210 301.0000
   7.045   0.9783   0.01170   0.00297  -0.0455   0.0660   1.0000 126.1843 301.0000
   7.131   0.9861   0.01179   0.00302  -0.0452   0.0639   1.0000 126.5779 301.0000
   7.216   0.9937   0.01191   0.00308  -0.0448   0.0620   1.0000 126.9533 301.0000
   7.301   1.0016   0.01200   0.00312  -0.0445   0.0603   1.0000 127.3028 301.0000
   7.387   1.0093   0.01211   0.00317  -0.0442   0.0585   1.0000 127.6696 301.0000
   7.472   1.0169   0.01224   0.00323  -0.0439   0.0568   1.0000 128.0123 301.0000
   7.558   1.0249   0.01233   0.00328  -0.0436   0.0553   1.0000 128.3308 301.0000
   7.643   1.0326   0.01244   0.00334  -0.0433   0.0537   1.0000 128.6586 301.0000
   7.729   1.0400   0.01258   0.00341  -0.0430   0.0522   1.0000 128.9723 301.0000
   7.814   1.0481   0.01267   0.00346  -0.0427   0.0509   1.0000 129.2662 301.0000
   7.899   1.0559   0.01278   0.00351  -0.0424   0.0494   1.0000 129.5911 301.0000
   7.985   1.0634   0.01292   0.00358  -0.0421   0.0480   1.0000 129.9031 301.0000
   8.070   1.0713   0.01303   0.00364  -0.0418   0.0467   1.0000 130.1873 301.0000
   8.156   1.0791   0.01314   0.00369  -0.0416   0.0454   1.0000 130.4884 301.0000
   8.241   1.0867   0.01327   0.00376  -0.0412   0.0441   1.0000 130.7792 301.0000
   8.327   1.0941   0.01341   0.00383  -0.0409   0.0430   1.0000 131.0492 301.0000
   8.412   1.1020   0.01351   0.00389  -0.0407   0.0419   1.0000 131.2999 301.0000
   8.498   1.1097   0.01363   0.00395  -0.0404   0.0409   1.0000 131.5548 301.0000
   8.583   1.1171   0.01378   0.00402  -0.0400   0.0399   1.0000 131.7964 301.0000
   8.668   1.1243   0.01393   0.00410  -0.0397   0.0389   1.0000 132.0293 301.0000
   8.754   1.1323   0.01403   0.00416  -0.0394   0.0381   1.0000 132.2399 301.0000
   8.839   1.1400   0.01415   0.00422  -0.0392   0.0371   1.0000 132.4722 301.0000
   8.925   1.1474   0.01428   0.00429  -0.0388   0.0363   1.0000 132.6976 301.0000
   9.010   1.1546   0.01444   0.00437  -0.0385   0.0354   1.0000 132.9132 301.0000
   9.095   1.1620   0.01457   0.00445  -0.0382   0.0347   1.0000 133.1053 301.0000
   9.181   1.1697   0.01469   0.00451  -0.0379   0.0339   1.0000 133.2970 301.0000
   9.266   1.1771   0.01482   0.00458  -0.0376   0.0332   1.0000 133.4899 301.0000
   9.352   1.1844   0.01496   0.00465  -0.0372   0.0325   1.0000 133.6740 301.0000
   9.437   1.1914   0.01512   0.00474  -0.0369   0.0319   1.0000 133.8521 301.0000
   9.523   1.1982   0.01529   0.00483  -0.0365   0.0312   1.0000 134.0268 301.0000
   9.608   1.2057   0.01541   0.00490  -0.0362   0.0307   1.0000 134.1689 301.0000
   9.694   1.2130   0.01555   0.00497  -0.0358   0.0302   1.0000 134.3232 301.0000
   9.779   1.2201   0.01569   0.00505  -0.0355   0.0296   1.0000 134.4790 301.0000
   9.864   1.2270   0.01585   0.00513  -0.0351   0.0291   1.0000 134.6282 301.0000
   9.950   1.2336   0.01602   0.00523  -0.0347   0.0286   1.0000 134.7731 301.0000
  10.035   1.2399   0.01622   0.00533  -0.0342   0.0280   1.0000 134.9243 301.0000
  10.121   1.2464   0.01639   0.00543  -0.0338   0.0276   1.0000 135.0534 301.0000
  10.206   1.2535   0.01652   0.00550  -0.0334   0.0272   1.0000 135.1711 301.0000
  10.291   1.2605   0.01666   0.00558  -0.0330   0.0268   1.0000 135.3000 301.0000
  10.377   1.2672   0.01681   0.00566  -0.0326   0.0263   1.0000 135.4302 301.0000
  10.462   1.2737   0.01697   0.00574  -0.0322   0.0259   1.0000 135.5581 301.0000
  10.548   1.2799   0.01714   0.00583  -0.0317   0.0255   1.0000 135.6787 301.0000
  10.633   1.2854   0.01732   0.00592  -0.0311   0.0251   1.0000 135.7923 301.0000
  10.719   1.2905   0.01752   0.00603  -0.0304   0.0247   1.0000 135.9061 301.0000
  10.804   1.2952   0.01774   0.00615  -0.0297   0.0244   1.0000 136.0166 301.0000
  10.889   1.3012   0.01789   0.00623  -0.0292   0.0241   1.0000 136.0994 301.0000
  10.975   1.3070   0.01805   0.00632  -0.0287   0.0238   1.0000 136.1910 301.0000
  11.060   1.3127   0.01823   0.00642  -0.0281   0.0235   1.0000 136.2859 301.0000
  11.146   1.3183   0.01840   0.00651  -0.0276   0.0232   1.0000 136.3804 301.0000
  11.231   1.3239   0.01859   0.00662  -0.0270   0.0229   1.0000 136.4739 301.0000
  11.317   1.3293   0.01879   0.00672  -0.0265   0.0227   1.0000 136.5652 301.0000
  11.402   1.3345   0.01900   0.00684  -0.0259   0.0224   1.0000 136.6535 301.0000
  11.487   1.3396   0.01922   0.00696  -0.0253   0.0221   1.0000 136.7405 301.0000
  11.573   1.3443   0.01947   0.00710  -0.0247   0.0218   1.0000 136.8293 301.0000
  11.658   1.3485   0.01976   0.00726  -0.0241   0.0215   1.0000 136.9233 301.0000
  11.744   1.3525   0.02006   0.00744  -0.0234   0.0213   1.0000 137.0115 301.0000
  11.829   1.3580   0.02026   0.00756  -0.0229   0.0211   1.0000 137.0683 301.0000
  11.915   1.3635   0.02048   0.00769  -0.0224   0.0209   1.0000 137.1328 301.0000
  12.000   1.3687   0.02071   0.00782  -0.0220   0.0207   1.0000 137.2020 301.0000
