  
       XFOIL         Version 6.99
  
 Calculated polar for: Repaneled_Airfoil                               
  
 1 1 Reynolds number fixed          Mach number fixed         
  
 xtrf =   1.000 (top)        1.000 (bottom)  
 Mach =   0.000     Re =     1.000 e 6     Ncrit =   9.000  9.000
  
   alpha    CL        CD       CDp       CM     Top_Xtr  Bot_Xtr  Top_Itr  Bot_Itr
  ------ -------- --------- --------- -------- -------- -------- -------- --------
  -5.000  -0.3573   0.00998   0.00191  -0.0893   0.6715   0.0763  59.4985 177.9203
  -4.915  -0.3480   0.00991   0.00186  -0.0893   0.6671   0.0789  59.9389 178.3770
  -4.829  -0.3385   0.00986   0.00182  -0.0893   0.6632   0.0816  60.3341 178.8638
  -4.744  -0.3291   0.00979   0.00177  -0.0894   0.6595   0.0843  60.7170 179.3131
  -4.658  -0.3197   0.00973   0.00173  -0.0894   0.6561   0.0871  61.0536 179.7970
  -4.573  -0.3102   0.00966   0.00169  -0.0895   0.6528   0.0899  61.3866 180.2607
  -4.487  -0.3007   0.00960   0.00165  -0.0895   0.6496   0.0929  61.7096 180.7583
  -4.317  -0.2817   0.00949   0.00158  -0.0896   0.6438   0.0984  62.2868 181.6548
  -4.231  -0.2721   0.00945   0.00155  -0.0896   0.6410   0.1010  62.5752 182.0620
  -4.146  -0.2626   0.00939   0.00152  -0.0897   0.6383   0.1036  62.8419 182.4751
  -4.060  -0.2530   0.00935   0.00149  -0.0897   0.6359   0.1063  63.0846 182.8851
  -3.975  -0.2434   0.00930   0.00146  -0.0898   0.6333   0.1088  63.3362 183.2695
  -3.889  -0.2338   0.00925   0.00144  -0.0898   0.6309   0.1115  63.5812 183.6850
  -3.804  -0.2241   0.00922   0.00142  -0.0899   0.6286   0.1140  63.8059 184.0572
  -3.719  -0.2146   0.00918   0.00140  -0.0899   0.6266   0.1166  64.0053 184.4473
  -3.633  -0.2048   0.00914   0.00138  -0.0900   0.6245   0.1193  64.2099 184.8463
  -3.548  -0.1951   0.00910   0.00136  -0.0900   0.6224   0.1217  64.4154 185.1984
  -3.462  -0.1855   0.00906   0.00134  -0.0901   0.6204   0.1243  64.6151 185.5717
  -3.377  -0.1758   0.00904   0.00133  -0.0901   0.6185   0.1268  64.8033 185.9323
  -3.292  -0.1662   0.00901   0.00132  -0.0902   0.6168   0.1292  64.9765 186.2658
  -3.206  -0.1564   0.00898   0.00132  -0.0902   0.6149   0.1316  65.1560 186.6147
  -3.121  -0.1466   0.00896   0.00130  -0.0903   0.6130   0.1339  65.3416 186.9281
  -3.035  -0.1369   0.00893   0.00129  -0.0903   0.6112   0.1358  65.5255 187.1962
  -2.950  -0.1272   0.00891   0.00129  -0.0904   0.6094   0.1378  65.7021 187.4688
  -2.864  -0.1175   0.00890   0.00128  -0.0904   0.6077   0.1397  65.8673 187.7373
  -2.779  -0.1077   0.00890   0.00127  -0.0905   0.6061   0.1415  66.0214 187.9804
  -2.693  -0.0980   0.00886   0.00126  -0.0905   0.6044   0.1433  66.1881 188.2202
  -2.608  -0.0882   0.00884   0.00127  -0.0906   0.6027   0.1452  66.3589 188.4806
  -2.523  -0.0784   0.00883   0.00126  -0.0906   0.6010   0.1472  66.5270 188.7506
  -2.437  -0.0686   0.00883   0.00126  -0.0907   0.5993   0.1490  66.6883 188.9953
  -2.352  -0.0589   0.00881   0.00126  -0.0907   0.5978   0.1507  66.8397 189.2167
  -2.266  -0.0492   0.00881   0.00127  -0.0908   0.5963   0.1524  66.9816 189.4347
  -2.181  -0.0393   0.00880   0.00126  -0.0908   0.5948   0.1540  67.1318 189.6500
  -2.095  -0.0294   0.00879   0.00126  -0.0909   0.5932   0.1555  67.2898 189.8501
  -2.010  -0.0196   0.00878   0.00125  -0.0909   0.5915   0.1568  67.4499 190.0264
  -1.925  -0.0099   0.00876   0.00125  -0.0910   0.5899   0.1583  67.6077 190.2116
  -1.839  -0.0001   0.00875   0.00126  -0.0910   0.5883   0.1598  67.7602 190.4057
  -1.754   0.0096   0.00876   0.00126  -0.0910   0.5868   0.1613  67.9058 190.6084
  -1.668   0.0194   0.00877   0.00126  -0.0911   0.5854   0.1629  68.0498 190.8051
  -1.583   0.0294   0.00876   0.00125  -0.0911   0.5837   0.1642  68.2084 190.9730
  -1.498   0.0391   0.00874   0.00124  -0.0912   0.5820   0.1654  68.3720 191.1341
  -1.412   0.0488   0.00872   0.00125  -0.0912   0.5804   0.1666  68.5342 191.2826
  -1.327   0.0586   0.00872   0.00125  -0.0912   0.5788   0.1678  68.6906 191.4359
  -1.241   0.0684   0.00872   0.00125  -0.0913   0.5772   0.1691  68.8384 191.5980
  -1.156   0.0781   0.00874   0.00125  -0.0913   0.5758   0.1704  68.9777 191.7623
  -1.070   0.0880   0.00874   0.00124  -0.0913   0.5743   0.1716  69.1226 191.9191
  -0.985   0.0979   0.00872   0.00124  -0.0914   0.5727   0.1728  69.2733 192.0632
  -0.899   0.1076   0.00870   0.00124  -0.0914   0.5712   0.1739  69.4220 192.2042
  -0.814   0.1174   0.00869   0.00125  -0.0915   0.5697   0.1749  69.5645 192.3347
  -0.729   0.1272   0.00870   0.00125  -0.0915   0.5684   0.1760  69.6988 192.4679
  -0.643   0.1369   0.00870   0.00125  -0.0915   0.5671   0.1771  69.8243 192.6069
  -0.558   0.1467   0.00872   0.00125  -0.0915   0.5658   0.1783  69.9440 192.7508
  -0.472   0.1565   0.00872   0.00124  -0.0916   0.5646   0.1794  70.0645 192.8884
  -0.301   0.1761   0.00869   0.00123  -0.0916   0.5619   0.1814  70.3256 193.1353
  -0.216   0.1859   0.00868   0.00123  -0.0917   0.5605   0.1823  70.4577 193.2477
  -0.131   0.1956   0.00867   0.00123  -0.0917   0.5592   0.1832  70.5865 193.3574
  -0.045   0.2054   0.00867   0.00124  -0.0917   0.5579   0.1842  70.7105 193.4763
   0.040   0.2151   0.00868   0.00124  -0.0917   0.5567   0.1852  70.8288 193.6048
   0.126   0.2248   0.00870   0.00123  -0.0917   0.5555   0.1863  70.9427 193.7365
   0.211   0.2346   0.00870   0.00123  -0.0918   0.5543   0.1873  71.0570 193.8626
   0.296   0.2446   0.00870   0.00122  -0.0918   0.5530   0.1882  71.1788 193.9714
   0.382   0.2543   0.00868   0.00122  -0.0918   0.5517   0.1892  71.3037 194.0916
   0.467   0.2640   0.00866   0.00122  -0.0918   0.5504   0.1902  71.4293 194.2053
   0.553   0.2737   0.00866   0.00122  -0.0918   0.5491   0.1910  71.5529 194.3083
   0.638   0.2835   0.00866   0.00122  -0.0918   0.5479   0.1918  71.6721 194.4084
   0.724   0.2932   0.00866   0.00122  -0.0919   0.5467   0.1927  71.7864 194.5097
   0.809   0.3029   0.00867   0.00122  -0.0919   0.5456   0.1936  71.8964 194.6151
   0.894   0.3125   0.00869   0.00121  -0.0919   0.5445   0.1945  72.0048 194.7256
   0.980   0.3224   0.00868   0.00121  -0.0919   0.5433   0.1954  72.1166 194.8370
   1.065   0.3323   0.00868   0.00120  -0.0919   0.5421   0.1963  72.2338 194.9424
   1.151   0.3420   0.00867   0.00120  -0.0919   0.5408   0.1972  72.3525 195.0507
   1.236   0.3517   0.00866   0.00120  -0.0919   0.5396   0.1982  72.4710 195.1680
   1.322   0.3614   0.00865   0.00121  -0.0919   0.5384   0.1991  72.5882 195.2739
   1.407   0.3711   0.00866   0.00121  -0.0919   0.5372   0.1999  72.7026 195.3741
   1.492   0.3808   0.00867   0.00121  -0.0919   0.5360   0.2008  72.8140 195.4729
   1.578   0.3904   0.00868   0.00121  -0.0919   0.5349   0.2016  72.9234 195.5719
   1.663   0.4000   0.00869   0.00120  -0.0919   0.5337   0.2025  73.0336 195.6744
   1.749   0.4099   0.00868   0.00120  -0.0919   0.5325   0.2033  73.1495 195.7790
   1.834   0.4197   0.00868   0.00119  -0.0919   0.5313   0.2042  73.2715 195.8782
   1.920   0.4295   0.00869   0.00119  -0.0919   0.5300   0.2049  73.3952 195.9652
   2.005   0.4392   0.00868   0.00118  -0.0919   0.5287   0.2057  73.5182 196.0597
   2.091   0.4488   0.00867   0.00118  -0.0919   0.5275   0.2066  73.6381 196.1627
   2.176   0.4584   0.00867   0.00119  -0.0919   0.5262   0.2075  73.7536 196.2615
   2.261   0.4680   0.00868   0.00119  -0.0919   0.5251   0.2083  73.8651 196.3613
   2.347   0.4776   0.00870   0.00119  -0.0919   0.5239   0.2092  73.9747 196.4648
   2.432   0.4873   0.00870   0.00119  -0.0919   0.5228   0.2101  74.0838 196.5732
   2.518   0.4971   0.00870   0.00119  -0.0919   0.5216   0.2111  74.1983 196.6819
   2.603   0.5069   0.00870   0.00119  -0.0919   0.5204   0.2120  74.3151 196.7868
   2.688   0.5166   0.00871   0.00118  -0.0919   0.5192   0.2128  74.4310 196.8855
   2.774   0.5264   0.00872   0.00118  -0.0919   0.5180   0.2136  74.5444 196.9748
   2.859   0.5359   0.00871   0.00118  -0.0918   0.5169   0.2145  74.6519 197.0810
   2.945   0.5455   0.00871   0.00118  -0.0918   0.5158   0.2154  74.7543 197.1866
   3.030   0.5551   0.00872   0.00119  -0.0918   0.5148   0.2163  74.8533 197.2862
   3.116   0.5646   0.00874   0.00119  -0.0917   0.5137   0.2171  74.9588 197.3842
   3.201   0.5742   0.00874   0.00119  -0.0917   0.5124   0.2180  75.0784 197.4843
   3.286   0.5840   0.00874   0.00119  -0.0917   0.5109   0.2189  75.2274 197.5863
   3.372   0.5938   0.00874   0.00118  -0.0917   0.5090   0.2198  75.4075 197.6903
   3.457   0.6034   0.00875   0.00118  -0.0917   0.5070   0.2207  75.6013 197.7953
   3.543   0.6129   0.00876   0.00117  -0.0916   0.5050   0.2216  75.7942 197.8977
   3.628   0.6223   0.00880   0.00116  -0.0916   0.5030   0.2224  75.9818 197.9879
   3.714   0.6320   0.00878   0.00116  -0.0915   0.5011   0.2234  76.1687 198.1007
   3.799   0.6417   0.00877   0.00116  -0.0915   0.4990   0.2243  76.3643 198.2080
   3.884   0.6513   0.00877   0.00115  -0.0915   0.4969   0.2253  76.5649 198.3147
   3.970   0.6608   0.00878   0.00115  -0.0914   0.4950   0.2262  76.7545 198.4249
   4.055   0.6702   0.00881   0.00115  -0.0914   0.4931   0.2273  76.9334 198.5407
   4.141   0.6798   0.00882   0.00115  -0.0914   0.4913   0.2283  77.1090 198.6616
   4.226   0.6896   0.00882   0.00115  -0.0913   0.4893   0.2294  77.2951 198.7824
   4.312   0.6992   0.00883   0.00114  -0.0913   0.4873   0.2304  77.4847 198.8955
   4.397   0.7088   0.00885   0.00114  -0.0913   0.4854   0.2312  77.6732 198.9926
   4.482   0.7181   0.00886   0.00114  -0.0912   0.4835   0.2323  77.8552 199.1087
   4.568   0.7275   0.00888   0.00114  -0.0911   0.4816   0.2333  78.0362 199.2174
   4.653   0.7372   0.00887   0.00114  -0.0911   0.4794   0.2342  78.2460 199.3266
   4.739   0.7467   0.00888   0.00114  -0.0910   0.4770   0.2352  78.4727 199.4378
   4.824   0.7562   0.00890   0.00114  -0.0910   0.4748   0.2363  78.6871 199.5530
   4.910   0.7656   0.00893   0.00114  -0.0909   0.4727   0.2373  78.8866 199.6716
   4.995   0.7750   0.00895   0.00114  -0.0908   0.4706   0.2384  79.0890 199.7949
   5.080   0.7847   0.00896   0.00113  -0.0908   0.4681   0.2395  79.3261 199.9163
   5.166   0.7942   0.00898   0.00113  -0.0907   0.4655   0.2405  79.5813 200.0330
   5.251   0.8035   0.00900   0.00113  -0.0907   0.4628   0.2417  79.8393 200.1647
   5.337   0.8128   0.00902   0.00114  -0.0906   0.4602   0.2429  80.0876 200.2902
   5.422   0.8223   0.00903   0.00114  -0.0905   0.4572   0.2441  80.3764 200.4197
   5.508   0.8317   0.00906   0.00114  -0.0904   0.4539   0.2452  80.6976 200.5508
   5.593   0.8408   0.00910   0.00114  -0.0903   0.4506   0.2464  81.0119 200.6832
   5.678   0.8503   0.00912   0.00114  -0.0903   0.4472   0.2476  81.3421 200.8169
   5.764   0.8596   0.00916   0.00114  -0.0902   0.4433   0.2488  81.7177 200.9424
   5.849   0.8687   0.00920   0.00114  -0.0900   0.4393   0.2499  82.1048 201.0692
   5.935   0.8780   0.00922   0.00115  -0.0899   0.4342   0.2512  82.5952 201.2058
   6.020   0.8870   0.00927   0.00115  -0.0898   0.4288   0.2524  83.1105 201.3391
   6.106   0.8960   0.00932   0.00116  -0.0897   0.4227   0.2537  83.7032 201.4806
   6.191   0.9049   0.00938   0.00117  -0.0895   0.4163   0.2551  84.3221 201.6298
   6.276   0.9136   0.00947   0.00119  -0.0893   0.4089   0.2565  85.0467 201.7883
   6.447   0.9305   0.00967   0.00123  -0.0889   0.3877   0.2594  87.1156 202.1011
   6.533   0.9384   0.00982   0.00128  -0.0886   0.3715   0.2609  88.7131 202.2579
   6.618   0.9447   0.01010   0.00137  -0.0881   0.3454   0.2622  91.3206 202.4067
   6.704   0.9405   0.01134   0.00190  -0.0861   0.2361   0.2629 102.8507 202.4743
   6.789   0.9364   0.01254   0.00251  -0.0842   0.1296   0.2635 116.0970 202.5392
   6.960   0.9500   0.01300   0.00271  -0.0833   0.0997   0.2664 120.5818 202.8542
   7.131   0.9656   0.01326   0.00282  -0.0826   0.0862   0.2693 122.7947 203.1686
   7.216   0.9736   0.01337   0.00287  -0.0823   0.0813   0.2709 123.6377 203.3364
   7.301   0.9816   0.01348   0.00292  -0.0821   0.0771   0.2726 124.3798 203.5181
   7.387   0.9895   0.01359   0.00297  -0.0818   0.0733   0.2744 125.0604 203.7093
   7.472   0.9976   0.01370   0.00301  -0.0815   0.0700   0.2762 125.6845 203.9015
   7.558   1.0056   0.01380   0.00306  -0.0812   0.0670   0.2779 126.2338 204.0863
   7.643   1.0136   0.01390   0.00310  -0.0809   0.0642   0.2798 126.7761 204.2828
   7.729   1.0216   0.01399   0.00315  -0.0806   0.0618   0.2818 127.2512 204.4932
   7.814   1.0295   0.01410   0.00319  -0.0803   0.0594   0.2839 127.7245 204.7193
   7.899   1.0373   0.01420   0.00324  -0.0800   0.0574   0.2861 128.1368 204.9478
   7.985   1.0453   0.01430   0.00329  -0.0797   0.0555   0.2883 128.5402 205.1786
   8.070   1.0529   0.01441   0.00334  -0.0793   0.0537   0.2907 128.9144 205.4355
   8.156   1.0608   0.01450   0.00339  -0.0790   0.0521   0.2935 129.2500 205.7212
   8.327   1.0760   0.01472   0.00349  -0.0783   0.0490   0.2993 129.9143 206.3261
   8.412   1.0837   0.01482   0.00355  -0.0780   0.0478   0.3028 130.2016 206.6976
   8.498   1.0914   0.01492   0.00360  -0.0777   0.0464   0.3066 130.4984 207.0890
   8.583   1.0988   0.01503   0.00365  -0.0773   0.0452   0.3110 130.7762 207.5370
   8.754   1.1135   0.01524   0.00377  -0.0765   0.0430   0.3225 131.2868 208.7194
   8.839   1.1208   0.01534   0.00383  -0.0761   0.0419   0.3312 131.5446 209.5976
   8.925   1.1278   0.01545   0.00390  -0.0757   0.0409   0.3439 131.7857 210.8823
   9.010   1.1343   0.01556   0.00399  -0.0752   0.0399   0.3747 132.0244 213.9350
   9.095   1.1400   0.01512   0.00418  -0.0747   0.0392   0.7226 132.2081 248.0472
   9.181   1.1470   0.01517   0.00423  -0.0743   0.0383   0.7474 132.4316 250.7313
   9.266   1.1524   0.01506   0.00428  -0.0735   0.0375   0.8031 132.6308 257.1192
   9.437   1.1822   0.01520   0.00462  -0.0759   0.0352   1.0000 133.2034 301.0000
   9.523   1.1884   0.01533   0.00467  -0.0753   0.0345   1.0000 133.3877 301.0000
   9.608   1.1939   0.01546   0.00473  -0.0746   0.0339   1.0000 133.5622 301.0000
   9.694   1.1987   0.01561   0.00479  -0.0737   0.0333   1.0000 133.7222 301.0000
   9.779   1.2028   0.01578   0.00486  -0.0727   0.0327   1.0000 133.8788 301.0000
   9.864   1.2067   0.01596   0.00494  -0.0717   0.0321   1.0000 134.0319 301.0000
   9.950   1.2120   0.01610   0.00501  -0.0710   0.0316   1.0000 134.1655 301.0000
  10.035   1.2173   0.01625   0.00508  -0.0702   0.0311   1.0000 134.3122 301.0000
  10.121   1.2224   0.01641   0.00515  -0.0695   0.0306   1.0000 134.4595 301.0000
  10.206   1.2273   0.01658   0.00524  -0.0688   0.0301   1.0000 134.6026 301.0000
  10.291   1.2320   0.01678   0.00533  -0.0680   0.0296   1.0000 134.7400 301.0000
  10.377   1.2362   0.01702   0.00544  -0.0672   0.0291   1.0000 134.8781 301.0000
  10.462   1.2399   0.01728   0.00558  -0.0663   0.0286   1.0000 135.0166 301.0000
  10.548   1.2456   0.01745   0.00567  -0.0657   0.0282   1.0000 135.1244 301.0000
  10.633   1.2511   0.01764   0.00577  -0.0651   0.0278   1.0000 135.2478 301.0000
  10.719   1.2564   0.01784   0.00588  -0.0645   0.0274   1.0000 135.3746 301.0000
  10.804   1.2616   0.01805   0.00599  -0.0639   0.0269   1.0000 135.4973 301.0000
  10.889   1.2666   0.01827   0.00611  -0.0633   0.0265   1.0000 135.6139 301.0000
  10.975   1.2713   0.01852   0.00624  -0.0626   0.0262   1.0000 135.7243 301.0000
  11.060   1.2756   0.01879   0.00639  -0.0619   0.0258   1.0000 135.8312 301.0000
  11.146   1.2792   0.01911   0.00657  -0.0612   0.0254   1.0000 135.9392 301.0000
  11.231   1.2830   0.01942   0.00675  -0.0604   0.0251   1.0000 136.0327 301.0000
  11.317   1.2882   0.01966   0.00689  -0.0599   0.0249   1.0000 136.1139 301.0000
  11.402   1.2931   0.01992   0.00704  -0.0593   0.0246   1.0000 136.2020 301.0000
  11.487   1.2979   0.02018   0.00720  -0.0587   0.0243   1.0000 136.2926 301.0000
  11.573   1.3025   0.02046   0.00736  -0.0581   0.0240   1.0000 136.3824 301.0000
  11.658   1.3071   0.02075   0.00753  -0.0575   0.0237   1.0000 136.4700 301.0000
  11.744   1.3115   0.02104   0.00770  -0.0569   0.0235   1.0000 136.5544 301.0000
  11.829   1.3158   0.02135   0.00789  -0.0563   0.0232   1.0000 136.6365 301.0000
  11.915   1.3197   0.02169   0.00809  -0.0557   0.0230   1.0000 136.7160 301.0000
  12.000   1.3233   0.02205   0.00831  -0.0550   0.0227   1.0000 136.7948 301.0000
