  
       XFOIL         Version 6.99
  
 Calculated polar for: Repaneled_Airfoil                               
  
 1 1 Reynolds number fixed          Mach number fixed         
  
 xtrf =   1.000 (top)        1.000 (bottom)  
 Mach =   0.000     Re =     1.000 e 6     Ncrit =   9.000  9.000
  
   alpha    CL        CD       CDp       CM     Top_Xtr  Bot_Xtr  Top_Itr  Bot_Itr
  ------ -------- --------- --------- -------- -------- -------- -------- --------
  -5.000  -0.7358   0.01078   0.00270   0.0264   1.0000   0.0352   1.0000 169.1480
  -4.915  -0.7275   0.01069   0.00266   0.0266   1.0000   0.0359   1.0000 169.3358
  -4.829  -0.7191   0.01062   0.00262   0.0268   1.0000   0.0367   1.0000 169.5343
  -4.744  -0.7106   0.01055   0.00259   0.0269   1.0000   0.0375   1.0000 169.7344
  -4.658  -0.7017   0.01048   0.00255   0.0270   1.0000   0.0382   1.5413 169.9262
  -4.573  -0.6863   0.01039   0.00250   0.0256   0.9990   0.0394   4.0090 170.2179
  -4.487  -0.6712   0.01029   0.00245   0.0243   0.9980   0.0409   5.2502 170.5752
  -4.402  -0.6562   0.01021   0.00241   0.0230   0.9969   0.0425   6.2963 170.9533
  -4.317  -0.6416   0.01011   0.00236   0.0218   0.9958   0.0443   7.2290 171.3635
  -4.231  -0.6271   0.01003   0.00232   0.0206   0.9945   0.0462   8.0881 171.8099
  -4.146  -0.6126   0.00993   0.00227   0.0195   0.9931   0.0481   8.9744 172.2369
  -4.060  -0.5986   0.00984   0.00222   0.0184   0.9913   0.0502   9.9252 172.6990
  -3.975  -0.5849   0.00976   0.00218   0.0174   0.9894   0.0521  10.8942 173.1207
  -3.889  -0.5718   0.00966   0.00213   0.0166   0.9870   0.0542  11.9310 173.5519
  -3.804  -0.5595   0.00958   0.00208   0.0159   0.9839   0.0561  13.1646 173.9603
  -3.719  -0.5483   0.00948   0.00203   0.0155   0.9798   0.0580  14.6486 174.3456
  -3.633  -0.5379   0.00940   0.00199   0.0153   0.9742   0.0598  16.4344 174.7194
  -3.548  -0.5263   0.00932   0.00193   0.0148   0.9664   0.0616  18.6349 175.0761
  -3.462  -0.5072   0.00918   0.00185   0.0127   0.9496   0.0642  22.6625 175.5799
  -3.377  -0.4741   0.00907   0.00166   0.0075   0.8788   0.0679  34.9932 176.2940
  -3.292  -0.4674   0.00924   0.00161   0.0082   0.8181   0.0696  43.1268 176.6034
  -3.206  -0.4592   0.00928   0.00159   0.0085   0.8013   0.0713  45.1646 176.9350
  -3.121  -0.4507   0.00927   0.00157   0.0087   0.7908   0.0732  46.4087 177.2765
  -3.035  -0.4419   0.00925   0.00155   0.0088   0.7830   0.0753  47.3258 177.6587
  -2.864  -0.4239   0.00920   0.00151   0.0090   0.7706   0.0796  48.7450 178.4331
  -2.779  -0.4148   0.00917   0.00149   0.0091   0.7653   0.0820  49.3387 178.8586
  -2.693  -0.4057   0.00914   0.00146   0.0092   0.7605   0.0844  49.8876 179.2624
  -2.608  -0.3965   0.00910   0.00144   0.0092   0.7560   0.0870  50.3812 179.7089
  -2.523  -0.3873   0.00906   0.00142   0.0093   0.7519   0.0896  50.8454 180.1418
  -2.437  -0.3781   0.00902   0.00140   0.0093   0.7477   0.0924  51.3079 180.6135
  -2.352  -0.3688   0.00899   0.00138   0.0094   0.7432   0.0952  51.7934 181.0732
  -2.266  -0.3595   0.00894   0.00136   0.0094   0.7390   0.0983  52.2597 181.5710
  -2.181  -0.3502   0.00890   0.00134   0.0095   0.7345   0.1015  52.7482 182.0776
  -2.095  -0.3410   0.00886   0.00132   0.0095   0.7302   0.1049  53.2110 182.6118
  -2.010  -0.3317   0.00882   0.00129   0.0096   0.7256   0.1083  53.7051 183.1370
  -1.925  -0.3225   0.00877   0.00127   0.0096   0.7212   0.1120  54.1731 183.6994
  -1.839  -0.3131   0.00873   0.00125   0.0097   0.7163   0.1156  54.6947 184.2355
  -1.754  -0.3038   0.00868   0.00122   0.0097   0.7116   0.1196  55.1932 184.8303
  -1.668  -0.2946   0.00863   0.00120   0.0098   0.7064   0.1238  55.7369 185.4400
  -1.583  -0.2853   0.00859   0.00117   0.0098   0.7013   0.1285  56.2762 186.1141
  -1.498  -0.2761   0.00854   0.00114   0.0099   0.6956   0.1339  56.8640 186.8842
  -1.412  -0.2669   0.00847   0.00111   0.0100   0.6897   0.1401  57.4797 187.7459
  -1.327  -0.2578   0.00841   0.00108   0.0100   0.6836   0.1478  58.1050 188.7853
  -1.241  -0.2488   0.00833   0.00104   0.0101   0.6771   0.1581  58.7758 190.1596
  -1.156  -0.2400   0.00821   0.00099   0.0102   0.6706   0.1752  59.4365 192.3422
  -1.070  -0.2323   0.00795   0.00090   0.0105   0.6641   0.2185  60.0949 197.5553
  -0.985  -0.2274   0.00733   0.00075   0.0110   0.6577   0.3389  60.7464 210.4419
  -0.899  -0.2199   0.00707   0.00069   0.0113   0.6507   0.3915  61.4452 215.6545
  -0.814  -0.2119   0.00688   0.00065   0.0115   0.6434   0.4314  62.1790 219.5255
  -0.729  -0.2036   0.00674   0.00061   0.0117   0.6354   0.4645  62.9714 222.7027
  -0.643  -0.1952   0.00661   0.00058   0.0119   0.6270   0.4934  63.8040 225.4675
  -0.558  -0.1866   0.00651   0.00056   0.0120   0.6183   0.5192  64.6612 227.9291
  -0.472  -0.1780   0.00642   0.00054   0.0122   0.6094   0.5419  65.5427 230.1011
  -0.387  -0.1692   0.00634   0.00052   0.0123   0.6002   0.5629  66.4421 232.1135
  -0.301  -0.1604   0.00628   0.00050   0.0125   0.5909   0.5825  67.3502 234.0031
  -0.216  -0.1516   0.00621   0.00048   0.0126   0.5814   0.6013  68.2640 235.8262
  -0.131  -0.1428   0.00615   0.00046   0.0128   0.5720   0.6199  69.1789 237.6533
  -0.045  -0.1340   0.00609   0.00044   0.0129   0.5626   0.6383  70.0815 239.4687
   0.040  -0.1253   0.00602   0.00043   0.0131   0.5533   0.6573  70.9778 241.3710
   0.126  -0.1167   0.00594   0.00041   0.0133   0.5440   0.6795  71.8745 243.6195
   0.211  -0.1084   0.00583   0.00041   0.0135   0.5347   0.7071  72.7677 246.4739
   0.296  -0.1003   0.00575   0.00044   0.0139   0.5253   0.7404  73.6642 250.0228
   0.382  -0.0917   0.00573   0.00049   0.0142   0.5158   0.7674  74.5818 253.0143
   0.467  -0.0826   0.00575   0.00053   0.0143   0.5061   0.7834  75.5072 254.8478
   0.553  -0.0733   0.00579   0.00055   0.0144   0.4965   0.7937  76.4211 256.0456
   0.638  -0.0639   0.00583   0.00057   0.0145   0.4871   0.8015  77.3191 256.9663
   0.724  -0.0545   0.00587   0.00059   0.0146   0.4779   0.8076  78.2016 257.7098
   0.809  -0.0450   0.00592   0.00061   0.0147   0.4690   0.8128  79.0606 258.3439
   0.894  -0.0354   0.00596   0.00063   0.0147   0.4600   0.8182  79.9159 259.0042
   0.980  -0.0260   0.00601   0.00065   0.0148   0.4516   0.8228  80.7291 259.5712
   1.065  -0.0165   0.00605   0.00067   0.0149   0.4434   0.8274  81.5157 260.1533
   1.151  -0.0070   0.00610   0.00070   0.0149   0.4354   0.8316  82.2811 260.6770
   1.236   0.0025   0.00615   0.00072   0.0150   0.4275   0.8353  83.0457 261.1506
   1.322   0.0120   0.00620   0.00074   0.0151   0.4196   0.8384  83.8145 261.5575
   1.407   0.0216   0.00625   0.00075   0.0151   0.4119   0.8416  84.5566 261.9751
   1.492   0.0311   0.00629   0.00078   0.0152   0.4046   0.8439  85.2714 262.2698
   1.663   0.0503   0.00639   0.00081   0.0153   0.3901   0.8495  86.6834 263.0112
   1.749   0.0596   0.00644   0.00084   0.0154   0.3837   0.8516  87.3200 263.2934
   1.834   0.0691   0.00649   0.00086   0.0154   0.3773   0.8540  87.9478 263.6228
   1.920   0.0788   0.00653   0.00087   0.0154   0.3712   0.8566  88.5471 263.9661
   2.005   0.0883   0.00658   0.00090   0.0155   0.3656   0.8583  89.1010 264.2023
   2.091   0.0978   0.00662   0.00092   0.0156   0.3602   0.8602  89.6470 264.4655
   2.176   0.1074   0.00667   0.00094   0.0157   0.3552   0.8625  90.1445 264.7757
   2.261   0.1170   0.00671   0.00096   0.0157   0.3501   0.8646  90.6521 265.0724
   2.347   0.1263   0.00676   0.00098   0.0158   0.3456   0.8664  91.1075 265.3235
   2.432   0.1359   0.00680   0.00101   0.0159   0.3409   0.8685  91.5774 265.6176
   2.518   0.1454   0.00685   0.00102   0.0159   0.3366   0.8708  92.0069 265.9478
   2.603   0.1549   0.00688   0.00105   0.0161   0.3326   0.8725  92.4221 266.1904
   2.688   0.1643   0.00693   0.00108   0.0162   0.3286   0.8743  92.8268 266.4445
   2.774   0.1738   0.00697   0.00110   0.0162   0.3250   0.8763  93.1947 266.7362
   2.859   0.1834   0.00701   0.00111   0.0163   0.3213   0.8783  93.5743 267.0265
   2.945   0.1927   0.00706   0.00114   0.0164   0.3179   0.8797  93.9206 267.2283
   3.030   0.2022   0.00709   0.00116   0.0165   0.3147   0.8812  94.2432 267.4436
   3.116   0.2118   0.00713   0.00118   0.0166   0.3115   0.8826  94.5740 267.6544
   3.201   0.2215   0.00717   0.00119   0.0166   0.3085   0.8839  94.8865 267.8470
   3.286   0.2313   0.00720   0.00120   0.0166   0.3057   0.8851  95.1787 268.0201
   3.372   0.2408   0.00723   0.00122   0.0166   0.3028   0.8859  95.4832 268.1394
   3.457   0.2504   0.00727   0.00123   0.0167   0.2999   0.8867  95.7791 268.2670
   3.543   0.2599   0.00731   0.00125   0.0168   0.2973   0.8876  96.0501 268.4009
   3.628   0.2696   0.00733   0.00126   0.0168   0.2947   0.8885  96.3254 268.5393
   3.714   0.2793   0.00736   0.00127   0.0168   0.2921   0.8895  96.6027 268.6849
   3.799   0.2890   0.00741   0.00128   0.0168   0.2896   0.8905  96.8604 268.8400
   3.970   0.3084   0.00746   0.00131   0.0169   0.2852   0.8923  97.3323 269.1101
   4.055   0.3180   0.00749   0.00132   0.0169   0.2829   0.8930  97.5734 269.2285
   4.141   0.3275   0.00753   0.00134   0.0170   0.2807   0.8938  97.8050 269.3559
   4.226   0.3370   0.00757   0.00135   0.0171   0.2787   0.8947  98.0228 269.4901
   4.312   0.3468   0.00760   0.00137   0.0171   0.2765   0.8956  98.2493 269.6277
   4.397   0.3565   0.00763   0.00138   0.0171   0.2743   0.8965  98.4929 269.7730
   4.482   0.3662   0.00767   0.00139   0.0171   0.2720   0.8975  98.7329 269.9225
   4.568   0.3758   0.00771   0.00140   0.0171   0.2699   0.8983  98.9576 270.0508
   4.653   0.3854   0.00774   0.00142   0.0172   0.2679   0.8990  99.1742 270.1591
   4.739   0.3949   0.00776   0.00143   0.0173   0.2658   0.8997  99.4022 270.2782
   4.824   0.4044   0.00780   0.00145   0.0174   0.2638   0.9006  99.6268 270.4127
   4.910   0.4139   0.00784   0.00146   0.0174   0.2618   0.9015  99.8346 270.5646
   4.995   0.4235   0.00789   0.00148   0.0175   0.2600   0.9026 100.0364 270.7318
   5.080   0.4333   0.00791   0.00149   0.0175   0.2580   0.9037 100.2559 270.9088
   5.166   0.4429   0.00794   0.00150   0.0175   0.2557   0.9046 100.5022 271.0569
   5.251   0.4523   0.00797   0.00152   0.0176   0.2535   0.9053 100.7532 271.1749
   5.422   0.4712   0.00804   0.00155   0.0178   0.2490   0.9069 101.2477 271.4335
   5.508   0.4808   0.00807   0.00156   0.0179   0.2466   0.9078 101.5100 271.5777
   5.593   0.4904   0.00812   0.00157   0.0179   0.2443   0.9087 101.7605 271.7368
   5.678   0.4999   0.00817   0.00158   0.0180   0.2422   0.9098 101.9962 271.9080
   5.764   0.5096   0.00819   0.00159   0.0180   0.2401   0.9106 102.2322 272.0520
   5.849   0.5190   0.00822   0.00161   0.0181   0.2379   0.9113 102.4860 272.1684
   5.935   0.5283   0.00826   0.00162   0.0182   0.2356   0.9121 102.7432 272.2983
   6.020   0.5376   0.00832   0.00164   0.0183   0.2334   0.9130 102.9922 272.4427
   6.106   0.5472   0.00834   0.00165   0.0184   0.2311   0.9139 103.2483 272.5955
   6.191   0.5568   0.00837   0.00166   0.0184   0.2287   0.9148 103.5210 272.7620
   6.276   0.5664   0.00841   0.00167   0.0185   0.2264   0.9159 103.7860 272.9420
   6.362   0.5757   0.00846   0.00169   0.0186   0.2242   0.9168 104.0322 273.0906
   6.447   0.5850   0.00849   0.00170   0.0187   0.2221   0.9176 104.2740 273.2361
   6.533   0.5943   0.00852   0.00172   0.0189   0.2199   0.9186 104.5270 273.4044
   6.618   0.6035   0.00857   0.00174   0.0190   0.2178   0.9197 104.7777 273.5988
   6.704   0.6128   0.00863   0.00175   0.0191   0.2157   0.9209 105.0170 273.8146
   6.789   0.6225   0.00866   0.00177   0.0191   0.2136   0.9221 105.2644 274.0221
   6.874   0.6316   0.00869   0.00178   0.0193   0.2113   0.9229 105.5340 274.1687
   6.960   0.6407   0.00874   0.00180   0.0195   0.2090   0.9237 105.8075 274.3235
   7.045   0.6499   0.00879   0.00182   0.0196   0.2067   0.9246 106.0682 274.4794
   7.131   0.6594   0.00882   0.00183   0.0197   0.2043   0.9254 106.3525 274.6246
   7.216   0.6690   0.00886   0.00184   0.0197   0.2018   0.9261 106.6527 274.7571
   7.301   0.6785   0.00892   0.00186   0.0198   0.1994   0.9268 106.9385 274.8796
   7.387   0.6882   0.00896   0.00187   0.0198   0.1971   0.9274 107.2177 274.9917
   7.472   0.6977   0.00900   0.00188   0.0199   0.1946   0.9279 107.5210 275.0685
   7.558   0.7070   0.00905   0.00190   0.0200   0.1921   0.9283 107.8232 275.1479
   7.643   0.7163   0.00910   0.00192   0.0200   0.1897   0.9287 108.1136 275.2327
   7.729   0.7257   0.00914   0.00194   0.0201   0.1869   0.9292 108.4573 275.3225
   7.814   0.7351   0.00920   0.00195   0.0202   0.1838   0.9297 108.8341 275.4187
   7.899   0.7445   0.00925   0.00197   0.0203   0.1808   0.9303 109.2077 275.5202
   7.985   0.7539   0.00930   0.00199   0.0203   0.1772   0.9308 109.6624 275.6262
   8.070   0.7632   0.00937   0.00201   0.0204   0.1736   0.9314 110.1103 275.7393
   8.156   0.7727   0.00943   0.00203   0.0205   0.1698   0.9321 110.5901 275.8549
   8.241   0.7820   0.00952   0.00205   0.0205   0.1662   0.9327 111.0544 275.9766
   8.327   0.7912   0.00957   0.00208   0.0206   0.1622   0.9332 111.5732 276.0698
   8.412   0.8002   0.00965   0.00211   0.0208   0.1580   0.9337 112.1209 276.1650
   8.498   0.8093   0.00973   0.00214   0.0209   0.1529   0.9342 112.7880 276.2662
   8.583   0.8182   0.00982   0.00217   0.0210   0.1479   0.9348 113.4580 276.3786
   8.668   0.8271   0.00992   0.00221   0.0212   0.1429   0.9354 114.1339 276.4989
   8.754   0.8360   0.01003   0.00226   0.0213   0.1372   0.9361 114.9226 276.6313
   8.839   0.8449   0.01014   0.00231   0.0215   0.1307   0.9368 115.8361 276.7732
   8.925   0.8537   0.01027   0.00237   0.0216   0.1241   0.9376 116.7843 276.9282
   9.010   0.8622   0.01041   0.00244   0.0218   0.1174   0.9383 117.7670 277.0641
   9.095   0.8705   0.01056   0.00251   0.0220   0.1102   0.9389 118.8428 277.1890
   9.181   0.8787   0.01072   0.00260   0.0223   0.1037   0.9396 119.8531 277.3279
   9.266   0.8870   0.01087   0.00268   0.0225   0.0973   0.9404 120.8628 277.4762
   9.352   0.8953   0.01104   0.00277   0.0227   0.0910   0.9411 121.8942 277.6335
   9.437   0.9037   0.01120   0.00287   0.0229   0.0854   0.9420 122.8364 277.7991
   9.523   0.9122   0.01136   0.00296   0.0231   0.0801   0.9428 123.7584 277.9700
   9.608   0.9204   0.01151   0.00305   0.0233   0.0751   0.9435 124.6487 278.1097
   9.694   0.9285   0.01167   0.00314   0.0236   0.0708   0.9442 125.4487 278.2566
   9.779   0.9367   0.01183   0.00323   0.0238   0.0670   0.9449 126.1647 278.4181
   9.864   0.9450   0.01197   0.00332   0.0241   0.0632   0.9458 126.8954 278.5941
   9.950   0.9535   0.01211   0.00340   0.0243   0.0599   0.9467 127.5455 278.7807
  10.035   0.9619   0.01227   0.00350   0.0245   0.0570   0.9476 128.1388 278.9799
  10.121   0.9701   0.01240   0.00358   0.0247   0.0545   0.9484 128.6680 279.1425
  10.206   0.9782   0.01254   0.00366   0.0250   0.0523   0.9492 129.1359 279.3209
  10.291   0.9866   0.01266   0.00374   0.0252   0.0500   0.9501 129.6219 279.5171
  10.377   0.9948   0.01281   0.00383   0.0255   0.0480   0.9511 130.0647 279.7446
  10.462   1.0033   0.01293   0.00390   0.0257   0.0462   0.9522 130.4821 279.9835
  10.548   1.0111   0.01308   0.00399   0.0260   0.0444   0.9531 130.8772 280.1923
  10.633   1.0192   0.01320   0.00407   0.0263   0.0430   0.9541 131.2216 280.4214
  10.719   1.0274   0.01333   0.00415   0.0266   0.0415   0.9553 131.5649 280.6833
  10.804   1.0354   0.01348   0.00425   0.0268   0.0402   0.9565 131.8874 280.9727
  10.889   1.0434   0.01360   0.00433   0.0271   0.0391   0.9576 132.1603 281.2154
  10.975   1.0514   0.01371   0.00440   0.0274   0.0379   0.9587 132.4469 281.4860
  11.060   1.0594   0.01385   0.00448   0.0277   0.0368   0.9600 132.7299 281.7953
  11.146   1.0671   0.01401   0.00458   0.0281   0.0358   0.9613 132.9928 282.1123
  11.231   1.0751   0.01411   0.00465   0.0284   0.0349   0.9625 133.2091 282.4184
  11.317   1.0830   0.01424   0.00473   0.0287   0.0341   0.9639 133.4395 282.7774
  11.402   1.0908   0.01437   0.00481   0.0290   0.0332   0.9654 133.6624 283.1502
  11.487   1.0981   0.01453   0.00491   0.0294   0.0324   0.9669 133.8760 283.5511
  11.573   1.1058   0.01468   0.00501   0.0298   0.0317   0.9686 134.0692 284.0166
  11.658   1.1135   0.01479   0.00508   0.0301   0.0311   0.9702 134.2439 284.4500
  11.829   1.1288   0.01506   0.00525   0.0308   0.0298   0.9739 134.6092 285.5437
  11.915   1.1364   0.01522   0.00536   0.0312   0.0291   0.9760 134.7850 286.1879
  12.000   1.1438   0.01542   0.00549   0.0315   0.0285   0.9783 134.9701 286.9047
