  
       XFOIL         Version 6.99
  
 Calculated polar for: Repaneled_Airfoil                               
  
 1 1 Reynolds number fixed          Mach number fixed         
  
 xtrf =   1.000 (top)        1.000 (bottom)  
 Mach =   0.000     Re =     1.000 e 6     Ncrit =   9.000  9.000
  
   alpha    CL        CD       CDp       CM     Top_Xtr  Bot_Xtr  Top_Itr  Bot_Itr
  ------ -------- --------- --------- -------- -------- -------- -------- --------
  -5.000  -0.1062   0.00728   0.00096  -0.0926   0.8379   0.2079  40.4999 196.1318
  -4.915  -0.0965   0.00726   0.00095  -0.0926   0.8352   0.2100  40.8470 196.3796
  -4.829  -0.0868   0.00724   0.00094  -0.0926   0.8323   0.2121  41.2151 196.6268
  -4.744  -0.0771   0.00723   0.00093  -0.0927   0.8291   0.2142  41.6161 196.8718
  -4.658  -0.0674   0.00722   0.00092  -0.0926   0.8263   0.2161  41.9722 197.0905
  -4.573  -0.0577   0.00719   0.00091  -0.0927   0.8230   0.2181  42.3924 197.3178
  -4.487  -0.0480   0.00718   0.00090  -0.0927   0.8198   0.2203  42.7912 197.5703
  -4.402  -0.0383   0.00718   0.00090  -0.0927   0.8166   0.2225  43.1768 197.8261
  -4.317  -0.0285   0.00717   0.00089  -0.0927   0.8132   0.2244  43.6012 198.0487
  -4.231  -0.0189   0.00715   0.00088  -0.0927   0.8101   0.2262  43.9772 198.2505
  -4.146  -0.0092   0.00714   0.00087  -0.0927   0.8064   0.2279  44.4190 198.4509
  -4.060   0.0005   0.00713   0.00087  -0.0927   0.8030   0.2298  44.8309 198.6618
  -3.975   0.0103   0.00714   0.00086  -0.0927   0.7995   0.2317  45.2490 198.8751
  -3.889   0.0200   0.00713   0.00085  -0.0927   0.7958   0.2334  45.6948 199.0724
  -3.804   0.0296   0.00712   0.00084  -0.0927   0.7922   0.2351  46.1124 199.2676
  -3.719   0.0393   0.00711   0.00084  -0.0927   0.7882   0.2370  46.5875 199.4776
  -3.633   0.0490   0.00712   0.00083  -0.0927   0.7845   0.2389  47.0205 199.6943
  -3.548   0.0588   0.00712   0.00083  -0.0927   0.7801   0.2407  47.5262 199.8980
  -3.377   0.0780   0.00710   0.00081  -0.0927   0.7715   0.2440  48.5095 200.2582
  -3.206   0.0973   0.00711   0.00080  -0.0927   0.7624   0.2472  49.5362 200.6225
  -3.121   0.1068   0.00713   0.00079  -0.0926   0.7578   0.2489  50.0428 200.8036
  -3.035   0.1166   0.00714   0.00079  -0.0926   0.7527   0.2503  50.6087 200.9683
  -2.950   0.1260   0.00713   0.00078  -0.0926   0.7480   0.2518  51.1290 201.1315
  -2.864   0.1356   0.00713   0.00077  -0.0926   0.7431   0.2532  51.6633 201.2858
  -2.779   0.1451   0.00714   0.00077  -0.0925   0.7386   0.2546  52.1504 201.4356
  -2.693   0.1547   0.00715   0.00076  -0.0925   0.7339   0.2560  52.6637 201.5852
  -2.608   0.1643   0.00716   0.00076  -0.0925   0.7296   0.2573  53.1235 201.7317
  -2.523   0.1740   0.00717   0.00075  -0.0925   0.7251   0.2585  53.6021 201.8667
  -2.437   0.1835   0.00719   0.00074  -0.0925   0.7212   0.2596  54.0221 201.9789
  -2.352   0.1931   0.00718   0.00073  -0.0925   0.7172   0.2607  54.4495 202.0998
  -2.266   0.2026   0.00718   0.00072  -0.0924   0.7135   0.2618  54.8439 202.2218
  -2.181   0.2122   0.00718   0.00072  -0.0924   0.7099   0.2629  55.2171 202.3462
  -2.095   0.2219   0.00718   0.00072  -0.0924   0.7062   0.2641  55.6049 202.4756
  -2.010   0.2314   0.00720   0.00071  -0.0924   0.7029   0.2653  55.9537 202.6078
  -1.925   0.2411   0.00720   0.00071  -0.0924   0.6994   0.2666  56.3119 202.7409
  -1.839   0.2508   0.00721   0.00070  -0.0924   0.6960   0.2677  56.6680 202.8675
  -1.668   0.2700   0.00722   0.00069  -0.0924   0.6897   0.2699  57.3162 203.1049
  -1.583   0.2796   0.00722   0.00069  -0.0924   0.6864   0.2711  57.6541 203.2299
  -1.412   0.2988   0.00723   0.00069  -0.0924   0.6797   0.2735  58.3493 203.4858
  -1.327   0.3084   0.00724   0.00069  -0.0923   0.6759   0.2747  58.7346 203.6166
  -1.241   0.3179   0.00726   0.00068  -0.0923   0.6723   0.2759  59.0958 203.7463
  -1.156   0.3276   0.00727   0.00068  -0.0923   0.6684   0.2771  59.4953 203.8715
  -1.070   0.3371   0.00730   0.00067  -0.0923   0.6647   0.2781  59.8701 203.9845
  -0.985   0.3466   0.00729   0.00067  -0.0923   0.6611   0.2793  60.2318 204.1141
  -0.899   0.3562   0.00729   0.00067  -0.0923   0.6572   0.2806  60.6268 204.2436
  -0.729   0.3753   0.00731   0.00067  -0.0922   0.6496   0.2831  61.3893 204.5140
  -0.643   0.3848   0.00732   0.00066  -0.0922   0.6458   0.2845  61.7661 204.6565
  -0.558   0.3943   0.00734   0.00066  -0.0922   0.6424   0.2858  62.1008 204.8003
  -0.472   0.4040   0.00735   0.00066  -0.0922   0.6389   0.2871  62.4534 204.9395
  -0.387   0.4136   0.00736   0.00066  -0.0921   0.6356   0.2884  62.7835 205.0791
  -0.301   0.4231   0.00736   0.00066  -0.0921   0.6326   0.2898  63.0731 205.2236
  -0.216   0.4327   0.00736   0.00066  -0.0921   0.6294   0.2912  63.3895 205.3700
  -0.131   0.4423   0.00737   0.00065  -0.0921   0.6261   0.2926  63.7145 205.5186
  -0.045   0.4518   0.00739   0.00065  -0.0921   0.6230   0.2940  64.0238 205.6669
   0.040   0.4615   0.00740   0.00065  -0.0921   0.6194   0.2954  64.3801 205.8158
   0.126   0.4710   0.00741   0.00065  -0.0921   0.6158   0.2968  64.7346 205.9581
   0.211   0.4805   0.00743   0.00065  -0.0920   0.6125   0.2982  65.0511 206.1037
   0.296   0.4901   0.00742   0.00065  -0.0920   0.6091   0.2997  65.3845 206.2569
   0.382   0.4996   0.00743   0.00065  -0.0920   0.6058   0.3012  65.7104 206.4179
   0.467   0.5091   0.00745   0.00065  -0.0920   0.6028   0.3029  66.0054 206.5905
   0.553   0.5188   0.00746   0.00065  -0.0920   0.5994   0.3046  66.3372 206.7738
   0.638   0.5283   0.00748   0.00065  -0.0919   0.5959   0.3063  66.6777 206.9520
   0.724   0.5376   0.00750   0.00065  -0.0919   0.5925   0.3081  67.0037 207.1299
   0.809   0.5473   0.00749   0.00065  -0.0919   0.5886   0.3099  67.3832 207.3220
   0.894   0.5567   0.00751   0.00065  -0.0919   0.5846   0.3119  67.7702 207.5252
   0.980   0.5661   0.00753   0.00065  -0.0918   0.5810   0.3139  68.1168 207.7369
   1.065   0.5758   0.00754   0.00065  -0.0918   0.5773   0.3160  68.4712 207.9521
   1.151   0.5852   0.00755   0.00066  -0.0918   0.5739   0.3181  68.8031 208.1703
   1.236   0.5946   0.00757   0.00066  -0.0917   0.5705   0.3205  69.1345 208.4125
   1.322   0.6041   0.00758   0.00066  -0.0917   0.5663   0.3231  69.5337 208.6804
   1.407   0.6134   0.00761   0.00067  -0.0916   0.5622   0.3258  69.9309 208.9540
   1.492   0.6229   0.00762   0.00067  -0.0916   0.5579   0.3286  70.3397 209.2394
   1.578   0.6323   0.00764   0.00067  -0.0916   0.5534   0.3318  70.7780 209.5631
   1.663   0.6416   0.00766   0.00068  -0.0915   0.5488   0.3352  71.2118 209.9111
   1.749   0.6509   0.00768   0.00068  -0.0915   0.5436   0.3387  71.7107 210.2683
   1.834   0.6602   0.00770   0.00069  -0.0914   0.5387   0.3428  72.1867 210.6833
   1.920   0.6695   0.00772   0.00069  -0.0913   0.5331   0.3472  72.7155 211.1209
   2.005   0.6786   0.00775   0.00070  -0.0912   0.5277   0.3523  73.2340 211.6306
   2.091   0.6878   0.00777   0.00071  -0.0912   0.5215   0.3579  73.8229 212.1973
   2.176   0.6970   0.00780   0.00072  -0.0911   0.5152   0.3649  74.4235 212.8853
   2.261   0.7060   0.00783   0.00073  -0.0910   0.5085   0.3728  75.0622 213.6769
   2.347   0.7150   0.00785   0.00074  -0.0909   0.5012   0.3828  75.7647 214.6539
   2.432   0.7240   0.00787   0.00075  -0.0908   0.4936   0.3954  76.4928 215.8921
   2.518   0.7328   0.00789   0.00077  -0.0907   0.4855   0.4119  77.2613 217.4999
   2.603   0.7415   0.00791   0.00079  -0.0905   0.4768   0.4352  78.0907 219.7595
   2.688   0.7499   0.00790   0.00082  -0.0904   0.4668   0.4705  79.0425 223.1427
   2.774   0.7580   0.00785   0.00085  -0.0902   0.4546   0.5297  80.2108 228.8132
   2.859   0.7639   0.00753   0.00093  -0.0896   0.4415   0.7075  81.4751 246.4211
   2.945   0.7700   0.00746   0.00098  -0.0889   0.4253   0.7851  83.0336 254.9558
   3.030   0.7837   0.00733   0.00112  -0.0897   0.3946   0.9899  86.0135 291.3651
   3.116   0.7937   0.00770   0.00123  -0.0901   0.3498   1.0000  90.4317 301.0000
   3.201   0.7895   0.00882   0.00166  -0.0879   0.2179   1.0000 104.4900 301.0000
   3.286   0.7938   0.00926   0.00185  -0.0870   0.1775   1.0000 109.3486 301.0000
   3.372   0.8010   0.00945   0.00193  -0.0866   0.1627   1.0000 111.2242 301.0000
   3.457   0.8089   0.00959   0.00198  -0.0863   0.1532   1.0000 112.4776 301.0000
   3.543   0.8171   0.00971   0.00203  -0.0860   0.1461   1.0000 113.4211 301.0000
   3.628   0.8253   0.00982   0.00207  -0.0858   0.1403   1.0000 114.2125 301.0000
   3.799   0.8420   0.01001   0.00215  -0.0854   0.1304   1.0000 115.6000 301.0000
   3.884   0.8504   0.01011   0.00219  -0.0851   0.1262   1.0000 116.2034 301.0000
   3.970   0.8588   0.01021   0.00223  -0.0849   0.1221   1.0000 116.7964 301.0000
   4.055   0.8673   0.01029   0.00226  -0.0847   0.1185   1.0000 117.3275 301.0000
   4.141   0.8757   0.01039   0.00230  -0.0845   0.1149   1.0000 117.8564 301.0000
   4.226   0.8843   0.01047   0.00233  -0.0843   0.1117   1.0000 118.3323 301.0000
   4.312   0.8927   0.01056   0.00236  -0.0841   0.1085   1.0000 118.8199 301.0000
   4.397   0.9012   0.01064   0.00240  -0.0839   0.1057   1.0000 119.2562 301.0000
   4.482   0.9097   0.01073   0.00243  -0.0837   0.1029   1.0000 119.7051 301.0000
   4.568   0.9181   0.01082   0.00247  -0.0835   0.1003   1.0000 120.1090 301.0000
   4.653   0.9267   0.01090   0.00250  -0.0833   0.0977   1.0000 120.5313 301.0000
   4.739   0.9350   0.01100   0.00254  -0.0831   0.0951   1.0000 120.9462 301.0000
   4.824   0.9435   0.01107   0.00257  -0.0829   0.0926   1.0000 121.3495 301.0000
   4.910   0.9519   0.01117   0.00261  -0.0827   0.0900   1.0000 121.7856 301.0000
   4.995   0.9602   0.01126   0.00264  -0.0825   0.0876   1.0000 122.1914 301.0000
   5.080   0.9686   0.01135   0.00268  -0.0823   0.0850   1.0000 122.6222 301.0000
   5.166   0.9767   0.01146   0.00272  -0.0820   0.0827   1.0000 123.0293 301.0000
   5.251   0.9852   0.01154   0.00276  -0.0818   0.0803   1.0000 123.4438 301.0000
   5.337   0.9934   0.01164   0.00280  -0.0816   0.0779   1.0000 123.8619 301.0000
   5.422   1.0017   0.01173   0.00284  -0.0814   0.0758   1.0000 124.2413 301.0000
   5.508   1.0099   0.01182   0.00288  -0.0811   0.0736   1.0000 124.6451 301.0000
   5.593   1.0179   0.01194   0.00292  -0.0809   0.0715   1.0000 125.0255 301.0000
   5.678   1.0262   0.01202   0.00296  -0.0807   0.0696   1.0000 125.3949 301.0000
   5.764   1.0342   0.01213   0.00301  -0.0804   0.0676   1.0000 125.7644 301.0000
   5.849   1.0422   0.01224   0.00306  -0.0801   0.0659   1.0000 126.0958 301.0000
   5.935   1.0505   0.01233   0.00310  -0.0799   0.0641   1.0000 126.4421 301.0000
   6.020   1.0584   0.01244   0.00315  -0.0796   0.0623   1.0000 126.7869 301.0000
   6.106   1.0663   0.01255   0.00320  -0.0793   0.0608   1.0000 127.0962 301.0000
   6.191   1.0744   0.01265   0.00324  -0.0791   0.0592   1.0000 127.4165 301.0000
   6.276   1.0822   0.01276   0.00329  -0.0788   0.0576   1.0000 127.7369 301.0000
   6.362   1.0898   0.01289   0.00335  -0.0784   0.0561   1.0000 128.0343 301.0000
   6.447   1.0979   0.01298   0.00339  -0.0782   0.0548   1.0000 128.3182 301.0000
   6.533   1.1056   0.01310   0.00345  -0.0779   0.0534   1.0000 128.6114 301.0000
   6.618   1.1131   0.01323   0.00351  -0.0775   0.0521   1.0000 128.8907 301.0000
   6.704   1.1208   0.01334   0.00356  -0.0772   0.0509   1.0000 129.1461 301.0000
   6.789   1.1286   0.01345   0.00361  -0.0769   0.0497   1.0000 129.4219 301.0000
   6.874   1.1361   0.01357   0.00367  -0.0766   0.0484   1.0000 129.6977 301.0000
   6.960   1.1433   0.01371   0.00374  -0.0762   0.0472   1.0000 129.9606 301.0000
   7.045   1.1510   0.01382   0.00379  -0.0759   0.0462   1.0000 130.2052 301.0000
   7.131   1.1586   0.01393   0.00384  -0.0755   0.0450   1.0000 130.4705 301.0000
   7.216   1.1658   0.01406   0.00390  -0.0751   0.0439   1.0000 130.7305 301.0000
   7.301   1.1727   0.01422   0.00397  -0.0747   0.0428   1.0000 130.9834 301.0000
   7.387   1.1802   0.01432   0.00403  -0.0744   0.0419   1.0000 131.2066 301.0000
   7.472   1.1875   0.01445   0.00409  -0.0740   0.0409   1.0000 131.4469 301.0000
   7.558   1.1945   0.01458   0.00415  -0.0736   0.0399   1.0000 131.6765 301.0000
   7.643   1.2011   0.01474   0.00423  -0.0731   0.0390   1.0000 131.8946 301.0000
   7.729   1.2080   0.01488   0.00430  -0.0726   0.0382   1.0000 132.0910 301.0000
   7.814   1.2152   0.01500   0.00436  -0.0722   0.0374   1.0000 132.2914 301.0000
   7.899   1.2221   0.01512   0.00442  -0.0718   0.0366   1.0000 132.4999 301.0000
   7.985   1.2284   0.01526   0.00448  -0.0712   0.0358   1.0000 132.6951 301.0000
   8.070   1.2341   0.01542   0.00455  -0.0706   0.0351   1.0000 132.8800 301.0000
   8.156   1.2399   0.01558   0.00463  -0.0700   0.0344   1.0000 133.0541 301.0000
   8.241   1.2464   0.01569   0.00469  -0.0694   0.0338   1.0000 133.2208 301.0000
   8.327   1.2527   0.01583   0.00475  -0.0689   0.0332   1.0000 133.3966 301.0000
   8.412   1.2587   0.01598   0.00482  -0.0683   0.0325   1.0000 133.5657 301.0000
   8.498   1.2645   0.01614   0.00490  -0.0677   0.0319   1.0000 133.7251 301.0000
   8.583   1.2700   0.01632   0.00499  -0.0670   0.0314   1.0000 133.8830 301.0000
   8.668   1.2754   0.01651   0.00509  -0.0664   0.0308   1.0000 134.0340 301.0000
   8.754   1.2817   0.01665   0.00516  -0.0659   0.0303   1.0000 134.1624 301.0000
   8.839   1.2878   0.01681   0.00524  -0.0653   0.0299   1.0000 134.3007 301.0000
   8.925   1.2937   0.01697   0.00533  -0.0648   0.0294   1.0000 134.4414 301.0000
   9.010   1.2995   0.01715   0.00542  -0.0642   0.0289   1.0000 134.5780 301.0000
   9.095   1.3050   0.01734   0.00552  -0.0636   0.0284   1.0000 134.7088 301.0000
   9.181   1.3101   0.01755   0.00563  -0.0629   0.0280   1.0000 134.8389 301.0000
   9.266   1.3146   0.01781   0.00576  -0.0622   0.0275   1.0000 134.9788 301.0000
   9.352   1.3206   0.01798   0.00585  -0.0617   0.0271   1.0000 135.0801 301.0000
   9.437   1.3266   0.01814   0.00594  -0.0612   0.0268   1.0000 135.1904 301.0000
   9.523   1.3325   0.01832   0.00604  -0.0606   0.0264   1.0000 135.3088 301.0000
   9.608   1.3382   0.01851   0.00614  -0.0601   0.0260   1.0000 135.4280 301.0000
   9.694   1.3438   0.01871   0.00625  -0.0595   0.0256   1.0000 135.5452 301.0000
   9.779   1.3491   0.01892   0.00636  -0.0590   0.0252   1.0000 135.6580 301.0000
   9.864   1.3543   0.01915   0.00648  -0.0584   0.0249   1.0000 135.7658 301.0000
   9.950   1.3591   0.01940   0.00662  -0.0578   0.0245   1.0000 135.8730 301.0000
  10.035   1.3632   0.01970   0.00678  -0.0570   0.0241   1.0000 135.9864 301.0000
  10.121   1.3687   0.01991   0.00690  -0.0565   0.0239   1.0000 136.0665 301.0000
  10.206   1.3742   0.02012   0.00702  -0.0560   0.0236   1.0000 136.1519 301.0000
  10.291   1.3796   0.02034   0.00714  -0.0555   0.0233   1.0000 136.2421 301.0000
  10.377   1.3850   0.02057   0.00727  -0.0549   0.0230   1.0000 136.3332 301.0000
  10.462   1.3902   0.02080   0.00740  -0.0544   0.0228   1.0000 136.4227 301.0000
  10.548   1.3953   0.02105   0.00754  -0.0539   0.0225   1.0000 136.5115 301.0000
  10.633   1.4003   0.02130   0.00768  -0.0533   0.0222   1.0000 136.5976 301.0000
  10.719   1.4051   0.02157   0.00783  -0.0528   0.0220   1.0000 136.6811 301.0000
  10.804   1.4096   0.02186   0.00800  -0.0522   0.0217   1.0000 136.7639 301.0000
  10.889   1.4138   0.02218   0.00818  -0.0516   0.0214   1.0000 136.8485 301.0000
  10.975   1.4174   0.02254   0.00839  -0.0509   0.0212   1.0000 136.9389 301.0000
  11.060   1.4211   0.02289   0.00860  -0.0503   0.0209   1.0000 137.0173 301.0000
  11.146   1.4262   0.02315   0.00875  -0.0498   0.0208   1.0000 137.0723 301.0000
  11.231   1.4312   0.02343   0.00892  -0.0493   0.0206   1.0000 137.1341 301.0000
  11.317   1.4360   0.02371   0.00909  -0.0488   0.0204   1.0000 137.2004 301.0000
  11.402   1.4408   0.02400   0.00926  -0.0483   0.0202   1.0000 137.2694 301.0000
  11.487   1.4454   0.02431   0.00944  -0.0478   0.0200   1.0000 137.3392 301.0000
  11.573   1.4499   0.02462   0.00963  -0.0473   0.0198   1.0000 137.4088 301.0000
  11.658   1.4543   0.02493   0.00982  -0.0468   0.0196   1.0000 137.4771 301.0000
  11.744   1.4587   0.02526   0.01001  -0.0463   0.0194   1.0000 137.5442 301.0000
  11.829   1.4629   0.02560   0.01022  -0.0457   0.0192   1.0000 137.6108 301.0000
  11.915   1.4670   0.02596   0.01043  -0.0452   0.0190   1.0000 137.6765 301.0000
  12.000   1.4708   0.02634   0.01066  -0.0447   0.0188   1.0000 137.7419 301.0000
