  
       XFOIL         Version 6.99
  
 Calculated polar for: Repaneled_Airfoil                               
  
 1 1 Reynolds number fixed          Mach number fixed         
  
 xtrf =   1.000 (top)        1.000 (bottom)  
 Mach =   0.000     Re =     1.000 e 6     Ncrit =   9.000  9.000
  
   alpha    CL        CD       CDp       CM     Top_Xtr  Bot_Xtr  Top_Itr  Bot_Itr
  ------ -------- --------- --------- -------- -------- -------- -------- --------
  -5.000   0.3203   0.00858   0.00163  -0.1467   0.7161   0.1220  54.3461 184.9220
  -4.915   0.3303   0.00855   0.00163  -0.1468   0.7154   0.1236  54.4215 185.1583
  -4.829   0.3402   0.00852   0.00163  -0.1469   0.7146   0.1251  54.4956 185.3778
  -4.744   0.3502   0.00850   0.00162  -0.1469   0.7140   0.1266  54.5667 185.5933
  -4.658   0.3602   0.00848   0.00161  -0.1470   0.7133   0.1281  54.6334 185.8072
  -4.487   0.3801   0.00844   0.00159  -0.1472   0.7121   0.1308  54.7589 186.2035
  -4.402   0.3901   0.00843   0.00159  -0.1472   0.7116   0.1322  54.8198 186.3990
  -4.317   0.4001   0.00842   0.00158  -0.1473   0.7110   0.1337  54.8814 186.6050
  -4.231   0.4101   0.00842   0.00156  -0.1474   0.7104   0.1352  54.9456 186.8162
  -4.060   0.4299   0.00838   0.00155  -0.1475   0.7088   0.1378  55.1064 187.1819
  -3.975   0.4398   0.00836   0.00156  -0.1476   0.7079   0.1390  55.2024 187.3488
  -3.889   0.4498   0.00835   0.00156  -0.1477   0.7070   0.1402  55.3004 187.5208
  -3.804   0.4598   0.00834   0.00155  -0.1477   0.7060   0.1415  55.3958 187.7001
  -3.719   0.4697   0.00833   0.00154  -0.1478   0.7052   0.1428  55.4860 187.8770
  -3.633   0.4797   0.00831   0.00152  -0.1479   0.7044   0.1439  55.5698 188.0324
  -3.548   0.4896   0.00829   0.00152  -0.1480   0.7036   0.1450  55.6490 188.1861
  -3.462   0.4996   0.00828   0.00152  -0.1480   0.7028   0.1461  55.7281 188.3277
  -3.377   0.5096   0.00827   0.00152  -0.1481   0.7021   0.1471  55.8068 188.4732
  -3.292   0.5195   0.00827   0.00151  -0.1482   0.7013   0.1483  55.8853 188.6270
  -3.206   0.5295   0.00827   0.00149  -0.1482   0.7006   0.1494  55.9647 188.7804
  -3.121   0.5394   0.00826   0.00147  -0.1483   0.6997   0.1504  56.0579 188.9219
  -3.035   0.5493   0.00824   0.00146  -0.1484   0.6986   0.1514  56.1709 189.0473
  -2.950   0.5592   0.00821   0.00147  -0.1484   0.6974   0.1523  56.2907 189.1696
  -2.864   0.5691   0.00820   0.00147  -0.1485   0.6962   0.1532  56.4147 189.2916
  -2.779   0.5791   0.00819   0.00147  -0.1486   0.6950   0.1542  56.5398 189.4239
  -2.693   0.5890   0.00818   0.00146  -0.1486   0.6938   0.1553  56.6622 189.5661
  -2.608   0.5989   0.00817   0.00144  -0.1487   0.6927   0.1564  56.7795 189.7115
  -2.523   0.6088   0.00816   0.00141  -0.1487   0.6916   0.1574  56.8911 189.8488
  -2.437   0.6187   0.00816   0.00138  -0.1488   0.6905   0.1582  56.9983 189.9644
  -2.352   0.6286   0.00813   0.00137  -0.1489   0.6891   0.1591  57.1391 190.0735
  -2.266   0.6384   0.00810   0.00137  -0.1489   0.6877   0.1599  57.2842 190.1743
  -2.181   0.6483   0.00809   0.00137  -0.1490   0.6863   0.1606  57.4310 190.2722
  -2.095   0.6582   0.00808   0.00136  -0.1490   0.6849   0.1614  57.5746 190.3746
  -2.010   0.6681   0.00807   0.00135  -0.1491   0.6835   0.1622  57.7143 190.4820
  -1.925   0.6779   0.00806   0.00132  -0.1491   0.6822   0.1631  57.8503 190.5936
  -1.839   0.6877   0.00806   0.00130  -0.1492   0.6809   0.1640  57.9822 190.7110
  -1.754   0.6976   0.00805   0.00129  -0.1492   0.6792   0.1649  58.1557 190.8308
  -1.668   0.7075   0.00805   0.00127  -0.1493   0.6773   0.1657  58.3491 190.9440
  -1.583   0.7173   0.00803   0.00126  -0.1494   0.6753   0.1666  58.5506 191.0546
  -1.498   0.7270   0.00801   0.00125  -0.1494   0.6733   0.1674  58.7491 191.1607
  -1.412   0.7367   0.00800   0.00123  -0.1494   0.6715   0.1682  58.9376 191.2560
  -1.327   0.7466   0.00799   0.00123  -0.1495   0.6692   0.1689  59.1623 191.3496
  -1.241   0.7564   0.00799   0.00122  -0.1495   0.6666   0.1696  59.4240 191.4438
  -1.156   0.7661   0.00798   0.00120  -0.1496   0.6641   0.1704  59.6838 191.5396
  -1.070   0.7758   0.00798   0.00117  -0.1496   0.6616   0.1711  59.9257 191.6380
  -0.985   0.7855   0.00797   0.00116  -0.1496   0.6591   0.1719  60.1803 191.7385
  -0.899   0.7953   0.00797   0.00114  -0.1497   0.6562   0.1727  60.4689 191.8369
  -0.814   0.8049   0.00798   0.00111  -0.1497   0.6532   0.1734  60.7673 191.9282
  -0.729   0.8144   0.00799   0.00108  -0.1497   0.6503   0.1740  61.0597 192.0098
  -0.643   0.8240   0.00797   0.00108  -0.1497   0.6467   0.1748  61.4197 192.1096
  -0.558   0.8335   0.00797   0.00107  -0.1497   0.6428   0.1755  61.8068 192.1957
  -0.472   0.8430   0.00798   0.00106  -0.1497   0.6388   0.1762  62.1975 192.2821
  -0.387   0.8524   0.00799   0.00106  -0.1497   0.6339   0.1769  62.6880 192.3724
  -0.301   0.8617   0.00802   0.00104  -0.1496   0.6287   0.1777  63.2010 192.4662
  -0.216   0.8709   0.00805   0.00103  -0.1496   0.6225   0.1784  63.8006 192.5629
  -0.131   0.8800   0.00809   0.00102  -0.1495   0.6157   0.1792  64.4717 192.6589
  -0.045   0.8888   0.00815   0.00101  -0.1494   0.6070   0.1799  65.3145 192.7504
   0.040   0.8973   0.00823   0.00100  -0.1492   0.5959   0.1806  66.3924 192.8381
   0.126   0.9054   0.00834   0.00101  -0.1489   0.5825   0.1813  67.6917 192.9198
   0.211   0.9126   0.00851   0.00103  -0.1485   0.5639   0.1818  69.4774 192.9866
   0.296   0.9188   0.00873   0.00110  -0.1479   0.5395   0.1824  71.8213 193.0677
   0.382   0.9236   0.00905   0.00121  -0.1471   0.5079   0.1830  74.8274 193.1350
   0.467   0.9274   0.00944   0.00137  -0.1462   0.4728   0.1835  78.1759 193.1927
   0.553   0.9309   0.00985   0.00153  -0.1452   0.4378   0.1839  81.5265 193.2475
   0.638   0.9349   0.01021   0.00168  -0.1443   0.4087   0.1844  84.3372 193.3038
   0.724   0.9400   0.01050   0.00180  -0.1436   0.3868   0.1848  86.4698 193.3646
   0.894   0.9525   0.01090   0.00197  -0.1425   0.3596   0.1860  89.1546 193.5023
   0.980   0.9595   0.01105   0.00203  -0.1421   0.3510   0.1866  90.0120 193.5761
   1.065   0.9670   0.01117   0.00207  -0.1418   0.3443   0.1872  90.6903 193.6532
   1.151   0.9746   0.01128   0.00211  -0.1415   0.3390   0.1878  91.2237 193.7310
   1.236   0.9824   0.01138   0.00214  -0.1412   0.3342   0.1884  91.7007 193.8104
   1.322   0.9901   0.01148   0.00218  -0.1409   0.3304   0.1891  92.0861 193.8902
   1.407   0.9982   0.01157   0.00221  -0.1407   0.3270   0.1897  92.4391 193.9656
   1.492   1.0059   0.01165   0.00224  -0.1404   0.3236   0.1904  92.7781 194.0481
   1.578   1.0135   0.01173   0.00228  -0.1401   0.3207   0.1911  93.0790 194.1355
   1.663   1.0216   0.01179   0.00231  -0.1399   0.3179   0.1918  93.3624 194.2168
   1.749   1.0294   0.01187   0.00235  -0.1396   0.3153   0.1924  93.6343 194.2960
   1.834   1.0370   0.01196   0.00238  -0.1393   0.3128   0.1931  93.8874 194.3749
   1.920   1.0449   0.01204   0.00241  -0.1390   0.3106   0.1937  94.1111 194.4540
   2.005   1.0530   0.01210   0.00243  -0.1388   0.3084   0.1944  94.3409 194.5323
   2.091   1.0608   0.01217   0.00245  -0.1385   0.3061   0.1950  94.5811 194.6108
   2.176   1.0683   0.01226   0.00248  -0.1382   0.3038   0.1956  94.8160 194.6881
   2.261   1.0757   0.01236   0.00251  -0.1379   0.3018   0.1963  95.0262 194.7638
   2.347   1.0839   0.01241   0.00252  -0.1377   0.3001   0.1969  95.1965 194.8394
   2.432   1.0918   0.01248   0.00254  -0.1374   0.2984   0.1975  95.3730 194.9093
   2.518   1.0995   0.01256   0.00256  -0.1371   0.2968   0.1980  95.5483 194.9727
   2.603   1.1069   0.01263   0.00259  -0.1368   0.2952   0.1986  95.7120 195.0534
   2.688   1.1142   0.01270   0.00263  -0.1364   0.2937   0.1994  95.8655 195.1433
   2.774   1.1213   0.01279   0.00266  -0.1360   0.2923   0.2001  96.0123 195.2253
   2.859   1.1294   0.01283   0.00268  -0.1358   0.2912   0.2008  96.1351 195.3094
   2.945   1.1372   0.01289   0.00269  -0.1355   0.2898   0.2015  96.2784 195.3923
   3.030   1.1447   0.01296   0.00271  -0.1352   0.2883   0.2022  96.4366 195.4734
   3.116   1.1517   0.01304   0.00274  -0.1348   0.2867   0.2028  96.6000 195.5517
   3.201   1.1579   0.01313   0.00276  -0.1342   0.2853   0.2034  96.7563 195.6274
   3.286   1.1635   0.01323   0.00278  -0.1335   0.2839   0.2041  96.8976 195.7006
   3.372   1.1691   0.01332   0.00281  -0.1329   0.2827   0.2047  97.0232 195.7730
   3.457   1.1761   0.01337   0.00282  -0.1324   0.2817   0.2053  97.1356 195.8479
   3.543   1.1829   0.01344   0.00283  -0.1320   0.2805   0.2059  97.2648 195.9169
   3.628   1.1898   0.01352   0.00285  -0.1315   0.2791   0.2064  97.4071 195.9788
   3.714   1.1967   0.01361   0.00289  -0.1311   0.2777   0.2071  97.5569 196.0633
   3.799   1.2034   0.01371   0.00293  -0.1307   0.2763   0.2079  97.7066 196.1587
   3.884   1.2100   0.01383   0.00298  -0.1303   0.2750   0.2087  97.8506 196.2508
   3.970   1.2162   0.01397   0.00304  -0.1298   0.2736   0.2095  97.9925 196.3448
   4.055   1.2240   0.01404   0.00307  -0.1296   0.2724   0.2104  98.1271 196.4535
   4.141   1.2315   0.01412   0.00310  -0.1293   0.2708   0.2113  98.2983 196.5642
   4.226   1.2386   0.01423   0.00313  -0.1290   0.2689   0.2123  98.4953 196.6719
   4.312   1.2452   0.01436   0.00318  -0.1286   0.2670   0.2131  98.7040 196.7711
   4.397   1.2512   0.01453   0.00325  -0.1281   0.2651   0.2138  98.9131 196.8576
   4.482   1.2582   0.01465   0.00329  -0.1278   0.2633   0.2145  99.1054 196.9390
   4.653   1.2725   0.01486   0.00337  -0.1272   0.2590   0.2162  99.5758 197.1283
   4.739   1.2787   0.01502   0.00344  -0.1267   0.2566   0.2170  99.8360 197.2295
   4.824   1.2851   0.01517   0.00350  -0.1263   0.2542   0.2179 100.0926 197.3344
   4.910   1.2926   0.01527   0.00353  -0.1261   0.2511   0.2189 100.4349 197.4471
   4.995   1.2987   0.01544   0.00359  -0.1257   0.2474   0.2198 100.8473 197.5559
   5.080   1.3051   0.01561   0.00365  -0.1253   0.2435   0.2208 101.2703 197.6684
   5.166   1.3109   0.01580   0.00373  -0.1248   0.2386   0.2218 101.8161 197.7779
   5.251   1.3166   0.01601   0.00381  -0.1244   0.2331   0.2227 102.4360 197.8861
   5.337   1.3215   0.01627   0.00390  -0.1238   0.2253   0.2235 103.3294 197.9833
   5.422   1.3203   0.01689   0.00417  -0.1225   0.2006   0.2242 106.2034 198.0628
   5.508   1.3101   0.01809   0.00480  -0.1201   0.1570   0.2243 111.6595 198.0715
   5.593   1.3008   0.01928   0.00550  -0.1178   0.1214   0.2244 116.6192 198.0865
   5.678   1.2966   0.02016   0.00599  -0.1162   0.0979   0.2250 120.2271 198.1459
   5.764   1.2984   0.02066   0.00625  -0.1153   0.0862   0.2259 122.1796 198.2586
   5.849   1.3019   0.02105   0.00644  -0.1147   0.0784   0.2271 123.5399 198.3944
   5.935   1.3061   0.02139   0.00661  -0.1141   0.0724   0.2285 124.6222 198.5502
   6.020   1.3107   0.02170   0.00677  -0.1136   0.0678   0.2300 125.4927 198.7253
   6.106   1.3155   0.02201   0.00692  -0.1131   0.0640   0.2317 126.2231 198.9195
   6.191   1.3204   0.02230   0.00706  -0.1126   0.0606   0.2340 126.9017 199.1744
   6.276   1.3257   0.02257   0.00720  -0.1122   0.0577   0.2370 127.4874 199.5203
   6.362   1.3307   0.02286   0.00734  -0.1117   0.0551   0.2410 128.0237 199.9616
   6.447   1.3362   0.02310   0.00748  -0.1113   0.0528   0.2553 128.5112 201.5520
   6.533   1.3424   0.02323   0.00773  -0.1112   0.0506   0.4293 128.9832 219.2535
   6.618   1.3483   0.02345   0.00789  -0.1109   0.0488   0.4656 129.4003 222.7497
   6.704   1.3536   0.02371   0.00805  -0.1105   0.0469   0.4952 129.8088 225.5900
   6.789   1.3590   0.02396   0.00821  -0.1101   0.0454   0.5236 130.1646 228.3089
   6.874   1.3647   0.02420   0.00837  -0.1098   0.0438   0.5549 130.5207 231.3116
   6.960   1.3702   0.02443   0.00856  -0.1095   0.0424   0.6032 130.8525 235.9929
   7.045   1.3748   0.02399   0.00875  -0.1088   0.0413   1.0000 131.1242 301.0000
   7.131   1.3802   0.02427   0.00888  -0.1084   0.0401   1.0000 131.4058 301.0000
   7.216   1.3852   0.02456   0.00903  -0.1079   0.0390   1.0000 131.6788 301.0000
   7.301   1.3898   0.02489   0.00918  -0.1075   0.0380   1.0000 131.9378 301.0000
   7.387   1.3951   0.02516   0.00932  -0.1070   0.0371   1.0000 132.1713 301.0000
   7.472   1.4004   0.02544   0.00945  -0.1066   0.0361   1.0000 132.4197 301.0000
   7.558   1.4054   0.02574   0.00960  -0.1062   0.0352   1.0000 132.6557 301.0000
   7.643   1.4101   0.02607   0.00976  -0.1057   0.0343   1.0000 132.8718 301.0000
   7.729   1.4148   0.02639   0.00992  -0.1053   0.0336   1.0000 133.0715 301.0000
   7.814   1.4202   0.02667   0.01005  -0.1049   0.0329   1.0000 133.2648 301.0000
   7.899   1.4252   0.02697   0.01020  -0.1045   0.0321   1.0000 133.4634 301.0000
   7.985   1.4300   0.02729   0.01036  -0.1040   0.0314   1.0000 133.6523 301.0000
   8.070   1.4344   0.02763   0.01053  -0.1035   0.0308   1.0000 133.8327 301.0000
   8.156   1.4385   0.02800   0.01072  -0.1030   0.0301   1.0000 134.0149 301.0000
   8.241   1.4437   0.02829   0.01086  -0.1026   0.0296   1.0000 134.1620 301.0000
   8.327   1.4486   0.02860   0.01102  -0.1022   0.0291   1.0000 134.3213 301.0000
   8.412   1.4532   0.02892   0.01119  -0.1017   0.0285   1.0000 134.4814 301.0000
   8.498   1.4576   0.02927   0.01136  -0.1013   0.0280   1.0000 134.6339 301.0000
   8.583   1.4617   0.02963   0.01155  -0.1008   0.0275   1.0000 134.7800 301.0000
   8.668   1.4653   0.03004   0.01177  -0.1002   0.0269   1.0000 134.9301 301.0000
   8.754   1.4693   0.03041   0.01196  -0.0997   0.0265   1.0000 135.0574 301.0000
   8.839   1.4741   0.03073   0.01213  -0.0993   0.0261   1.0000 135.1768 301.0000
   8.925   1.4787   0.03107   0.01230  -0.0989   0.0257   1.0000 135.3045 301.0000
   9.010   1.4832   0.03141   0.01248  -0.0985   0.0253   1.0000 135.4317 301.0000
   9.095   1.4875   0.03178   0.01268  -0.0980   0.0249   1.0000 135.5545 301.0000
   9.181   1.4915   0.03217   0.01288  -0.0975   0.0245   1.0000 135.6710 301.0000
   9.266   1.4952   0.03257   0.01310  -0.0970   0.0241   1.0000 135.7828 301.0000
   9.352   1.4986   0.03302   0.01335  -0.0965   0.0238   1.0000 135.8954 301.0000
   9.437   1.5015   0.03350   0.01362  -0.0960   0.0234   1.0000 136.0092 301.0000
   9.523   1.5059   0.03386   0.01382  -0.0955   0.0232   1.0000 136.0908 301.0000
   9.608   1.5101   0.03425   0.01403  -0.0951   0.0229   1.0000 136.1814 301.0000
   9.694   1.5141   0.03464   0.01425  -0.0947   0.0226   1.0000 136.2758 301.0000
   9.779   1.5180   0.03504   0.01447  -0.0942   0.0223   1.0000 136.3702 301.0000
   9.864   1.5220   0.03545   0.01470  -0.0938   0.0220   1.0000 136.4629 301.0000
   9.950   1.5257   0.03587   0.01493  -0.0933   0.0217   1.0000 136.5523 301.0000
  10.035   1.5292   0.03632   0.01519  -0.0929   0.0215   1.0000 136.6395 301.0000
  10.121   1.5324   0.03679   0.01546  -0.0924   0.0212   1.0000 136.7245 301.0000
  10.206   1.5354   0.03729   0.01575  -0.0919   0.0210   1.0000 136.8100 301.0000
  10.291   1.5379   0.03783   0.01607  -0.0913   0.0207   1.0000 136.8995 301.0000
  10.377   1.5393   0.03848   0.01647  -0.0907   0.0204   1.0000 136.9926 301.0000
  10.462   1.5429   0.03893   0.01674  -0.0903   0.0202   1.0000 137.0508 301.0000
  10.548   1.5466   0.03938   0.01701  -0.0899   0.0201   1.0000 137.1147 301.0000
  10.633   1.5502   0.03985   0.01728  -0.0895   0.0199   1.0000 137.1849 301.0000
  10.719   1.5536   0.04032   0.01757  -0.0891   0.0196   1.0000 137.2584 301.0000
  10.804   1.5568   0.04083   0.01787  -0.0886   0.0194   1.0000 137.3327 301.0000
  10.889   1.5599   0.04134   0.01819  -0.0882   0.0192   1.0000 137.4067 301.0000
  10.975   1.5630   0.04186   0.01850  -0.0878   0.0190   1.0000 137.4795 301.0000
  11.060   1.5660   0.04238   0.01882  -0.0873   0.0188   1.0000 137.5505 301.0000
  11.146   1.5687   0.04293   0.01916  -0.0869   0.0186   1.0000 137.6195 301.0000
  11.231   1.5711   0.04352   0.01953  -0.0864   0.0184   1.0000 137.6867 301.0000
  11.317   1.5731   0.04413   0.01992  -0.0860   0.0182   1.0000 137.7532 301.0000
  11.402   1.5749   0.04479   0.02033  -0.0855   0.0180   1.0000 137.8210 301.0000
  11.487   1.5759   0.04552   0.02082  -0.0849   0.0178   1.0000 137.8916 301.0000
  11.573   1.5757   0.04638   0.02140  -0.0844   0.0176   1.0000 137.9660 301.0000
  11.658   1.5772   0.04708   0.02187  -0.0839   0.0175   1.0000 138.0241 301.0000
  11.744   1.5805   0.04760   0.02219  -0.0835   0.0173   1.0000 138.0746 301.0000
  11.829   1.5835   0.04816   0.02255  -0.0832   0.0172   1.0000 138.1324 301.0000
  11.915   1.5863   0.04875   0.02293  -0.0828   0.0170   1.0000 138.1955 301.0000
  12.000   1.5888   0.04936   0.02333  -0.0824   0.0168   1.0000 138.2619 301.0000
