  
       XFOIL         Version 6.99
  
 Calculated polar for: Repaneled_Airfoil                               
  
 1 1 Reynolds number fixed          Mach number fixed         
  
 xtrf =   1.000 (top)        1.000 (bottom)  
 Mach =   0.000     Re =     1.000 e 6     Ncrit =   9.000  9.000
  
   alpha    CL        CD       CDp       CM     Top_Xtr  Bot_Xtr  Top_Itr  Bot_Itr
  ------ -------- --------- --------- -------- -------- -------- -------- --------
  -5.000  -0.5901   0.01212   0.00296  -0.0244   0.7227   0.0219  54.0877 165.4395
  -4.915  -0.5810   0.01203   0.00290  -0.0243   0.7199   0.0225  54.3831 165.6270
  -4.829  -0.5720   0.01195   0.00285  -0.0243   0.7171   0.0231  54.6829 165.8085
  -4.744  -0.5629   0.01188   0.00280  -0.0242   0.7145   0.0236  54.9613 165.9731
  -4.658  -0.5538   0.01178   0.00275  -0.0241   0.7115   0.0242  55.2801 166.1503
  -4.573  -0.5448   0.01170   0.00269  -0.0240   0.7082   0.0248  55.6204 166.3455
  -4.487  -0.5358   0.01162   0.00264  -0.0239   0.7052   0.0254  55.9421 166.5429
  -4.402  -0.5266   0.01155   0.00259  -0.0238   0.7017   0.0261  56.3090 166.7313
  -4.317  -0.5174   0.01148   0.00255  -0.0237   0.6979   0.0266  56.7083 166.8959
  -4.231  -0.5083   0.01141   0.00250  -0.0236   0.6941   0.0271  57.1016 167.0395
  -4.146  -0.4993   0.01132   0.00244  -0.0235   0.6894   0.0277  57.5856 167.2140
  -4.060  -0.4903   0.01124   0.00238  -0.0234   0.6846   0.0283  58.0876 167.3911
  -3.975  -0.4812   0.01116   0.00233  -0.0233   0.6786   0.0290  58.7043 167.5721
  -3.889  -0.4721   0.01109   0.00228  -0.0232   0.6719   0.0296  59.3930 167.7506
  -3.804  -0.4631   0.01104   0.00223  -0.0231   0.6637   0.0302  60.2228 167.9163
  -3.719  -0.4541   0.01098   0.00217  -0.0230   0.6540   0.0308  61.2036 168.0820
  -3.633  -0.4453   0.01092   0.00212  -0.0228   0.6419   0.0315  62.4165 168.2756
  -3.548  -0.4367   0.01088   0.00206  -0.0227   0.6269   0.0322  63.9106 168.4772
  -3.462  -0.4280   0.01086   0.00201  -0.0225   0.6083   0.0330  65.7442 168.6826
  -3.377  -0.4195   0.01086   0.00197  -0.0223   0.5862   0.0337  67.9086 168.8786
  -3.292  -0.4111   0.01087   0.00192  -0.0221   0.5608   0.0344  70.3673 169.0614
  -3.206  -0.4027   0.01089   0.00188  -0.0219   0.5334   0.0353  73.0069 169.2712
  -3.121  -0.3941   0.01092   0.00185  -0.0217   0.5054   0.0361  75.6943 169.4939
  -3.035  -0.3855   0.01096   0.00182  -0.0215   0.4786   0.0370  78.2643 169.7178
  -2.950  -0.3767   0.01100   0.00179  -0.0214   0.4540   0.0378  80.6281 169.9219
  -2.864  -0.3679   0.01101   0.00176  -0.0213   0.4328   0.0386  82.6777 170.1203
  -2.779  -0.3591   0.01101   0.00173  -0.0211   0.4149   0.0396  84.4123 170.3461
  -2.693  -0.3501   0.01101   0.00171  -0.0211   0.3999   0.0405  85.8742 170.5841
  -2.608  -0.3410   0.01101   0.00168  -0.0210   0.3878   0.0415  87.0639 170.8207
  -2.523  -0.3319   0.01100   0.00166  -0.0209   0.3778   0.0425  88.0523 171.0470
  -2.437  -0.3228   0.01097   0.00164  -0.0208   0.3694   0.0438  88.8808 171.3582
  -2.352  -0.3135   0.01096   0.00163  -0.0208   0.3625   0.0454  89.5678 171.7297
  -2.266  -0.3042   0.01095   0.00161  -0.0207   0.3568   0.0470  90.1447 172.0987
  -2.181  -0.2950   0.01092   0.00161  -0.0207   0.3516   0.0489  90.6580 172.5010
  -2.095  -0.2856   0.01092   0.00160  -0.0207   0.3474   0.0507  91.0867 172.8984
  -2.010  -0.2763   0.01089   0.00159  -0.0206   0.3436   0.0523  91.4733 173.2556
  -1.925  -0.2669   0.01087   0.00159  -0.0206   0.3401   0.0540  91.8230 173.6048
  -1.839  -0.2574   0.01087   0.00158  -0.0206   0.3372   0.0555  92.1170 173.9192
  -1.754  -0.2481   0.01083   0.00157  -0.0205   0.3345   0.0569  92.3885 174.1999
  -1.668  -0.2387   0.01080   0.00156  -0.0205   0.3320   0.0581  92.6437 174.4463
  -1.583  -0.2293   0.01078   0.00154  -0.0204   0.3297   0.0592  92.8753 174.6713
  -1.498  -0.2199   0.01076   0.00152  -0.0204   0.3278   0.0603  93.0779 174.8960
  -1.412  -0.2104   0.01072   0.00150  -0.0204   0.3259   0.0614  93.2661 175.1174
  -1.327  -0.2010   0.01068   0.00149  -0.0203   0.3241   0.0626  93.4511 175.3508
  -1.241  -0.1916   0.01065   0.00147  -0.0203   0.3224   0.0639  93.6270 175.5965
  -1.156  -0.1821   0.01064   0.00146  -0.0203   0.3208   0.0651  93.7923 175.8452
  -1.070  -0.1727   0.01062   0.00144  -0.0202   0.3193   0.0664  93.9491 176.0796
  -0.985  -0.1632   0.01058   0.00143  -0.0202   0.3180   0.0677  94.0820 176.3265
  -0.899  -0.1537   0.01055   0.00142  -0.0202   0.3167   0.0690  94.2122 176.5787
  -0.814  -0.1441   0.01053   0.00141  -0.0201   0.3154   0.0704  94.3439 176.8339
  -0.729  -0.1346   0.01051   0.00139  -0.0201   0.3142   0.0717  94.4729 177.0730
  -0.643  -0.1251   0.01047   0.00138  -0.0201   0.3130   0.0730  94.5963 177.3209
  -0.558  -0.1156   0.01046   0.00138  -0.0201   0.3119   0.0745  94.7148 177.5817
  -0.472  -0.1061   0.01045   0.00137  -0.0201   0.3108   0.0760  94.8289 177.8504
  -0.387  -0.0966   0.01044   0.00136  -0.0200   0.3097   0.0773  94.9417 178.0997
  -0.301  -0.0871   0.01041   0.00136  -0.0200   0.3087   0.0788  95.0407 178.3518
  -0.216  -0.0774   0.01039   0.00135  -0.0200   0.3079   0.0802  95.1293 178.6095
  -0.131  -0.0678   0.01038   0.00134  -0.0200   0.3070   0.0817  95.2213 178.8590
  -0.045  -0.0582   0.01035   0.00133  -0.0200   0.3061   0.0830  95.3145 179.0951
   0.040  -0.0487   0.01032   0.00133  -0.0199   0.3052   0.0845  95.4074 179.3410
   0.126  -0.0391   0.01031   0.00133  -0.0199   0.3043   0.0860  95.4984 179.5991
   0.211  -0.0294   0.01030   0.00132  -0.0199   0.3035   0.0875  95.5870 179.8617
   0.296  -0.0198   0.01029   0.00131  -0.0199   0.3027   0.0890  95.6726 180.1091
   0.382  -0.0103   0.01027   0.00132  -0.0199   0.3019   0.0905  95.7563 180.3594
   0.467  -0.0007   0.01027   0.00132  -0.0199   0.3011   0.0921  95.8401 180.6207
   0.553   0.0089   0.01028   0.00131  -0.0199   0.3002   0.0937  95.9267 180.8781
   0.638   0.0184   0.01027   0.00131  -0.0198   0.2994   0.0951  96.0104 181.1143
   0.724   0.0280   0.01025   0.00131  -0.0198   0.2989   0.0966  96.0694 181.3496
   0.809   0.0377   0.01023   0.00131  -0.0198   0.2983   0.0982  96.1329 181.6006
   0.894   0.0474   0.01023   0.00131  -0.0198   0.2976   0.0998  96.1993 181.8592
   0.980   0.0571   0.01021   0.00130  -0.0198   0.2970   0.1014  96.2674 182.1055
   1.065   0.0667   0.01019   0.00131  -0.0198   0.2963   0.1030  96.3376 182.3568
   1.151   0.0764   0.01019   0.00131  -0.0198   0.2956   0.1047  96.4093 182.6227
   1.236   0.0861   0.01019   0.00131  -0.0198   0.2949   0.1064  96.4812 182.8890
   1.322   0.0957   0.01017   0.00131  -0.0198   0.2943   0.1080  96.5534 183.1341
   1.407   0.1053   0.01016   0.00132  -0.0198   0.2936   0.1096  96.6249 183.3788
   1.492   0.1150   0.01017   0.00132  -0.0198   0.2929   0.1113  96.6957 183.6363
   1.578   0.1246   0.01017   0.00132  -0.0198   0.2922   0.1130  96.7661 183.8893
   1.663   0.1342   0.01017   0.00132  -0.0198   0.2916   0.1145  96.8372 184.1207
   1.749   0.1437   0.01018   0.00132  -0.0197   0.2909   0.1160  96.9108 184.3463
   1.834   0.1532   0.01020   0.00133  -0.0197   0.2901   0.1176  96.9880 184.5819
   1.920   0.1629   0.01019   0.00133  -0.0197   0.2897   0.1193  97.0368 184.8264
   2.005   0.1727   0.01019   0.00133  -0.0197   0.2892   0.1209  97.0827 185.0594
   2.091   0.1824   0.01017   0.00134  -0.0197   0.2888   0.1225  97.1308 185.2975
   2.176   0.1921   0.01016   0.00134  -0.0197   0.2883   0.1242  97.1812 185.5454
   2.261   0.2018   0.01016   0.00135  -0.0197   0.2878   0.1260  97.2332 185.8054
   2.347   0.2115   0.01016   0.00135  -0.0197   0.2873   0.1278  97.2867 186.0556
   2.432   0.2212   0.01015   0.00136  -0.0197   0.2868   0.1296  97.3414 186.3161
   2.518   0.2309   0.01015   0.00136  -0.0197   0.2863   0.1316  97.3968 186.5883
   2.603   0.2406   0.01016   0.00137  -0.0197   0.2858   0.1335  97.4523 186.8603
   2.688   0.2502   0.01016   0.00137  -0.0197   0.2853   0.1352  97.5065 187.1032
   2.774   0.2599   0.01015   0.00138  -0.0197   0.2848   0.1369  97.5588 187.3382
   2.859   0.2696   0.01015   0.00138  -0.0197   0.2843   0.1387  97.6087 187.5841
   2.945   0.2792   0.01016   0.00138  -0.0197   0.2838   0.1405  97.6580 187.8356
   3.030   0.2889   0.01017   0.00139  -0.0197   0.2834   0.1423  97.7072 188.0729
   3.116   0.2985   0.01017   0.00140  -0.0197   0.2829   0.1441  97.7563 188.3168
   3.201   0.3081   0.01018   0.00140  -0.0197   0.2824   0.1461  97.8062 188.5826
   3.286   0.3177   0.01020   0.00141  -0.0197   0.2820   0.1481  97.8577 188.8628
   3.372   0.3272   0.01022   0.00142  -0.0197   0.2814   0.1502  97.9122 189.1358
   3.457   0.3367   0.01024   0.00144  -0.0196   0.2809   0.1523  97.9715 189.4199
   3.543   0.3463   0.01026   0.00145  -0.0196   0.2805   0.1546  98.0176 189.7260
   3.714   0.3658   0.01025   0.00146  -0.0197   0.2798   0.1593  98.0924 190.3338
   3.799   0.3755   0.01025   0.00147  -0.0197   0.2794   0.1618  98.1349 190.6652
   3.884   0.3853   0.01025   0.00148  -0.0197   0.2789   0.1643  98.1799 190.9894
   3.970   0.3950   0.01025   0.00149  -0.0197   0.2785   0.1669  98.2266 191.3183
   4.055   0.4047   0.01025   0.00149  -0.0197   0.2781   0.1698  98.2742 191.6831
   4.141   0.4144   0.01025   0.00150  -0.0197   0.2776   0.1726  98.3217 192.0436
   4.226   0.4240   0.01025   0.00151  -0.0197   0.2772   0.1758  98.3684 192.4359
   4.312   0.4337   0.01025   0.00152  -0.0197   0.2768   0.1793  98.4137 192.8789
   4.397   0.4434   0.01025   0.00152  -0.0197   0.2764   0.1833  98.4575 193.3760
   4.568   0.4627   0.01023   0.00153  -0.0197   0.2756   0.1959  98.5434 194.9081
   4.653   0.4723   0.01019   0.00153  -0.0198   0.2752   0.2117  98.5851 196.7794
   4.739   0.4810   0.00910   0.00144  -0.0205   0.2748   0.5828  98.6229 234.0903
   4.824   0.4897   0.00856   0.00156  -0.0206   0.2745   0.7901  98.6619 255.6730
   4.910   0.4994   0.00863   0.00162  -0.0206   0.2741   0.8027  98.7023 257.1489
   4.995   0.5091   0.00870   0.00167  -0.0205   0.2737   0.8102  98.7428 258.0515
   5.080   0.5185   0.00878   0.00173  -0.0204   0.2733   0.8154  98.7838 258.6921
   5.166   0.5280   0.00885   0.00179  -0.0204   0.2729   0.8196  98.8258 259.2073
   5.251   0.5374   0.00893   0.00185  -0.0203   0.2725   0.8236  98.8693 259.7008
   5.337   0.5469   0.00902   0.00190  -0.0202   0.2721   0.8269  98.9155 260.1149
   5.422   0.5560   0.00911   0.00196  -0.0200   0.2716   0.8295  98.9647 260.4399
   5.508   0.5655   0.00920   0.00202  -0.0200   0.2712   0.8321  99.0082 260.7754
   5.593   0.5752   0.00924   0.00205  -0.0199   0.2710   0.8344  99.0348 261.0712
   5.678   0.5845   0.00929   0.00211  -0.0198   0.2707   0.8364  99.0632 261.3248
   5.764   0.5940   0.00934   0.00216  -0.0197   0.2704   0.8387  99.0939 261.6219
   5.849   0.6037   0.00940   0.00220  -0.0197   0.2701   0.8412  99.1270 261.9450
   5.935   0.6130   0.00945   0.00225  -0.0195   0.2698   0.8431  99.1626 262.1924
   6.020   0.6222   0.00950   0.00231  -0.0194   0.2695   0.8451  99.2007 262.4506
   6.106   0.6317   0.00955   0.00235  -0.0193   0.2691   0.8471  99.2413 262.7180
   6.191   0.6415   0.00960   0.00237  -0.0193   0.2687   0.8490  99.2840 262.9649
   6.276   0.6507   0.00964   0.00242  -0.0192   0.2683   0.8503  99.3269 263.1375
   6.362   0.6599   0.00969   0.00246  -0.0190   0.2679   0.8517  99.3700 263.3211
   6.447   0.6692   0.00974   0.00250  -0.0189   0.2675   0.8532  99.4132 263.5262
   6.533   0.6787   0.00979   0.00253  -0.0188   0.2671   0.8548  99.4560 263.7404
   6.618   0.6884   0.00984   0.00256  -0.0188   0.2667   0.8563  99.4979 263.9435
   6.704   0.6978   0.00988   0.00259  -0.0187   0.2664   0.8574  99.5375 264.0896
   6.789   0.7070   0.00992   0.00263  -0.0186   0.2660   0.8583  99.5748 264.2148
   6.874   0.7163   0.00997   0.00266  -0.0185   0.2657   0.8592  99.6103 264.3371
   6.960   0.7256   0.01002   0.00269  -0.0184   0.2654   0.8602  99.6451 264.4766
   7.045   0.7350   0.01007   0.00272  -0.0183   0.2651   0.8613  99.6795 264.6250
   7.131   0.7445   0.01012   0.00275  -0.0183   0.2647   0.8624  99.7138 264.7871
   7.216   0.7542   0.01018   0.00277  -0.0183   0.2644   0.8636  99.7481 264.9508
   7.301   0.7635   0.01023   0.00280  -0.0182   0.2641   0.8645  99.7821 265.0727
   7.387   0.7726   0.01028   0.00284  -0.0181   0.2638   0.8652  99.8166 265.1734
   7.472   0.7819   0.01034   0.00287  -0.0180   0.2635   0.8658  99.8529 265.2563
   7.558   0.7911   0.01041   0.00290  -0.0179   0.2631   0.8664  99.8958 265.3296
   7.643   0.8004   0.01049   0.00293  -0.0178   0.2625   0.8668  99.9548 265.3959
   7.729   0.8097   0.01056   0.00296  -0.0178   0.2620   0.8673 100.0156 265.4695
   7.814   0.8194   0.01057   0.00297  -0.0178   0.2615   0.8679 100.0626 265.5518
   7.899   0.8291   0.01057   0.00297  -0.0178   0.2610   0.8685 100.1233 265.6360
   7.985   0.8388   0.01058   0.00297  -0.0178   0.2603   0.8692 100.1967 265.7276
   8.070   0.8486   0.01059   0.00297  -0.0178   0.2596   0.8699 100.2769 265.8281
   8.156   0.8584   0.01061   0.00297  -0.0178   0.2589   0.8706 100.3562 265.9242
   8.241   0.8682   0.01063   0.00297  -0.0179   0.2582   0.8712 100.4321 266.0031
   8.327   0.8776   0.01064   0.00298  -0.0178   0.2575   0.8716 100.5034 266.0617
   8.412   0.8871   0.01065   0.00298  -0.0178   0.2568   0.8720 100.5800 266.1200
   8.498   0.8965   0.01067   0.00297  -0.0177   0.2561   0.8724 100.6650 266.1808
   8.583   0.9060   0.01068   0.00295  -0.0177   0.2552   0.8728 100.7550 266.2447
   8.668   0.9153   0.01071   0.00294  -0.0176   0.2543   0.8733 100.8532 266.3164
   8.754   0.9244   0.01078   0.00295  -0.0175   0.2534   0.8739 100.9614 266.4002
   8.839   0.9338   0.01081   0.00296  -0.0175   0.2526   0.8746 101.0454 266.5003
   8.925   0.9434   0.01081   0.00296  -0.0174   0.2519   0.8754 101.1210 266.6133
   9.010   0.9531   0.01082   0.00296  -0.0174   0.2511   0.8762 101.2077 266.7322
   9.095   0.9628   0.01083   0.00295  -0.0174   0.2503   0.8770 101.3036 266.8478
   9.181   0.9727   0.01084   0.00293  -0.0175   0.2493   0.8777 101.4119 266.9407
   9.266   0.9825   0.01084   0.00291  -0.0176   0.2483   0.8781 101.5272 267.0023
   9.352   0.9921   0.01084   0.00289  -0.0176   0.2472   0.8784 101.6424 267.0386
   9.437   1.0017   0.01085   0.00286  -0.0176   0.2462   0.8785 101.7588 267.0638
   9.523   1.0112   0.01088   0.00285  -0.0175   0.2451   0.8786 101.8748 267.0794
   9.608   1.0204   0.01095   0.00285  -0.0175   0.2440   0.8787 101.9963 267.0846
   9.694   1.0303   0.01094   0.00284  -0.0176   0.2433   0.8787 102.0828 267.0883
   9.779   1.0401   0.01094   0.00283  -0.0176   0.2423   0.8787 102.1915 267.0921
   9.864   1.0499   0.01095   0.00282  -0.0177   0.2413   0.8787 102.3095 267.0960
   9.950   1.0597   0.01095   0.00280  -0.0177   0.2400   0.8788 102.4456 267.1003
  10.035   1.0695   0.01095   0.00277  -0.0178   0.2387   0.8788 102.6023 267.1047
  10.121   1.0792   0.01097   0.00274  -0.0178   0.2370   0.8788 102.7834 267.1096
  10.206   1.0885   0.01101   0.00271  -0.0178   0.2352   0.8789 102.9912 267.1152
  10.291   1.0986   0.01098   0.00268  -0.0179   0.2332   0.8789 103.2219 267.1196
  10.377   1.1086   0.01097   0.00264  -0.0180   0.2305   0.8789 103.5276 267.1247
  10.462   1.1183   0.01098   0.00260  -0.0180   0.2276   0.8790 103.8560 267.1304
  10.548   1.1279   0.01100   0.00257  -0.0180   0.2248   0.8790 104.1759 267.1362
  10.633   1.1376   0.01101   0.00254  -0.0181   0.2214   0.8791 104.5700 267.1423
  10.719   1.1469   0.01107   0.00251  -0.0181   0.2179   0.8791 104.9792 267.1490
  10.804   1.1565   0.01110   0.00250  -0.0181   0.2141   0.8792 105.4225 267.1557
  10.889   1.1656   0.01116   0.00250  -0.0181   0.2094   0.8792 105.9646 267.1633
  10.975   1.1749   0.01121   0.00250  -0.0181   0.2036   0.8793 106.6592 267.1706
  11.060   1.1836   0.01134   0.00250  -0.0180   0.1947   0.8793 107.7242 267.1792
  11.146   1.1916   0.01153   0.00256  -0.0178   0.1830   0.8794 109.1518 267.1889
  11.231   1.1977   0.01192   0.00275  -0.0174   0.1618   0.8795 111.8442 267.2010
  11.317   1.1994   0.01280   0.00328  -0.0164   0.1228   0.8796 117.1943 267.2198
  11.402   1.2011   0.01369   0.00387  -0.0154   0.0881   0.8797 122.5980 267.2390
  11.487   1.2068   0.01413   0.00416  -0.0149   0.0739   0.8798 125.0748 267.2531
  11.573   1.2135   0.01445   0.00436  -0.0145   0.0648   0.8799 126.7765 267.2660
  11.658   1.2205   0.01473   0.00454  -0.0142   0.0581   0.8800 128.1135 267.2791
  11.744   1.2279   0.01496   0.00468  -0.0139   0.0534   0.8801 129.0798 267.2934
  11.915   1.2434   0.01536   0.00492  -0.0135   0.0461   0.8803 130.6821 267.3257
  12.000   1.2511   0.01554   0.00503  -0.0133   0.0436   0.8804 131.2682 267.3431
