  
       XFOIL         Version 6.99
  
 Calculated polar for: Repaneled_Airfoil                               
  
 1 1 Reynolds number fixed          Mach number fixed         
  
 xtrf =   1.000 (top)        1.000 (bottom)  
 Mach =   0.000     Re =     1.000 e 6     Ncrit =   9.000  9.000
  
   alpha    CL        CD       CDp       CM     Top_Xtr  Bot_Xtr  Top_Itr  Bot_Itr
  ------ -------- --------- --------- -------- -------- -------- -------- --------
  -5.000  -0.1478   0.00946   0.00198  -0.1313   0.8765   0.0281  35.4260 167.2614
  -4.915  -0.1384   0.00939   0.00191  -0.1313   0.8733   0.0289  35.8909 167.4836
  -4.829  -0.1290   0.00931   0.00186  -0.1313   0.8696   0.0297  36.4161 167.7097
  -4.744  -0.1196   0.00925   0.00180  -0.1312   0.8659   0.0305  36.9507 167.9230
  -4.658  -0.1102   0.00918   0.00175  -0.1312   0.8613   0.0313  37.5882 168.1418
  -4.573  -0.1009   0.00911   0.00169  -0.1312   0.8564   0.0322  38.2600 168.3912
  -4.487  -0.0915   0.00904   0.00163  -0.1311   0.8506   0.0332  39.0443 168.6466
  -4.402  -0.0823   0.00899   0.00158  -0.1310   0.8436   0.0341  39.9890 168.8884
  -4.317  -0.0731   0.00894   0.00152  -0.1309   0.8344   0.0349  41.1860 169.1170
  -4.231  -0.0642   0.00889   0.00145  -0.1307   0.8210   0.0360  42.8867 169.3753
  -4.146  -0.0561   0.00890   0.00138  -0.1304   0.7955   0.0370  45.9835 169.6309
  -4.060  -0.0515   0.00913   0.00132  -0.1293   0.7292   0.0377  53.4548 169.8287
  -3.975  -0.0441   0.00924   0.00132  -0.1288   0.7064   0.0386  55.8784 170.0315
  -3.889  -0.0358   0.00926   0.00130  -0.1286   0.6942   0.0396  57.1519 170.2807
  -3.804  -0.0271   0.00928   0.00129  -0.1284   0.6856   0.0407  58.0416 170.5428
  -3.719  -0.0180   0.00928   0.00127  -0.1283   0.6786   0.0418  58.7616 170.8040
  -3.633  -0.0089   0.00927   0.00126  -0.1282   0.6728   0.0428  59.3549 171.0477
  -3.548   0.0002   0.00926   0.00124  -0.1282   0.6676   0.0440  59.8912 171.3267
  -3.462   0.0095   0.00924   0.00122  -0.1281   0.6628   0.0453  60.3697 171.6201
  -3.377   0.0188   0.00923   0.00120  -0.1281   0.6583   0.0465  60.8272 171.8996
  -3.292   0.0281   0.00920   0.00119  -0.1280   0.6543   0.0479  61.2334 172.2139
  -3.206   0.0375   0.00918   0.00117  -0.1280   0.6502   0.0498  61.6400 172.6423
  -3.035   0.0563   0.00914   0.00116  -0.1280   0.6431   0.0540  62.3542 173.5372
  -2.950   0.0658   0.00914   0.00115  -0.1280   0.6396   0.0562  62.6990 173.9931
  -2.779   0.0847   0.00910   0.00115  -0.1279   0.6336   0.0606  63.2999 174.8817
  -2.693   0.0942   0.00907   0.00114  -0.1279   0.6307   0.0624  63.5923 175.2480
  -2.608   0.1036   0.00905   0.00113  -0.1279   0.6280   0.0642  63.8589 175.5888
  -2.523   0.1132   0.00904   0.00111  -0.1279   0.6255   0.0656  64.1060 175.8741
  -2.437   0.1228   0.00900   0.00109  -0.1279   0.6228   0.0670  64.3681 176.1375
  -2.352   0.1323   0.00897   0.00107  -0.1279   0.6202   0.0685  64.6247 176.4152
  -2.266   0.1418   0.00895   0.00106  -0.1279   0.6178   0.0700  64.8632 176.7075
  -2.181   0.1513   0.00895   0.00104  -0.1279   0.6155   0.0715  65.0864 176.9831
  -2.095   0.1609   0.00890   0.00103  -0.1279   0.6131   0.0731  65.3258 177.2735
  -2.010   0.1705   0.00888   0.00102  -0.1279   0.6107   0.0748  65.5636 177.5733
  -1.925   0.1801   0.00887   0.00100  -0.1278   0.6084   0.0764  65.7885 177.8743
  -1.839   0.1895   0.00886   0.00099  -0.1278   0.6063   0.0780  65.9923 178.1534
  -1.754   0.1992   0.00882   0.00098  -0.1278   0.6041   0.0797  66.2084 178.4566
  -1.668   0.2088   0.00881   0.00097  -0.1278   0.6018   0.0816  66.4306 178.7821
  -1.583   0.2184   0.00879   0.00095  -0.1278   0.5996   0.0833  66.6484 179.0791
  -1.498   0.2279   0.00877   0.00095  -0.1278   0.5975   0.0851  66.8538 179.3787
  -1.412   0.2374   0.00876   0.00094  -0.1278   0.5955   0.0869  67.0490 179.6876
  -1.327   0.2471   0.00875   0.00092  -0.1278   0.5933   0.0886  67.2654 179.9776
  -1.241   0.2567   0.00872   0.00091  -0.1278   0.5910   0.0903  67.4855 180.2619
  -1.156   0.2663   0.00870   0.00091  -0.1278   0.5888   0.0921  67.6991 180.5639
  -1.070   0.2758   0.00871   0.00090  -0.1278   0.5868   0.0940  67.8988 180.8746
  -0.985   0.2854   0.00869   0.00089  -0.1278   0.5848   0.0958  68.0930 181.1665
  -0.899   0.2950   0.00867   0.00088  -0.1278   0.5826   0.0978  68.3047 181.4771
  -0.814   0.3047   0.00866   0.00088  -0.1278   0.5804   0.0998  68.5165 181.8027
  -0.729   0.3143   0.00865   0.00087  -0.1278   0.5783   0.1017  68.7190 182.1004
  -0.643   0.3237   0.00864   0.00086  -0.1277   0.5764   0.1036  68.9055 182.4012
  -0.558   0.3333   0.00863   0.00086  -0.1277   0.5746   0.1056  69.0851 182.7178
  -0.387   0.3527   0.00860   0.00084  -0.1277   0.5706   0.1096  69.4725 183.3193
  -0.301   0.3622   0.00859   0.00084  -0.1277   0.5687   0.1117  69.6566 183.6421
  -0.216   0.3718   0.00860   0.00083  -0.1277   0.5669   0.1138  69.8273 183.9570
  -0.131   0.3812   0.00859   0.00083  -0.1277   0.5653   0.1158  69.9832 184.2554
  -0.045   0.3909   0.00858   0.00083  -0.1277   0.5635   0.1180  70.1522 184.5805
   0.040   0.4007   0.00857   0.00082  -0.1277   0.5617   0.1202  70.3284 184.9058
   0.126   0.4103   0.00856   0.00082  -0.1277   0.5599   0.1223  70.5035 185.2069
   0.211   0.4198   0.00855   0.00082  -0.1277   0.5581   0.1245  70.6725 185.5259
   0.296   0.4294   0.00855   0.00081  -0.1277   0.5565   0.1268  70.8317 185.8544
   0.382   0.4388   0.00856   0.00081  -0.1276   0.5549   0.1289  70.9801 186.1545
   0.467   0.4485   0.00854   0.00080  -0.1277   0.5533   0.1311  71.1394 186.4689
   0.553   0.4582   0.00853   0.00080  -0.1277   0.5515   0.1334  71.3080 186.7961
   0.638   0.4679   0.00853   0.00079  -0.1277   0.5498   0.1356  71.4760 187.1022
   0.724   0.4774   0.00852   0.00079  -0.1277   0.5481   0.1379  71.6384 187.4235
   0.809   0.4870   0.00852   0.00079  -0.1276   0.5465   0.1404  71.7925 187.7657
   0.894   0.4964   0.00853   0.00078  -0.1276   0.5450   0.1428  71.9373 188.0954
   0.980   0.5060   0.00851   0.00078  -0.1276   0.5435   0.1455  72.0846 188.4577
   1.065   0.5157   0.00851   0.00078  -0.1276   0.5418   0.1485  72.2461 188.8526
   1.151   0.5254   0.00850   0.00078  -0.1276   0.5401   0.1513  72.4120 189.2291
   1.236   0.5349   0.00849   0.00078  -0.1276   0.5384   0.1544  72.5752 189.6380
   1.407   0.5539   0.00849   0.00077  -0.1275   0.5352   0.1605  72.8808 190.4326
   1.492   0.5633   0.00850   0.00077  -0.1275   0.5337   0.1638  73.0256 190.8619
   1.578   0.5731   0.00848   0.00077  -0.1275   0.5320   0.1672  73.1854 191.2954
   1.663   0.5827   0.00847   0.00077  -0.1275   0.5303   0.1711  73.3516 191.7991
   1.749   0.5923   0.00847   0.00077  -0.1275   0.5286   0.1753  73.5167 192.3169
   1.834   0.6018   0.00846   0.00077  -0.1275   0.5269   0.1801  73.6753 192.9213
   1.920   0.6112   0.00846   0.00077  -0.1275   0.5253   0.1853  73.8247 193.5603
   2.005   0.6206   0.00847   0.00078  -0.1274   0.5239   0.1911  73.9654 194.2705
   2.091   0.6302   0.00846   0.00078  -0.1274   0.5224   0.1980  74.1117 195.0980
   2.261   0.6495   0.00844   0.00080  -0.1275   0.5190   0.2140  74.4287 196.9828
   2.347   0.6590   0.00843   0.00081  -0.1274   0.5174   0.2224  74.5844 197.9459
   2.432   0.6685   0.00843   0.00081  -0.1274   0.5159   0.2306  74.7324 198.8841
   2.518   0.6779   0.00844   0.00082  -0.1274   0.5144   0.2385  74.8706 199.7686
   2.603   0.6872   0.00845   0.00083  -0.1273   0.5131   0.2461  75.0006 200.6153
   2.688   0.6969   0.00844   0.00084  -0.1274   0.5116   0.2537  75.1376 201.4455
   2.774   0.7066   0.00844   0.00085  -0.1274   0.5102   0.2612  75.2807 202.2600
   2.859   0.7162   0.00844   0.00085  -0.1274   0.5086   0.2688  75.4250 203.0803
   2.945   0.7257   0.00844   0.00086  -0.1273   0.5072   0.2766  75.5660 203.9159
   3.030   0.7351   0.00844   0.00087  -0.1273   0.5058   0.2841  75.7017 204.7179
   3.116   0.7445   0.00845   0.00087  -0.1273   0.5044   0.2922  75.8310 205.5597
   3.201   0.7538   0.00846   0.00088  -0.1272   0.5031   0.3009  75.9556 206.4718
   3.286   0.7634   0.00846   0.00089  -0.1272   0.5018   0.3106  76.0831 207.4797
   3.372   0.7730   0.00844   0.00090  -0.1272   0.5004   0.3220  76.2198 208.6488
   3.457   0.7826   0.00842   0.00091  -0.1272   0.4989   0.3360  76.3596 210.0669
   3.628   0.8014   0.00834   0.00093  -0.1273   0.4960   0.3899  76.6332 215.4190
   3.714   0.8089   0.00775   0.00105  -0.1272   0.4948   0.6963  76.7541 245.2610
   3.799   0.8179   0.00775   0.00108  -0.1271   0.4935   0.7244  76.8773 248.2206
   3.884   0.8270   0.00777   0.00109  -0.1269   0.4922   0.7399  76.9995 249.8919
   3.970   0.8364   0.00776   0.00111  -0.1269   0.4909   0.7522  77.1293 251.2398
   4.055   0.8458   0.00776   0.00112  -0.1268   0.4894   0.7628  77.2682 252.4150
   4.141   0.8551   0.00775   0.00113  -0.1268   0.4879   0.7727  77.4097 253.5402
   4.226   0.8644   0.00775   0.00114  -0.1267   0.4865   0.7822  77.5499 254.6272
   4.312   0.8735   0.00776   0.00114  -0.1265   0.4851   0.7918  77.6856 255.7412
   4.397   0.8825   0.00776   0.00115  -0.1264   0.4837   0.8018  77.8158 256.9334
   4.482   0.8913   0.00776   0.00116  -0.1262   0.4824   0.8128  77.9420 258.2612
   4.568   0.9001   0.00774   0.00117  -0.1260   0.4811   0.8276  78.0685 260.0975
   4.653   0.9084   0.00767   0.00118  -0.1257   0.4797   0.8523  78.2005 263.3260
   4.739   0.9218   0.00747   0.00119  -0.1264   0.4781   1.0000  78.3484 301.0000
   4.824   0.9312   0.00750   0.00120  -0.1263   0.4767   1.0000  78.4851 301.0000
   4.910   0.9406   0.00753   0.00120  -0.1263   0.4753   1.0000  78.6182 301.0000
   4.995   0.9499   0.00757   0.00121  -0.1262   0.4740   1.0000  78.7466 301.0000
   5.080   0.9591   0.00762   0.00121  -0.1261   0.4727   1.0000  78.8702 301.0000
   5.166   0.9682   0.00768   0.00122  -0.1260   0.4714   1.0000  78.9936 301.0000
   5.251   0.9778   0.00770   0.00123  -0.1260   0.4701   1.0000  79.1220 301.0000
   5.337   0.9873   0.00772   0.00124  -0.1260   0.4686   1.0000  79.2614 301.0000
   5.422   0.9967   0.00775   0.00124  -0.1260   0.4671   1.0000  79.4075 301.0000
   5.508   1.0061   0.00779   0.00125  -0.1259   0.4655   1.0000  79.5593 301.0000
   5.593   1.0153   0.00783   0.00125  -0.1258   0.4639   1.0000  79.7111 301.0000
   5.678   1.0244   0.00787   0.00126  -0.1257   0.4623   1.0000  79.8632 301.0000
   5.764   1.0335   0.00793   0.00126  -0.1256   0.4607   1.0000  80.0184 301.0000
   5.849   1.0430   0.00795   0.00127  -0.1256   0.4590   1.0000  80.1872 301.0000
   5.935   1.0524   0.00798   0.00127  -0.1256   0.4571   1.0000  80.3647 301.0000
   6.020   1.0617   0.00801   0.00128  -0.1255   0.4553   1.0000  80.5380 301.0000
   6.106   1.0709   0.00805   0.00128  -0.1254   0.4536   1.0000  80.7005 301.0000
   6.191   1.0800   0.00810   0.00129  -0.1253   0.4521   1.0000  80.8492 301.0000
   6.276   1.0889   0.00816   0.00130  -0.1252   0.4506   1.0000  80.9924 301.0000
   6.362   1.0983   0.00819   0.00130  -0.1252   0.4490   1.0000  81.1454 301.0000
   6.447   1.1077   0.00822   0.00131  -0.1251   0.4471   1.0000  81.3261 301.0000
   6.533   1.1170   0.00825   0.00131  -0.1251   0.4450   1.0000  81.5274 301.0000
   6.618   1.1260   0.00830   0.00131  -0.1249   0.4429   1.0000  81.7315 301.0000
   6.704   1.1348   0.00836   0.00132  -0.1248   0.4409   1.0000  81.9279 301.0000
   6.789   1.1440   0.00840   0.00132  -0.1247   0.4388   1.0000  82.1296 301.0000
   6.874   1.1534   0.00843   0.00133  -0.1247   0.4365   1.0000  82.3482 301.0000
   6.960   1.1625   0.00847   0.00133  -0.1246   0.4342   1.0000  82.5729 301.0000
   7.045   1.1714   0.00852   0.00133  -0.1245   0.4319   1.0000  82.7953 301.0000
   7.131   1.1801   0.00858   0.00134  -0.1243   0.4297   1.0000  83.0060 301.0000
   7.216   1.1895   0.00861   0.00134  -0.1243   0.4273   1.0000  83.2397 301.0000
   7.301   1.1987   0.00865   0.00134  -0.1242   0.4247   1.0000  83.4936 301.0000
   7.387   1.2075   0.00870   0.00135  -0.1240   0.4220   1.0000  83.7535 301.0000
   7.472   1.2161   0.00877   0.00135  -0.1238   0.4194   1.0000  84.0025 301.0000
   7.558   1.2254   0.00880   0.00135  -0.1238   0.4166   1.0000  84.2817 301.0000
   7.643   1.2343   0.00885   0.00136  -0.1237   0.4136   1.0000  84.5709 301.0000
   7.729   1.2430   0.00891   0.00136  -0.1235   0.4109   1.0000  84.8333 301.0000
   7.814   1.2518   0.00897   0.00137  -0.1234   0.4083   1.0000  85.0850 301.0000
   7.899   1.2609   0.00901   0.00137  -0.1233   0.4051   1.0000  85.3928 301.0000
   7.985   1.2697   0.00907   0.00138  -0.1231   0.4018   1.0000  85.7188 301.0000
   8.070   1.2781   0.00914   0.00139  -0.1229   0.3987   1.0000  86.0244 301.0000
   8.156   1.2872   0.00919   0.00139  -0.1228   0.3952   1.0000  86.3633 301.0000
   8.241   1.2958   0.00925   0.00140  -0.1227   0.3915   1.0000  86.7304 301.0000
   8.327   1.3042   0.00933   0.00141  -0.1224   0.3879   1.0000  87.0825 301.0000
   8.412   1.3130   0.00939   0.00142  -0.1223   0.3835   1.0000  87.5134 301.0000
   8.498   1.3210   0.00949   0.00143  -0.1220   0.3788   1.0000  87.9731 301.0000
   8.583   1.3297   0.00955   0.00144  -0.1219   0.3733   1.0000  88.5186 301.0000
   8.668   1.3377   0.00966   0.00145  -0.1216   0.3672   1.0000  89.1191 301.0000
   8.754   1.3457   0.00976   0.00147  -0.1213   0.3601   1.0000  89.8265 301.0000
   8.839   1.3536   0.00988   0.00149  -0.1211   0.3526   1.0000  90.5835 301.0000
   8.925   1.3612   0.01001   0.00152  -0.1207   0.3437   1.0000  91.4675 301.0000
   9.010   1.3684   0.01017   0.00155  -0.1203   0.3329   1.0000  92.5655 301.0000
   9.095   1.3752   0.01036   0.00160  -0.1199   0.3211   1.0000  93.7682 301.0000
   9.181   1.3816   0.01057   0.00166  -0.1193   0.3067   1.0000  95.2488 301.0000
   9.266   1.3873   0.01084   0.00175  -0.1187   0.2911   1.0000  96.8792 301.0000
   9.352   1.3921   0.01116   0.00187  -0.1179   0.2716   1.0000  98.9536 301.0000
   9.437   1.3963   0.01152   0.00201  -0.1171   0.2501   1.0000 101.2937 301.0000
   9.523   1.4001   0.01191   0.00217  -0.1161   0.2307   1.0000 103.4578 301.0000
   9.608   1.4037   0.01229   0.00234  -0.1152   0.2129   1.0000 105.5022 301.0000
   9.694   1.4076   0.01265   0.00250  -0.1142   0.1965   1.0000 107.4510 301.0000
   9.779   1.4116   0.01298   0.00265  -0.1133   0.1822   1.0000 109.1876 301.0000
   9.864   1.4152   0.01333   0.00281  -0.1123   0.1673   1.0000 111.0559 301.0000
   9.950   1.4183   0.01368   0.00296  -0.1113   0.1518   1.0000 113.0864 301.0000
  10.035   1.4203   0.01404   0.00312  -0.1100   0.1363   1.0000 115.1877 301.0000
  10.121   1.4218   0.01444   0.00330  -0.1086   0.1202   1.0000 117.4820 301.0000
  10.206   1.4226   0.01487   0.00350  -0.1072   0.1040   1.0000 119.9396 301.0000
  10.291   1.4244   0.01525   0.00369  -0.1059   0.0910   1.0000 122.0259 301.0000
  10.377   1.4271   0.01558   0.00385  -0.1048   0.0813   1.0000 123.6677 301.0000
  10.462   1.4302   0.01590   0.00400  -0.1037   0.0733   1.0000 125.0941 301.0000
  10.548   1.4339   0.01617   0.00413  -0.1028   0.0674   1.0000 126.2066 301.0000
  10.633   1.4381   0.01643   0.00425  -0.1019   0.0620   1.0000 127.2387 301.0000
  10.719   1.4423   0.01668   0.00437  -0.1011   0.0576   1.0000 128.1212 301.0000
  10.804   1.4468   0.01692   0.00449  -0.1003   0.0541   1.0000 128.8613 301.0000
  10.889   1.4516   0.01714   0.00459  -0.0996   0.0509   1.0000 129.5370 301.0000
  10.975   1.4563   0.01737   0.00470  -0.0988   0.0480   1.0000 130.1737 301.0000
  11.060   1.4611   0.01760   0.00480  -0.0981   0.0454   1.0000 130.7594 301.0000
  11.146   1.4659   0.01782   0.00491  -0.0974   0.0434   1.0000 131.2375 301.0000
  11.231   1.4709   0.01804   0.00501  -0.0967   0.0415   1.0000 131.6862 301.0000
  11.317   1.4757   0.01827   0.00512  -0.0960   0.0399   1.0000 132.0701 301.0000
  11.402   1.4810   0.01846   0.00521  -0.0954   0.0383   1.0000 132.4671 301.0000
  11.487   1.4858   0.01869   0.00532  -0.0947   0.0367   1.0000 132.8641 301.0000
  11.573   1.4908   0.01891   0.00543  -0.0940   0.0354   1.0000 133.1957 301.0000
  11.658   1.4957   0.01913   0.00553  -0.0934   0.0341   1.0000 133.5258 301.0000
  11.744   1.5004   0.01937   0.00565  -0.0927   0.0329   1.0000 133.8358 301.0000
  11.829   1.5052   0.01961   0.00576  -0.0920   0.0319   1.0000 134.0994 301.0000
  11.915   1.5102   0.01983   0.00587  -0.0914   0.0310   1.0000 134.3561 301.0000
  12.000   1.5150   0.02007   0.00599  -0.0908   0.0301   1.0000 134.6144 301.0000
