  
       XFOIL         Version 6.99
  
 Calculated polar for: Repaneled_Airfoil                               
  
 1 1 Reynolds number fixed          Mach number fixed         
  
 xtrf =   1.000 (top)        1.000 (bottom)  
 Mach =   0.000     Re =     1.000 e 6     Ncrit =   9.000  9.000
  
   alpha    CL        CD       CDp       CM     Top_Xtr  Bot_Xtr  Top_Itr  Bot_Itr
  ------ -------- --------- --------- -------- -------- -------- -------- --------
  -5.000  -0.0584   0.00873   0.00118  -0.1381   0.6512   0.1276  61.3803 185.9091
  -4.915  -0.0493   0.00871   0.00117  -0.1381   0.6468   0.1325  61.8183 186.6069
  -4.829  -0.0399   0.00868   0.00117  -0.1381   0.6431   0.1371  62.1940 187.2456
  -4.744  -0.0305   0.00866   0.00116  -0.1381   0.6394   0.1417  62.5611 187.8761
  -4.658  -0.0212   0.00864   0.00115  -0.1381   0.6360   0.1456  62.8935 188.4176
  -4.573  -0.0117   0.00863   0.00115  -0.1382   0.6330   0.1497  63.1940 188.9631
  -4.487  -0.0022   0.00860   0.00115  -0.1382   0.6300   0.1537  63.4969 189.4932
  -4.402   0.0073   0.00860   0.00114  -0.1382   0.6271   0.1575  63.7790 189.9980
  -4.317   0.0166   0.00859   0.00115  -0.1382   0.6246   0.1610  64.0260 190.4502
  -4.231   0.0263   0.00858   0.00114  -0.1383   0.6221   0.1644  64.2702 190.8922
  -4.146   0.0359   0.00856   0.00115  -0.1383   0.6197   0.1672  64.5104 191.2531
  -4.060   0.0454   0.00856   0.00115  -0.1383   0.6174   0.1700  64.7344 191.6097
  -3.975   0.0549   0.00856   0.00115  -0.1383   0.6153   0.1725  64.9371 191.9312
  -3.889   0.0646   0.00855   0.00116  -0.1384   0.6134   0.1747  65.1322 192.2058
  -3.804   0.0742   0.00854   0.00116  -0.1384   0.6113   0.1770  65.3358 192.4919
  -3.719   0.0839   0.00854   0.00116  -0.1385   0.6092   0.1793  65.5373 192.7794
  -3.633   0.0935   0.00855   0.00116  -0.1385   0.6073   0.1814  65.7292 193.0330
  -3.548   0.1030   0.00855   0.00117  -0.1385   0.6054   0.1834  65.9075 193.2829
  -3.462   0.1126   0.00855   0.00118  -0.1385   0.6037   0.1856  66.0771 193.5593
  -3.377   0.1223   0.00855   0.00118  -0.1386   0.6019   0.1879  66.2559 193.8374
  -3.292   0.1320   0.00855   0.00118  -0.1386   0.6000   0.1899  66.4362 194.0750
  -3.206   0.1416   0.00855   0.00119  -0.1386   0.5982   0.1916  66.6118 194.2881
  -3.121   0.1512   0.00856   0.00120  -0.1386   0.5965   0.1933  66.7783 194.4927
  -3.035   0.1607   0.00857   0.00121  -0.1386   0.5949   0.1949  66.9334 194.6888
  -2.950   0.1704   0.00858   0.00121  -0.1386   0.5934   0.1966  67.0849 194.8850
  -2.864   0.1801   0.00858   0.00121  -0.1387   0.5917   0.1982  67.2462 195.0766
  -2.779   0.1898   0.00858   0.00123  -0.1387   0.5900   0.1998  67.4086 195.2698
  -2.693   0.1994   0.00859   0.00124  -0.1387   0.5884   0.2015  67.5676 195.4677
  -2.608   0.2090   0.00860   0.00125  -0.1387   0.5868   0.2031  67.7198 195.6605
  -2.523   0.2186   0.00862   0.00125  -0.1387   0.5853   0.2046  67.8630 195.8408
  -2.437   0.2281   0.00865   0.00124  -0.1387   0.5840   0.2059  67.9977 195.9993
  -2.352   0.2378   0.00864   0.00126  -0.1388   0.5825   0.2073  68.1399 196.1618
  -2.266   0.2475   0.00864   0.00127  -0.1388   0.5810   0.2087  68.2886 196.3192
  -2.181   0.2572   0.00865   0.00128  -0.1388   0.5794   0.2100  68.4371 196.4793
  -2.095   0.2669   0.00866   0.00129  -0.1388   0.5779   0.2114  68.5818 196.6438
  -2.010   0.2765   0.00868   0.00129  -0.1388   0.5765   0.2128  68.7202 196.8052
  -1.925   0.2860   0.00870   0.00129  -0.1388   0.5751   0.2140  68.8520 196.9492
  -1.839   0.2954   0.00871   0.00130  -0.1388   0.5738   0.2152  68.9784 197.0858
  -1.754   0.3051   0.00871   0.00131  -0.1388   0.5725   0.2164  69.1100 197.2211
  -1.668   0.3148   0.00871   0.00133  -0.1388   0.5710   0.2176  69.2506 197.3557
  -1.583   0.3245   0.00873   0.00134  -0.1389   0.5695   0.2187  69.3950 197.4889
  -1.498   0.3341   0.00874   0.00134  -0.1389   0.5680   0.2198  69.5384 197.6180
  -1.412   0.3437   0.00876   0.00135  -0.1388   0.5666   0.2209  69.6778 197.7441
  -1.327   0.3532   0.00878   0.00134  -0.1388   0.5652   0.2220  69.8121 197.8692
  -1.241   0.3626   0.00881   0.00134  -0.1388   0.5638   0.2230  69.9413 197.9837
  -1.156   0.3721   0.00880   0.00135  -0.1388   0.5625   0.2241  70.0708 198.1050
  -1.070   0.3818   0.00880   0.00136  -0.1388   0.5611   0.2251  70.2090 198.2190
  -0.985   0.3915   0.00881   0.00137  -0.1388   0.5596   0.2260  70.3508 198.3283
  -0.899   0.4011   0.00882   0.00138  -0.1388   0.5581   0.2270  70.4909 198.4354
  -0.814   0.4106   0.00883   0.00138  -0.1388   0.5567   0.2279  70.6250 198.5390
  -0.729   0.4201   0.00885   0.00138  -0.1387   0.5554   0.2288  70.7516 198.6397
  -0.643   0.4295   0.00887   0.00138  -0.1387   0.5542   0.2297  70.8699 198.7427
  -0.558   0.4389   0.00890   0.00138  -0.1387   0.5530   0.2306  70.9834 198.8477
  -0.472   0.4485   0.00891   0.00138  -0.1387   0.5518   0.2315  71.0975 198.9465
  -0.387   0.4582   0.00890   0.00137  -0.1387   0.5506   0.2323  71.2174 199.0462
  -0.301   0.4677   0.00889   0.00138  -0.1386   0.5493   0.2333  71.3381 199.1500
  -0.216   0.4773   0.00890   0.00139  -0.1386   0.5481   0.2341  71.4579 199.2434
  -0.131   0.4868   0.00891   0.00140  -0.1386   0.5469   0.2349  71.5745 199.3335
  -0.045   0.4962   0.00893   0.00141  -0.1386   0.5457   0.2357  71.6872 199.4247
   0.040   0.5056   0.00895   0.00141  -0.1385   0.5446   0.2366  71.7953 199.5186
   0.126   0.5150   0.00897   0.00141  -0.1385   0.5435   0.2374  71.8997 199.6126
   0.211   0.5243   0.00900   0.00141  -0.1384   0.5424   0.2382  72.0029 199.7054
   0.296   0.5339   0.00900   0.00141  -0.1384   0.5413   0.2390  72.1072 199.7969
   0.382   0.5436   0.00901   0.00141  -0.1384   0.5402   0.2398  72.2163 199.8851
   0.467   0.5531   0.00902   0.00140  -0.1384   0.5390   0.2406  72.3274 199.9675
   0.553   0.5626   0.00902   0.00140  -0.1383   0.5379   0.2414  72.4382 200.0570
   0.638   0.5720   0.00902   0.00141  -0.1383   0.5367   0.2422  72.5470 200.1473
   0.724   0.5814   0.00903   0.00142  -0.1382   0.5356   0.2429  72.6531 200.2304
   0.809   0.5907   0.00905   0.00142  -0.1382   0.5345   0.2437  72.7612 200.3126
   0.894   0.6000   0.00907   0.00143  -0.1381   0.5333   0.2444  72.8782 200.3955
   0.980   0.6092   0.00910   0.00143  -0.1380   0.5319   0.2452  73.0130 200.4780
   1.065   0.6188   0.00910   0.00143  -0.1380   0.5302   0.2459  73.1680 200.5623
   1.151   0.6284   0.00910   0.00142  -0.1379   0.5284   0.2467  73.3414 200.6508
   1.236   0.6378   0.00911   0.00142  -0.1379   0.5266   0.2475  73.5168 200.7415
   1.322   0.6471   0.00914   0.00141  -0.1378   0.5248   0.2483  73.6909 200.8307
   1.407   0.6563   0.00917   0.00140  -0.1377   0.5230   0.2491  73.8557 200.9141
   1.492   0.6654   0.00921   0.00140  -0.1376   0.5214   0.2497  74.0105 200.9862
   1.578   0.6749   0.00919   0.00140  -0.1376   0.5198   0.2505  74.1677 201.0732
   1.663   0.6844   0.00918   0.00140  -0.1375   0.5181   0.2513  74.3274 201.1526
   1.749   0.6937   0.00918   0.00140  -0.1375   0.5165   0.2519  74.4809 201.2251
   1.834   0.7030   0.00920   0.00140  -0.1374   0.5150   0.2526  74.6255 201.2973
   1.920   0.7122   0.00922   0.00140  -0.1373   0.5134   0.2533  74.7763 201.3719
   2.005   0.7212   0.00925   0.00140  -0.1372   0.5118   0.2540  74.9312 201.4505
   2.091   0.7305   0.00927   0.00140  -0.1371   0.5102   0.2547  75.0853 201.5338
   2.176   0.7400   0.00927   0.00140  -0.1370   0.5085   0.2555  75.2462 201.6197
   2.261   0.7494   0.00929   0.00139  -0.1370   0.5068   0.2563  75.4133 201.7075
   2.347   0.7586   0.00931   0.00139  -0.1369   0.5051   0.2571  75.5756 201.7950
   2.432   0.7678   0.00933   0.00138  -0.1368   0.5034   0.2579  75.7340 201.8789
   2.518   0.7768   0.00937   0.00138  -0.1366   0.5017   0.2586  75.8947 201.9548
   2.603   0.7859   0.00940   0.00137  -0.1365   0.5001   0.2593  76.0524 202.0314
   2.688   0.7953   0.00938   0.00138  -0.1365   0.4983   0.2601  76.2199 202.1202
   2.774   0.8046   0.00939   0.00138  -0.1364   0.4964   0.2608  76.4069 202.1982
   2.859   0.8138   0.00940   0.00138  -0.1363   0.4943   0.2615  76.6012 202.2716
   2.945   0.8228   0.00943   0.00138  -0.1361   0.4923   0.2622  76.7910 202.3431
   3.030   0.8316   0.00947   0.00137  -0.1360   0.4904   0.2628  76.9758 202.4153
   3.116   0.8409   0.00947   0.00137  -0.1359   0.4884   0.2635  77.1712 202.4917
   3.201   0.8502   0.00949   0.00137  -0.1358   0.4862   0.2643  77.3815 202.5697
   3.286   0.8593   0.00951   0.00136  -0.1357   0.4840   0.2650  77.5907 202.6486
   3.372   0.8683   0.00954   0.00136  -0.1355   0.4818   0.2657  77.7971 202.7272
   3.543   0.8863   0.00959   0.00134  -0.1353   0.4774   0.2671  78.2203 202.8781
   3.628   0.8954   0.00962   0.00134  -0.1351   0.4747   0.2678  78.4726 202.9480
   3.714   0.9043   0.00965   0.00133  -0.1350   0.4719   0.2684  78.7430 203.0160
   3.799   0.9128   0.00968   0.00133  -0.1347   0.4691   0.2692  79.0093 203.1026
   3.884   0.9220   0.00969   0.00133  -0.1346   0.4660   0.2700  79.3116 203.1840
   3.970   0.9309   0.00971   0.00133  -0.1345   0.4625   0.2707  79.6407 203.2617
   4.055   0.9394   0.00976   0.00133  -0.1342   0.4592   0.2714  79.9595 203.3388
   4.141   0.9484   0.00979   0.00133  -0.1341   0.4556   0.2722  80.3078 203.4191
   4.226   0.9571   0.00983   0.00132  -0.1339   0.4514   0.2729  80.7144 203.4998
   4.312   0.9656   0.00988   0.00132  -0.1337   0.4473   0.2736  81.1077 203.5793
   4.397   0.9743   0.00992   0.00132  -0.1335   0.4427   0.2744  81.5491 203.6600
   4.482   0.9825   0.00999   0.00132  -0.1332   0.4380   0.2751  82.0016 203.7385
   4.568   0.9912   0.01003   0.00132  -0.1330   0.4320   0.2759  82.5717 203.8200
   4.653   0.9994   0.01011   0.00132  -0.1327   0.4250   0.2766  83.2475 203.8963
   4.739   1.0072   0.01021   0.00132  -0.1323   0.4164   0.2773  84.0818 203.9669
   4.824   1.0148   0.01031   0.00133  -0.1320   0.4060   0.2780  85.0976 204.0470
   4.910   1.0220   0.01044   0.00136  -0.1315   0.3910   0.2789  86.5569 204.1364
   4.995   1.0282   0.01065   0.00140  -0.1309   0.3717   0.2796  88.4593 204.2158
   5.080   1.0276   0.01139   0.00164  -0.1292   0.3026   0.2801  95.4424 204.2661
   5.166   1.0201   0.01269   0.00222  -0.1265   0.1838   0.2803 108.7455 204.2875
   5.251   1.0237   0.01312   0.00240  -0.1255   0.1512   0.2809 112.9208 204.3537
   5.337   1.0301   0.01332   0.00247  -0.1250   0.1382   0.2817 114.6904 204.4326
   5.422   1.0371   0.01347   0.00252  -0.1245   0.1296   0.2824 115.8889 204.5152
   5.508   1.0443   0.01359   0.00256  -0.1240   0.1230   0.2832 116.8319 204.5981
   5.593   1.0514   0.01371   0.00259  -0.1236   0.1177   0.2840 117.6207 204.6791
   5.678   1.0584   0.01381   0.00262  -0.1231   0.1131   0.2847 118.3072 204.7569
   5.849   1.0723   0.01401   0.00267  -0.1221   0.1048   0.2861 119.5767 204.9042
   5.935   1.0791   0.01412   0.00270  -0.1215   0.1011   0.2867 120.1575 204.9697
   6.020   1.0859   0.01421   0.00272  -0.1210   0.0974   0.2874 120.7520 205.0448
   6.106   1.0927   0.01431   0.00275  -0.1205   0.0940   0.2882 121.2972 205.1286
   6.191   1.0995   0.01441   0.00278  -0.1200   0.0906   0.2890 121.8584 205.2088
   6.276   1.1067   0.01451   0.00282  -0.1195   0.0875   0.2898 122.3724 205.2892
   6.362   1.1137   0.01462   0.00285  -0.1190   0.0845   0.2905 122.8826 205.3702
   6.447   1.1210   0.01472   0.00289  -0.1186   0.0818   0.2913 123.3601 205.4544
   6.533   1.1281   0.01484   0.00293  -0.1182   0.0790   0.2922 123.8544 205.5406
   6.618   1.1354   0.01495   0.00297  -0.1178   0.0764   0.2930 124.3065 205.6308
   6.704   1.1425   0.01507   0.00301  -0.1173   0.0739   0.2939 124.7674 205.7240
   6.789   1.1496   0.01519   0.00305  -0.1169   0.0717   0.2948 125.1765 205.8184
   6.874   1.1568   0.01531   0.00310  -0.1165   0.0694   0.2957 125.5946 205.9102
   6.960   1.1636   0.01545   0.00314  -0.1160   0.0674   0.2965 125.9826 205.9926
   7.045   1.1710   0.01554   0.00319  -0.1156   0.0654   0.2975 126.3559 206.1003
   7.131   1.1780   0.01567   0.00324  -0.1151   0.0634   0.2985 126.7408 206.2021
   7.216   1.1848   0.01580   0.00330  -0.1147   0.0617   0.2995 127.0830 206.3022
   7.301   1.1919   0.01591   0.00334  -0.1143   0.0600   0.3004 127.4299 206.4048
   7.387   1.1987   0.01605   0.00340  -0.1138   0.0583   0.3014 127.7709 206.5072
   7.472   1.2053   0.01619   0.00345  -0.1133   0.0568   0.3024 128.0803 206.6102
   7.558   1.2123   0.01631   0.00350  -0.1128   0.0553   0.3034 128.3887 206.7166
   7.643   1.2189   0.01645   0.00356  -0.1123   0.0538   0.3044 128.6937 206.8214
   7.729   1.2251   0.01662   0.00363  -0.1118   0.0525   0.3054 128.9814 206.9221
   7.814   1.2321   0.01674   0.00368  -0.1113   0.0513   0.3065 129.2491 207.0350
   7.899   1.2388   0.01687   0.00374  -0.1108   0.0499   0.3078 129.5385 207.1673
   7.985   1.2451   0.01703   0.00381  -0.1103   0.0487   0.3091 129.8158 207.3003
   8.070   1.2513   0.01719   0.00388  -0.1097   0.0475   0.3104 130.0738 207.4384
   8.156   1.2580   0.01732   0.00394  -0.1093   0.0463   0.3118 130.3392 207.5856
   8.241   1.2643   0.01747   0.00401  -0.1087   0.0452   0.3133 130.6090 207.7333
   8.327   1.2702   0.01765   0.00408  -0.1082   0.0440   0.3146 130.8637 207.8743
   8.498   1.2828   0.01796   0.00423  -0.1071   0.0420   0.3175 131.3378 208.1676
   8.583   1.2889   0.01813   0.00431  -0.1065   0.0411   0.3190 131.5740 208.3229
   8.668   1.2946   0.01831   0.00439  -0.1059   0.0401   0.3206 131.7926 208.4884
   8.754   1.2997   0.01853   0.00450  -0.1052   0.0393   0.3224 132.0075 208.6638
   8.839   1.3062   0.01867   0.00456  -0.1048   0.0385   0.3242 132.1979 208.8560
   9.010   1.3182   0.01901   0.00473  -0.1036   0.0368   0.3284 132.6202 209.2831
   9.095   1.3237   0.01921   0.00483  -0.1030   0.0360   0.3309 132.8174 209.5340
   9.181   1.3286   0.01944   0.00494  -0.1023   0.0353   0.3337 133.0086 209.8115
   9.266   1.3348   0.01960   0.00503  -0.1018   0.0347   0.3369 133.1743 210.1374
   9.352   1.3406   0.01978   0.00512  -0.1012   0.0340   0.3409 133.3522 210.5427
   9.523   1.3515   0.02017   0.00533  -0.1000   0.0327   0.3532 133.6943 211.7755
   9.608   1.3565   0.02040   0.00546  -0.0994   0.0321   0.3654 133.8562 212.9917
   9.694   1.3614   0.02058   0.00563  -0.0988   0.0315   0.4297 134.0201 219.2611
   9.779   1.3682   0.02048   0.00591  -0.0985   0.0310   0.7049 134.1584 246.1587
   9.864   1.3735   0.02069   0.00603  -0.0979   0.0305   0.7166 134.3022 247.3911
   9.950   1.3787   0.02091   0.00616  -0.0972   0.0300   0.7242 134.4474 248.1951
  10.035   1.3835   0.02115   0.00629  -0.0966   0.0295   0.7301 134.5872 248.8273
  10.121   1.3881   0.02141   0.00643  -0.0958   0.0290   0.7349 134.7199 249.3444
  10.206   1.3922   0.02170   0.00659  -0.0951   0.0285   0.7394 134.8512 249.8335
  10.291   1.3955   0.02204   0.00678  -0.0942   0.0280   0.7431 134.9900 250.2385
  10.377   1.4007   0.02226   0.00691  -0.0936   0.0277   0.7473 135.0894 250.6960
  10.462   1.4058   0.02250   0.00704  -0.0930   0.0273   0.7508 135.2020 251.0864
  10.548   1.4107   0.02274   0.00718  -0.0923   0.0269   0.7542 135.3206 251.4639
  10.633   1.4154   0.02299   0.00733  -0.0917   0.0265   0.7578 135.4389 251.8593
  10.719   1.4199   0.02326   0.00749  -0.0910   0.0261   0.7612 135.5540 252.2341
  10.804   1.4241   0.02354   0.00765  -0.0903   0.0258   0.7645 135.6635 252.6153
  10.889   1.4280   0.02385   0.00783  -0.0895   0.0254   0.7677 135.7677 252.9715
  10.975   1.4315   0.02418   0.00803  -0.0887   0.0251   0.7709 135.8708 253.3360
  11.060   1.4341   0.02457   0.00827  -0.0879   0.0247   0.7743 135.9775 253.7187
  11.146   1.4382   0.02487   0.00846  -0.0872   0.0245   0.7782 136.0587 254.1709
  11.231   1.4427   0.02514   0.00863  -0.0865   0.0242   0.7834 136.1419 254.7648
  11.317   1.4469   0.02542   0.00882  -0.0859   0.0239   0.7914 136.2298 255.7004
  11.402   1.4509   0.02556   0.00901  -0.0851   0.0236   0.8385 136.3171 261.5052
  11.487   1.4551   0.02570   0.00921  -0.0844   0.0234   1.0000 136.4068 301.0000
  11.573   1.4589   0.02604   0.00941  -0.0837   0.0231   1.0000 136.4919 301.0000
  11.658   1.4623   0.02641   0.00963  -0.0830   0.0228   1.0000 136.5745 301.0000
  11.744   1.4656   0.02679   0.00986  -0.0822   0.0226   1.0000 136.6544 301.0000
  11.829   1.4686   0.02718   0.01010  -0.0815   0.0223   1.0000 136.7326 301.0000
  11.915   1.4712   0.02762   0.01037  -0.0807   0.0221   1.0000 136.8106 301.0000
  12.000   1.4732   0.02810   0.01067  -0.0798   0.0218   1.0000 136.8913 301.0000
