  
       XFOIL         Version 6.99
  
 Calculated polar for: Repaneled_Airfoil                               
  
 1 1 Reynolds number fixed          Mach number fixed         
  
 xtrf =   1.000 (top)        1.000 (bottom)  
 Mach =   0.000     Re =     1.000 e 6     Ncrit =   9.000  9.000
  
   alpha    CL        CD       CDp       CM     Top_Xtr  Bot_Xtr  Top_Itr  Bot_Itr
  ------ -------- --------- --------- -------- -------- -------- -------- --------
  -5.000  -0.5516   0.01077   0.00229  -0.0331   0.7304   0.0434  53.2392 171.2391
  -4.915  -0.5423   0.01069   0.00224  -0.0331   0.7278   0.0448  53.5281 171.5688
  -4.829  -0.5330   0.01063   0.00220  -0.0331   0.7253   0.0464  53.7977 171.9165
  -4.744  -0.5239   0.01055   0.00215  -0.0330   0.7230   0.0480  54.0446 172.2859
  -4.658  -0.5145   0.01047   0.00210  -0.0330   0.7202   0.0499  54.3358 172.7146
  -4.573  -0.5052   0.01040   0.00206  -0.0330   0.7176   0.0518  54.6140 173.1166
  -4.487  -0.4960   0.01032   0.00201  -0.0330   0.7153   0.0539  54.8623 173.5688
  -4.317  -0.4775   0.01016   0.00192  -0.0330   0.7106   0.0586  55.3585 174.5339
  -4.146  -0.4589   0.01001   0.00183  -0.0329   0.7061   0.0639  55.8345 175.5819
  -4.060  -0.4496   0.00995   0.00179  -0.0329   0.7040   0.0665  56.0481 176.0978
  -3.975  -0.4403   0.00986   0.00175  -0.0329   0.7016   0.0694  56.3026 176.6418
  -3.889  -0.4310   0.00978   0.00171  -0.0329   0.6992   0.0723  56.5542 177.1740
  -3.804  -0.4217   0.00971   0.00167  -0.0329   0.6969   0.0754  56.7921 177.7421
  -3.719  -0.4124   0.00965   0.00162  -0.0328   0.6948   0.0783  57.0110 178.2577
  -3.633  -0.4030   0.00957   0.00159  -0.0328   0.6922   0.0814  57.2842 178.8054
  -3.548  -0.3936   0.00950   0.00155  -0.0328   0.6896   0.0843  57.5562 179.3111
  -3.462  -0.3843   0.00944   0.00151  -0.0328   0.6871   0.0874  57.8110 179.8397
  -3.377  -0.3750   0.00937   0.00147  -0.0328   0.6848   0.0905  58.0489 180.3550
  -3.292  -0.3655   0.00931   0.00144  -0.0328   0.6821   0.0939  58.3310 180.9121
  -3.206  -0.3562   0.00924   0.00140  -0.0327   0.6794   0.0972  58.6039 181.4466
  -3.121  -0.3468   0.00919   0.00137  -0.0327   0.6770   0.1006  58.8526 181.9956
  -3.035  -0.3375   0.00913   0.00134  -0.0327   0.6747   0.1041  59.0883 182.5432
  -2.950  -0.3280   0.00907   0.00131  -0.0327   0.6721   0.1077  59.3536 183.1038
  -2.864  -0.3185   0.00901   0.00129  -0.0327   0.6696   0.1117  59.6046 183.7082
  -2.779  -0.3091   0.00896   0.00126  -0.0327   0.6674   0.1154  59.8341 184.2657
  -2.693  -0.2997   0.00891   0.00124  -0.0327   0.6652   0.1194  60.0492 184.8497
  -2.608  -0.2902   0.00886   0.00122  -0.0327   0.6628   0.1231  60.3006 185.3890
  -2.523  -0.2807   0.00881   0.00120  -0.0327   0.6603   0.1271  60.5529 185.9651
  -2.437  -0.2712   0.00877   0.00118  -0.0327   0.6579   0.1311  60.7947 186.5322
  -2.352  -0.2617   0.00874   0.00117  -0.0326   0.6557   0.1348  61.0192 187.0602
  -2.266  -0.2521   0.00869   0.00116  -0.0327   0.6530   0.1384  61.2877 187.5574
  -2.095  -0.2330   0.00863   0.00113  -0.0327   0.6478   0.1446  61.8089 188.4009
  -2.010  -0.2235   0.00861   0.00111  -0.0326   0.6455   0.1475  62.0435 188.7950
  -1.925  -0.2138   0.00858   0.00110  -0.0327   0.6427   0.1501  62.3158 189.1478
  -1.839  -0.2042   0.00855   0.00109  -0.0327   0.6401   0.1530  62.5830 189.5212
  -1.754  -0.1946   0.00853   0.00108  -0.0327   0.6376   0.1557  62.8300 189.8878
  -1.668  -0.1850   0.00851   0.00107  -0.0327   0.6353   0.1582  63.0570 190.2071
  -1.583  -0.1753   0.00848   0.00106  -0.0327   0.6328   0.1608  63.3101 190.5499
  -1.498  -0.1656   0.00847   0.00105  -0.0327   0.6303   0.1635  63.5572 190.8952
  -1.412  -0.1560   0.00845   0.00104  -0.0327   0.6279   0.1659  63.7880 191.2059
  -1.241  -0.1367   0.00841   0.00103  -0.0327   0.6233   0.1708  64.2451 191.8258
  -1.156  -0.1270   0.00839   0.00102  -0.0327   0.6207   0.1728  64.4993 192.0768
  -1.070  -0.1174   0.00837   0.00101  -0.0327   0.6183   0.1747  64.7445 192.3217
  -0.985  -0.1078   0.00836   0.00100  -0.0327   0.6160   0.1768  64.9702 192.5834
  -0.899  -0.0980   0.00835   0.00099  -0.0327   0.6134   0.1790  65.2228 192.8485
  -0.814  -0.0883   0.00833   0.00098  -0.0327   0.6108   0.1809  65.4826 193.0920
  -0.729  -0.0787   0.00831   0.00097  -0.0327   0.6082   0.1830  65.7315 193.3454
  -0.643  -0.0691   0.00830   0.00097  -0.0327   0.6059   0.1852  65.9568 193.6124
  -0.558  -0.0593   0.00829   0.00096  -0.0327   0.6035   0.1872  66.1970 193.8674
  -0.472  -0.0496   0.00827   0.00095  -0.0328   0.6010   0.1890  66.4440 194.0874
  -0.387  -0.0399   0.00825   0.00094  -0.0328   0.5985   0.1909  66.6811 194.3077
  -0.301  -0.0303   0.00824   0.00093  -0.0328   0.5963   0.1928  66.8990 194.5375
  -0.216  -0.0206   0.00823   0.00092  -0.0328   0.5941   0.1947  67.1171 194.7777
  -0.131  -0.0108   0.00822   0.00091  -0.0328   0.5916   0.1966  67.3615 194.9981
  -0.045  -0.0012   0.00819   0.00090  -0.0328   0.5891   0.1984  67.6040 195.2200
   0.040   0.0084   0.00817   0.00089  -0.0328   0.5867   0.2003  67.8319 195.4428
   0.126   0.0181   0.00817   0.00088  -0.0328   0.5845   0.2022  68.0460 195.6715
   0.211   0.0279   0.00816   0.00087  -0.0328   0.5820   0.2041  68.2931 195.8983
   0.296   0.0376   0.00814   0.00086  -0.0328   0.5794   0.2060  68.5424 196.1170
   0.382   0.0472   0.00812   0.00085  -0.0328   0.5770   0.2080  68.7794 196.3457
   0.553   0.0666   0.00809   0.00083  -0.0328   0.5723   0.2119  69.2355 196.8108
   0.724   0.0859   0.00806   0.00081  -0.0328   0.5674   0.2158  69.7089 197.2548
   0.809   0.0955   0.00805   0.00080  -0.0328   0.5652   0.2179  69.9197 197.5056
   0.894   0.1053   0.00804   0.00079  -0.0328   0.5630   0.2202  70.1344 197.7700
   1.065   0.1247   0.00800   0.00077  -0.0328   0.5582   0.2247  70.5991 198.2854
   1.151   0.1343   0.00799   0.00076  -0.0328   0.5559   0.2271  70.8169 198.5538
   1.236   0.1440   0.00799   0.00075  -0.0327   0.5538   0.2295  71.0172 198.8246
   1.322   0.1537   0.00797   0.00074  -0.0328   0.5515   0.2319  71.2436 199.1007
   1.407   0.1634   0.00794   0.00073  -0.0328   0.5491   0.2347  71.4719 199.4179
   1.492   0.1731   0.00793   0.00073  -0.0328   0.5468   0.2379  71.6910 199.7765
   1.578   0.1827   0.00792   0.00072  -0.0327   0.5447   0.2412  71.8953 200.1443
   1.663   0.1923   0.00790   0.00071  -0.0327   0.5426   0.2450  72.0982 200.5679
   1.834   0.2117   0.00786   0.00070  -0.0327   0.5378   0.2539  72.5549 201.5410
   1.920   0.2213   0.00784   0.00069  -0.0327   0.5355   0.2592  72.7746 202.1229
   2.005   0.2308   0.00782   0.00068  -0.0327   0.5334   0.2659  72.9770 202.8512
   2.091   0.2405   0.00779   0.00068  -0.0327   0.5311   0.2745  73.2011 203.7691
   2.176   0.2501   0.00774   0.00067  -0.0327   0.5287   0.2860  73.4337 204.9929
   2.261   0.2595   0.00769   0.00067  -0.0327   0.5263   0.3023  73.6608 206.7009
   2.347   0.2688   0.00761   0.00066  -0.0326   0.5241   0.3264  73.8715 209.1750
   2.432   0.2779   0.00750   0.00065  -0.0326   0.5220   0.3641  74.0710 212.9582
   2.518   0.2866   0.00729   0.00064  -0.0325   0.5197   0.4257  74.2910 218.9694
   2.603   0.2908   0.00633   0.00054  -0.0319   0.5177   0.6892  74.4845 244.6203
   2.688   0.2971   0.00609   0.00066  -0.0311   0.5156   0.8119  74.6872 258.2286
   2.774   0.3065   0.00611   0.00069  -0.0310   0.5135   0.8252  74.8939 259.8822
   2.859   0.3160   0.00613   0.00071  -0.0309   0.5113   0.8343  75.0988 261.0313
   2.945   0.3255   0.00614   0.00073  -0.0308   0.5089   0.8414  75.3282 261.9478
   3.030   0.3350   0.00616   0.00075  -0.0307   0.5065   0.8471  75.5591 262.7061
   3.116   0.3445   0.00619   0.00077  -0.0306   0.5042   0.8522  75.7796 263.3758
   3.201   0.3541   0.00622   0.00078  -0.0305   0.5021   0.8570  75.9818 264.0308
   3.286   0.3636   0.00624   0.00081  -0.0304   0.4998   0.8610  76.2021 264.5716
   3.372   0.3733   0.00626   0.00082  -0.0304   0.4974   0.8648  76.4278 265.1062
   3.457   0.3827   0.00628   0.00084  -0.0302   0.4952   0.8682  76.6465 265.5766
   3.543   0.3923   0.00632   0.00085  -0.0302   0.4930   0.8715  76.8514 266.0483
   3.628   0.4017   0.00634   0.00087  -0.0300   0.4910   0.8741  77.0428 266.4257
   3.714   0.4114   0.00636   0.00088  -0.0300   0.4888   0.8769  77.2591 266.8280
   3.799   0.4210   0.00638   0.00090  -0.0299   0.4864   0.8792  77.4827 267.1602
   3.884   0.4305   0.00641   0.00091  -0.0298   0.4841   0.8814  77.7083 267.4817
   3.970   0.4400   0.00645   0.00092  -0.0297   0.4817   0.8838  77.9331 267.8400
   4.055   0.4495   0.00647   0.00094  -0.0297   0.4791   0.8860  78.1871 268.1568
   4.141   0.4590   0.00649   0.00095  -0.0295   0.4761   0.8880  78.4762 268.4683
   4.226   0.4685   0.00652   0.00096  -0.0295   0.4730   0.8903  78.7738 268.8070
   4.312   0.4779   0.00656   0.00097  -0.0294   0.4700   0.8922  79.0616 269.1061
   4.397   0.4874   0.00658   0.00098  -0.0293   0.4666   0.8939  79.3819 269.3723
   4.482   0.4969   0.00661   0.00099  -0.0292   0.4633   0.8958  79.7046 269.6579
   4.568   0.5064   0.00665   0.00100  -0.0291   0.4601   0.8977  80.0047 269.9518
   4.653   0.5159   0.00667   0.00101  -0.0290   0.4566   0.8991  80.3487 270.1770
   4.739   0.5252   0.00670   0.00102  -0.0289   0.4528   0.9006  80.7083 270.4160
   4.824   0.5345   0.00674   0.00102  -0.0288   0.4494   0.9023  81.0388 270.6880
   4.910   0.5443   0.00677   0.00103  -0.0287   0.4457   0.9042  81.3930 270.9920
   4.995   0.5534   0.00680   0.00105  -0.0285   0.4422   0.9056  81.7297 271.2304
   5.080   0.5626   0.00684   0.00106  -0.0284   0.4390   0.9073  82.0389 271.5094
   5.166   0.5721   0.00687   0.00107  -0.0283   0.4355   0.9092  82.3787 271.8207
   5.251   0.5815   0.00690   0.00108  -0.0282   0.4318   0.9109  82.7319 272.0943
   5.337   0.5905   0.00694   0.00109  -0.0280   0.4284   0.9123  83.0599 272.3278
   5.422   0.5999   0.00697   0.00110  -0.0279   0.4248   0.9137  83.4084 272.5697
   5.508   0.6094   0.00700   0.00111  -0.0278   0.4214   0.9151  83.7419 272.8110
   5.593   0.6189   0.00705   0.00112  -0.0277   0.4182   0.9164  84.0473 273.0286
   5.678   0.6282   0.00707   0.00113  -0.0276   0.4146   0.9173  84.3972 273.1945
   5.764   0.6374   0.00711   0.00114  -0.0275   0.4106   0.9184  84.7860 273.3754
   5.849   0.6468   0.00715   0.00115  -0.0274   0.4066   0.9194  85.1770 273.5632
   5.935   0.6563   0.00719   0.00116  -0.0273   0.4020   0.9206  85.6251 273.7591
   6.020   0.6657   0.00724   0.00117  -0.0272   0.3978   0.9217  86.0396 273.9611
   6.106   0.6751   0.00727   0.00118  -0.0271   0.3936   0.9226  86.4476 274.1189
   6.191   0.6842   0.00732   0.00119  -0.0270   0.3895   0.9235  86.8511 274.2791
   6.276   0.6935   0.00736   0.00120  -0.0269   0.3857   0.9245  87.2236 274.4588
   6.362   0.7028   0.00740   0.00121  -0.0268   0.3813   0.9256  87.6591 274.6560
   6.447   0.7121   0.00746   0.00123  -0.0267   0.3767   0.9267  88.1085 274.8629
   6.533   0.7215   0.00750   0.00124  -0.0266   0.3713   0.9277  88.6459 275.0487
   6.618   0.7305   0.00756   0.00125  -0.0264   0.3660   0.9286  89.1727 275.2065
   6.704   0.7396   0.00761   0.00127  -0.0263   0.3601   0.9295  89.7605 275.3759
   6.789   0.7487   0.00767   0.00128  -0.0261   0.3544   0.9305  90.3283 275.5592
   6.874   0.7578   0.00774   0.00130  -0.0260   0.3484   0.9315  90.9302 275.7565
   6.960   0.7671   0.00780   0.00132  -0.0259   0.3423   0.9327  91.5488 275.9806
   7.045   0.7759   0.00786   0.00134  -0.0257   0.3359   0.9337  92.1885 276.1677
   7.131   0.7846   0.00794   0.00136  -0.0255   0.3291   0.9348  92.8824 276.3732
   7.216   0.7934   0.00801   0.00139  -0.0253   0.3220   0.9359  93.6095 276.5941
   7.301   0.8023   0.00810   0.00141  -0.0251   0.3139   0.9370  94.4401 276.8175
   7.387   0.8112   0.00820   0.00144  -0.0250   0.3039   0.9381  95.4761 277.0216
   7.472   0.8195   0.00832   0.00148  -0.0247   0.2927   0.9388  96.6425 277.1728
   7.558   0.8276   0.00847   0.00153  -0.0245   0.2787   0.9397  98.1250 277.3402
   7.643   0.8355   0.00865   0.00160  -0.0241   0.2617   0.9406  99.9523 277.5333
   7.729   0.8427   0.00890   0.00169  -0.0238   0.2368   0.9418 102.7130 277.7612
   7.814   0.8467   0.00949   0.00194  -0.0230   0.1810   0.9432 109.2826 278.0587
   7.899   0.8510   0.00998   0.00220  -0.0222   0.1435   0.9445 114.1327 278.3261
   7.985   0.8579   0.01023   0.00233  -0.0217   0.1277   0.9458 116.3368 278.6071
   8.070   0.8656   0.01042   0.00243  -0.0214   0.1175   0.9473 117.8224 278.9133
   8.156   0.8732   0.01058   0.00251  -0.0210   0.1094   0.9486 119.0374 279.1866
   8.241   0.8809   0.01072   0.00258  -0.0206   0.1029   0.9500 120.0556 279.4941
   8.412   0.8968   0.01096   0.00271  -0.0200   0.0918   0.9530 121.8427 280.1701
   8.498   0.9046   0.01108   0.00276  -0.0196   0.0874   0.9544 122.5822 280.4866
   8.583   0.9127   0.01119   0.00282  -0.0193   0.0834   0.9559 123.2609 280.8250
   8.668   0.9207   0.01130   0.00288  -0.0190   0.0795   0.9572 123.9357 281.1290
   8.754   0.9288   0.01140   0.00293  -0.0187   0.0761   0.9583 124.5467 281.4028
   8.839   0.9370   0.01152   0.00299  -0.0184   0.0729   0.9595 125.1239 281.6892
   8.925   0.9454   0.01162   0.00304  -0.0182   0.0699   0.9607 125.6811 281.9769
   9.010   0.9534   0.01173   0.00310  -0.0179   0.0673   0.9618 126.1746 282.2355
   9.095   0.9616   0.01183   0.00315  -0.0176   0.0646   0.9629 126.6894 282.5259
   9.181   0.9698   0.01194   0.00320  -0.0174   0.0622   0.9643 127.1532 282.8664
   9.266   0.9779   0.01204   0.00326  -0.0171   0.0599   0.9655 127.6164 283.1902
   9.352   0.9857   0.01216   0.00332  -0.0167   0.0578   0.9669 128.0404 283.5555
   9.437   0.9940   0.01226   0.00337  -0.0165   0.0559   0.9684 128.4483 283.9710
   9.523   1.0017   0.01237   0.00343  -0.0161   0.0539   0.9699 128.8486 284.3807
   9.608   1.0098   0.01248   0.00349  -0.0158   0.0522   0.9716 129.2178 284.8570
   9.694   1.0179   0.01258   0.00354  -0.0155   0.0504   0.9733 129.6112 285.3487
   9.779   1.0258   0.01271   0.00361  -0.0152   0.0487   0.9752 129.9817 285.9391
   9.864   1.0343   0.01280   0.00366  -0.0150   0.0472   0.9769 130.3200 286.4715
   9.950   1.0428   0.01292   0.00372  -0.0148   0.0457   0.9789 130.6685 287.1043
  10.035   1.0513   0.01306   0.00380  -0.0147   0.0442   0.9808 130.9991 287.7599
  10.121   1.0605   0.01316   0.00385  -0.0146   0.0430   0.9826 131.2863 288.4059
  10.206   1.0698   0.01329   0.00392  -0.0146   0.0417   0.9846 131.5899 289.1302
  10.291   1.0790   0.01344   0.00401  -0.0147   0.0405   0.9865 131.8859 289.9096
  10.377   1.0887   0.01357   0.00408  -0.0147   0.0394   0.9884 132.1554 290.7084
  10.462   1.0986   0.01368   0.00415  -0.0149   0.0382   0.9903 132.4421 291.6082
  10.548   1.1085   0.01382   0.00423  -0.0150   0.0371   0.9924 132.7222 292.7061
  10.633   1.1181   0.01400   0.00433  -0.0152   0.0361   0.9949 132.9854 294.2129
  10.719   1.1283   0.01411   0.00440  -0.0154   0.0352   0.9977 133.2066 296.4351
  10.804   1.1376   0.01424   0.00447  -0.0154   0.0343   1.0000 133.4362 301.0000
  10.889   1.1458   0.01438   0.00454  -0.0153   0.0335   1.0000 133.6472 301.0000
  10.975   1.1538   0.01454   0.00463  -0.0151   0.0328   1.0000 133.8499 301.0000
  11.060   1.1618   0.01470   0.00473  -0.0149   0.0320   1.0000 134.0435 301.0000
  11.146   1.1703   0.01482   0.00480  -0.0147   0.0314   1.0000 134.2095 301.0000
  11.231   1.1786   0.01496   0.00488  -0.0146   0.0308   1.0000 134.3874 301.0000
  11.317   1.1866   0.01511   0.00496  -0.0144   0.0302   1.0000 134.5618 301.0000
  11.402   1.1945   0.01527   0.00506  -0.0141   0.0296   1.0000 134.7273 301.0000
  11.487   1.2020   0.01546   0.00516  -0.0139   0.0290   1.0000 134.8952 301.0000
  11.573   1.2096   0.01564   0.00527  -0.0136   0.0284   1.0000 135.0489 301.0000
  11.658   1.2177   0.01577   0.00535  -0.0134   0.0280   1.0000 135.1819 301.0000
  11.744   1.2257   0.01591   0.00543  -0.0132   0.0275   1.0000 135.3277 301.0000
  11.829   1.2335   0.01606   0.00552  -0.0129   0.0270   1.0000 135.4743 301.0000
  11.915   1.2411   0.01622   0.00561  -0.0127   0.0265   1.0000 135.6162 301.0000
  12.000   1.2485   0.01639   0.00571  -0.0124   0.0261   1.0000 135.7505 301.0000
