  
       XFOIL         Version 6.99
  
 Calculated polar for: Repaneled_Airfoil                               
  
 1 1 Reynolds number fixed          Mach number fixed         
  
 xtrf =   1.000 (top)        1.000 (bottom)  
 Mach =   0.000     Re =     1.000 e 6     Ncrit =   9.000  9.000
  
   alpha    CL        CD       CDp       CM     Top_Xtr  Bot_Xtr  Top_Itr  Bot_Itr
  ------ -------- --------- --------- -------- -------- -------- -------- --------
  -5.000  -0.3932   0.00992   0.00242  -0.0704   0.9367   0.0590  25.3500 174.5353
  -4.915  -0.3840   0.00984   0.00236  -0.0703   0.9351   0.0606  25.6472 174.8682
  -4.829  -0.3746   0.00974   0.00230  -0.0703   0.9338   0.0623  25.9140 175.1931
  -4.744  -0.3658   0.00965   0.00225  -0.0701   0.9319   0.0640  26.2642 175.5342
  -4.658  -0.3568   0.00958   0.00220  -0.0700   0.9300   0.0658  26.6340 175.8819
  -4.573  -0.3473   0.00948   0.00213  -0.0700   0.9283   0.0676  26.9499 176.2147
  -4.487  -0.3386   0.00939   0.00209  -0.0698   0.9260   0.0694  27.3690 176.5538
  -4.402  -0.3294   0.00932   0.00203  -0.0698   0.9237   0.0712  27.7817 176.9029
  -4.317  -0.3203   0.00923   0.00198  -0.0697   0.9213   0.0731  28.2191 177.2453
  -4.231  -0.3113   0.00915   0.00193  -0.0696   0.9183   0.0752  28.7456 177.6226
  -4.146  -0.3021   0.00908   0.00188  -0.0695   0.9149   0.0772  29.3299 177.9960
  -4.060  -0.2930   0.00898   0.00182  -0.0694   0.9106   0.0795  30.0577 178.3892
  -3.975  -0.2841   0.00891   0.00176  -0.0693   0.9046   0.0818  31.0593 178.8062
  -3.889  -0.2753   0.00883   0.00169  -0.0691   0.8946   0.0841  32.6502 179.2011
  -3.804  -0.2808   0.00934   0.00157  -0.0655   0.7033   0.0849  56.0821 179.3331
  -3.719  -0.2795   0.00966   0.00167  -0.0639   0.6468   0.0865  61.8458 179.6071
  -3.548  -0.2638   0.00970   0.00166  -0.0632   0.6195   0.0915  64.5460 180.4377
  -3.462  -0.2553   0.00970   0.00164  -0.0630   0.6108   0.0943  65.4027 180.9000
  -3.377  -0.2467   0.00968   0.00163  -0.0629   0.6034   0.0970  66.1225 181.3493
  -3.292  -0.2378   0.00965   0.00161  -0.0628   0.5966   0.1002  66.7871 181.8587
  -3.206  -0.2289   0.00962   0.00159  -0.0627   0.5906   0.1034  67.3675 182.3640
  -3.121  -0.2201   0.00960   0.00157  -0.0626   0.5849   0.1070  67.9202 182.9157
  -3.035  -0.2110   0.00956   0.00154  -0.0625   0.5795   0.1106  68.4490 183.4646
  -2.864  -0.1929   0.00948   0.00149  -0.0624   0.5695   0.1184  69.4169 184.6357
  -2.779  -0.1839   0.00944   0.00147  -0.0623   0.5648   0.1226  69.8639 185.2601
  -2.693  -0.1747   0.00940   0.00144  -0.0622   0.5606   0.1277  70.2753 185.9935
  -2.608  -0.1656   0.00933   0.00140  -0.0622   0.5563   0.1338  70.6834 186.8546
  -2.523  -0.1566   0.00927   0.00137  -0.0621   0.5526   0.1417  71.0426 187.9490
  -2.437  -0.1474   0.00914   0.00131  -0.0622   0.5487   0.1549  71.4197 189.7266
  -2.352  -0.1388   0.00885   0.00123  -0.0623   0.5450   0.2011  71.7747 195.5035
  -2.266  -0.1299   0.00866   0.00119  -0.0624   0.5416   0.2431  72.1007 200.3313
  -2.181  -0.1206   0.00854   0.00116  -0.0624   0.5380   0.2656  72.4481 202.7898
  -2.095  -0.1113   0.00845   0.00113  -0.0624   0.5346   0.2835  72.7715 204.7036
  -2.010  -0.1021   0.00835   0.00110  -0.0625   0.5316   0.3008  73.0567 206.5274
  -1.925  -0.0927   0.00824   0.00106  -0.0625   0.5284   0.3198  73.3584 208.4856
  -1.839  -0.0834   0.00811   0.00102  -0.0626   0.5254   0.3424  73.6479 210.7756
  -1.754  -0.0742   0.00794   0.00096  -0.0627   0.5227   0.3741  73.9080 213.9359
  -1.668  -0.0650   0.00765   0.00088  -0.0629   0.5201   0.4263  74.1574 219.0199
  -1.583  -0.0558   0.00724   0.00078  -0.0632   0.5173   0.5039  74.4247 226.4563
  -1.498  -0.0467   0.00695   0.00075  -0.0633   0.5145   0.5720  74.6932 232.9731
  -1.412  -0.0375   0.00686   0.00078  -0.0633   0.5118   0.6074  74.9476 236.4035
  -1.327  -0.0280   0.00683   0.00082  -0.0632   0.5090   0.6266  75.2151 238.2871
  -1.241  -0.0185   0.00683   0.00085  -0.0632   0.5061   0.6391  75.4978 239.5275
  -1.156  -0.0091   0.00684   0.00088  -0.0631   0.5032   0.6481  75.7707 240.4255
  -1.070   0.0003   0.00687   0.00090  -0.0630   0.5006   0.6554  76.0207 241.1534
  -0.985   0.0100   0.00689   0.00093  -0.0630   0.4977   0.6617  76.3000 241.7865
  -0.899   0.0196   0.00691   0.00096  -0.0629   0.4947   0.6669  76.5879 242.3038
  -0.814   0.0291   0.00695   0.00098  -0.0629   0.4918   0.6718  76.8651 242.8079
  -0.729   0.0386   0.00698   0.00100  -0.0628   0.4890   0.6757  77.1337 243.2044
  -0.643   0.0482   0.00701   0.00103  -0.0628   0.4860   0.6795  77.4228 243.5917
  -0.558   0.0579   0.00704   0.00103  -0.0628   0.4830   0.6834  77.7024 243.9896
  -0.472   0.0672   0.00708   0.00107  -0.0626   0.4804   0.6859  77.9532 244.2450
  -0.387   0.0769   0.00712   0.00110  -0.0626   0.4778   0.6886  78.2081 244.5211
  -0.301   0.0866   0.00715   0.00111  -0.0626   0.4751   0.6914  78.4661 244.8087
  -0.216   0.0962   0.00719   0.00113  -0.0625   0.4725   0.6939  78.7092 245.0650
  -0.131   0.1055   0.00723   0.00117  -0.0624   0.4702   0.6959  78.9330 245.2693
  -0.045   0.1151   0.00727   0.00120  -0.0624   0.4678   0.6981  79.1608 245.5040
   0.040   0.1248   0.00731   0.00122  -0.0623   0.4653   0.7006  79.4052 245.7616
   0.126   0.1345   0.00735   0.00123  -0.0623   0.4627   0.7030  79.6477 246.0087
   0.211   0.1439   0.00739   0.00126  -0.0622   0.4604   0.7043  79.8708 246.1470
   0.296   0.1534   0.00743   0.00129  -0.0621   0.4582   0.7056  80.0836 246.2810
   0.382   0.1630   0.00746   0.00132  -0.0621   0.4557   0.7070  80.3224 246.4243
   0.467   0.1726   0.00749   0.00134  -0.0620   0.4531   0.7085  80.5693 246.5880
   0.553   0.1822   0.00754   0.00136  -0.0620   0.4506   0.7103  80.8091 246.7733
   0.638   0.1918   0.00758   0.00136  -0.0620   0.4483   0.7122  81.0337 246.9722
   0.724   0.2014   0.00761   0.00139  -0.0619   0.4457   0.7134  81.2794 247.0972
   0.809   0.2109   0.00765   0.00143  -0.0618   0.4431   0.7144  81.5330 247.2091
   0.894   0.2203   0.00769   0.00145  -0.0617   0.4406   0.7155  81.7767 247.3186
   1.065   0.2394   0.00776   0.00149  -0.0616   0.4358   0.7176  82.2359 247.5425
   1.151   0.2491   0.00779   0.00150  -0.0616   0.4332   0.7188  82.4887 247.6715
   1.236   0.2587   0.00783   0.00151  -0.0615   0.4306   0.7202  82.7386 247.8202
   1.322   0.2683   0.00788   0.00151  -0.0615   0.4282   0.7218  82.9727 247.9901
   1.407   0.2778   0.00790   0.00156  -0.0614   0.4257   0.7228  83.2170 248.0996
   1.492   0.2872   0.00794   0.00160  -0.0613   0.4229   0.7239  83.4820 248.2082
   1.578   0.2967   0.00799   0.00163  -0.0612   0.4202   0.7249  83.7463 248.3163
   1.749   0.3157   0.00806   0.00167  -0.0611   0.4147   0.7267  84.2794 248.5115
   1.834   0.3253   0.00809   0.00167  -0.0610   0.4115   0.7275  84.5866 248.5962
   1.920   0.3349   0.00813   0.00167  -0.0610   0.4084   0.7282  84.8880 248.6738
   2.005   0.3445   0.00815   0.00167  -0.0610   0.4053   0.7290  85.1884 248.7570
   2.091   0.3542   0.00818   0.00167  -0.0610   0.4019   0.7298  85.5285 248.8442
   2.176   0.3639   0.00821   0.00166  -0.0610   0.3984   0.7307  85.8648 248.9344
   2.261   0.3736   0.00824   0.00165  -0.0610   0.3951   0.7314  86.1877 249.0131
   2.347   0.3831   0.00826   0.00166  -0.0609   0.3915   0.7318  86.5441 249.0613
   2.432   0.3925   0.00829   0.00167  -0.0608   0.3878   0.7323  86.9006 249.1100
   2.518   0.4021   0.00832   0.00169  -0.0608   0.3841   0.7328  87.2645 249.1597
   2.603   0.4116   0.00835   0.00170  -0.0607   0.3799   0.7332  87.6792 249.2094
   2.688   0.4211   0.00839   0.00170  -0.0607   0.3758   0.7337  88.0795 249.2595
   2.774   0.4307   0.00841   0.00171  -0.0606   0.3712   0.7342  88.5396 249.3108
   2.859   0.4401   0.00846   0.00171  -0.0606   0.3664   0.7346  89.0100 249.3636
   2.945   0.4497   0.00849   0.00172  -0.0606   0.3612   0.7352  89.5352 249.4214
   3.030   0.4592   0.00854   0.00173  -0.0605   0.3556   0.7358  90.0923 249.4850
   3.116   0.4688   0.00858   0.00173  -0.0605   0.3490   0.7364  90.7479 249.5536
   3.201   0.4783   0.00863   0.00173  -0.0604   0.3420   0.7371  91.4582 249.6265
   3.286   0.4878   0.00869   0.00174  -0.0604   0.3340   0.7378  92.2680 249.7028
   3.372   0.4974   0.00876   0.00174  -0.0604   0.3253   0.7385  93.1451 249.7818
   3.457   0.5069   0.00882   0.00174  -0.0604   0.3159   0.7392  94.1103 249.8597
   3.543   0.5165   0.00890   0.00174  -0.0604   0.3050   0.7399  95.2355 249.9348
   3.628   0.5261   0.00898   0.00174  -0.0604   0.2938   0.7406  96.4033 250.0024
   3.714   0.5355   0.00906   0.00176  -0.0603   0.2823   0.7409  97.6184 250.0434
   3.799   0.5448   0.00915   0.00178  -0.0603   0.2717   0.7413  98.7575 250.0852
   3.884   0.5542   0.00924   0.00181  -0.0603   0.2625   0.7417  99.7466 250.1295
   3.970   0.5636   0.00933   0.00184  -0.0602   0.2545   0.7421 100.6204 250.1753
   4.055   0.5731   0.00941   0.00187  -0.0602   0.2479   0.7426 101.3483 250.2226
   4.226   0.5920   0.00956   0.00193  -0.0601   0.2379   0.7435 102.4593 250.3232
   4.312   0.6015   0.00964   0.00196  -0.0601   0.2339   0.7440 102.9165 250.3750
   4.397   0.6110   0.00969   0.00198  -0.0600   0.2304   0.7444 103.3057 250.4273
   4.482   0.6206   0.00976   0.00200  -0.0600   0.2271   0.7449 103.6916 250.4790
   4.568   0.6301   0.00983   0.00202  -0.0600   0.2240   0.7454 104.0374 250.5306
   4.653   0.6397   0.00987   0.00204  -0.0600   0.2213   0.7459 104.3546 250.5815
   4.739   0.6493   0.00993   0.00205  -0.0600   0.2185   0.7463 104.6699 250.6322
   4.824   0.6588   0.01000   0.00207  -0.0599   0.2159   0.7468 104.9729 250.6838
   4.910   0.6684   0.01004   0.00208  -0.0599   0.2135   0.7473 105.2501 250.7357
   4.995   0.6780   0.01008   0.00209  -0.0599   0.2110   0.7477 105.5445 250.7874
   5.080   0.6876   0.01015   0.00210  -0.0599   0.2087   0.7482 105.8215 250.8375
   5.166   0.6972   0.01020   0.00211  -0.0599   0.2065   0.7486 106.0702 250.8856
   5.251   0.7069   0.01024   0.00212  -0.0599   0.2045   0.7491 106.3128 250.9322
   5.337   0.7165   0.01028   0.00212  -0.0599   0.2024   0.7495 106.5569 250.9761
   5.422   0.7261   0.01034   0.00213  -0.0599   0.2005   0.7498 106.7939 251.0129
   5.508   0.7355   0.01039   0.00216  -0.0599   0.1986   0.7501 107.0174 251.0413
   5.593   0.7451   0.01042   0.00217  -0.0598   0.1968   0.7503 107.2283 251.0700
   5.678   0.7546   0.01045   0.00218  -0.0598   0.1949   0.7506 107.4611 251.0988
   5.764   0.7641   0.01050   0.00220  -0.0598   0.1929   0.7508 107.7015 251.1279
   5.849   0.7735   0.01056   0.00222  -0.0597   0.1909   0.7511 107.9411 251.1577
   5.935   0.7830   0.01060   0.00223  -0.0597   0.1891   0.7514 108.1690 251.1886
   6.020   0.7926   0.01063   0.00224  -0.0597   0.1870   0.7517 108.4187 251.2213
   6.106   0.8020   0.01068   0.00226  -0.0596   0.1850   0.7520 108.6719 251.2554
   6.191   0.8115   0.01074   0.00228  -0.0596   0.1830   0.7523 108.9133 251.2912
   6.276   0.8210   0.01078   0.00229  -0.0595   0.1812   0.7527 109.1384 251.3281
   6.362   0.8305   0.01082   0.00230  -0.0595   0.1792   0.7530 109.3873 251.3664
   6.447   0.8399   0.01087   0.00231  -0.0595   0.1771   0.7534 109.6522 251.4055
   6.533   0.8494   0.01093   0.00232  -0.0594   0.1749   0.7537 109.9225 251.4454
   6.618   0.8588   0.01097   0.00233  -0.0594   0.1728   0.7541 110.1955 251.4858
   6.704   0.8683   0.01101   0.00234  -0.0594   0.1702   0.7545 110.5180 251.5266
   6.789   0.8777   0.01108   0.00235  -0.0593   0.1675   0.7548 110.8585 251.5676
   6.874   0.8872   0.01113   0.00236  -0.0593   0.1649   0.7552 111.1920 251.6087
   6.960   0.8966   0.01118   0.00237  -0.0592   0.1619   0.7556 111.5841 251.6499
   7.045   0.9060   0.01125   0.00238  -0.0592   0.1589   0.7559 111.9769 251.6915
   7.131   0.9155   0.01129   0.00239  -0.0592   0.1558   0.7563 112.3871 251.7340
   7.216   0.9248   0.01136   0.00240  -0.0591   0.1521   0.7567 112.8772 251.7768
   7.301   0.9342   0.01142   0.00241  -0.0591   0.1483   0.7571 113.3784 251.8197
   7.387   0.9435   0.01151   0.00242  -0.0590   0.1441   0.7575 113.9429 251.8623
   7.472   0.9528   0.01158   0.00244  -0.0590   0.1397   0.7579 114.5496 251.9044
   7.558   0.9621   0.01166   0.00246  -0.0589   0.1349   0.7583 115.2193 251.9465
   7.643   0.9712   0.01177   0.00248  -0.0589   0.1290   0.7586 116.0461 251.9885
   7.729   0.9802   0.01188   0.00252  -0.0588   0.1231   0.7589 116.9015 252.0229
   7.814   0.9892   0.01199   0.00256  -0.0587   0.1168   0.7592 117.8318 252.0548
   7.899   0.9980   0.01212   0.00262  -0.0585   0.1098   0.7595 118.8808 252.0866
   7.985   1.0066   0.01227   0.00269  -0.0584   0.1033   0.7598 119.8876 252.1190
   8.070   1.0153   0.01241   0.00276  -0.0582   0.0970   0.7601 120.8974 252.1521
   8.156   1.0239   0.01257   0.00283  -0.0581   0.0906   0.7604 121.9361 252.1865
   8.241   1.0325   0.01273   0.00291  -0.0579   0.0851   0.7607 122.8658 252.2224
   8.327   1.0411   0.01287   0.00299  -0.0577   0.0798   0.7611 123.7873 252.2593
   8.412   1.0496   0.01303   0.00307  -0.0576   0.0748   0.7614 124.6937 252.2973
   8.498   1.0582   0.01318   0.00314  -0.0574   0.0704   0.7617 125.5049 252.3358
   8.583   1.0667   0.01333   0.00322  -0.0572   0.0665   0.7621 126.2370 252.3747
   8.754   1.0838   0.01361   0.00337  -0.0568   0.0593   0.7628 127.6493 252.4533
   8.839   1.0923   0.01376   0.00344  -0.0567   0.0564   0.7631 128.2370 252.4931
   8.925   1.1008   0.01390   0.00352  -0.0565   0.0538   0.7635 128.7808 252.5329
   9.010   1.1094   0.01403   0.00358  -0.0563   0.0516   0.7638 129.2549 252.5725
   9.095   1.1180   0.01416   0.00365  -0.0561   0.0494   0.7642 129.7482 252.6123
   9.181   1.1265   0.01429   0.00372  -0.0559   0.0474   0.7646 130.1760 252.6525
   9.266   1.1351   0.01441   0.00378  -0.0558   0.0456   0.7649 130.5950 252.6933
   9.352   1.1435   0.01457   0.00386  -0.0556   0.0439   0.7653 130.9891 252.7345
   9.437   1.1521   0.01468   0.00391  -0.0554   0.0424   0.7657 131.3275 252.7761
   9.523   1.1606   0.01481   0.00398  -0.0552   0.0410   0.7660 131.6750 252.8176
   9.608   1.1688   0.01497   0.00406  -0.0550   0.0396   0.7664 132.0002 252.8588
   9.694   1.1776   0.01507   0.00411  -0.0548   0.0385   0.7668 132.2734 252.8998
   9.779   1.1861   0.01519   0.00417  -0.0546   0.0374   0.7671 132.5694 252.9398
   9.864   1.1944   0.01534   0.00425  -0.0544   0.0362   0.7675 132.8482 252.9780
   9.950   1.2027   0.01547   0.00432  -0.0542   0.0353   0.7678 133.0923 253.0122
  10.035   1.2112   0.01558   0.00438  -0.0540   0.0344   0.7680 133.3236 253.0432
  10.121   1.2194   0.01570   0.00445  -0.0537   0.0335   0.7683 133.5554 253.0750
  10.206   1.2276   0.01585   0.00454  -0.0535   0.0327   0.7686 133.7770 253.1078
  10.291   1.2355   0.01601   0.00463  -0.0532   0.0319   0.7689 133.9989 253.1417
  10.377   1.2439   0.01612   0.00470  -0.0530   0.0313   0.7692 134.1678 253.1764
  10.462   1.2521   0.01624   0.00477  -0.0527   0.0306   0.7695 134.3551 253.2123
  10.548   1.2602   0.01638   0.00485  -0.0525   0.0299   0.7699 134.5416 253.2488
  10.633   1.2681   0.01653   0.00493  -0.0522   0.0293   0.7702 134.7208 253.2862
  10.719   1.2759   0.01671   0.00504  -0.0519   0.0286   0.7705 134.9018 253.3241
  10.804   1.2838   0.01686   0.00512  -0.0516   0.0281   0.7709 135.0609 253.3623
  10.889   1.2920   0.01697   0.00519  -0.0514   0.0276   0.7712 135.2056 253.4010
  10.975   1.3001   0.01710   0.00526  -0.0511   0.0271   0.7715 135.3626 253.4398
  11.060   1.3081   0.01723   0.00534  -0.0508   0.0265   0.7719 135.5209 253.4786
  11.146   1.3159   0.01739   0.00542  -0.0505   0.0260   0.7722 135.6714 253.5178
  11.231   1.3236   0.01755   0.00551  -0.0502   0.0255   0.7726 135.8157 253.5579
  11.317   1.3309   0.01775   0.00563  -0.0498   0.0250   0.7729 135.9642 253.5985
  11.402   1.3387   0.01789   0.00571  -0.0495   0.0247   0.7733 136.0784 253.6398
  11.487   1.3466   0.01803   0.00578  -0.0492   0.0243   0.7737 136.1915 253.6816
  11.573   1.3545   0.01816   0.00586  -0.0489   0.0239   0.7740 136.3098 253.7237
  11.658   1.3622   0.01831   0.00594  -0.0486   0.0236   0.7744 136.4286 253.7660
  11.744   1.3697   0.01847   0.00603  -0.0483   0.0232   0.7748 136.5445 253.8083
  11.829   1.3772   0.01864   0.00613  -0.0480   0.0228   0.7752 136.6566 253.8505
  11.915   1.3845   0.01882   0.00623  -0.0476   0.0225   0.7755 136.7678 253.8924
  12.000   1.3914   0.01903   0.00635  -0.0472   0.0221   0.7759 136.8845 253.9350
