  
       XFOIL         Version 6.99
  
 Calculated polar for: Repaneled_Airfoil                               
  
 1 1 Reynolds number fixed          Mach number fixed         
  
 xtrf =   1.000 (top)        1.000 (bottom)  
 Mach =   0.000     Re =     1.000 e 6     Ncrit =   9.000  9.000
  
   alpha    CL        CD       CDp       CM     Top_Xtr  Bot_Xtr  Top_Itr  Bot_Itr
  ------ -------- --------- --------- -------- -------- -------- -------- --------
  -5.000   0.0860   0.00788   0.00168  -0.1119   0.8232   0.2275  42.2247 198.2807
  -4.915   0.0959   0.00784   0.00166  -0.1120   0.8219   0.2281  42.3808 198.3578
  -4.829   0.1058   0.00781   0.00164  -0.1120   0.8207   0.2289  42.5391 198.4403
  -4.744   0.1157   0.00778   0.00161  -0.1120   0.8194   0.2296  42.6969 198.5274
  -4.658   0.1256   0.00775   0.00157  -0.1120   0.8182   0.2304  42.8476 198.6181
  -4.573   0.1355   0.00772   0.00153  -0.1120   0.8170   0.2312  42.9898 198.7094
  -4.487   0.1454   0.00769   0.00151  -0.1120   0.8151   0.2320  43.2236 198.7989
  -4.402   0.1553   0.00766   0.00148  -0.1120   0.8132   0.2327  43.4534 198.8828
  -4.317   0.1652   0.00763   0.00144  -0.1121   0.8115   0.2334  43.6553 198.9566
  -4.231   0.1751   0.00759   0.00139  -0.1121   0.8101   0.2340  43.8322 199.0315
  -4.146   0.1848   0.00753   0.00135  -0.1121   0.8088   0.2348  43.9886 199.1187
  -4.060   0.1947   0.00749   0.00134  -0.1121   0.8068   0.2355  44.2344 199.1988
  -3.975   0.2045   0.00745   0.00132  -0.1121   0.8047   0.2362  44.4851 199.2765
  -3.889   0.2144   0.00741   0.00129  -0.1122   0.8027   0.2369  44.7192 199.3541
  -3.804   0.2243   0.00738   0.00125  -0.1122   0.8010   0.2376  44.9220 199.4335
  -3.719   0.2342   0.00735   0.00123  -0.1122   0.7990   0.2383  45.1635 199.5153
  -3.633   0.2441   0.00732   0.00121  -0.1122   0.7966   0.2391  45.4383 199.6000
  -3.548   0.2540   0.00729   0.00118  -0.1123   0.7944   0.2398  45.7059 199.6865
  -3.462   0.2638   0.00727   0.00114  -0.1123   0.7923   0.2406  45.9534 199.7747
  -3.377   0.2738   0.00724   0.00112  -0.1123   0.7892   0.2414  46.3101 199.8617
  -3.292   0.2837   0.00722   0.00108  -0.1124   0.7859   0.2421  46.6889 199.9425
  -3.206   0.2935   0.00720   0.00104  -0.1124   0.7830   0.2428  47.0231 200.0205
  -3.121   0.3033   0.00715   0.00103  -0.1124   0.7789   0.2437  47.4947 200.1187
  -3.035   0.3130   0.00711   0.00100  -0.1124   0.7750   0.2444  47.9432 200.2061
  -2.950   0.3229   0.00709   0.00097  -0.1125   0.7702   0.2452  48.4893 200.2899
  -2.864   0.3326   0.00706   0.00094  -0.1124   0.7654   0.2459  49.0304 200.3720
  -2.779   0.3423   0.00705   0.00091  -0.1125   0.7593   0.2467  49.7111 200.4554
  -2.693   0.3520   0.00704   0.00088  -0.1125   0.7525   0.2475  50.4612 200.5414
  -2.608   0.3616   0.00704   0.00085  -0.1124   0.7442   0.2482  51.3706 200.6291
  -2.523   0.3709   0.00705   0.00081  -0.1123   0.7351   0.2490  52.3528 200.7167
  -2.437   0.3801   0.00708   0.00077  -0.1122   0.7242   0.2498  53.5192 200.8028
  -2.266   0.3982   0.00719   0.00073  -0.1120   0.7030   0.2512  55.7547 200.9592
  -2.181   0.4071   0.00724   0.00073  -0.1119   0.6934   0.2519  56.7508 201.0397
  -2.095   0.4161   0.00728   0.00073  -0.1118   0.6850   0.2528  57.6110 201.1333
  -2.010   0.4252   0.00733   0.00074  -0.1117   0.6776   0.2536  58.3640 201.2215
  -1.925   0.4343   0.00738   0.00075  -0.1116   0.6703   0.2544  59.1081 201.3087
  -1.839   0.4435   0.00742   0.00076  -0.1115   0.6629   0.2552  59.8545 201.3963
  -1.754   0.4527   0.00747   0.00077  -0.1115   0.6560   0.2560  60.5470 201.4872
  -1.668   0.4619   0.00752   0.00078  -0.1114   0.6498   0.2568  61.1742 201.5823
  -1.583   0.4712   0.00756   0.00079  -0.1114   0.6434   0.2577  61.8090 201.6807
  -1.498   0.4805   0.00760   0.00080  -0.1113   0.6371   0.2586  62.4351 201.7787
  -1.412   0.4897   0.00765   0.00081  -0.1113   0.6304   0.2595  63.0933 201.8735
  -1.327   0.4989   0.00771   0.00081  -0.1112   0.6230   0.2603  63.8248 201.9600
  -1.241   0.5080   0.00775   0.00082  -0.1111   0.6149   0.2611  64.6133 202.0515
  -1.156   0.5169   0.00779   0.00083  -0.1110   0.6062   0.2620  65.4672 202.1512
  -1.070   0.5258   0.00785   0.00084  -0.1109   0.5967   0.2629  66.3867 202.2428
  -0.985   0.5345   0.00792   0.00086  -0.1108   0.5865   0.2637  67.3787 202.3315
  -0.899   0.5433   0.00799   0.00087  -0.1107   0.5753   0.2645  68.4618 202.4192
  -0.814   0.5519   0.00807   0.00089  -0.1106   0.5638   0.2653  69.5613 202.5087
  -0.729   0.5605   0.00816   0.00091  -0.1104   0.5514   0.2661  70.7513 202.6000
  -0.643   0.5688   0.00826   0.00093  -0.1102   0.5372   0.2670  72.1110 202.6923
  -0.558   0.5770   0.00838   0.00095  -0.1100   0.5206   0.2678  73.6937 202.7838
  -0.472   0.5846   0.00854   0.00099  -0.1097   0.4998   0.2686  75.6798 202.8691
  -0.387   0.5915   0.00876   0.00104  -0.1093   0.4718   0.2693  78.3530 202.9467
  -0.216   0.5948   0.01001   0.00143  -0.1068   0.3134   0.2705  93.9115 203.0711
  -0.131   0.5918   0.01104   0.00183  -0.1048   0.1639   0.2709 110.8987 203.1173
  -0.045   0.5993   0.01120   0.00190  -0.1045   0.1463   0.2717 113.2365 203.2068
   0.040   0.6076   0.01130   0.00193  -0.1043   0.1385   0.2726 114.2960 203.2996
   0.126   0.6162   0.01137   0.00196  -0.1042   0.1332   0.2735 115.0456 203.3944
   0.211   0.6249   0.01144   0.00199  -0.1041   0.1290   0.2744 115.6383 203.4926
   0.296   0.6336   0.01151   0.00201  -0.1040   0.1255   0.2753 116.1386 203.5937
   0.382   0.6425   0.01156   0.00203  -0.1039   0.1223   0.2763 116.6098 203.7001
   0.467   0.6511   0.01163   0.00206  -0.1038   0.1194   0.2773 117.0298 203.8066
   0.553   0.6601   0.01168   0.00207  -0.1037   0.1167   0.2783 117.4211 203.9106
   0.724   0.6776   0.01179   0.00212  -0.1035   0.1119   0.2802 118.1545 204.1230
   0.809   0.6864   0.01183   0.00214  -0.1034   0.1095   0.2813 118.5204 204.2347
   0.894   0.6951   0.01188   0.00216  -0.1033   0.1072   0.2823 118.8734 204.3443
   0.980   0.7039   0.01193   0.00218  -0.1032   0.1051   0.2834 119.1989 204.4560
   1.065   0.7127   0.01198   0.00220  -0.1031   0.1029   0.2844 119.5430 204.5689
   1.151   0.7214   0.01204   0.00222  -0.1030   0.1008   0.2855 119.8680 204.6819
   1.236   0.7301   0.01210   0.00224  -0.1029   0.0989   0.2866 120.1666 204.7973
   1.322   0.7389   0.01215   0.00226  -0.1028   0.0969   0.2876 120.4841 204.9100
   1.492   0.7561   0.01226   0.00230  -0.1026   0.0932   0.2898 121.0855 205.1420
   1.578   0.7648   0.01230   0.00232  -0.1025   0.0913   0.2910 121.4047 205.2636
   1.663   0.7734   0.01236   0.00234  -0.1024   0.0893   0.2921 121.7323 205.3878
   1.749   0.7818   0.01243   0.00236  -0.1022   0.0875   0.2934 122.0381 205.5175
   1.834   0.7906   0.01247   0.00239  -0.1021   0.0857   0.2947 122.3476 205.6554
   1.920   0.7991   0.01253   0.00241  -0.1020   0.0839   0.2960 122.6565 205.7942
   2.005   0.8074   0.01261   0.00243  -0.1019   0.0822   0.2972 122.9474 205.9272
   2.091   0.8160   0.01266   0.00245  -0.1017   0.0806   0.2985 123.2316 206.0635
   2.176   0.8245   0.01271   0.00248  -0.1016   0.0788   0.2999 123.5387 206.2085
   2.261   0.8328   0.01278   0.00250  -0.1015   0.0772   0.3013 123.8295 206.3530
   2.347   0.8411   0.01285   0.00253  -0.1013   0.0757   0.3028 124.1008 206.5043
   2.432   0.8496   0.01290   0.00255  -0.1012   0.0741   0.3042 124.3904 206.6603
   2.518   0.8579   0.01297   0.00258  -0.1010   0.0725   0.3057 124.6767 206.8137
   2.603   0.8660   0.01306   0.00260  -0.1008   0.0711   0.3071 124.9425 206.9587
   2.688   0.8743   0.01311   0.00263  -0.1007   0.0697   0.3086 125.1932 207.1120
   2.774   0.8825   0.01317   0.00266  -0.1005   0.0683   0.3101 125.4629 207.2734
   2.859   0.8906   0.01325   0.00269  -0.1003   0.0669   0.3118 125.7245 207.4441
   2.945   0.8983   0.01334   0.00273  -0.1001   0.0656   0.3135 125.9847 207.6222
   3.030   0.9066   0.01340   0.00276  -0.0999   0.0643   0.3153 126.2389 207.8127
   3.116   0.9147   0.01347   0.00279  -0.0997   0.0628   0.3171 126.5222 207.9981
   3.201   0.9225   0.01355   0.00282  -0.0995   0.0614   0.3190 126.7943 208.1940
   3.286   0.9302   0.01364   0.00286  -0.0993   0.0601   0.3211 127.0510 208.4066
   3.372   0.9383   0.01370   0.00289  -0.0991   0.0589   0.3234 127.3122 208.6419
   3.457   0.9461   0.01378   0.00292  -0.0989   0.0575   0.3257 127.5816 208.8846
   3.543   0.9537   0.01386   0.00295  -0.0986   0.0563   0.3281 127.8358 209.1295
   3.628   0.9611   0.01396   0.00300  -0.0983   0.0551   0.3309 128.0786 209.4099
   3.714   0.9690   0.01403   0.00303  -0.0981   0.0540   0.3340 128.3227 209.7313
   3.884   0.9833   0.01420   0.00311  -0.0974   0.0517   0.3408 128.7938 210.4180
   3.970   0.9894   0.01431   0.00315  -0.0969   0.0507   0.3447 129.0149 210.8133
   4.055   0.9965   0.01437   0.00319  -0.0965   0.0498   0.3492 129.2168 211.2663
   4.141   1.0032   0.01444   0.00322  -0.0961   0.0488   0.3545 129.4376 211.8037
   4.226   1.0096   0.01453   0.00326  -0.0956   0.0478   0.3606 129.6507 212.4054
   4.312   1.0158   0.01463   0.00331  -0.0951   0.0469   0.3679 129.8520 213.1344
   4.482   1.0296   0.01481   0.00343  -0.0944   0.0453   0.3895 130.2365 215.2776
   4.568   1.0367   0.01489   0.00350  -0.0941   0.0444   0.4070 130.4362 216.9886
   4.653   1.0437   0.01496   0.00357  -0.0938   0.0436   0.4338 130.6304 219.5907
   4.739   1.0505   0.01502   0.00366  -0.0935   0.0428   0.4811 130.8160 224.1437
   4.824   1.0564   0.01483   0.00388  -0.0932   0.0420   0.6965 131.0025 245.2826
   4.995   1.0793   0.01453   0.00412  -0.0944   0.0402   1.0000 131.4213 301.0000
   5.080   1.0855   0.01467   0.00418  -0.0939   0.0395   1.0000 131.5915 301.0000
   5.166   1.0915   0.01483   0.00425  -0.0934   0.0389   1.0000 131.7539 301.0000
   5.251   1.0970   0.01501   0.00433  -0.0928   0.0382   1.0000 131.9197 301.0000
   5.337   1.1029   0.01518   0.00441  -0.0923   0.0376   1.0000 132.0685 301.0000
   5.422   1.1095   0.01530   0.00447  -0.0919   0.0370   1.0000 132.2160 301.0000
   5.508   1.1160   0.01544   0.00454  -0.0916   0.0364   1.0000 132.3769 301.0000
   5.593   1.1224   0.01559   0.00461  -0.0911   0.0357   1.0000 132.5399 301.0000
   5.678   1.1285   0.01575   0.00468  -0.0907   0.0351   1.0000 132.6988 301.0000
   5.764   1.1343   0.01593   0.00476  -0.0902   0.0345   1.0000 132.8542 301.0000
   5.849   1.1395   0.01615   0.00486  -0.0897   0.0339   1.0000 133.0139 301.0000
   5.935   1.1462   0.01628   0.00493  -0.0893   0.0334   1.0000 133.1465 301.0000
   6.020   1.1527   0.01643   0.00501  -0.0890   0.0329   1.0000 133.2952 301.0000
   6.106   1.1591   0.01659   0.00508  -0.0886   0.0323   1.0000 133.4444 301.0000
   6.191   1.1652   0.01676   0.00516  -0.0882   0.0318   1.0000 133.5891 301.0000
   6.276   1.1711   0.01694   0.00525  -0.0878   0.0313   1.0000 133.7255 301.0000
   6.362   1.1766   0.01715   0.00535  -0.0873   0.0308   1.0000 133.8618 301.0000
   6.447   1.1814   0.01740   0.00548  -0.0867   0.0302   1.0000 134.0065 301.0000
   6.533   1.1879   0.01756   0.00556  -0.0864   0.0299   1.0000 134.1147 301.0000
   6.618   1.1942   0.01773   0.00565  -0.0860   0.0294   1.0000 134.2416 301.0000
   6.704   1.2004   0.01790   0.00574  -0.0856   0.0289   1.0000 134.3757 301.0000
   6.789   1.2064   0.01809   0.00584  -0.0853   0.0285   1.0000 134.5084 301.0000
   6.874   1.2123   0.01829   0.00594  -0.0848   0.0280   1.0000 134.6373 301.0000
   6.960   1.2178   0.01850   0.00605  -0.0844   0.0276   1.0000 134.7610 301.0000
   7.045   1.2227   0.01876   0.00618  -0.0839   0.0272   1.0000 134.8884 301.0000
   7.131   1.2273   0.01904   0.00633  -0.0833   0.0267   1.0000 135.0166 301.0000
   7.216   1.2337   0.01920   0.00642  -0.0830   0.0264   1.0000 135.1117 301.0000
   7.301   1.2398   0.01939   0.00652  -0.0826   0.0260   1.0000 135.2227 301.0000
   7.387   1.2458   0.01958   0.00662  -0.0822   0.0257   1.0000 135.3402 301.0000
   7.472   1.2517   0.01978   0.00673  -0.0819   0.0253   1.0000 135.4571 301.0000
   7.558   1.2575   0.01999   0.00684  -0.0815   0.0249   1.0000 135.5694 301.0000
   7.643   1.2631   0.02021   0.00695  -0.0811   0.0245   1.0000 135.6785 301.0000
   7.729   1.2684   0.02045   0.00708  -0.0806   0.0242   1.0000 135.7827 301.0000
   7.814   1.2733   0.02072   0.00722  -0.0802   0.0239   1.0000 135.8861 301.0000
   7.899   1.2774   0.02104   0.00739  -0.0796   0.0235   1.0000 135.9964 301.0000
   7.985   1.2832   0.02125   0.00751  -0.0792   0.0233   1.0000 136.0709 301.0000
   8.070   1.2890   0.02146   0.00763  -0.0788   0.0230   1.0000 136.1559 301.0000
   8.156   1.2946   0.02169   0.00775  -0.0784   0.0227   1.0000 136.2455 301.0000
   8.241   1.3001   0.02192   0.00788  -0.0780   0.0224   1.0000 136.3366 301.0000
   8.327   1.3056   0.02215   0.00801  -0.0777   0.0222   1.0000 136.4265 301.0000
   8.412   1.3111   0.02239   0.00814  -0.0773   0.0219   1.0000 136.5138 301.0000
   8.498   1.3163   0.02264   0.00827  -0.0769   0.0216   1.0000 136.5996 301.0000
   8.583   1.3215   0.02290   0.00842  -0.0764   0.0214   1.0000 136.6829 301.0000
   8.668   1.3264   0.02318   0.00856  -0.0760   0.0211   1.0000 136.7652 301.0000
   8.754   1.3310   0.02347   0.00873  -0.0755   0.0209   1.0000 136.8495 301.0000
   8.839   1.3350   0.02381   0.00892  -0.0750   0.0206   1.0000 136.9383 301.0000
   8.925   1.3391   0.02415   0.00911  -0.0744   0.0204   1.0000 137.0163 301.0000
   9.010   1.3445   0.02439   0.00925  -0.0740   0.0202   1.0000 137.0706 301.0000
   9.095   1.3498   0.02465   0.00940  -0.0737   0.0200   1.0000 137.1314 301.0000
   9.181   1.3549   0.02491   0.00956  -0.0733   0.0199   1.0000 137.1967 301.0000
   9.266   1.3600   0.02519   0.00971  -0.0729   0.0197   1.0000 137.2642 301.0000
   9.352   1.3650   0.02546   0.00987  -0.0725   0.0195   1.0000 137.3328 301.0000
   9.437   1.3700   0.02574   0.01003  -0.0721   0.0193   1.0000 137.4009 301.0000
   9.523   1.3749   0.02603   0.01019  -0.0717   0.0191   1.0000 137.4674 301.0000
   9.608   1.3798   0.02632   0.01036  -0.0713   0.0189   1.0000 137.5322 301.0000
   9.694   1.3846   0.02661   0.01053  -0.0709   0.0187   1.0000 137.5960 301.0000
   9.779   1.3893   0.02692   0.01070  -0.0704   0.0185   1.0000 137.6585 301.0000
   9.864   1.3938   0.02723   0.01088  -0.0700   0.0184   1.0000 137.7199 301.0000
   9.950   1.3980   0.02757   0.01107  -0.0695   0.0182   1.0000 137.7813 301.0000
  10.035   1.4020   0.02793   0.01128  -0.0691   0.0180   1.0000 137.8444 301.0000
  10.121   1.4056   0.02832   0.01151  -0.0685   0.0178   1.0000 137.9109 301.0000
  10.206   1.4085   0.02876   0.01177  -0.0679   0.0176   1.0000 137.9813 301.0000
  10.291   1.4129   0.02909   0.01197  -0.0675   0.0175   1.0000 138.0252 301.0000
  10.377   1.4179   0.02938   0.01214  -0.0672   0.0174   1.0000 138.0645 301.0000
  10.462   1.4227   0.02968   0.01232  -0.0668   0.0173   1.0000 138.1088 301.0000
  10.548   1.4275   0.02999   0.01250  -0.0664   0.0171   1.0000 138.1575 301.0000
  10.633   1.4322   0.03031   0.01269  -0.0661   0.0170   1.0000 138.2096 301.0000
  10.719   1.4367   0.03064   0.01289  -0.0657   0.0169   1.0000 138.2640 301.0000
  10.804   1.4413   0.03097   0.01308  -0.0653   0.0167   1.0000 138.3200 301.0000
  10.889   1.4458   0.03130   0.01328  -0.0649   0.0166   1.0000 138.3768 301.0000
  10.975   1.4502   0.03164   0.01348  -0.0646   0.0164   1.0000 138.4335 301.0000
  11.060   1.4546   0.03198   0.01368  -0.0642   0.0163   1.0000 138.4890 301.0000
  11.146   1.4589   0.03232   0.01388  -0.0638   0.0161   1.0000 138.5435 301.0000
  11.231   1.4632   0.03267   0.01409  -0.0634   0.0160   1.0000 138.5965 301.0000
  11.317   1.4675   0.03302   0.01429  -0.0631   0.0158   1.0000 138.6484 301.0000
  11.402   1.4716   0.03339   0.01450  -0.0627   0.0157   1.0000 138.6997 301.0000
  11.487   1.4755   0.03377   0.01473  -0.0623   0.0156   1.0000 138.7500 301.0000
  11.573   1.4794   0.03417   0.01496  -0.0619   0.0154   1.0000 138.8004 301.0000
  11.658   1.4830   0.03459   0.01521  -0.0615   0.0153   1.0000 138.8516 301.0000
  11.744   1.4862   0.03504   0.01549  -0.0611   0.0152   1.0000 138.9051 301.0000
  11.829   1.4889   0.03555   0.01580  -0.0606   0.0150   1.0000 138.9618 301.0000
  11.915   1.4917   0.03604   0.01611  -0.0601   0.0149   1.0000 139.0109 301.0000
  12.000   1.4960   0.03642   0.01634  -0.0598   0.0148   1.0000 139.0439 301.0000
