  
       XFOIL         Version 6.99
  
 Calculated polar for: Repaneled_Airfoil                               
  
 1 1 Reynolds number fixed          Mach number fixed         
  
 xtrf =   1.000 (top)        1.000 (bottom)  
 Mach =   0.000     Re =     1.000 e 6     Ncrit =   9.000  9.000
  
   alpha    CL        CD       CDp       CM     Top_Xtr  Bot_Xtr  Top_Itr  Bot_Itr
  ------ -------- --------- --------- -------- -------- -------- -------- --------
  -5.000   0.0149   0.00839   0.00127  -0.1171   0.7725   0.0800  48.4046 178.3114
  -4.915   0.0247   0.00834   0.00124  -0.1172   0.7710   0.0823  48.5836 178.7145
  -4.829   0.0345   0.00830   0.00121  -0.1172   0.7695   0.0844  48.7473 179.0909
  -4.744   0.0441   0.00825   0.00117  -0.1172   0.7682   0.0868  48.8943 179.4903
  -4.658   0.0539   0.00822   0.00115  -0.1173   0.7670   0.0892  49.0378 179.9013
  -4.573   0.0637   0.00816   0.00113  -0.1173   0.7653   0.0916  49.2225 180.3011
  -4.487   0.0735   0.00812   0.00111  -0.1174   0.7637   0.0943  49.4053 180.7364
  -4.402   0.0833   0.00808   0.00108  -0.1174   0.7621   0.0967  49.5797 181.1372
  -4.317   0.0931   0.00803   0.00106  -0.1175   0.7607   0.0995  49.7442 181.5764
  -4.146   0.1126   0.00797   0.00102  -0.1175   0.7578   0.1049  50.0597 182.4323
  -4.060   0.1224   0.00793   0.00100  -0.1176   0.7560   0.1077  50.2643 182.8654
  -3.975   0.1322   0.00789   0.00098  -0.1176   0.7542   0.1102  50.4661 183.2546
  -3.889   0.1420   0.00785   0.00097  -0.1177   0.7525   0.1129  50.6558 183.6654
  -3.804   0.1518   0.00783   0.00095  -0.1177   0.7509   0.1154  50.8293 184.0402
  -3.719   0.1615   0.00780   0.00093  -0.1177   0.7495   0.1180  50.9853 184.4245
  -3.633   0.1714   0.00777   0.00092  -0.1178   0.7477   0.1207  51.1823 184.8308
  -3.548   0.1812   0.00774   0.00090  -0.1178   0.7459   0.1233  51.3771 185.2023
  -3.462   0.1910   0.00770   0.00089  -0.1179   0.7442   0.1260  51.5635 185.5924
  -3.377   0.2009   0.00769   0.00088  -0.1179   0.7426   0.1286  51.7370 185.9739
  -3.292   0.2106   0.00766   0.00087  -0.1179   0.7411   0.1312  51.8990 186.3363
  -3.206   0.2204   0.00765   0.00086  -0.1180   0.7396   0.1339  52.0702 186.7267
  -3.121   0.2303   0.00762   0.00085  -0.1180   0.7376   0.1365  52.2805 187.0881
  -3.035   0.2401   0.00760   0.00085  -0.1181   0.7357   0.1391  52.4877 187.4496
  -2.950   0.2499   0.00758   0.00084  -0.1181   0.7339   0.1418  52.6839 187.8153
  -2.864   0.2597   0.00757   0.00082  -0.1181   0.7322   0.1441  52.8643 188.1303
  -2.779   0.2695   0.00756   0.00082  -0.1182   0.7306   0.1464  53.0382 188.4458
  -2.693   0.2793   0.00754   0.00081  -0.1182   0.7285   0.1488  53.2589 188.7749
  -2.608   0.2892   0.00752   0.00080  -0.1183   0.7265   0.1511  53.4761 189.0791
  -2.523   0.2990   0.00750   0.00080  -0.1183   0.7246   0.1534  53.6801 189.3803
  -2.437   0.3088   0.00750   0.00079  -0.1183   0.7228   0.1558  53.8673 189.6995
  -2.352   0.3186   0.00750   0.00078  -0.1183   0.7211   0.1581  54.0493 189.9991
  -2.266   0.3284   0.00747   0.00078  -0.1184   0.7191   0.1602  54.2697 190.2752
  -2.181   0.3382   0.00746   0.00078  -0.1184   0.7170   0.1624  54.4862 190.5624
  -2.095   0.3480   0.00746   0.00077  -0.1185   0.7151   0.1646  54.6928 190.8506
  -2.010   0.3578   0.00745   0.00076  -0.1185   0.7132   0.1666  54.8844 191.1098
  -1.925   0.3675   0.00744   0.00076  -0.1185   0.7114   0.1687  55.0817 191.3719
  -1.839   0.3774   0.00743   0.00075  -0.1186   0.7091   0.1709  55.3176 191.6516
  -1.754   0.3872   0.00743   0.00075  -0.1186   0.7069   0.1730  55.5506 191.9182
  -1.668   0.3969   0.00742   0.00074  -0.1186   0.7048   0.1749  55.7706 192.1563
  -1.583   0.4066   0.00742   0.00073  -0.1186   0.7029   0.1768  55.9717 192.3989
  -1.498   0.4164   0.00741   0.00073  -0.1187   0.7005   0.1788  56.2211 192.6563
  -1.412   0.4263   0.00741   0.00072  -0.1187   0.6980   0.1808  56.4808 192.8981
  -1.327   0.4360   0.00740   0.00071  -0.1187   0.6956   0.1825  56.7310 193.1140
  -1.241   0.4456   0.00740   0.00071  -0.1187   0.6934   0.1844  56.9551 193.3395
  -1.156   0.4554   0.00739   0.00071  -0.1187   0.6910   0.1864  57.2063 193.5893
  -1.070   0.4652   0.00739   0.00070  -0.1188   0.6885   0.1885  57.4643 193.8443
  -0.985   0.4749   0.00739   0.00069  -0.1188   0.6861   0.1904  57.7095 194.0766
  -0.899   0.4845   0.00739   0.00068  -0.1188   0.6839   0.1922  57.9308 194.3027
  -0.814   0.4942   0.00738   0.00068  -0.1188   0.6816   0.1941  58.1696 194.5324
  -0.729   0.5040   0.00738   0.00068  -0.1188   0.6791   0.1960  58.4239 194.7646
  -0.643   0.5138   0.00739   0.00067  -0.1189   0.6768   0.1978  58.6635 194.9787
  -0.558   0.5234   0.00738   0.00066  -0.1189   0.6747   0.1996  58.8783 195.1900
  -0.472   0.5330   0.00738   0.00066  -0.1189   0.6726   0.2014  59.0840 195.4062
  -0.387   0.5428   0.00737   0.00066  -0.1189   0.6704   0.2034  59.3152 195.6416
  -0.301   0.5526   0.00737   0.00065  -0.1189   0.6681   0.2054  59.5464 195.8836
  -0.216   0.5622   0.00737   0.00065  -0.1190   0.6659   0.2074  59.7691 196.1203
  -0.131   0.5718   0.00737   0.00064  -0.1190   0.6638   0.2095  59.9759 196.3674
  -0.045   0.5816   0.00737   0.00064  -0.1190   0.6615   0.2117  60.2133 196.6285
   0.040   0.5913   0.00737   0.00064  -0.1190   0.6590   0.2139  60.4594 196.8806
   0.126   0.6009   0.00737   0.00063  -0.1190   0.6566   0.2159  60.7001 197.1106
   0.211   0.6104   0.00737   0.00063  -0.1190   0.6544   0.2180  60.9224 197.3556
   0.296   0.6201   0.00737   0.00063  -0.1190   0.6521   0.2203  61.1582 197.6237
   0.382   0.6298   0.00737   0.00062  -0.1190   0.6495   0.2227  61.4163 197.9008
   0.467   0.6394   0.00737   0.00062  -0.1190   0.6470   0.2251  61.6690 198.1751
   0.553   0.6489   0.00738   0.00062  -0.1190   0.6446   0.2278  61.9019 198.4830
   0.638   0.6585   0.00738   0.00061  -0.1190   0.6423   0.2307  62.1349 198.8173
   0.724   0.6682   0.00737   0.00061  -0.1191   0.6397   0.2338  62.3924 199.1600
   0.809   0.6778   0.00737   0.00061  -0.1191   0.6371   0.2373  62.6458 199.5563
   0.894   0.6873   0.00738   0.00061  -0.1190   0.6348   0.2410  62.8809 199.9785
   0.980   0.6968   0.00738   0.00061  -0.1190   0.6325   0.2452  63.1101 200.4422
   1.065   0.7064   0.00737   0.00061  -0.1190   0.6299   0.2501  63.3649 200.9848
   1.151   0.7160   0.00737   0.00061  -0.1190   0.6273   0.2559  63.6194 201.6188
   1.236   0.7254   0.00737   0.00061  -0.1190   0.6249   0.2631  63.8596 202.4102
   1.322   0.7348   0.00736   0.00062  -0.1190   0.6225   0.2732  64.0935 203.4951
   1.407   0.7443   0.00733   0.00063  -0.1190   0.6198   0.2880  64.3589 205.0672
   1.492   0.7537   0.00730   0.00064  -0.1190   0.6171   0.3091  64.6242 207.2726
   1.578   0.7628   0.00727   0.00065  -0.1190   0.6146   0.3363  64.8708 210.0586
   1.663   0.7721   0.00723   0.00067  -0.1189   0.6122   0.3664  65.1079 213.0747
   1.749   0.7814   0.00718   0.00069  -0.1189   0.6094   0.3970  65.3724 216.0871
   1.834   0.7906   0.00714   0.00071  -0.1189   0.6068   0.4274  65.6348 219.0365
   1.920   0.7997   0.00711   0.00073  -0.1188   0.6043   0.4582  65.8797 221.9977
   2.005   0.8088   0.00707   0.00075  -0.1188   0.6018   0.4912  66.1173 225.1541
   2.091   0.8179   0.00701   0.00077  -0.1187   0.5991   0.5290  66.3785 228.7681
   2.176   0.8267   0.00694   0.00080  -0.1186   0.5965   0.5753  66.6378 233.2177
   2.261   0.8349   0.00681   0.00083  -0.1184   0.5940   0.6437  66.8791 239.9196
   2.347   0.8571   0.00616   0.00094  -0.1211   0.5912   0.9915  67.1464 292.1916
   2.432   0.8770   0.00619   0.00095  -0.1235   0.5880   0.9997  67.4556 299.3761
   2.518   0.8868   0.00623   0.00096  -0.1235   0.5852   1.0000  67.7293 301.0000
   2.603   0.8956   0.00628   0.00096  -0.1234   0.5826   1.0000  67.9782 301.0000
   2.688   0.9047   0.00631   0.00097  -0.1233   0.5798   1.0000  68.2490 301.0000
   2.774   0.9138   0.00634   0.00098  -0.1231   0.5769   1.0000  68.5335 301.0000
   2.859   0.9226   0.00638   0.00098  -0.1230   0.5740   1.0000  68.8112 301.0000
   2.945   0.9314   0.00643   0.00099  -0.1228   0.5712   1.0000  69.0857 301.0000
   3.030   0.9404   0.00646   0.00100  -0.1227   0.5676   1.0000  69.4271 301.0000
   3.116   0.9491   0.00651   0.00100  -0.1225   0.5638   1.0000  69.7983 301.0000
   3.201   0.9578   0.00657   0.00101  -0.1223   0.5599   1.0000  70.1737 301.0000
   3.286   0.9666   0.00661   0.00102  -0.1222   0.5553   1.0000  70.6134 301.0000
   3.372   0.9750   0.00668   0.00103  -0.1219   0.5509   1.0000  71.0388 301.0000
   3.457   0.9838   0.00672   0.00103  -0.1218   0.5460   1.0000  71.5017 301.0000
   3.543   0.9922   0.00679   0.00104  -0.1215   0.5414   1.0000  71.9419 301.0000
   3.628   1.0009   0.00683   0.00105  -0.1214   0.5365   1.0000  72.4100 301.0000
   3.714   1.0091   0.00691   0.00107  -0.1211   0.5311   1.0000  72.9261 301.0000
   3.799   1.0177   0.00697   0.00108  -0.1209   0.5252   1.0000  73.4916 301.0000
   3.884   1.0258   0.00705   0.00109  -0.1206   0.5193   1.0000  74.0621 301.0000
   3.970   1.0343   0.00711   0.00110  -0.1204   0.5128   1.0000  74.6769 301.0000
   4.055   1.0425   0.00719   0.00112  -0.1201   0.5069   1.0000  75.2418 301.0000
   4.141   1.0507   0.00727   0.00113  -0.1199   0.5008   1.0000  75.8254 301.0000
   4.226   1.0590   0.00734   0.00115  -0.1196   0.4947   1.0000  76.4056 301.0000
   4.397   1.0756   0.00750   0.00119  -0.1191   0.4832   1.0000  77.5074 301.0000
   4.568   1.0921   0.00765   0.00122  -0.1187   0.4727   1.0000  78.5062 301.0000
   4.653   1.1001   0.00774   0.00125  -0.1184   0.4670   1.0000  79.0545 301.0000
   4.739   1.1083   0.00782   0.00127  -0.1181   0.4601   1.0000  79.7117 301.0000
   4.824   1.1162   0.00792   0.00129  -0.1178   0.4530   1.0000  80.3924 301.0000
   4.910   1.1238   0.00804   0.00132  -0.1175   0.4455   1.0000  81.1115 301.0000
   4.995   1.1315   0.00814   0.00135  -0.1171   0.4378   1.0000  81.8519 301.0000
   5.080   1.1394   0.00824   0.00138  -0.1168   0.4304   1.0000  82.5597 301.0000
   5.166   1.1472   0.00835   0.00141  -0.1165   0.4235   1.0000  83.2304 301.0000
   5.251   1.1548   0.00846   0.00144  -0.1162   0.4166   1.0000  83.9011 301.0000
   5.337   1.1627   0.00856   0.00147  -0.1159   0.4099   1.0000  84.5457 301.0000
   5.422   1.1703   0.00867   0.00150  -0.1155   0.4034   1.0000  85.1786 301.0000
   5.508   1.1779   0.00879   0.00154  -0.1152   0.3959   1.0000  85.9081 301.0000
   5.593   1.1855   0.00891   0.00157  -0.1148   0.3882   1.0000  86.6595 301.0000
   5.678   1.1928   0.00904   0.00161  -0.1144   0.3805   1.0000  87.4181 301.0000
   5.764   1.1999   0.00917   0.00166  -0.1140   0.3725   1.0000  88.2088 301.0000
   5.849   1.2070   0.00932   0.00170  -0.1136   0.3637   1.0000  89.0762 301.0000
   5.935   1.2140   0.00947   0.00175  -0.1132   0.3550   1.0000  89.9414 301.0000
   6.020   1.2209   0.00962   0.00180  -0.1127   0.3463   1.0000  90.8120 301.0000
   6.106   1.2278   0.00977   0.00185  -0.1123   0.3371   1.0000  91.7365 301.0000
   6.191   1.2344   0.00994   0.00190  -0.1118   0.3275   1.0000  92.7105 301.0000
   6.276   1.2408   0.01011   0.00196  -0.1112   0.3180   1.0000  93.6842 301.0000
   6.362   1.2472   0.01029   0.00202  -0.1107   0.3079   1.0000  94.7220 301.0000
   6.447   1.2532   0.01048   0.00209  -0.1101   0.2977   1.0000  95.7803 301.0000
   6.533   1.2592   0.01068   0.00216  -0.1095   0.2877   1.0000  96.8321 301.0000
   6.618   1.2650   0.01088   0.00223  -0.1089   0.2766   1.0000  98.0087 301.0000
   6.704   1.2705   0.01110   0.00231  -0.1082   0.2653   1.0000  99.2219 301.0000
   6.789   1.2757   0.01133   0.00239  -0.1075   0.2520   1.0000 100.6717 301.0000
   6.874   1.2796   0.01163   0.00250  -0.1066   0.2357   1.0000 102.4865 301.0000
   7.045   1.2742   0.01287   0.00302  -0.1026   0.1624   1.0000 111.2886 301.0000
   7.131   1.2711   0.01342   0.00328  -0.1005   0.1365   1.0000 114.7606 301.0000
   7.216   1.2713   0.01384   0.00347  -0.0990   0.1206   1.0000 117.0304 301.0000
   7.301   1.2737   0.01417   0.00362  -0.0978   0.1089   1.0000 118.7846 301.0000
   7.387   1.2769   0.01446   0.00376  -0.0969   0.1003   1.0000 120.1312 301.0000
   7.472   1.2809   0.01472   0.00387  -0.0960   0.0928   1.0000 121.3464 301.0000
   7.558   1.2852   0.01498   0.00399  -0.0952   0.0865   1.0000 122.3937 301.0000
   7.643   1.2898   0.01522   0.00410  -0.0945   0.0813   1.0000 123.2887 301.0000
   7.729   1.2945   0.01545   0.00420  -0.0938   0.0765   1.0000 124.1487 301.0000
   7.899   1.3044   0.01591   0.00441  -0.0925   0.0683   1.0000 125.6537 301.0000
   7.985   1.3095   0.01614   0.00451  -0.0918   0.0651   1.0000 126.2843 301.0000
   8.070   1.3145   0.01637   0.00462  -0.0912   0.0618   1.0000 126.9169 301.0000
   8.156   1.3199   0.01658   0.00472  -0.0906   0.0590   1.0000 127.4843 301.0000
   8.241   1.3249   0.01683   0.00483  -0.0900   0.0564   1.0000 128.0137 301.0000
   8.327   1.3304   0.01704   0.00493  -0.0895   0.0541   1.0000 128.4889 301.0000
   8.412   1.3354   0.01728   0.00505  -0.0889   0.0521   1.0000 128.9253 301.0000
   8.498   1.3410   0.01749   0.00515  -0.0884   0.0502   1.0000 129.3268 301.0000
   8.583   1.3463   0.01771   0.00526  -0.0879   0.0484   1.0000 129.7404 301.0000
   8.668   1.3514   0.01796   0.00538  -0.0873   0.0468   1.0000 130.0988 301.0000
   8.754   1.3570   0.01817   0.00548  -0.0868   0.0452   1.0000 130.4563 301.0000
   8.839   1.3621   0.01842   0.00560  -0.0863   0.0437   1.0000 130.7985 301.0000
   8.925   1.3672   0.01867   0.00573  -0.0857   0.0424   1.0000 131.1026 301.0000
   9.010   1.3727   0.01890   0.00584  -0.0852   0.0412   1.0000 131.4017 301.0000
   9.095   1.3778   0.01915   0.00596  -0.0847   0.0400   1.0000 131.6881 301.0000
   9.181   1.3825   0.01943   0.00611  -0.0841   0.0389   1.0000 131.9512 301.0000
   9.266   1.3880   0.01966   0.00622  -0.0837   0.0380   1.0000 132.1837 301.0000
   9.352   1.3935   0.01990   0.00634  -0.0832   0.0370   1.0000 132.4389 301.0000
   9.437   1.3986   0.02016   0.00648  -0.0827   0.0360   1.0000 132.6829 301.0000
   9.523   1.4032   0.02045   0.00663  -0.0821   0.0351   1.0000 132.9087 301.0000
   9.608   1.4083   0.02071   0.00677  -0.0816   0.0344   1.0000 133.1080 301.0000
   9.694   1.4136   0.02096   0.00689  -0.0812   0.0336   1.0000 133.3089 301.0000
   9.779   1.4186   0.02123   0.00703  -0.0807   0.0329   1.0000 133.5087 301.0000
   9.864   1.4234   0.02152   0.00719  -0.0802   0.0322   1.0000 133.6980 301.0000
   9.950   1.4278   0.02184   0.00736  -0.0796   0.0315   1.0000 133.8789 301.0000
  10.035   1.4323   0.02215   0.00752  -0.0791   0.0309   1.0000 134.0506 301.0000
  10.121   1.4375   0.02242   0.00767  -0.0786   0.0303   1.0000 134.2100 301.0000
  10.206   1.4424   0.02270   0.00782  -0.0782   0.0297   1.0000 134.3839 301.0000
  10.291   1.4471   0.02301   0.00799  -0.0777   0.0291   1.0000 134.5568 301.0000
  10.377   1.4514   0.02334   0.00817  -0.0772   0.0285   1.0000 134.7233 301.0000
  10.462   1.4553   0.02370   0.00837  -0.0766   0.0279   1.0000 134.8893 301.0000
  10.548   1.4594   0.02405   0.00856  -0.0761   0.0274   1.0000 135.0455 301.0000
  10.633   1.4645   0.02433   0.00871  -0.0756   0.0269   1.0000 135.1906 301.0000
  10.719   1.4694   0.02462   0.00888  -0.0752   0.0264   1.0000 135.3500 301.0000
  10.804   1.4739   0.02495   0.00905  -0.0747   0.0258   1.0000 135.5120 301.0000
  10.889   1.4782   0.02529   0.00924  -0.0742   0.0253   1.0000 135.6669 301.0000
  10.975   1.4821   0.02566   0.00945  -0.0737   0.0248   1.0000 135.8136 301.0000
  11.060   1.4856   0.02607   0.00968  -0.0732   0.0243   1.0000 135.9599 301.0000
  11.146   1.4899   0.02641   0.00988  -0.0727   0.0240   1.0000 136.0824 301.0000
  11.231   1.4946   0.02674   0.01006  -0.0723   0.0236   1.0000 136.2082 301.0000
  11.317   1.4990   0.02708   0.01026  -0.0718   0.0232   1.0000 136.3388 301.0000
  11.402   1.5031   0.02745   0.01046  -0.0713   0.0227   1.0000 136.4675 301.0000
  11.487   1.5070   0.02783   0.01068  -0.0709   0.0224   1.0000 136.5903 301.0000
  11.573   1.5107   0.02823   0.01092  -0.0704   0.0220   1.0000 136.7064 301.0000
  11.658   1.5140   0.02866   0.01117  -0.0698   0.0217   1.0000 136.8184 301.0000
  11.744   1.5169   0.02912   0.01144  -0.0693   0.0213   1.0000 136.9317 301.0000
  11.829   1.5200   0.02958   0.01171  -0.0688   0.0210   1.0000 137.0289 301.0000
  11.915   1.5241   0.02996   0.01193  -0.0683   0.0208   1.0000 137.1070 301.0000
  12.000   1.5279   0.03036   0.01217  -0.0679   0.0206   1.0000 137.1889 301.0000
