  
       XFOIL         Version 6.99
  
 Calculated polar for: Repaneled_Airfoil                               
  
 1 1 Reynolds number fixed          Mach number fixed         
  
 xtrf =   1.000 (top)        1.000 (bottom)  
 Mach =   0.000     Re =     1.000 e 6     Ncrit =   9.000  9.000
  
   alpha    CL        CD       CDp       CM     Top_Xtr  Bot_Xtr  Top_Itr  Bot_Itr
  ------ -------- --------- --------- -------- -------- -------- -------- --------
  -5.000  -0.6535   0.01948   0.00883  -0.0035   0.6909   0.0041  57.6320 157.6432
  -4.915  -0.6447   0.01905   0.00845  -0.0035   0.6905   0.0042  57.6748 157.6875
  -4.829  -0.6358   0.01865   0.00810  -0.0035   0.6901   0.0042  57.7162 157.7289
  -4.744  -0.6267   0.01828   0.00777  -0.0035   0.6897   0.0043  57.7563 157.7862
  -4.658  -0.6176   0.01795   0.00748  -0.0035   0.6893   0.0044  57.7961 157.8396
  -4.573  -0.6084   0.01765   0.00723  -0.0035   0.6889   0.0044  57.8364 157.8877
  -4.487  -0.5992   0.01739   0.00700  -0.0034   0.6885   0.0045  57.8776 157.9325
  -4.402  -0.5899   0.01714   0.00678  -0.0034   0.6881   0.0046  57.9199 157.9746
  -4.317  -0.5807   0.01691   0.00657  -0.0034   0.6877   0.0046  57.9642 158.0255
  -4.231  -0.5713   0.01665   0.00636  -0.0034   0.6872   0.0048  58.0174 158.1063
  -4.146  -0.5617   0.01640   0.00616  -0.0035   0.6865   0.0049  58.0938 158.2032
  -4.060  -0.5521   0.01616   0.00597  -0.0036   0.6857   0.0051  58.1728 158.3134
  -3.975  -0.5425   0.01593   0.00579  -0.0036   0.6849   0.0053  58.2518 158.4367
  -3.889  -0.5329   0.01570   0.00560  -0.0037   0.6842   0.0055  58.3288 158.5942
  -3.804  -0.5233   0.01548   0.00543  -0.0037   0.6835   0.0058  58.4032 158.7540
  -3.719  -0.5136   0.01527   0.00526  -0.0038   0.6828   0.0060  58.4743 158.9041
  -3.633  -0.5040   0.01495   0.00498  -0.0038   0.6822   0.0071  58.5408 159.5040
  -3.548  -0.4942   0.01467   0.00475  -0.0039   0.6816   0.0089  58.6034 160.4735
  -3.462  -0.4845   0.01452   0.00463  -0.0040   0.6810   0.0093  58.6643 160.6904
  -3.377  -0.4747   0.01439   0.00453  -0.0040   0.6804   0.0096  58.7231 160.8333
  -3.292  -0.4650   0.01425   0.00443  -0.0040   0.6799   0.0098  58.7795 160.9428
  -3.206  -0.4552   0.01411   0.00431  -0.0041   0.6794   0.0101  58.8337 161.0557
  -3.121  -0.4454   0.01395   0.00417  -0.0041   0.6788   0.0105  58.8866 161.2245
  -3.035  -0.4355   0.01379   0.00404  -0.0042   0.6783   0.0109  58.9386 161.4168
  -2.950  -0.4256   0.01365   0.00392  -0.0042   0.6778   0.0113  58.9909 161.6230
  -2.864  -0.4155   0.01351   0.00383  -0.0044   0.6771   0.0118  59.0636 161.8429
  -2.693  -0.3952   0.01320   0.00362  -0.0046   0.6755   0.0133  59.2338 162.4445
  -2.608  -0.3851   0.01305   0.00351  -0.0048   0.6746   0.0142  59.3224 162.8338
  -2.523  -0.3749   0.01290   0.00341  -0.0049   0.6738   0.0153  59.4101 163.2768
  -2.437  -0.3648   0.01279   0.00332  -0.0050   0.6730   0.0163  59.4967 163.6525
  -2.352  -0.3548   0.01268   0.00325  -0.0051   0.6721   0.0170  59.5815 163.8973
  -2.266  -0.3447   0.01257   0.00316  -0.0052   0.6713   0.0176  59.6628 164.1005
  -2.181  -0.3346   0.01243   0.00306  -0.0053   0.6706   0.0183  59.7395 164.3684
  -2.095  -0.3244   0.01231   0.00297  -0.0054   0.6699   0.0191  59.8117 164.6528
  -2.010  -0.3143   0.01220   0.00288  -0.0055   0.6692   0.0199  59.8809 164.9281
  -1.925  -0.3041   0.01208   0.00278  -0.0056   0.6686   0.0209  59.9502 165.2348
  -1.839  -0.2939   0.01196   0.00270  -0.0057   0.6678   0.0220  60.0311 165.5985
  -1.754  -0.2835   0.01186   0.00265  -0.0059   0.6667   0.0231  60.1395 165.9556
  -1.668  -0.2731   0.01175   0.00259  -0.0060   0.6657   0.0244  60.2486 166.3452
  -1.583  -0.2628   0.01166   0.00253  -0.0062   0.6646   0.0256  60.3528 166.7235
  -1.498  -0.2527   0.01159   0.00249  -0.0063   0.6637   0.0265  60.4486 166.9977
  -1.412  -0.2422   0.01147   0.00241  -0.0064   0.6628   0.0276  60.5364 167.3003
  -1.327  -0.2319   0.01138   0.00235  -0.0066   0.6620   0.0287  60.6204 167.6159
  -1.241  -0.2216   0.01129   0.00230  -0.0067   0.6612   0.0297  60.7000 167.9104
  -1.156  -0.2113   0.01120   0.00224  -0.0068   0.6605   0.0308  60.7752 168.2115
  -1.070  -0.2009   0.01111   0.00218  -0.0070   0.6598   0.0321  60.8493 168.5518
  -0.985  -0.1907   0.01103   0.00213  -0.0071   0.6591   0.0333  60.9239 168.8734
  -0.899  -0.1805   0.01096   0.00207  -0.0072   0.6583   0.0344  61.0003 169.1727
  -0.814  -0.1699   0.01088   0.00204  -0.0074   0.6572   0.0357  61.1101 169.5017
  -0.729  -0.1596   0.01082   0.00202  -0.0075   0.6561   0.0369  61.2300 169.8106
  -0.643  -0.1492   0.01075   0.00198  -0.0077   0.6548   0.0380  61.3532 170.0680
  -0.558  -0.1387   0.01066   0.00194  -0.0078   0.6537   0.0392  61.4744 170.3637
  -0.472  -0.1283   0.01059   0.00190  -0.0080   0.6525   0.0404  61.5929 170.6633
  -0.387  -0.1181   0.01052   0.00186  -0.0081   0.6514   0.0416  61.7070 170.9372
  -0.301  -0.1077   0.01045   0.00181  -0.0082   0.6503   0.0427  61.8163 171.2106
  -0.216  -0.0974   0.01038   0.00176  -0.0083   0.6493   0.0440  61.9205 171.4989
  -0.131  -0.0871   0.01032   0.00172  -0.0084   0.6482   0.0452  62.0266 171.7696
   0.040  -0.0662   0.01020   0.00169  -0.0088   0.6457   0.0476  62.2853 172.3047
   0.126  -0.0558   0.01015   0.00167  -0.0089   0.6445   0.0496  62.4063 172.7503
   0.211  -0.0455   0.01009   0.00165  -0.0091   0.6433   0.0518  62.5241 173.2335
   0.296  -0.0352   0.01004   0.00164  -0.0092   0.6422   0.0544  62.6367 173.7830
   0.382  -0.0249   0.00999   0.00163  -0.0093   0.6411   0.0569  62.7427 174.2879
   0.467  -0.0149   0.00995   0.00163  -0.0094   0.6402   0.0593  62.8421 174.7729
   0.553  -0.0048   0.00992   0.00161  -0.0095   0.6392   0.0612  62.9376 175.1605
   0.638   0.0054   0.00987   0.00160  -0.0096   0.6382   0.0629  63.0418 175.4907
   0.724   0.0157   0.00983   0.00159  -0.0097   0.6369   0.0643  63.1695 175.7546
   0.809   0.0259   0.00980   0.00157  -0.0098   0.6356   0.0655  63.2971 175.9790
   0.894   0.0365   0.00973   0.00156  -0.0100   0.6344   0.0668  63.4210 176.2379
   0.980   0.0468   0.00969   0.00154  -0.0101   0.6332   0.0682  63.5406 176.4873
   1.065   0.0569   0.00965   0.00152  -0.0102   0.6321   0.0695  63.6539 176.7411
   1.151   0.0670   0.00962   0.00149  -0.0102   0.6310   0.0708  63.7617 176.9750
   1.236   0.0773   0.00956   0.00147  -0.0103   0.6299   0.0722  63.8667 177.2343
   1.322   0.0874   0.00953   0.00145  -0.0104   0.6289   0.0737  63.9700 177.4954
   1.407   0.0976   0.00950   0.00145  -0.0105   0.6276   0.0751  64.0973 177.7627
   1.492   0.1076   0.00948   0.00143  -0.0106   0.6262   0.0764  64.2419 177.9963
   1.578   0.1181   0.00942   0.00143  -0.0107   0.6247   0.0779  64.3902 178.2480
   1.663   0.1282   0.00939   0.00142  -0.0108   0.6232   0.0792  64.5373 178.4875
   1.749   0.1382   0.00936   0.00140  -0.0108   0.6218   0.0806  64.6796 178.7297
   1.834   0.1482   0.00934   0.00138  -0.0109   0.6204   0.0819  64.8150 178.9564
   1.920   0.1584   0.00929   0.00135  -0.0109   0.6192   0.0834  64.9425 179.1981
   2.005   0.1684   0.00926   0.00135  -0.0110   0.6177   0.0848  65.0841 179.4374
   2.091   0.1785   0.00924   0.00135  -0.0111   0.6161   0.0863  65.2495 179.6894
   2.176   0.1885   0.00922   0.00134  -0.0111   0.6144   0.0877  65.4172 179.9319
   2.261   0.1985   0.00918   0.00133  -0.0112   0.6127   0.0891  65.5812 180.1714
   2.347   0.2085   0.00915   0.00132  -0.0112   0.6112   0.0906  65.7372 180.4096
   2.432   0.2183   0.00914   0.00131  -0.0112   0.6097   0.0921  65.8828 180.6552
   2.518   0.2282   0.00912   0.00129  -0.0113   0.6083   0.0935  66.0209 180.8918
   2.603   0.2382   0.00910   0.00129  -0.0113   0.6066   0.0949  66.1890 181.1148
   2.688   0.2481   0.00907   0.00129  -0.0114   0.6048   0.0963  66.3637 181.3386
   2.774   0.2580   0.00905   0.00129  -0.0114   0.6031   0.0978  66.5388 181.5770
   2.859   0.2677   0.00904   0.00127  -0.0114   0.6013   0.0994  66.7095 181.8221
   2.945   0.2775   0.00903   0.00125  -0.0114   0.5997   0.1007  66.8728 182.0407
   3.030   0.2873   0.00900   0.00125  -0.0114   0.5980   0.1022  67.0329 182.2708
   3.116   0.2972   0.00899   0.00125  -0.0114   0.5960   0.1037  67.2303 182.4956
   3.201   0.3069   0.00898   0.00125  -0.0114   0.5939   0.1052  67.4404 182.7260
   3.286   0.3167   0.00898   0.00123  -0.0114   0.5917   0.1066  67.6542 182.9482
   3.372   0.3264   0.00896   0.00122  -0.0114   0.5896   0.1081  67.8615 183.1663
   3.457   0.3361   0.00895   0.00122  -0.0114   0.5875   0.1095  68.0636 183.3784
   3.543   0.3458   0.00894   0.00122  -0.0114   0.5851   0.1109  68.3020 183.5977
   3.628   0.3555   0.00894   0.00122  -0.0114   0.5825   0.1124  68.5534 183.8152
   3.799   0.3748   0.00892   0.00119  -0.0114   0.5777   0.1150  69.0310 184.2053
   3.884   0.3844   0.00892   0.00120  -0.0113   0.5750   0.1164  69.2916 184.4050
   3.970   0.3941   0.00892   0.00120  -0.0113   0.5721   0.1178  69.5689 184.6146
   4.055   0.4037   0.00893   0.00119  -0.0113   0.5693   0.1192  69.8429 184.8259
   4.141   0.4134   0.00894   0.00117  -0.0113   0.5666   0.1206  70.1090 185.0211
   4.226   0.4229   0.00893   0.00118  -0.0113   0.5634   0.1220  70.4210 185.2342
   4.312   0.4325   0.00894   0.00119  -0.0113   0.5600   0.1235  70.7508 185.4444
   4.397   0.4421   0.00896   0.00119  -0.0113   0.5568   0.1250  71.0625 185.6636
   4.482   0.4517   0.00897   0.00118  -0.0112   0.5531   0.1265  71.4157 185.8770
   4.568   0.4613   0.00899   0.00118  -0.0112   0.5493   0.1279  71.7890 186.0641
   4.653   0.4707   0.00900   0.00118  -0.0112   0.5456   0.1292  72.1419 186.2453
   4.739   0.4802   0.00902   0.00119  -0.0112   0.5415   0.1304  72.5361 186.4215
   4.824   0.4898   0.00905   0.00119  -0.0112   0.5374   0.1317  72.9330 186.6074
   4.910   0.4994   0.00908   0.00119  -0.0112   0.5331   0.1331  73.3487 186.7967
   4.995   0.5090   0.00912   0.00118  -0.0112   0.5282   0.1344  73.8278 186.9722
   5.080   0.5184   0.00914   0.00119  -0.0112   0.5233   0.1357  74.2977 187.1504
   5.166   0.5279   0.00918   0.00120  -0.0112   0.5177   0.1369  74.8347 187.3256
   5.251   0.5375   0.00923   0.00121  -0.0112   0.5122   0.1383  75.3652 187.5074
   5.337   0.5471   0.00930   0.00123  -0.0113   0.5062   0.1397  75.9403 187.7040
   5.422   0.5568   0.00936   0.00123  -0.0113   0.4998   0.1411  76.5542 187.8972
   5.508   0.5663   0.00943   0.00125  -0.0114   0.4930   0.1425  77.2162 188.0809
   5.593   0.5758   0.00951   0.00128  -0.0115   0.4854   0.1439  77.9399 188.2653
   5.678   0.5855   0.00960   0.00131  -0.0116   0.4778   0.1452  78.6763 188.4519
   5.764   0.5952   0.00970   0.00133  -0.0117   0.4698   0.1467  79.4467 188.6469
   5.849   0.6050   0.00981   0.00136  -0.0119   0.4609   0.1481  80.3001 188.8348
   5.935   0.6148   0.00995   0.00139  -0.0121   0.4518   0.1493  81.1765 188.9956
   6.020   0.6242   0.01007   0.00144  -0.0122   0.4428   0.1506  82.0455 189.1598
   6.191   0.6437   0.01036   0.00155  -0.0127   0.4233   0.1530  83.9342 189.4780
   6.276   0.6536   0.01053   0.00161  -0.0130   0.4141   0.1543  84.8327 189.6518
   6.362   0.6635   0.01069   0.00167  -0.0133   0.4049   0.1557  85.7337 189.8282
   6.447   0.6735   0.01086   0.00173  -0.0136   0.3960   0.1569  86.5982 189.9894
   6.533   0.6829   0.01102   0.00180  -0.0138   0.3883   0.1582  87.3598 190.1608
   6.618   0.6926   0.01118   0.00188  -0.0141   0.3811   0.1595  88.0726 190.3274
   6.704   0.7023   0.01133   0.00194  -0.0143   0.3739   0.1609  88.7772 190.5034
   6.789   0.7120   0.01148   0.00200  -0.0146   0.3678   0.1623  89.3823 190.6889
   6.874   0.7217   0.01164   0.00206  -0.0148   0.3623   0.1637  89.9349 190.8694
   6.960   0.7312   0.01176   0.00211  -0.0150   0.3576   0.1650  90.4082 191.0288
   7.045   0.7402   0.01189   0.00218  -0.0151   0.3531   0.1662  90.8516 191.1868
   7.131   0.7495   0.01201   0.00223  -0.0153   0.3493   0.1675  91.2354 191.3416
   7.216   0.7589   0.01212   0.00228  -0.0154   0.3455   0.1688  91.6200 191.5065
   7.301   0.7682   0.01226   0.00234  -0.0156   0.3421   0.1702  91.9634 191.6816
   7.387   0.7775   0.01237   0.00238  -0.0157   0.3393   0.1715  92.2506 191.8550
   7.558   0.7955   0.01258   0.00247  -0.0158   0.3340   0.1739  92.7802 192.1541
   7.643   0.8045   0.01271   0.00253  -0.0159   0.3318   0.1751  93.0076 192.2976
   7.729   0.8135   0.01279   0.00256  -0.0159   0.3299   0.1763  93.2020 192.4483
   7.814   0.8226   0.01289   0.00260  -0.0160   0.3280   0.1776  93.3977 192.6086
   7.899   0.8316   0.01300   0.00265  -0.0160   0.3261   0.1789  93.5848 192.7733
   7.985   0.8407   0.01312   0.00269  -0.0161   0.3244   0.1803  93.7601 192.9377
   8.070   0.8493   0.01324   0.00275  -0.0162   0.3228   0.1816  93.9228 193.1030
   8.156   0.8580   0.01334   0.00280  -0.0162   0.3215   0.1830  94.0638 193.2691
   8.241   0.8668   0.01342   0.00283  -0.0162   0.3202   0.1844  94.1962 193.4377
   8.327   0.8757   0.01351   0.00287  -0.0162   0.3189   0.1858  94.3312 193.6148
   8.412   0.8845   0.01361   0.00290  -0.0162   0.3176   0.1872  94.4640 193.7895
   8.498   0.8933   0.01372   0.00295  -0.0162   0.3163   0.1885  94.5919 193.9462
   8.583   0.9017   0.01383   0.00299  -0.0162   0.3152   0.1898  94.7122 194.0948
   8.668   0.9100   0.01395   0.00304  -0.0162   0.3141   0.1910  94.8272 194.2435
   8.754   0.9183   0.01408   0.00310  -0.0162   0.3130   0.1923  94.9385 194.3995
   8.839   0.9267   0.01419   0.00315  -0.0162   0.3120   0.1938  95.0362 194.5740
   8.925   0.9354   0.01427   0.00318  -0.0161   0.3112   0.1953  95.1220 194.7570
   9.010   0.9440   0.01437   0.00321  -0.0161   0.3103   0.1967  95.2111 194.9295
   9.095   0.9522   0.01446   0.00325  -0.0160   0.3095   0.1981  95.2994 195.0985
   9.181   0.9602   0.01456   0.00329  -0.0159   0.3087   0.1996  95.3859 195.2695
   9.266   0.9683   0.01467   0.00333  -0.0159   0.3078   0.2010  95.4706 195.4407
   9.352   0.9765   0.01478   0.00338  -0.0158   0.3071   0.2025  95.5527 195.6165
   9.437   0.9845   0.01491   0.00342  -0.0157   0.3063   0.2040  95.6325 195.7955
   9.523   0.9925   0.01504   0.00347  -0.0157   0.3055   0.2055  95.7180 195.9641
   9.608   0.9999   0.01518   0.00353  -0.0156   0.3045   0.2071  95.8140 196.1525
   9.694   1.0072   0.01534   0.00359  -0.0154   0.3035   0.2087  95.9215 196.3459
   9.779   1.0145   0.01548   0.00365  -0.0153   0.3025   0.2106  96.0256 196.5628
   9.864   1.0226   0.01557   0.00368  -0.0152   0.3017   0.2126  96.1136 196.7973
  10.035   1.0381   0.01576   0.00375  -0.0149   0.2997   0.2168  96.3231 197.2822
  10.121   1.0455   0.01587   0.00379  -0.0147   0.2986   0.2191  96.4318 197.5432
  10.206   1.0528   0.01600   0.00383  -0.0146   0.2976   0.2214  96.5349 197.8121
  10.291   1.0599   0.01614   0.00388  -0.0144   0.2966   0.2238  96.6421 198.0833
  10.377   1.0665   0.01630   0.00394  -0.0141   0.2956   0.2266  96.7523 198.4061
  10.462   1.0728   0.01647   0.00401  -0.0139   0.2945   0.2300  96.8636 198.7811
  10.548   1.0785   0.01667   0.00409  -0.0135   0.2934   0.2345  96.9765 199.2889
  10.633   1.0854   0.01675   0.00412  -0.0133   0.2924   0.2445  97.0855 200.4095
  10.719   1.0869   0.01658   0.00420  -0.0120   0.2915   0.4627  97.1844 222.4220
  10.804   1.0775   0.01576   0.00412  -0.0087   0.2912   0.8660  97.2092 265.4262
  10.889   1.0839   0.01585   0.00421  -0.0083   0.2896   0.8869  97.3820 268.4495
  10.975   1.0903   0.01601   0.00429  -0.0079   0.2875   0.8939  97.6004 269.5134
  11.060   1.0949   0.01624   0.00437  -0.0074   0.2854   0.8983  97.8257 270.2021
  11.146   1.0993   0.01648   0.00447  -0.0069   0.2833   0.9020  98.0534 270.7935
  11.231   1.1068   0.01658   0.00451  -0.0066   0.2808   0.9055  98.3115 271.3511
  11.317   1.1129   0.01677   0.00459  -0.0063   0.2782   0.9083  98.5953 271.8083
  11.402   1.1181   0.01703   0.00469  -0.0059   0.2758   0.9104  98.8472 272.1553
  11.487   1.1237   0.01725   0.00479  -0.0055   0.2737   0.9124  99.0697 272.4907
  11.573   1.1313   0.01737   0.00483  -0.0053   0.2718   0.9146  99.2792 272.8619
  11.658   1.1379   0.01754   0.00489  -0.0050   0.2702   0.9163  99.4558 273.1507
  11.744   1.1441   0.01773   0.00498  -0.0046   0.2688   0.9178  99.6004 273.4206
  11.829   1.1501   0.01794   0.00506  -0.0043   0.2675   0.9195  99.7478 273.7060
  11.915   1.1559   0.01818   0.00515  -0.0040   0.2661   0.9211  99.8968 273.9876
  12.000   1.1615   0.01839   0.00526  -0.0036   0.2648   0.9224 100.0348 274.2148
