  
       XFOIL         Version 6.99
  
 Calculated polar for: Repaneled_Airfoil                               
  
 1 1 Reynolds number fixed          Mach number fixed         
  
 xtrf =   1.000 (top)        1.000 (bottom)  
 Mach =   0.000     Re =     1.000 e 6     Ncrit =   9.000  9.000
  
   alpha    CL        CD       CDp       CM     Top_Xtr  Bot_Xtr  Top_Itr  Bot_Itr
  ------ -------- --------- --------- -------- -------- -------- -------- --------
  -5.000  -0.1614   0.01020   0.00186  -0.1588   0.5361   0.1922  72.7189 194.4614
  -4.915  -0.1534   0.01020   0.00188  -0.1585   0.5352   0.1954  72.8039 194.8421
  -4.829  -0.1455   0.01022   0.00190  -0.1582   0.5343   0.1981  72.8878 195.1664
  -4.744  -0.1378   0.01024   0.00193  -0.1579   0.5335   0.2008  72.9723 195.4843
  -4.658  -0.1293   0.01026   0.00194  -0.1577   0.5326   0.2034  73.0531 195.7959
  -4.573  -0.1206   0.01026   0.00195  -0.1575   0.5317   0.2056  73.1369 196.0542
  -4.487  -0.1119   0.01027   0.00199  -0.1574   0.5308   0.2076  73.2244 196.2854
  -4.402  -0.1032   0.01029   0.00203  -0.1572   0.5299   0.2096  73.3146 196.5268
  -4.317  -0.0946   0.01031   0.00205  -0.1570   0.5289   0.2116  73.4060 196.7588
  -4.231  -0.0861   0.01033   0.00205  -0.1568   0.5280   0.2133  73.4975 196.9581
  -4.146  -0.0775   0.01035   0.00208  -0.1567   0.5270   0.2147  73.5889 197.1134
  -4.060  -0.0690   0.01038   0.00212  -0.1565   0.5261   0.2159  73.6791 197.2495
  -3.975  -0.0606   0.01041   0.00215  -0.1562   0.5252   0.2170  73.7678 197.3767
  -3.889  -0.0523   0.01044   0.00217  -0.1560   0.5242   0.2181  73.8560 197.5013
  -3.804  -0.0441   0.01048   0.00219  -0.1557   0.5233   0.2192  73.9454 197.6295
  -3.719  -0.0357   0.01052   0.00221  -0.1555   0.5224   0.2204  74.0332 197.7686
  -3.633  -0.0267   0.01054   0.00222  -0.1554   0.5215   0.2216  74.1198 197.9134
  -3.548  -0.0178   0.01056   0.00224  -0.1553   0.5205   0.2228  74.2108 198.0417
  -3.462  -0.0089   0.01058   0.00228  -0.1552   0.5196   0.2237  74.3026 198.1535
  -3.377  -0.0001   0.01062   0.00232  -0.1550   0.5186   0.2246  74.3930 198.2552
  -3.292   0.0086   0.01065   0.00236  -0.1548   0.5177   0.2255  74.4811 198.3537
  -3.206   0.0174   0.01069   0.00239  -0.1547   0.5168   0.2264  74.5670 198.4576
  -3.121   0.0260   0.01073   0.00242  -0.1545   0.5160   0.2274  74.6498 198.5693
  -3.035   0.0347   0.01077   0.00244  -0.1543   0.5151   0.2284  74.7297 198.6847
  -2.950   0.0434   0.01082   0.00246  -0.1542   0.5143   0.2295  74.8079 198.8028
  -2.864   0.0519   0.01087   0.00248  -0.1540   0.5135   0.2305  74.8852 198.9160
  -2.779   0.0605   0.01093   0.00249  -0.1537   0.5127   0.2313  74.9638 199.0115
  -2.693   0.0694   0.01094   0.00254  -0.1536   0.5119   0.2322  75.0373 199.1154
  -2.608   0.0785   0.01097   0.00259  -0.1536   0.5112   0.2330  75.1095 199.2018
  -2.523   0.0875   0.01101   0.00263  -0.1535   0.5104   0.2337  75.1846 199.2807
  -2.437   0.0966   0.01105   0.00267  -0.1533   0.5096   0.2344  75.2612 199.3592
  -2.352   0.1055   0.01109   0.00271  -0.1532   0.5088   0.2352  75.3385 199.4420
  -2.266   0.1145   0.01113   0.00274  -0.1531   0.5080   0.2359  75.4153 199.5290
  -2.181   0.1235   0.01118   0.00277  -0.1530   0.5072   0.2368  75.4907 199.6221
  -2.095   0.1324   0.01122   0.00279  -0.1528   0.5064   0.2376  75.5648 199.7168
  -2.010   0.1413   0.01126   0.00280  -0.1527   0.5056   0.2384  75.6377 199.8108
  -1.925   0.1502   0.01130   0.00280  -0.1526   0.5049   0.2392  75.7089 199.8944
  -1.839   0.1591   0.01134   0.00280  -0.1524   0.5042   0.2398  75.7787 199.9595
  -1.754   0.1679   0.01137   0.00279  -0.1523   0.5034   0.2403  75.8480 200.0156
  -1.668   0.1768   0.01136   0.00281  -0.1522   0.5027   0.2408  75.9186 200.0768
  -1.498   0.1948   0.01138   0.00284  -0.1520   0.5011   0.2417  76.0759 200.1689
  -1.412   0.2041   0.01139   0.00286  -0.1519   0.5001   0.2421  76.1674 200.2114
  -1.327   0.2133   0.01140   0.00287  -0.1519   0.4990   0.2425  76.2723 200.2556
  -1.241   0.2224   0.01142   0.00288  -0.1518   0.4978   0.2429  76.3856 200.3023
  -1.156   0.2315   0.01144   0.00289  -0.1517   0.4966   0.2433  76.5014 200.3510
  -1.070   0.2405   0.01146   0.00290  -0.1516   0.4955   0.2438  76.6134 200.4014
  -0.985   0.2495   0.01148   0.00291  -0.1514   0.4944   0.2442  76.7164 200.4531
  -0.899   0.2583   0.01151   0.00291  -0.1513   0.4934   0.2447  76.8134 200.5039
  -0.814   0.2671   0.01154   0.00291  -0.1511   0.4924   0.2451  76.9069 200.5533
  -0.729   0.2759   0.01157   0.00290  -0.1510   0.4914   0.2456  77.0054 200.6013
  -0.643   0.2852   0.01157   0.00290  -0.1509   0.4904   0.2460  77.0964 200.6489
  -0.558   0.2945   0.01157   0.00289  -0.1509   0.4894   0.2464  77.1954 200.6961
  -0.472   0.3038   0.01158   0.00288  -0.1508   0.4883   0.2469  77.2974 200.7432
  -0.387   0.3129   0.01159   0.00286  -0.1507   0.4873   0.2473  77.3978 200.7914
  -0.301   0.3221   0.01160   0.00285  -0.1506   0.4862   0.2477  77.4965 200.8398
  -0.216   0.3311   0.01162   0.00284  -0.1505   0.4853   0.2482  77.5893 200.8872
  -0.131   0.3401   0.01164   0.00283  -0.1504   0.4843   0.2486  77.6787 200.9315
  -0.045   0.3491   0.01167   0.00281  -0.1502   0.4833   0.2489  77.7729 200.9708
   0.040   0.3580   0.01169   0.00280  -0.1501   0.4823   0.2493  77.8738 201.0080
   0.126   0.3669   0.01168   0.00280  -0.1500   0.4812   0.2497  77.9816 201.0595
   0.211   0.3762   0.01167   0.00280  -0.1499   0.4801   0.2501  78.0840 201.1004
   0.296   0.3855   0.01166   0.00281  -0.1499   0.4789   0.2504  78.1991 201.1355
   0.382   0.3948   0.01166   0.00281  -0.1498   0.4776   0.2507  78.3189 201.1686
   0.467   0.4040   0.01167   0.00281  -0.1497   0.4765   0.2510  78.4318 201.2012
   0.553   0.4131   0.01168   0.00281  -0.1496   0.4753   0.2513  78.5405 201.2353
   0.638   0.4221   0.01169   0.00281  -0.1495   0.4742   0.2517  78.6465 201.2709
   0.724   0.4311   0.01171   0.00280  -0.1494   0.4731   0.2520  78.7541 201.3078
   0.809   0.4400   0.01174   0.00280  -0.1492   0.4719   0.2524  78.8681 201.3456
   0.894   0.4488   0.01177   0.00279  -0.1491   0.4707   0.2527  78.9886 201.3839
   0.980   0.4581   0.01178   0.00279  -0.1490   0.4695   0.2531  79.1028 201.4236
   1.065   0.4673   0.01178   0.00279  -0.1489   0.4682   0.2534  79.2254 201.4629
   1.151   0.4766   0.01179   0.00278  -0.1488   0.4668   0.2538  79.3547 201.5020
   1.236   0.4857   0.01180   0.00277  -0.1487   0.4655   0.2541  79.4850 201.5402
   1.322   0.4948   0.01182   0.00276  -0.1486   0.4642   0.2545  79.6093 201.5785
   1.407   0.5039   0.01183   0.00275  -0.1485   0.4630   0.2548  79.7279 201.6173
   1.492   0.5128   0.01185   0.00273  -0.1484   0.4617   0.2552  79.8481 201.6584
   1.578   0.5217   0.01188   0.00272  -0.1482   0.4603   0.2556  79.9825 201.7007
   1.663   0.5310   0.01189   0.00271  -0.1481   0.4588   0.2560  80.1274 201.7436
   1.749   0.5403   0.01190   0.00269  -0.1481   0.4570   0.2564  80.2976 201.7842
   1.834   0.5494   0.01191   0.00268  -0.1480   0.4551   0.2567  80.4802 201.8222
   1.920   0.5585   0.01192   0.00266  -0.1478   0.4533   0.2571  80.6588 201.8588
   2.005   0.5675   0.01195   0.00264  -0.1477   0.4515   0.2574  80.8266 201.8958
   2.091   0.5763   0.01198   0.00262  -0.1475   0.4498   0.2577  80.9886 201.9316
   2.176   0.5856   0.01200   0.00260  -0.1474   0.4481   0.2580  81.1569 201.9656
   2.261   0.5948   0.01202   0.00258  -0.1473   0.4460   0.2583  81.3585 201.9954
   2.347   0.6041   0.01200   0.00258  -0.1473   0.4436   0.2588  81.5859 202.0473
   2.432   0.6132   0.01200   0.00257  -0.1472   0.4412   0.2592  81.8247 202.0920
   2.518   0.6222   0.01202   0.00256  -0.1470   0.4387   0.2596  82.0628 202.1303
   2.603   0.6316   0.01202   0.00256  -0.1470   0.4357   0.2599  82.3520 202.1655
   2.688   0.6407   0.01203   0.00254  -0.1469   0.4321   0.2602  82.6937 202.1976
   2.774   0.6497   0.01206   0.00253  -0.1467   0.4286   0.2605  83.0353 202.2287
   2.859   0.6590   0.01207   0.00252  -0.1467   0.4247   0.2608  83.4132 202.2605
   2.945   0.6680   0.01210   0.00250  -0.1465   0.4202   0.2611  83.8481 202.2924
   3.030   0.6772   0.01213   0.00248  -0.1464   0.4154   0.2614  84.3172 202.3249
   3.116   0.6862   0.01216   0.00245  -0.1463   0.4091   0.2617  84.9241 202.3581
   3.201   0.6954   0.01219   0.00243  -0.1462   0.4013   0.2620  85.6850 202.3918
   3.286   0.7046   0.01225   0.00240  -0.1461   0.3902   0.2623  86.7748 202.4270
   3.372   0.7139   0.01232   0.00236  -0.1460   0.3738   0.2626  88.3857 202.4625
   3.457   0.7322   0.01324   0.00246  -0.1481   0.1805   0.2631 109.2729 202.5115
   3.543   0.7424   0.01334   0.00247  -0.1482   0.1700   0.2635 110.5911 202.5500
   3.628   0.7522   0.01341   0.00248  -0.1482   0.1629   0.2638 111.4935 202.5882
   3.714   0.7620   0.01347   0.00248  -0.1482   0.1573   0.2642 112.2226 202.6273
   3.799   0.7717   0.01353   0.00248  -0.1483   0.1523   0.2645 112.8916 202.6667
   3.884   0.7813   0.01358   0.00248  -0.1482   0.1479   0.2649 113.4792 202.7051
   3.970   0.7910   0.01363   0.00247  -0.1482   0.1437   0.2653 114.0400 202.7448
   4.055   0.8005   0.01368   0.00247  -0.1482   0.1398   0.2656 114.5730 202.7835
   4.141   0.8101   0.01373   0.00246  -0.1482   0.1362   0.2660 115.0744 202.8226
   4.226   0.8195   0.01378   0.00246  -0.1481   0.1326   0.2663 115.5722 202.8625
   4.312   0.8290   0.01384   0.00245  -0.1481   0.1293   0.2667 116.0416 202.9013
   4.397   0.8384   0.01389   0.00245  -0.1480   0.1262   0.2670 116.4952 202.9375
   4.482   0.8479   0.01395   0.00244  -0.1480   0.1230   0.2673 116.9449 202.9700
   4.568   0.8573   0.01400   0.00244  -0.1479   0.1201   0.2676 117.3807 202.9978
   4.653   0.8669   0.01403   0.00245  -0.1479   0.1169   0.2681 117.8523 203.0500
   4.739   0.8764   0.01406   0.00246  -0.1479   0.1138   0.2685 118.3029 203.0933
   4.824   0.8859   0.01411   0.00246  -0.1479   0.1106   0.2689 118.7865 203.1320
   4.910   0.8953   0.01416   0.00247  -0.1478   0.1078   0.2692 119.2232 203.1679
   4.995   0.9047   0.01421   0.00247  -0.1478   0.1049   0.2695 119.6709 203.2037
   5.080   0.9141   0.01426   0.00248  -0.1477   0.1023   0.2699 120.0855 203.2392
   5.166   0.9234   0.01431   0.00249  -0.1477   0.0995   0.2702 120.5170 203.2753
   5.251   0.9328   0.01438   0.00249  -0.1476   0.0969   0.2705 120.9428 203.3119
   5.337   0.9421   0.01443   0.00250  -0.1475   0.0944   0.2709 121.3440 203.3489
   5.422   0.9513   0.01449   0.00251  -0.1474   0.0918   0.2713 121.7660 203.3874
   5.508   0.9606   0.01455   0.00251  -0.1473   0.0896   0.2716 122.1463 203.4263
   5.593   0.9698   0.01461   0.00252  -0.1473   0.0872   0.2720 122.5381 203.4663
   5.678   0.9791   0.01468   0.00253  -0.1472   0.0850   0.2724 122.9231 203.5069
   5.764   0.9882   0.01474   0.00254  -0.1471   0.0828   0.2728 123.2982 203.5481
   5.849   0.9974   0.01480   0.00255  -0.1470   0.0804   0.2731 123.7099 203.5898
   5.935   1.0065   0.01488   0.00256  -0.1468   0.0782   0.2736 124.0971 203.6349
   6.020   1.0156   0.01494   0.00257  -0.1467   0.0760   0.2740 124.5022 203.6851
   6.106   1.0246   0.01502   0.00258  -0.1466   0.0738   0.2745 124.9027 203.7373
   6.191   1.0336   0.01509   0.00259  -0.1465   0.0718   0.2750 125.2721 203.7895
   6.276   1.0426   0.01517   0.00260  -0.1463   0.0697   0.2755 125.6563 203.8391
   6.362   1.0515   0.01526   0.00261  -0.1462   0.0678   0.2759 126.0227 203.8844
   6.447   1.0604   0.01533   0.00263  -0.1460   0.0659   0.2763 126.3763 203.9252
   6.533   1.0693   0.01541   0.00264  -0.1458   0.0640   0.2766 126.7404 203.9609
   6.618   1.0781   0.01550   0.00265  -0.1456   0.0623   0.2769 127.0723 203.9911
   6.704   1.0870   0.01556   0.00268  -0.1455   0.0607   0.2774 127.4079 204.0388
   6.789   1.0959   0.01563   0.00270  -0.1454   0.0590   0.2778 127.7444 204.0876
   6.874   1.1047   0.01572   0.00273  -0.1452   0.0575   0.2782 128.0545 204.1316
   6.960   1.1135   0.01578   0.00275  -0.1450   0.0560   0.2786 128.3526 204.1733
   7.045   1.1222   0.01587   0.00278  -0.1448   0.0546   0.2790 128.6546 204.2137
   7.131   1.1308   0.01597   0.00281  -0.1446   0.0532   0.2794 128.9427 204.2535
   7.216   1.1394   0.01605   0.00283  -0.1444   0.0520   0.2798 129.2050 204.2940
   7.301   1.1479   0.01613   0.00286  -0.1442   0.0507   0.2802 129.4896 204.3348
   7.387   1.1564   0.01623   0.00288  -0.1439   0.0494   0.2805 129.7634 204.3761
   7.472   1.1647   0.01634   0.00292  -0.1437   0.0482   0.2809 130.0220 204.4179
   7.558   1.1732   0.01642   0.00294  -0.1434   0.0472   0.2814 130.2609 204.4610
   7.643   1.1815   0.01651   0.00297  -0.1432   0.0461   0.2818 130.5153 204.5045
   7.729   1.1897   0.01662   0.00300  -0.1429   0.0450   0.2822 130.7583 204.5485
   7.814   1.1977   0.01675   0.00304  -0.1426   0.0439   0.2826 131.0053 204.5923
   7.899   1.2060   0.01683   0.00307  -0.1423   0.0430   0.2830 131.2201 204.6371
   7.985   1.2141   0.01693   0.00310  -0.1420   0.0420   0.2834 131.4595 204.6817
   8.070   1.2221   0.01704   0.00313  -0.1416   0.0410   0.2839 131.6932 204.7259
   8.156   1.2298   0.01718   0.00317  -0.1413   0.0401   0.2843 131.9256 204.7687
   8.241   1.2377   0.01728   0.00321  -0.1409   0.0392   0.2847 132.1301 204.8117
   8.327   1.2458   0.01738   0.00324  -0.1406   0.0384   0.2851 132.3415 204.8533
   8.412   1.2536   0.01749   0.00327  -0.1402   0.0375   0.2854 132.5547 204.8931
   8.498   1.2612   0.01761   0.00331  -0.1398   0.0368   0.2858 132.7529 204.9301
   8.583   1.2685   0.01776   0.00335  -0.1394   0.0360   0.2861 132.9505 204.9639
   8.668   1.2762   0.01787   0.00339  -0.1390   0.0353   0.2864 133.1218 204.9958
   8.754   1.2841   0.01796   0.00343  -0.1386   0.0346   0.2869 133.3043 205.0503
   8.839   1.2918   0.01807   0.00347  -0.1383   0.0339   0.2875 133.4912 205.1044
   8.925   1.2993   0.01819   0.00351  -0.1379   0.0332   0.2879 133.6687 205.1551
   9.010   1.3064   0.01833   0.00357  -0.1374   0.0326   0.2884 133.8401 205.2035
   9.095   1.3132   0.01850   0.00363  -0.1368   0.0319   0.2888 134.0161 205.2503
   9.181   1.3208   0.01860   0.00367  -0.1364   0.0314   0.2893 134.1520 205.2997
   9.266   1.3281   0.01872   0.00372  -0.1360   0.0309   0.2898 134.3034 205.3493
   9.352   1.3354   0.01884   0.00376  -0.1355   0.0303   0.2903 134.4566 205.3999
   9.437   1.3424   0.01898   0.00382  -0.1350   0.0298   0.2908 134.6060 205.4511
   9.523   1.3491   0.01913   0.00387  -0.1345   0.0293   0.2913 134.7498 205.5027
   9.608   1.3554   0.01931   0.00394  -0.1339   0.0288   0.2917 134.8978 205.5540
   9.694   1.3617   0.01950   0.00402  -0.1332   0.0283   0.2923 135.0347 205.6067
   9.779   1.3688   0.01962   0.00406  -0.1327   0.0279   0.2928 135.1466 205.6638
   9.864   1.3758   0.01975   0.00411  -0.1322   0.0275   0.2934 135.2712 205.7228
   9.950   1.3825   0.01989   0.00417  -0.1317   0.0271   0.2939 135.3980 205.7825
  10.035   1.3892   0.02003   0.00422  -0.1311   0.0266   0.2945 135.5210 205.8408
  10.121   1.3957   0.02019   0.00428  -0.1305   0.0262   0.2950 135.6400 205.8963
  10.206   1.4019   0.02036   0.00435  -0.1299   0.0259   0.2955 135.7533 205.9474
  10.291   1.4078   0.02055   0.00442  -0.1292   0.0255   0.2959 135.8657 205.9924
  10.377   1.4129   0.02078   0.00453  -0.1284   0.0251   0.2966 135.9864 206.0576
  10.462   1.4194   0.02093   0.00459  -0.1278   0.0248   0.2972 136.0702 206.1284
  10.548   1.4259   0.02107   0.00466  -0.1272   0.0245   0.2979 136.1598 206.1944
  10.633   1.4322   0.02123   0.00473  -0.1266   0.0242   0.2985 136.2547 206.2583
  10.719   1.4384   0.02139   0.00480  -0.1259   0.0239   0.2991 136.3500 206.3216
  10.804   1.4444   0.02156   0.00487  -0.1253   0.0236   0.2997 136.4434 206.3848
  10.889   1.4504   0.02173   0.00495  -0.1246   0.0233   0.3003 136.5343 206.4496
  10.975   1.4562   0.02192   0.00503  -0.1239   0.0230   0.3010 136.6229 206.5158
  11.060   1.4617   0.02211   0.00511  -0.1232   0.0228   0.3016 136.7089 206.5827
  11.146   1.4670   0.02233   0.00520  -0.1224   0.0225   0.3023 136.7951 206.6496
  11.231   1.4717   0.02257   0.00532  -0.1215   0.0222   0.3029 136.8856 206.7151
  11.317   1.4755   0.02287   0.00546  -0.1205   0.0219   0.3035 136.9827 206.7769
  11.402   1.4809   0.02307   0.00556  -0.1198   0.0217   0.3042 137.0438 206.8452
  11.487   1.4865   0.02325   0.00565  -0.1191   0.0215   0.3048 137.1053 206.9102
  11.573   1.4920   0.02345   0.00574  -0.1183   0.0213   0.3054 137.1729 206.9719
  11.658   1.4974   0.02365   0.00584  -0.1176   0.0211   0.3061 137.2448 207.0456
  11.744   1.5027   0.02385   0.00594  -0.1168   0.0209   0.3069 137.3189 207.1329
  11.829   1.5079   0.02406   0.00605  -0.1161   0.0207   0.3078 137.3929 207.2186
  11.915   1.5129   0.02428   0.00616  -0.1153   0.0205   0.3086 137.4658 207.3043
  12.000   1.5180   0.02450   0.00627  -0.1145   0.0203   0.3095 137.5368 207.3934
