  
       XFOIL         Version 6.99
  
 Calculated polar for: Repaneled_Airfoil                               
  
 1 1 Reynolds number fixed          Mach number fixed         
  
 xtrf =   1.000 (top)        1.000 (bottom)  
 Mach =   0.000     Re =     1.000 e 6     Ncrit =   9.000  9.000
  
   alpha    CL        CD       CDp       CM     Top_Xtr  Bot_Xtr  Top_Itr  Bot_Itr
  ------ -------- --------- --------- -------- -------- -------- -------- --------
  -5.000  -0.2756   0.00872   0.00187  -0.0602   0.9652   0.0659  18.9196 175.7539
  -4.915  -0.2664   0.00865   0.00182  -0.0601   0.9632   0.0676  19.4256 176.0894
  -4.829  -0.2566   0.00856   0.00177  -0.0601   0.9616   0.0696  19.8138 176.4549
  -4.744  -0.2472   0.00849   0.00173  -0.0600   0.9597   0.0715  20.2861 176.8251
  -4.658  -0.2377   0.00842   0.00168  -0.0599   0.9577   0.0735  20.7605 177.1873
  -4.573  -0.2284   0.00834   0.00163  -0.0598   0.9556   0.0757  21.2508 177.5891
  -4.487  -0.2191   0.00828   0.00159  -0.0597   0.9533   0.0779  21.7871 177.9898
  -4.402  -0.2101   0.00820   0.00154  -0.0595   0.9507   0.0803  22.3589 178.4029
  -4.317  -0.2008   0.00814   0.00150  -0.0594   0.9484   0.0828  22.8806 178.8506
  -4.231  -0.1919   0.00807   0.00146  -0.0592   0.9454   0.0853  23.5045 179.2700
  -4.146  -0.1824   0.00800   0.00141  -0.0591   0.9431   0.0881  23.9857 179.7426
  -4.060  -0.1735   0.00794   0.00138  -0.0589   0.9399   0.0907  24.6323 180.1902
  -3.975  -0.1642   0.00787   0.00134  -0.0588   0.9374   0.0938  25.1460 180.6928
  -3.889  -0.1550   0.00781   0.00130  -0.0587   0.9343   0.0967  25.7462 181.1682
  -3.804  -0.1457   0.00775   0.00126  -0.0586   0.9313   0.0999  26.3083 181.6851
  -3.719  -0.1364   0.00769   0.00123  -0.0585   0.9283   0.1032  26.8711 182.1993
  -3.633  -0.1272   0.00763   0.00119  -0.0583   0.9248   0.1068  27.5065 182.7605
  -3.548  -0.1178   0.00757   0.00116  -0.0583   0.9216   0.1104  28.0814 183.3164
  -3.462  -0.1085   0.00752   0.00112  -0.0581   0.9178   0.1143  28.7585 183.9086
  -3.377  -0.0992   0.00746   0.00109  -0.0580   0.9139   0.1182  29.4173 184.4852
  -3.292  -0.0897   0.00741   0.00105  -0.0580   0.9103   0.1223  30.0410 185.0840
  -3.206  -0.0804   0.00735   0.00102  -0.0579   0.9059   0.1267  30.7540 185.7259
  -3.121  -0.0711   0.00729   0.00099  -0.0578   0.9015   0.1314  31.4698 186.3956
  -3.035  -0.0617   0.00724   0.00095  -0.0577   0.8969   0.1366  32.2080 187.1321
  -2.864  -0.0432   0.00712   0.00087  -0.0575   0.8860   0.1493  33.8773 188.8605
  -2.779  -0.0339   0.00705   0.00084  -0.0574   0.8798   0.1573  34.7993 189.9185
  -2.693  -0.0248   0.00698   0.00080  -0.0573   0.8730   0.1669  35.7780 191.1617
  -2.608  -0.0157   0.00690   0.00075  -0.0571   0.8658   0.1798  36.8055 192.7902
  -2.523  -0.0068   0.00680   0.00070  -0.0570   0.8580   0.1977  37.8762 194.9822
  -2.437   0.0018   0.00666   0.00065  -0.0568   0.8497   0.2247  39.0020 198.1331
  -2.352   0.0103   0.00650   0.00060  -0.0567   0.8410   0.2614  40.1469 202.2211
  -2.266   0.0187   0.00635   0.00056  -0.0565   0.8321   0.2997  41.3040 206.2961
  -2.181   0.0273   0.00623   0.00053  -0.0563   0.8228   0.3320  42.4751 209.6159
  -2.095   0.0360   0.00615   0.00050  -0.0561   0.8137   0.3585  43.5994 212.2818
  -2.010   0.0447   0.00608   0.00048  -0.0560   0.8048   0.3816  44.6870 214.5648
  -1.925   0.0536   0.00603   0.00047  -0.0558   0.7962   0.4021  45.7149 216.5749
  -1.839   0.0625   0.00599   0.00046  -0.0557   0.7880   0.4204  46.6730 218.3527
  -1.668   0.0805   0.00592   0.00044  -0.0554   0.7727   0.4533  48.4366 221.5204
  -1.583   0.0896   0.00590   0.00044  -0.0553   0.7655   0.4680  49.2500 222.9309
  -1.498   0.0987   0.00588   0.00044  -0.0552   0.7585   0.4819  50.0359 224.2609
  -1.412   0.1078   0.00586   0.00043  -0.0551   0.7515   0.4963  50.8127 225.6299
  -1.327   0.1171   0.00584   0.00043  -0.0550   0.7448   0.5104  51.5559 226.9753
  -1.241   0.1262   0.00581   0.00043  -0.0549   0.7381   0.5239  52.2846 228.2679
  -1.156   0.1353   0.00580   0.00043  -0.0548   0.7313   0.5369  53.0159 229.5178
  -1.070   0.1446   0.00578   0.00043  -0.0547   0.7243   0.5492  53.7738 230.6973
  -0.985   0.1538   0.00577   0.00043  -0.0546   0.7174   0.5611  54.5057 231.8401
  -0.899   0.1631   0.00576   0.00043  -0.0545   0.7107   0.5725  55.2158 232.9396
  -0.729   0.1816   0.00575   0.00043  -0.0543   0.6965   0.5946  56.6915 235.0777
  -0.643   0.1908   0.00574   0.00043  -0.0542   0.6893   0.6062  57.4382 236.2076
  -0.558   0.1999   0.00573   0.00044  -0.0541   0.6820   0.6183  58.1898 237.3960
  -0.472   0.2090   0.00573   0.00044  -0.0540   0.6744   0.6308  58.9647 238.6251
  -0.387   0.2182   0.00572   0.00044  -0.0539   0.6666   0.6432  59.7636 239.8613
  -0.301   0.2274   0.00571   0.00045  -0.0538   0.6588   0.6553  60.5430 241.0699
  -0.216   0.2365   0.00571   0.00045  -0.0537   0.6512   0.6675  61.3067 242.2982
  -0.131   0.2455   0.00571   0.00046  -0.0535   0.6435   0.6801  62.0779 243.5815
  -0.045   0.2546   0.00570   0.00046  -0.0534   0.6355   0.6934  62.8747 244.9531
   0.040   0.2636   0.00570   0.00048  -0.0533   0.6275   0.7075  63.6697 246.4192
   0.211   0.2815   0.00570   0.00050  -0.0529   0.6111   0.7380  65.2846 249.6769
   0.296   0.2904   0.00571   0.00052  -0.0527   0.6026   0.7518  66.1080 251.1940
   0.382   0.2993   0.00573   0.00054  -0.0526   0.5943   0.7642  66.9240 252.5750
   0.467   0.3084   0.00575   0.00055  -0.0524   0.5860   0.7750  67.7257 253.7940
   0.553   0.3175   0.00577   0.00056  -0.0523   0.5779   0.7845  68.5060 254.8901
   0.638   0.3266   0.00580   0.00058  -0.0522   0.5699   0.7933  69.2842 255.9250
   0.724   0.3356   0.00583   0.00059  -0.0520   0.5617   0.8020  70.0712 256.9548
   0.809   0.3447   0.00586   0.00061  -0.0519   0.5532   0.8102  70.8903 257.9515
   0.894   0.3538   0.00590   0.00062  -0.0517   0.5446   0.8181  71.7094 258.9166
   0.980   0.3628   0.00593   0.00063  -0.0516   0.5362   0.8254  72.5139 259.8281
   1.065   0.3718   0.00596   0.00065  -0.0514   0.5280   0.8322  73.3069 260.6925
   1.151   0.3807   0.00600   0.00066  -0.0512   0.5196   0.8391  74.1035 261.5796
   1.236   0.3897   0.00604   0.00067  -0.0511   0.5113   0.8462  74.9025 262.5117
   1.322   0.3986   0.00607   0.00069  -0.0509   0.5032   0.8533  75.6671 263.4670
   1.407   0.4075   0.00610   0.00070  -0.0507   0.4955   0.8603  76.4019 264.4178
   1.492   0.4163   0.00614   0.00072  -0.0505   0.4877   0.8668  77.1469 265.3200
   1.578   0.4252   0.00618   0.00073  -0.0504   0.4797   0.8727  77.9197 266.1567
   1.663   0.4342   0.00622   0.00074  -0.0502   0.4716   0.8782  78.6881 266.9473
   1.749   0.4431   0.00626   0.00076  -0.0500   0.4637   0.8830  79.4483 267.6643
   1.834   0.4520   0.00630   0.00077  -0.0499   0.4557   0.8878  80.2135 268.3818
   2.005   0.4697   0.00639   0.00080  -0.0495   0.4401   0.8981  81.7068 269.9672
   2.091   0.4785   0.00643   0.00081  -0.0493   0.4328   0.9034  82.4148 270.8247
   2.176   0.4872   0.00648   0.00083  -0.0491   0.4254   0.9091  83.1282 271.7482
   2.261   0.4958   0.00652   0.00084  -0.0488   0.4180   0.9150  83.8433 272.7392
   2.347   0.5044   0.00656   0.00086  -0.0486   0.4110   0.9210  84.5239 273.7983
   2.432   0.5130   0.00661   0.00088  -0.0483   0.4041   0.9273  85.1871 274.9290
   2.518   0.5215   0.00665   0.00089  -0.0481   0.3971   0.9336  85.8728 276.1076
   2.603   0.5302   0.00670   0.00091  -0.0478   0.3905   0.9399  86.5155 277.3442
   2.688   0.5389   0.00675   0.00093  -0.0476   0.3843   0.9463  87.1267 278.6584
   2.774   0.5481   0.00679   0.00094  -0.0475   0.3780   0.9527  87.7428 280.0509
   2.859   0.5577   0.00684   0.00096  -0.0475   0.3722   0.9586  88.3148 281.4269
   2.945   0.5677   0.00690   0.00098  -0.0476   0.3660   0.9645  88.9301 282.8896
   3.030   0.5784   0.00696   0.00100  -0.0478   0.3597   0.9697  89.5502 284.3090
   3.116   0.5895   0.00702   0.00102  -0.0481   0.3536   0.9746  90.1617 285.7227
   3.201   0.6009   0.00709   0.00104  -0.0486   0.3472   0.9790  90.8034 287.1236
   3.286   0.6126   0.00715   0.00106  -0.0491   0.3411   0.9827  91.4210 288.4262
   3.372   0.6243   0.00722   0.00108  -0.0496   0.3350   0.9861  92.0286 289.7401
   3.457   0.6362   0.00728   0.00110  -0.0501   0.3293   0.9892  92.6127 291.0622
   3.543   0.6482   0.00735   0.00112  -0.0507   0.3240   0.9918  93.1502 292.3696
   3.628   0.6603   0.00742   0.00114  -0.0513   0.3183   0.9943  93.7304 293.8041
   3.714   0.6726   0.00749   0.00116  -0.0519   0.3129   0.9963  94.2859 295.1908
   3.799   0.6851   0.00756   0.00119  -0.0526   0.3071   0.9979  94.8817 296.6520
   3.884   0.6976   0.00763   0.00121  -0.0533   0.3018   0.9993  95.4374 298.5762
   4.055   0.7159   0.00775   0.00124  -0.0532   0.2928   1.0000  96.3724 301.0000
   4.141   0.7241   0.00781   0.00125  -0.0530   0.2886   1.0000  96.8147 301.0000
   4.226   0.7324   0.00786   0.00127  -0.0527   0.2847   1.0000  97.2330 301.0000
   4.312   0.7408   0.00792   0.00128  -0.0525   0.2804   1.0000  97.6868 301.0000
   4.397   0.7492   0.00799   0.00130  -0.0523   0.2765   1.0000  98.1012 301.0000
   4.482   0.7578   0.00804   0.00131  -0.0521   0.2724   1.0000  98.5381 301.0000
   4.568   0.7663   0.00811   0.00133  -0.0519   0.2685   1.0000  98.9578 301.0000
   4.653   0.7751   0.00816   0.00135  -0.0518   0.2648   1.0000  99.3577 301.0000
   4.739   0.7837   0.00823   0.00137  -0.0516   0.2610   1.0000  99.7687 301.0000
   4.824   0.7924   0.00829   0.00139  -0.0515   0.2575   1.0000 100.1458 301.0000
   4.910   0.8013   0.00834   0.00140  -0.0514   0.2539   1.0000 100.5489 301.0000
   4.995   0.8100   0.00841   0.00142  -0.0512   0.2503   1.0000 100.9348 301.0000
   5.080   0.8190   0.00847   0.00144  -0.0511   0.2470   1.0000 101.3040 301.0000
   5.166   0.8278   0.00853   0.00146  -0.0510   0.2435   1.0000 101.6903 301.0000
   5.251   0.8366   0.00860   0.00149  -0.0509   0.2403   1.0000 102.0440 301.0000
   5.337   0.8456   0.00865   0.00150  -0.0508   0.2370   1.0000 102.4196 301.0000
   5.422   0.8544   0.00872   0.00153  -0.0507   0.2335   1.0000 102.8162 301.0000
   5.508   0.8633   0.00879   0.00155  -0.0506   0.2301   1.0000 103.1950 301.0000
   5.593   0.8722   0.00885   0.00157  -0.0505   0.2263   1.0000 103.6255 301.0000
   5.678   0.8810   0.00893   0.00159  -0.0503   0.2228   1.0000 104.0308 301.0000
   5.764   0.8900   0.00899   0.00161  -0.0502   0.2193   1.0000 104.4307 301.0000
   5.849   0.8988   0.00906   0.00164  -0.0501   0.2158   1.0000 104.8347 301.0000
   5.935   0.9077   0.00913   0.00166  -0.0500   0.2126   1.0000 105.2159 301.0000
   6.020   0.9166   0.00920   0.00169  -0.0499   0.2090   1.0000 105.6335 301.0000
   6.106   0.9254   0.00929   0.00172  -0.0498   0.2056   1.0000 106.0285 301.0000
   6.191   0.9344   0.00935   0.00174  -0.0497   0.2019   1.0000 106.4699 301.0000
   6.362   0.9520   0.00951   0.00180  -0.0495   0.1938   1.0000 107.4411 301.0000
   6.447   0.9605   0.00961   0.00183  -0.0494   0.1895   1.0000 107.9563 301.0000
   6.533   0.9694   0.00968   0.00186  -0.0493   0.1852   1.0000 108.4866 301.0000
   6.618   0.9780   0.00978   0.00190  -0.0491   0.1807   1.0000 109.0430 301.0000
   6.704   0.9868   0.00986   0.00193  -0.0490   0.1758   1.0000 109.6567 301.0000
   6.789   0.9954   0.00996   0.00196  -0.0489   0.1710   1.0000 110.2559 301.0000
   6.874   1.0039   0.01007   0.00200  -0.0487   0.1661   1.0000 110.8924 301.0000
   6.960   1.0125   0.01017   0.00204  -0.0486   0.1610   1.0000 111.5494 301.0000
   7.045   1.0209   0.01029   0.00209  -0.0484   0.1555   1.0000 112.2680 301.0000
   7.131   1.0292   0.01041   0.00214  -0.0483   0.1493   1.0000 113.0926 301.0000
   7.216   1.0375   0.01054   0.00219  -0.0481   0.1433   1.0000 113.9038 301.0000
   7.301   1.0458   0.01066   0.00224  -0.0479   0.1372   1.0000 114.7407 301.0000
   7.387   1.0540   0.01080   0.00230  -0.0477   0.1304   1.0000 115.6889 301.0000
   7.472   1.0619   0.01096   0.00237  -0.0475   0.1236   1.0000 116.6711 301.0000
   7.558   1.0699   0.01112   0.00245  -0.0473   0.1170   1.0000 117.6404 301.0000
   7.643   1.0778   0.01128   0.00252  -0.0471   0.1100   1.0000 118.6923 301.0000
   7.729   1.0855   0.01146   0.00261  -0.0468   0.1035   1.0000 119.6997 301.0000
   7.814   1.0934   0.01163   0.00269  -0.0466   0.0974   1.0000 120.6609 301.0000
   7.899   1.1011   0.01180   0.00278  -0.0463   0.0914   1.0000 121.6420 301.0000
   7.985   1.1089   0.01197   0.00287  -0.0461   0.0860   1.0000 122.5550 301.0000
   8.070   1.1167   0.01214   0.00296  -0.0458   0.0811   1.0000 123.3995 301.0000
   8.156   1.1244   0.01231   0.00304  -0.0456   0.0763   1.0000 124.2542 301.0000
   8.241   1.1321   0.01249   0.00314  -0.0453   0.0718   1.0000 125.0668 301.0000
   8.327   1.1399   0.01265   0.00322  -0.0451   0.0679   1.0000 125.7916 301.0000
   8.412   1.1479   0.01280   0.00330  -0.0449   0.0645   1.0000 126.4606 301.0000
   8.498   1.1556   0.01296   0.00339  -0.0446   0.0611   1.0000 127.1140 301.0000
   8.583   1.1635   0.01311   0.00347  -0.0444   0.0581   1.0000 127.7311 301.0000
   8.668   1.1713   0.01327   0.00355  -0.0442   0.0555   1.0000 128.2571 301.0000
   8.754   1.1792   0.01342   0.00364  -0.0439   0.0532   1.0000 128.7564 301.0000
   8.839   1.1870   0.01357   0.00372  -0.0437   0.0511   1.0000 129.1967 301.0000
   8.925   1.1950   0.01371   0.00379  -0.0435   0.0490   1.0000 129.6600 301.0000
   9.010   1.2027   0.01387   0.00388  -0.0432   0.0471   1.0000 130.0756 301.0000
   9.095   1.2107   0.01400   0.00395  -0.0430   0.0454   1.0000 130.4730 301.0000
   9.181   1.2183   0.01416   0.00404  -0.0428   0.0437   1.0000 130.8587 301.0000
   9.266   1.2261   0.01431   0.00412  -0.0425   0.0423   1.0000 131.1943 301.0000
   9.352   1.2340   0.01445   0.00419  -0.0423   0.0409   1.0000 131.5253 301.0000
   9.437   1.2415   0.01461   0.00428  -0.0420   0.0397   1.0000 131.8340 301.0000
   9.523   1.2492   0.01476   0.00437  -0.0418   0.0385   1.0000 132.1057 301.0000
   9.608   1.2571   0.01488   0.00444  -0.0416   0.0375   1.0000 132.3788 301.0000
   9.694   1.2648   0.01503   0.00452  -0.0413   0.0364   1.0000 132.6551 301.0000
   9.779   1.2722   0.01520   0.00461  -0.0410   0.0354   1.0000 132.9117 301.0000
   9.864   1.2798   0.01534   0.00469  -0.0408   0.0345   1.0000 133.1332 301.0000
   9.950   1.2875   0.01548   0.00476  -0.0405   0.0337   1.0000 133.3579 301.0000
  10.035   1.2950   0.01563   0.00485  -0.0402   0.0328   1.0000 133.5845 301.0000
  10.121   1.3023   0.01580   0.00494  -0.0399   0.0320   1.0000 133.8062 301.0000
  10.206   1.3094   0.01598   0.00504  -0.0396   0.0312   1.0000 134.0236 301.0000
  10.291   1.3171   0.01611   0.00511  -0.0394   0.0305   1.0000 134.2081 301.0000
  10.377   1.3245   0.01625   0.00520  -0.0391   0.0298   1.0000 134.4101 301.0000
  10.462   1.3317   0.01641   0.00529  -0.0388   0.0291   1.0000 134.6114 301.0000
  10.548   1.3386   0.01660   0.00539  -0.0384   0.0284   1.0000 134.8070 301.0000
  10.633   1.3452   0.01680   0.00551  -0.0380   0.0277   1.0000 135.0076 301.0000
  10.719   1.3528   0.01692   0.00557  -0.0378   0.0272   1.0000 135.1636 301.0000
  10.804   1.3602   0.01706   0.00565  -0.0375   0.0266   1.0000 135.3453 301.0000
  10.889   1.3673   0.01721   0.00573  -0.0372   0.0260   1.0000 135.5316 301.0000
  10.975   1.3741   0.01738   0.00583  -0.0368   0.0254   1.0000 135.7103 301.0000
  11.060   1.3807   0.01757   0.00593  -0.0364   0.0248   1.0000 135.8805 301.0000
  11.146   1.3872   0.01776   0.00604  -0.0360   0.0243   1.0000 136.0376 301.0000
  11.231   1.3943   0.01790   0.00612  -0.0357   0.0239   1.0000 136.1735 301.0000
  11.317   1.4011   0.01806   0.00620  -0.0353   0.0234   1.0000 136.3185 301.0000
  11.402   1.4078   0.01822   0.00630  -0.0349   0.0229   1.0000 136.4618 301.0000
  11.487   1.4142   0.01840   0.00639  -0.0345   0.0225   1.0000 136.5981 301.0000
  11.573   1.4204   0.01859   0.00650  -0.0341   0.0221   1.0000 136.7268 301.0000
  11.658   1.4261   0.01879   0.00661  -0.0336   0.0217   1.0000 136.8513 301.0000
  11.744   1.4311   0.01901   0.00674  -0.0329   0.0214   1.0000 136.9749 301.0000
  11.829   1.4368   0.01919   0.00683  -0.0324   0.0211   1.0000 137.0611 301.0000
  11.915   1.4425   0.01935   0.00692  -0.0318   0.0208   1.0000 137.1461 301.0000
  12.000   1.4481   0.01953   0.00702  -0.0313   0.0206   1.0000 137.2363 301.0000
