--------------------------------------------------------------
  XFOIL-like Polar Output (Generated by NeuralFoil)
--------------------------------------------------------------
  alpha     CL        CD       Cm        CL/CD
--------------------------------------------------------------
  -5.000  -0.41259   0.01377  -0.11924  -29.96005
  -4.915  -0.40352   0.01367  -0.11924  -29.52597
  -4.829  -0.39443   0.01356  -0.11924  -29.07971
  -4.744  -0.38531   0.01346  -0.11924  -28.62133
  -4.658  -0.37618   0.01336  -0.11924  -28.15083
  -4.573  -0.36702   0.01327  -0.11925  -27.66818
  -4.487  -0.35784   0.01317  -0.11926  -27.17326
  -4.402  -0.34863   0.01307  -0.11927  -26.66587
  -4.317  -0.33939   0.01298  -0.11928  -26.14569
  -4.231  -0.33012   0.01289  -0.11930  -25.61236
  -4.146  -0.32081   0.01280  -0.11931  -25.06550
  -4.060  -0.31145   0.01271  -0.11933  -24.50484
  -3.975  -0.30206   0.01262  -0.11935  -23.93029
  -3.889  -0.29263   0.01254  -0.11936  -23.34202
  -3.804  -0.28317   0.01245  -0.11938  -22.74041
  -3.719  -0.27368   0.01237  -0.11940  -22.12600
  -3.633  -0.26418   0.01229  -0.11942  -21.49937
  -3.548  -0.25466   0.01221  -0.11944  -20.86106
  -3.462  -0.24514   0.01213  -0.11945  -20.21152
  -3.377  -0.23562   0.01205  -0.11947  -19.55105
  -3.291  -0.22609   0.01198  -0.11949  -18.87986
  -3.206  -0.21657   0.01190  -0.11950  -18.19807
  -3.121  -0.20704   0.01183  -0.11952  -17.50573
  -3.035  -0.19751   0.01175  -0.11953  -16.80287
  -2.950  -0.18798   0.01168  -0.11953  -16.08948
  -2.864  -0.17845   0.01161  -0.11954  -15.36557
  -2.779  -0.16891   0.01154  -0.11954  -14.63115
  -2.693  -0.15938   0.01148  -0.11954  -13.88624
  -2.608  -0.14984   0.01141  -0.11954  -13.13088
  -2.523  -0.14031   0.01135  -0.11954  -12.36515
  -2.437  -0.13077   0.01128  -0.11953  -11.58915
  -2.352  -0.12123   0.01122  -0.11952  -10.80297
  -2.266  -0.11170   0.01116  -0.11952  -10.00677
  -2.181  -0.10216   0.01110  -0.11951  -9.20071
  -2.095  -0.09262   0.01105  -0.11950  -8.38495
  -2.010  -0.08308   0.01099  -0.11950  -7.55969
  -1.925  -0.07355   0.01094  -0.11949  -6.72515
  -1.839  -0.06401   0.01088  -0.11948  -5.88155
  -1.754  -0.05448   0.01083  -0.11948  -5.02912
  -1.668  -0.04494   0.01078  -0.11947  -4.16808
  -1.583  -0.03541   0.01073  -0.11947  -3.29867
  -1.497  -0.02587   0.01069  -0.11946  -2.42114
  -1.412  -0.01634   0.01064  -0.11946  -1.53570
  -1.327  -0.00681   0.01060  -0.11946  -0.64258
  -1.241   0.00272   0.01055  -0.11946   0.25800
  -1.156   0.01226   0.01051  -0.11946   1.16582
  -1.070   0.02179   0.01047  -0.11946   2.08069
  -0.985   0.03132   0.01043  -0.11946   3.00240
  -0.899   0.04085   0.01039  -0.11946   3.93076
  -0.814   0.05039   0.01036  -0.11947   4.86560
  -0.729   0.05993   0.01032  -0.11947   5.80672
  -0.643   0.06946   0.01028  -0.11948   6.75395
  -0.558   0.07900   0.01025  -0.11948   7.70712
  -0.472   0.08854   0.01022  -0.11949   8.66604
  -0.387   0.09809   0.01018  -0.11950   9.63056
  -0.302   0.10763   0.01015  -0.11951  10.60049
  -0.216   0.11718   0.01012  -0.11952  11.57566
  -0.131   0.12673   0.01009  -0.11953  12.55589
  -0.045   0.13628   0.01006  -0.11954  13.54101
   0.040   0.14583   0.01004  -0.11955  14.53083
   0.126   0.15538   0.01001  -0.11956  15.52518
   0.211   0.16494   0.00998  -0.11958  16.52387
   0.296   0.17449   0.00996  -0.11959  17.52673
   0.382   0.18405   0.00993  -0.11961  18.53357
   0.467   0.19361   0.00991  -0.11962  19.54423
   0.553   0.20317   0.00988  -0.11964  20.55854
   0.638   0.21273   0.00986  -0.11965  21.57636
   0.724   0.22229   0.00984  -0.11967  22.59756
   0.809   0.23186   0.00982  -0.11968  23.62203
   0.894   0.24142   0.00979  -0.11970  24.64970
   0.980   0.25099   0.00977  -0.11971  25.68052
   1.065   0.26056   0.00975  -0.11973  26.71445
   1.151   0.27014   0.00973  -0.11975  27.75149
   1.236   0.27972   0.00972  -0.11976  28.79164
   1.322   0.28930   0.00970  -0.11978  29.83487
   1.407   0.29889   0.00968  -0.11980  30.88117
   1.492   0.30848   0.00966  -0.11981  31.93048
   1.578   0.31808   0.00964  -0.11983  32.98271
   1.663   0.32768   0.00963  -0.11985  34.03776
   1.749   0.33729   0.00961  -0.11987  35.09554
   1.834   0.34690   0.00959  -0.11988  36.15595
   1.920   0.35651   0.00958  -0.11990  37.21896
   2.005   0.36613   0.00956  -0.11992  38.28453
   2.090   0.37575   0.00955  -0.11994  39.35268
   2.176   0.38537   0.00953  -0.11995  40.42338
   2.261   0.39500   0.00952  -0.11997  41.49662
   2.347   0.40463   0.00950  -0.11998  42.57229
   2.432   0.41426   0.00949  -0.11999  43.65024
   2.518   0.42389   0.00948  -0.12000  44.73024
   2.603   0.43351   0.00946  -0.12002  45.81195
   2.688   0.44312   0.00945  -0.12003  46.89490
   2.774   0.45274   0.00944  -0.12004  47.97852
   2.859   0.46236   0.00942  -0.12005  49.06206
   2.945   0.47198   0.00941  -0.12007  50.14462
   3.030   0.48161   0.00940  -0.12008  51.22520
   3.116   0.49126   0.00939  -0.12009  52.30269
   3.201   0.50091   0.00938  -0.12011  53.37601
   3.286   0.51056   0.00938  -0.12012  54.44421
   3.372   0.52022   0.00937  -0.12013  55.50654
   3.457   0.52987   0.00937  -0.12014  56.56257
   3.543   0.53951   0.00936  -0.12015  57.61216
   3.628   0.54914   0.00936  -0.12016  58.65548
   3.714   0.55877   0.00936  -0.12017  59.69283
   3.799   0.56839   0.00936  -0.12018  60.72452
   3.884   0.57801   0.00936  -0.12018  61.75065
   3.970   0.58762   0.00936  -0.12019  62.77102
   4.055   0.59723   0.00936  -0.12020  63.78523
   4.141   0.60684   0.00937  -0.12021  64.79279
   4.226   0.61644   0.00937  -0.12022  65.79336
   4.312   0.62605   0.00937  -0.12024  66.78689
   4.397   0.63567   0.00938  -0.12025  67.77366
   4.482   0.64529   0.00939  -0.12027  68.75420
   4.568   0.65493   0.00939  -0.12030  69.72908
   4.653   0.66459   0.00940  -0.12032  70.69868
   4.739   0.67427   0.00941  -0.12035  71.66313
   4.824   0.68398   0.00942  -0.12038  72.62227
   4.910   0.69370   0.00943  -0.12042  73.57589
   4.995   0.70345   0.00944  -0.12045  74.52390
   5.080   0.71321   0.00945  -0.12048  75.46657
   5.166   0.72297   0.00946  -0.12052  76.40465
   5.251   0.73273   0.00947  -0.12055  77.33928
   5.337   0.74247   0.00949  -0.12058  78.27171
   5.422   0.75219   0.00950  -0.12060  79.20288
   5.508   0.76189   0.00951  -0.12063  80.13299
   5.593   0.77157   0.00952  -0.12065  81.06143
   5.678   0.78123   0.00953  -0.12067  81.98698
   5.764   0.79089   0.00954  -0.12068  82.90824
   5.849   0.80055   0.00955  -0.12070  83.82401
   5.935   0.81020   0.00956  -0.12072  84.73350
   6.020   0.81985   0.00957  -0.12074  85.63621
   6.106   0.82951   0.00959  -0.12076  86.53168
   6.191   0.83916   0.00960  -0.12079  87.41915
   6.276   0.84883   0.00961  -0.12082  88.29742
   6.362   0.85850   0.00963  -0.12086  89.16520
   6.447   0.86819   0.00964  -0.12092  90.02249
   6.533   0.87790   0.00966  -0.12098  90.87317
   6.618   0.88762   0.00968  -0.12106  91.73005
   6.704   0.89735   0.00969  -0.12114  92.62579
   6.789   0.90710   0.00969  -0.12122  93.63716
   6.874   0.91686   0.00966  -0.12128  94.92411
   6.960   0.92661   0.00958  -0.12131  96.73214
   7.045   0.93634   0.00944  -0.12130  99.22247
   7.131   0.94599   0.00926  -0.12129  102.15033
   7.216   0.95551   0.00911  -0.12131  104.84767
   7.302   0.96492   0.00904  -0.12139  106.77657
   7.387   0.97426   0.00902  -0.12149  107.96381
   7.472   0.98360   0.00904  -0.12158  108.74705
   7.558   0.99298   0.00908  -0.12164  109.39752
   7.643   1.00241   0.00911  -0.12167  110.03721
   7.729   1.01187   0.00914  -0.12168  110.69888
   7.814   1.02133   0.00917  -0.12167  111.38183
   7.899   1.03080   0.00920  -0.12166  112.07844
   7.985   1.04027   0.00922  -0.12165  112.78259
   8.070   1.04972   0.00925  -0.12163  113.49067
   8.156   1.05916   0.00927  -0.12161  114.20086
   8.241   1.06859   0.00930  -0.12160  114.91228
   8.327   1.07801   0.00932  -0.12158  115.62453
   8.412   1.08740   0.00935  -0.12155  116.33741
   8.497   1.09678   0.00937  -0.12153  117.05085
   8.583   1.10614   0.00939  -0.12150  117.76481
   8.668   1.11548   0.00941  -0.12147  118.47929
   8.754   1.12480   0.00944  -0.12144  119.19429
   8.839   1.13410   0.00946  -0.12141  119.90985
   8.925   1.14338   0.00948  -0.12137  120.62605
   9.010   1.15264   0.00950  -0.12133  121.34310
   9.095   1.16188   0.00952  -0.12129  122.06136
   9.181   1.17110   0.00954  -0.12124  122.78138
   9.266   1.18031   0.00956  -0.12119  123.50396
   9.352   1.18950   0.00957  -0.12114  124.23012
   9.437   1.19867   0.00959  -0.12109  124.96111
   9.523   1.20784   0.00961  -0.12103  125.69835
   9.608   1.21700   0.00962  -0.12098  126.44334
   9.693   1.22615   0.00964  -0.12092  127.19747
   9.779   1.23531   0.00965  -0.12086  127.96186
   9.864   1.24446   0.00967  -0.12080  128.73710
   9.950   1.25361   0.00968  -0.12074  129.52296
  10.035   1.26276   0.00969  -0.12068  130.31815
  10.121   1.27191   0.00970  -0.12062  131.12007
  10.206   1.28105   0.00971  -0.12057  131.92467
  10.291   1.29018   0.00972  -0.12050  132.72629
  10.377   1.29929   0.00973  -0.12044  133.51742
  10.462   1.30837   0.00974  -0.12037  134.28827
  10.548   1.31742   0.00976  -0.12029  135.02566
  10.633   1.32641   0.00977  -0.12019  135.71121
  10.719   1.33534   0.00980  -0.12008  136.31841
  10.804   1.34416   0.00983  -0.11994  136.80862
  10.889   1.35282   0.00987  -0.11977  137.12610
  10.975   1.36126   0.00992  -0.11955  137.19264
  11.060   1.36938   0.01000  -0.11926  136.90309
  11.146   1.37704   0.01012  -0.11890  136.12377
  11.231   1.38409   0.01028  -0.11843  134.69682
  11.317   1.39034   0.01050  -0.11784  132.45485
  11.402   1.39559   0.01080  -0.11710  129.25343
  11.487   1.39966   0.01119  -0.11619  125.03217
  11.573   1.40241   0.01170  -0.11508  119.90633
  11.658   1.40382   0.01229  -0.11378  114.24613
  11.744   1.40405   0.01292  -0.11231  108.63449
  11.829   1.40347   0.01354  -0.11071  103.63424
  11.915   1.40257   0.01409  -0.10905  99.52392
  12.000   1.40191   0.01456  -0.10745  96.26561
