--------------------------------------------------------------
  XFOIL-like Polar Output (Generated by NeuralFoil)
--------------------------------------------------------------
  alpha     CL        CD       Cm        CL/CD
--------------------------------------------------------------
  -5.000  -0.99182   0.01550   0.12506  -63.99524
  -4.915  -0.98992   0.01523   0.12619  -64.98270
  -4.829  -0.98930   0.01492   0.12752  -66.29733
  -4.744  -0.98967   0.01454   0.12902  -68.08549
  -4.658  -0.99070   0.01403   0.13063  -70.60152
  -4.573  -0.99198   0.01339   0.13227  -74.08614
  -4.487  -0.99300   0.01266   0.13386  -78.43892
  -4.402  -0.99313   0.01196   0.13533  -83.02679
  -4.317  -0.99177   0.01140   0.13662  -87.00639
  -4.231  -0.98864   0.01100   0.13768  -89.85746
  -4.146  -0.98378   0.01075   0.13853  -91.54559
  -4.060  -0.97742   0.01059   0.13917  -92.31140
  -3.975  -0.96992   0.01049   0.13965  -92.44190
  -3.889  -0.96163   0.01043   0.14000  -92.17365
  -3.804  -0.95287   0.01039   0.14027  -91.67711
  -3.719  -0.94387   0.01036   0.14048  -91.06506
  -3.633  -0.93482   0.01034   0.14065  -90.40550
  -3.548  -0.92580   0.01032   0.14081  -89.73484
  -3.462  -0.91685   0.01029   0.14096  -89.06949
  -3.377  -0.90799   0.01027   0.14110  -88.41466
  -3.291  -0.89921   0.01025   0.14124  -87.77013
  -3.206  -0.89049   0.01022   0.14137  -87.13355
  -3.121  -0.88184   0.01019   0.14151  -86.50215
  -3.035  -0.87322   0.01017   0.14164  -85.87345
  -2.950  -0.86462   0.01014   0.14178  -85.24543
  -2.864  -0.85604   0.01012   0.14191  -84.61656
  -2.779  -0.84747   0.01009   0.14203  -83.98564
  -2.693  -0.83889   0.01006   0.14216  -83.35178
  -2.608  -0.83030   0.01004   0.14228  -82.71424
  -2.523  -0.82169   0.01001   0.14239  -82.07242
  -2.437  -0.81307   0.00999   0.14251  -81.42582
  -2.352  -0.80442   0.00996   0.14262  -80.77401
  -2.266  -0.79575   0.00993   0.14272  -80.11658
  -2.181  -0.78705   0.00991   0.14282  -79.45315
  -2.095  -0.77831   0.00988   0.14292  -78.78335
  -2.010  -0.76955   0.00985   0.14301  -78.10677
  -1.925  -0.76075   0.00983   0.14309  -77.42300
  -1.839  -0.75191   0.00980   0.14318  -76.73159
  -1.754  -0.74304   0.00977   0.14325  -76.03206
  -1.668  -0.73413   0.00975   0.14332  -75.32390
  -1.583  -0.72519   0.00972   0.14339  -74.60661
  -1.497  -0.71622   0.00969   0.14346  -73.87969
  -1.412  -0.70720   0.00967   0.14351  -73.14269
  -1.327  -0.69816   0.00964   0.14357  -72.39520
  -1.241  -0.68908   0.00962   0.14362  -71.63690
  -1.156  -0.67997   0.00959   0.14366  -70.86755
  -1.070  -0.67083   0.00957   0.14370  -70.08701
  -0.985  -0.66166   0.00955   0.14374  -69.29525
  -0.899  -0.65246   0.00953   0.14377  -68.49236
  -0.814  -0.64324   0.00950   0.14380  -67.67851
  -0.729  -0.63400   0.00948   0.14382  -66.85398
  -0.643  -0.62473   0.00946   0.14384  -66.01914
  -0.558  -0.61545   0.00944   0.14386  -65.17443
  -0.472  -0.60614   0.00942   0.14387  -64.32034
  -0.387  -0.59682   0.00941   0.14388  -63.45744
  -0.302  -0.58749   0.00939   0.14389  -62.58632
  -0.216  -0.57814   0.00937   0.14389  -61.70759
  -0.131  -0.56879   0.00935   0.14390  -60.82190
  -0.045  -0.55942   0.00933   0.14389  -59.92990
   0.040  -0.55004   0.00932   0.14389  -59.03227
   0.126  -0.54066   0.00930   0.14388  -58.12969
   0.211  -0.53127   0.00928   0.14387  -57.22285
   0.296  -0.52187   0.00927   0.14386  -56.31245
   0.382  -0.51247   0.00925   0.14385  -55.39922
   0.467  -0.50306   0.00923   0.14383  -54.48391
   0.553  -0.49365   0.00922   0.14381  -53.56730
   0.638  -0.48423   0.00920   0.14379  -52.65017
   0.724  -0.47481   0.00918   0.14376  -51.73339
   0.809  -0.46539   0.00916   0.14373  -50.81782
   0.894  -0.45597   0.00914   0.14370  -49.90439
   0.980  -0.44654   0.00911   0.14367  -48.99406
   1.065  -0.43711   0.00909   0.14363  -48.08782
   1.151  -0.42768   0.00906   0.14360  -47.18667
   1.236  -0.41826   0.00904   0.14355  -46.29164
   1.322  -0.40883   0.00900   0.14351  -45.40371
   1.407  -0.39941   0.00897   0.14347  -44.52384
   1.492  -0.38999   0.00893   0.14342  -43.65286
   1.578  -0.38057   0.00889   0.14337  -42.79145
   1.663  -0.37117   0.00885   0.14332  -41.94007
   1.749  -0.36178   0.00880   0.14328  -41.09888
   1.834  -0.35240   0.00875   0.14323  -40.26762
   1.920  -0.34303   0.00870   0.14319  -39.44551
   2.005  -0.33368   0.00864   0.14314  -38.63114
   2.090  -0.32435   0.00858   0.14311  -37.82237
   2.176  -0.31503   0.00851   0.14307  -37.01622
   2.261  -0.30573   0.00844   0.14304  -36.20885
   2.347  -0.29644   0.00837   0.14302  -35.39567
   2.432  -0.28715   0.00831   0.14301  -34.57150
   2.518  -0.27787   0.00824   0.14300  -33.73096
   2.603  -0.26858   0.00817   0.14299  -32.86880
   2.688  -0.25928   0.00811   0.14299  -31.98040
   2.774  -0.24997   0.00805   0.14300  -31.06203
   2.859  -0.24063   0.00799   0.14301  -30.11105
   2.945  -0.23127   0.00794   0.14302  -29.12590
   3.030  -0.22188   0.00789   0.14304  -28.10598
   3.116  -0.21247   0.00785   0.14305  -27.05145
   3.201  -0.20302   0.00782   0.14307  -25.96298
   3.286  -0.19355   0.00779   0.14309  -24.84167
   3.372  -0.18403   0.00777   0.14310  -23.68889
   3.457  -0.17448   0.00775   0.14312  -22.50626
   3.543  -0.16488   0.00774   0.14313  -21.29572
   3.628  -0.15523   0.00774   0.14313  -20.05955
   3.714  -0.14554   0.00774   0.14313  -18.80042
   3.799  -0.13578   0.00775   0.14312  -17.52143
   3.884  -0.12598   0.00776   0.14310  -16.22605
   3.970  -0.11611   0.00778   0.14308  -14.91799
   4.055  -0.10619   0.00781   0.14304  -13.60110
   4.141  -0.09622   0.00784   0.14300  -12.27914
   4.226  -0.08621   0.00787   0.14296  -10.95564
   4.312  -0.07615   0.00790   0.14291  -9.63375
   4.397  -0.06605   0.00794   0.14285  -8.31617
   4.482  -0.05592   0.00798   0.14279  -7.00513
   4.568  -0.04576   0.00802   0.14272  -5.70238
   4.653  -0.03557   0.00807   0.14266  -4.40932
   4.739  -0.02536   0.00811   0.14259  -3.12701
   4.824  -0.01514   0.00816   0.14252  -1.85636
   4.910  -0.00491   0.00820   0.14245  -0.59814
   4.995   0.00534   0.00825   0.14238   0.64689
   5.080   0.01558   0.00830   0.14231   1.87793
   5.166   0.02583   0.00835   0.14224   3.09417
   5.251   0.03608   0.00840   0.14216   4.29477
   5.337   0.04632   0.00845   0.14209   5.47886
   5.422   0.05655   0.00851   0.14202   6.64557
   5.508   0.06678   0.00857   0.14195   7.79401
   5.593   0.07699   0.00863   0.14189   8.92328
   5.678   0.08719   0.00869   0.14182  10.03247
   5.764   0.09737   0.00876   0.14175  11.12067
   5.849   0.10753   0.00882   0.14169  12.18699
   5.935   0.11767   0.00889   0.14163  13.23062
   6.020   0.12779   0.00897   0.14157  14.25089
   6.106   0.13787   0.00904   0.14151  15.24729
   6.191   0.14793   0.00912   0.14145  16.21952
   6.276   0.15795   0.00920   0.14139  17.16751
   6.362   0.16794   0.00928   0.14134  18.09130
   6.447   0.17790   0.00937   0.14128  18.99111
   6.533   0.18784   0.00945   0.14123  19.86718
   6.618   0.19774   0.00954   0.14118  20.71981
   6.704   0.20762   0.00963   0.14113  21.54930
   6.789   0.21747   0.00973   0.14108  22.35593
   6.874   0.22730   0.00982   0.14103  23.13998
   6.960   0.23711   0.00992   0.14099  23.90175
   7.045   0.24689   0.01002   0.14094  24.64152
   7.131   0.25666   0.01012   0.14089  25.35962
   7.216   0.26641   0.01022   0.14085  26.05641
   7.302   0.27615   0.01033   0.14081  26.73229
   7.387   0.28587   0.01044   0.14076  27.38769
   7.472   0.29558   0.01055   0.14073  28.02304
   7.558   0.30528   0.01066   0.14069  28.63875
   7.643   0.31497   0.01077   0.14066  29.23514
   7.729   0.32465   0.01089   0.14063  29.81244
   7.814   0.33432   0.01101   0.14060  30.37071
   7.899   0.34397   0.01113   0.14058  30.90988
   7.985   0.35359   0.01125   0.14055  31.42977
   8.070   0.36318   0.01137   0.14053  31.93020
   8.156   0.37273   0.01150   0.14050  32.41110
   8.241   0.38225   0.01163   0.14047  32.87255
   8.327   0.39172   0.01176   0.14044  33.31488
   8.412   0.40115   0.01189   0.14041  33.73854
   8.497   0.41055   0.01202   0.14038  34.14407
   8.583   0.41992   0.01216   0.14034  34.53201
   8.668   0.42925   0.01230   0.14031  34.90279
   8.754   0.43855   0.01244   0.14027  35.25674
   8.839   0.44783   0.01258   0.14024  35.59404
   8.925   0.45709   0.01273   0.14021  35.91481
   9.010   0.46632   0.01287   0.14017  36.21906
   9.095   0.47553   0.01303   0.14014  36.50675
   9.181   0.48471   0.01318   0.14011  36.77777
   9.266   0.49387   0.01334   0.14007  37.03200
   9.352   0.50300   0.01350   0.14003  37.26925
   9.437   0.51210   0.01366   0.14000  37.48931
   9.523   0.52118   0.01383   0.13996  37.69190
   9.608   0.53023   0.01400   0.13991  37.87677
   9.693   0.53925   0.01417   0.13987  38.04362
   9.779   0.54823   0.01435   0.13982  38.19217
   9.864   0.55718   0.01454   0.13976  38.32215
   9.950   0.56608   0.01473   0.13970  38.43331
  10.035   0.57495   0.01492   0.13964  38.52540
  10.121   0.58377   0.01512   0.13957  38.59816
  10.206   0.59255   0.01533   0.13950  38.65134
  10.291   0.60128   0.01554   0.13941  38.68461
  10.377   0.60995   0.01576   0.13932  38.69763
  10.462   0.61857   0.01599   0.13922  38.68997
  10.548   0.62713   0.01622   0.13912  38.66116
  10.633   0.63563   0.01646   0.13900  38.61063
  10.719   0.64406   0.01671   0.13887  38.53778
  10.804   0.65242   0.01697   0.13874  38.44197
  10.889   0.66070   0.01724   0.13859  38.32254
  10.975   0.66889   0.01752   0.13842  38.17884
  11.060   0.67700   0.01781   0.13824  38.01031
  11.146   0.68501   0.01811   0.13805  37.81648
  11.231   0.69293   0.01843   0.13784  37.59701
  11.317   0.70075   0.01876   0.13761  37.35162
  11.402   0.70848   0.01911   0.13736  37.08002
  11.487   0.71614   0.01947   0.13708  36.78146
  11.573   0.72376   0.01985   0.13678  36.45404
  11.658   0.73137   0.02026   0.13645  36.09353
  11.744   0.73903   0.02071   0.13609  35.69179
  11.829   0.74676   0.02119   0.13567  35.23553
  11.915   0.75459   0.02174   0.13520  34.70629
  12.000   0.76252   0.02237   0.13463  34.08300
