--------------------------------------------------------------
  XFOIL-like Polar Output (Generated by NeuralFoil)
--------------------------------------------------------------
  alpha     CL        CD       Cm        CL/CD
--------------------------------------------------------------
  -5.000  -0.20889   0.00760  -0.09021  -27.48006
  -4.915  -0.19926   0.00757  -0.09018  -26.33890
  -4.829  -0.18962   0.00753  -0.09014  -25.18181
  -4.744  -0.17999   0.00750  -0.09010  -24.00926
  -4.658  -0.17037   0.00747  -0.09006  -22.82185
  -4.573  -0.16077   0.00744  -0.09001  -21.62038
  -4.487  -0.15120   0.00741  -0.08996  -20.40590
  -4.402  -0.14168   0.00739  -0.08990  -19.17977
  -4.317  -0.13222   0.00737  -0.08982  -17.94376
  -4.231  -0.12284   0.00736  -0.08974  -16.70003
  -4.146  -0.11354   0.00735  -0.08963  -15.45117
  -4.060  -0.10433   0.00735  -0.08951  -14.20010
  -3.975  -0.09522   0.00735  -0.08938  -12.94998
  -3.889  -0.08621   0.00737  -0.08923  -11.70400
  -3.804  -0.07730   0.00739  -0.08906  -10.46518
  -3.719  -0.06848   0.00741  -0.08888  -9.23615
  -3.633  -0.05974   0.00745  -0.08869  -8.01901
  -3.548  -0.05105   0.00749  -0.08850  -6.81528
  -3.462  -0.04240   0.00754  -0.08829  -5.62591
  -3.377  -0.03378   0.00759  -0.08809  -4.45135
  -3.291  -0.02515   0.00764  -0.08789  -3.29169
  -3.206  -0.01653   0.00770  -0.08770  -2.14665
  -3.121  -0.00788   0.00776  -0.08751  -1.01563
  -3.035   0.00080   0.00781  -0.08733   0.10238
  -2.950   0.00951   0.00787  -0.08717   1.20873
  -2.864   0.01826   0.00792  -0.08702   2.30515
  -2.779   0.02705   0.00797  -0.08689   3.39359
  -2.693   0.03588   0.00802  -0.08678   4.47614
  -2.608   0.04476   0.00806  -0.08667   5.55482
  -2.523   0.05368   0.00809  -0.08658   6.63154
  -2.437   0.06265   0.00813  -0.08651   7.70799
  -2.352   0.07166   0.00816  -0.08644   8.78565
  -2.266   0.08073   0.00818  -0.08638   9.86579
  -2.181   0.08985   0.00821  -0.08633  10.94948
  -2.095   0.09903   0.00823  -0.08628  12.03761
  -2.010   0.10825   0.00824  -0.08624  13.13089
  -1.925   0.11753   0.00826  -0.08621  14.22984
  -1.839   0.12686   0.00827  -0.08618  15.33477
  -1.754   0.13624   0.00828  -0.08616  16.44582
  -1.668   0.14566   0.00829  -0.08614  17.56292
  -1.583   0.15513   0.00830  -0.08613  18.68586
  -1.497   0.16464   0.00831  -0.08612  19.81430
  -1.412   0.17418   0.00831  -0.08612  20.94780
  -1.327   0.18374   0.00832  -0.08611  22.08585
  -1.241   0.19334   0.00832  -0.08611  23.22791
  -1.156   0.20295   0.00833  -0.08611  24.37346
  -1.070   0.21257   0.00833  -0.08610  25.52202
  -0.985   0.22221   0.00833  -0.08610  26.67316
  -0.899   0.23185   0.00833  -0.08610  27.82656
  -0.814   0.24150   0.00833  -0.08610  28.98197
  -0.729   0.25115   0.00833  -0.08609  30.13922
  -0.643   0.26080   0.00833  -0.08609  31.29827
  -0.558   0.27046   0.00833  -0.08608  32.45911
  -0.472   0.28011   0.00833  -0.08608  33.62179
  -0.387   0.28977   0.00833  -0.08607  34.78640
  -0.302   0.29943   0.00833  -0.08606  35.95301
  -0.216   0.30909   0.00833  -0.08606  37.12167
  -0.131   0.31875   0.00832  -0.08605  38.29238
  -0.045   0.32841   0.00832  -0.08604  39.46509
   0.040   0.33807   0.00832  -0.08603  40.63966
   0.126   0.34774   0.00832  -0.08602  41.81592
   0.211   0.35741   0.00831  -0.08601  42.99362
   0.296   0.36709   0.00831  -0.08600  44.17252
   0.382   0.37677   0.00831  -0.08598  45.35239
   0.467   0.38645   0.00830  -0.08597  46.53306
   0.553   0.39614   0.00830  -0.08595  47.71446
   0.638   0.40583   0.00830  -0.08593  48.89664
   0.724   0.41553   0.00830  -0.08591  50.07982
   0.809   0.42523   0.00829  -0.08589  51.26426
   0.894   0.43494   0.00829  -0.08586  52.45023
   0.980   0.44465   0.00829  -0.08583  53.63761
   1.065   0.45436   0.00829  -0.08579  54.82544
   1.151   0.46405   0.00829  -0.08574  56.01086
   1.236   0.47372   0.00828  -0.08568  57.18752
   1.322   0.48332   0.00828  -0.08561  58.34295
   1.407   0.49284   0.00829  -0.08552  59.45456
   1.492   0.50221   0.00830  -0.08541  60.48379
   1.578   0.51137   0.00833  -0.08526  61.36858
   1.663   0.52023   0.00839  -0.08508  62.01580
   1.749   0.52870   0.00849  -0.08484  62.30012
   1.834   0.53665   0.00864  -0.08455  62.08332
   1.920   0.54404   0.00888  -0.08419  61.27222
   2.005   0.55089   0.00919  -0.08378  59.91385
   2.090   0.55739   0.00957  -0.08334  58.26607
   2.176   0.56390   0.00994  -0.08290  56.73181
   2.261   0.57074   0.01026  -0.08249  55.64099
   2.347   0.57808   0.01050  -0.08213  55.07892
   2.432   0.58590   0.01067  -0.08183  54.93318
   2.518   0.59411   0.01079  -0.08158  55.04960
   2.603   0.60265   0.01089  -0.08138  55.32468
   2.688   0.61146   0.01098  -0.08123  55.71277
   2.774   0.62052   0.01104  -0.08111  56.20230
   2.859   0.62977   0.01109  -0.08102  56.79748
   2.945   0.63912   0.01111  -0.08094  57.51203
   3.030   0.64852   0.01111  -0.08086  58.36773
   3.116   0.65791   0.01108  -0.08077  59.38751
   3.201   0.66725   0.01101  -0.08067  60.57799
   3.286   0.67654   0.01093  -0.08057  61.90711
   3.372   0.68577   0.01083  -0.08046  63.29344
   3.457   0.69493   0.01075  -0.08036  64.62217
   3.543   0.70403   0.01070  -0.08028  65.78620
   3.628   0.71309   0.01069  -0.08022  66.72838
   3.714   0.72211   0.01071  -0.08017  67.45533
   3.799   0.73112   0.01075  -0.08012  68.01703
   3.884   0.74014   0.01081  -0.08006  68.47432
   3.970   0.74915   0.01088  -0.07999  68.87657
   4.055   0.75818   0.01095  -0.07990  69.25485
   4.141   0.76720   0.01102  -0.07980  69.62450
   4.226   0.77622   0.01109  -0.07968  69.99066
   4.312   0.78522   0.01116  -0.07955  70.35323
   4.397   0.79421   0.01123  -0.07942  70.71017
   4.482   0.80318   0.01130  -0.07928  71.05929
   4.568   0.81212   0.01137  -0.07914  71.39886
   4.653   0.82105   0.01145  -0.07900  71.72785
   4.739   0.82995   0.01152  -0.07885  72.04575
   4.824   0.83883   0.01159  -0.07870  72.35243
   4.910   0.84769   0.01167  -0.07855  72.64802
   4.995   0.85652   0.01174  -0.07840  72.93278
   5.080   0.86534   0.01182  -0.07824  73.20700
   5.166   0.87413   0.01190  -0.07808  73.47100
   5.251   0.88290   0.01198  -0.07793  73.72504
   5.337   0.89165   0.01205  -0.07776  73.96934
   5.422   0.90037   0.01213  -0.07760  74.20403
   5.508   0.90906   0.01221  -0.07744  74.42917
   5.593   0.91772   0.01229  -0.07727  74.64477
   5.678   0.92636   0.01238  -0.07710  74.85080
   5.764   0.93496   0.01246  -0.07692  75.04721
   5.849   0.94353   0.01254  -0.07674  75.23401
   5.935   0.95206   0.01262  -0.07655  75.41126
   6.020   0.96055   0.01271  -0.07636  75.57916
   6.106   0.96901   0.01279  -0.07617  75.73807
   6.191   0.97743   0.01288  -0.07597  75.88859
   6.276   0.98581   0.01297  -0.07576  76.03154
   6.362   0.99416   0.01305  -0.07555  76.16803
   6.447   1.00247   0.01314  -0.07532  76.29941
   6.533   1.01075   0.01322  -0.07510  76.42731
   6.618   1.01899   0.01331  -0.07486  76.55352
   6.704   1.02721   0.01340  -0.07461  76.68000
   6.789   1.03539   0.01348  -0.07436  76.80873
   6.874   1.04353   0.01356  -0.07410  76.94160
   6.960   1.05164   0.01364  -0.07382  77.08027
   7.045   1.05970   0.01372  -0.07353  77.22593
   7.131   1.06771   0.01380  -0.07323  77.37909
   7.216   1.07566   0.01387  -0.07292  77.53934
   7.302   1.08356   0.01394  -0.07259  77.70510
   7.387   1.09140   0.01402  -0.07225  77.87355
   7.472   1.09918   0.01408  -0.07191  78.04063
   7.558   1.10692   0.01415  -0.07156  78.20128
   7.643   1.11462   0.01423  -0.07121  78.34983
   7.729   1.12230   0.01430  -0.07086  78.48052
   7.814   1.12995   0.01438  -0.07052  78.58804
   7.899   1.13760   0.01446  -0.07019  78.66799
   7.985   1.14524   0.01455  -0.06987  78.71717
   8.070   1.15286   0.01464  -0.06956  78.73378
   8.156   1.16047   0.01474  -0.06925  78.71730
   8.241   1.16805   0.01485  -0.06894  78.66839
   8.327   1.17560   0.01496  -0.06862  78.58865
   8.412   1.18311   0.01508  -0.06830  78.48028
   8.497   1.19057   0.01520  -0.06797  78.34588
   8.583   1.19798   0.01532  -0.06763  78.18816
   8.668   1.20535   0.01545  -0.06727  78.00979
   8.754   1.21266   0.01558  -0.06691  77.81321
   8.839   1.21992   0.01572  -0.06654  77.60060
   8.925   1.22713   0.01586  -0.06615  77.37383
   9.010   1.23428   0.01600  -0.06575  77.13442
   9.095   1.24138   0.01615  -0.06535  76.88362
   9.181   1.24842   0.01629  -0.06493  76.62238
   9.266   1.25540   0.01644  -0.06451  76.35142
   9.352   1.26231   0.01659  -0.06407  76.07125
   9.437   1.26915   0.01675  -0.06362  75.78225
   9.523   1.27593   0.01690  -0.06316  75.48464
   9.608   1.28263   0.01706  -0.06269  75.17859
   9.693   1.28925   0.01722  -0.06221  74.86416
   9.779   1.29579   0.01738  -0.06171  74.54138
   9.864   1.30225   0.01755  -0.06120  74.21027
   9.950   1.30863   0.01772  -0.06069  73.87082
  10.035   1.31492   0.01788  -0.06016  73.52303
  10.121   1.32113   0.01806  -0.05961  73.16689
  10.206   1.32726   0.01823  -0.05906  72.80241
  10.291   1.33330   0.01841  -0.05850  72.42964
  10.377   1.33925   0.01859  -0.05792  72.04864
  10.462   1.34513   0.01877  -0.05734  71.65948
  10.548   1.35092   0.01896  -0.05674  71.26227
  10.633   1.35664   0.01915  -0.05614  70.85714
  10.719   1.36228   0.01934  -0.05553  70.44425
  10.804   1.36785   0.01953  -0.05491  70.02376
  10.889   1.37336   0.01973  -0.05429  69.59587
  10.975   1.37879   0.01994  -0.05367  69.16077
  11.060   1.38417   0.02014  -0.05304  68.71864
  11.146   1.38948   0.02035  -0.05240  68.26971
  11.231   1.39474   0.02057  -0.05177  67.81415
  11.317   1.39995   0.02079  -0.05113  67.35215
  11.402   1.40510   0.02101  -0.05050  66.88388
  11.487   1.41020   0.02123  -0.04986  66.40950
  11.573   1.41525   0.02147  -0.04923  65.92916
  11.658   1.42026   0.02170  -0.04859  65.44297
  11.744   1.42521   0.02194  -0.04796  64.95105
  11.829   1.43011   0.02219  -0.04733  64.45352
  11.915   1.43495   0.02244  -0.04670  63.95046
  12.000   1.43974   0.02269  -0.04607  63.44198
