--------------------------------------------------------------
  XFOIL-like Polar Output (Generated by NeuralFoil)
--------------------------------------------------------------
  alpha     CL        CD       Cm        CL/CD
--------------------------------------------------------------
  -5.000   0.09981   0.00996  -0.06706  10.02123
  -4.915   0.10922   0.00998  -0.06697  10.94100
  -4.829   0.11856   0.01001  -0.06687  11.84374
  -4.744   0.12783   0.01004  -0.06676  12.73288
  -4.658   0.13706   0.01007  -0.06666  13.61123
  -4.573   0.14626   0.01010  -0.06655  14.48082
  -4.487   0.15544   0.01013  -0.06644  15.34299
  -4.402   0.16460   0.01016  -0.06634  16.19854
  -4.317   0.17375   0.01019  -0.06625  17.04789
  -4.231   0.18289   0.01022  -0.06615  17.89127
  -4.146   0.19203   0.01025  -0.06606  18.72878
  -4.060   0.20116   0.01028  -0.06597  19.56046
  -3.975   0.21029   0.01032  -0.06589  20.38632
  -3.889   0.21942   0.01035  -0.06581  21.20637
  -3.804   0.22855   0.01038  -0.06574  22.02061
  -3.719   0.23767   0.01041  -0.06566  22.82905
  -3.633   0.24679   0.01044  -0.06559  23.63169
  -3.548   0.25591   0.01048  -0.06552  24.42851
  -3.462   0.26502   0.01051  -0.06545  25.21947
  -3.377   0.27413   0.01054  -0.06538  26.00453
  -3.291   0.28323   0.01057  -0.06531  26.78360
  -3.206   0.29232   0.01061  -0.06524  27.55660
  -3.121   0.30141   0.01064  -0.06517  28.32339
  -3.035   0.31048   0.01068  -0.06510  29.08386
  -2.950   0.31955   0.01071  -0.06503  29.83784
  -2.864   0.32862   0.01074  -0.06495  30.58520
  -2.779   0.33767   0.01078  -0.06488  31.32576
  -2.693   0.34671   0.01081  -0.06480  32.05939
  -2.608   0.35575   0.01085  -0.06471  32.78594
  -2.523   0.36477   0.01089  -0.06463  33.50529
  -2.437   0.37379   0.01092  -0.06454  34.21735
  -2.352   0.38280   0.01096  -0.06445  34.92203
  -2.266   0.39180   0.01100  -0.06435  35.61930
  -2.181   0.40079   0.01104  -0.06425  36.30912
  -2.095   0.40978   0.01108  -0.06415  36.99149
  -2.010   0.41876   0.01112  -0.06404  37.66642
  -1.925   0.42773   0.01116  -0.06393  38.33390
  -1.839   0.43670   0.01120  -0.06382  38.99391
  -1.754   0.44566   0.01124  -0.06370  39.64640
  -1.668   0.45462   0.01128  -0.06358  40.29129
  -1.583   0.46357   0.01133  -0.06346  40.92847
  -1.497   0.47251   0.01137  -0.06333  41.55776
  -1.412   0.48145   0.01141  -0.06320  42.17897
  -1.327   0.49038   0.01146  -0.06307  42.79185
  -1.241   0.49930   0.01151  -0.06293  43.39617
  -1.156   0.50822   0.01155  -0.06279  43.99166
  -1.070   0.51712   0.01160  -0.06265  44.57805
  -0.985   0.52602   0.01165  -0.06251  45.15510
  -0.899   0.53491   0.01170  -0.06236  45.72255
  -0.814   0.54379   0.01175  -0.06221  46.28022
  -0.729   0.55266   0.01180  -0.06206  46.82792
  -0.643   0.56151   0.01185  -0.06190  47.36552
  -0.558   0.57035   0.01191  -0.06175  47.89292
  -0.472   0.57918   0.01196  -0.06159  48.41009
  -0.387   0.58799   0.01202  -0.06142  48.91703
  -0.302   0.59678   0.01208  -0.06126  49.41381
  -0.216   0.60556   0.01214  -0.06109  49.90051
  -0.131   0.61432   0.01219  -0.06093  50.37729
  -0.045   0.62306   0.01225  -0.06076  50.84435
   0.040   0.63178   0.01232  -0.06058  51.30188
   0.126   0.64049   0.01238  -0.06041  51.75015
   0.211   0.64918   0.01244  -0.06023  52.18940
   0.296   0.65785   0.01250  -0.06005  52.61989
   0.382   0.66651   0.01257  -0.05987  53.04187
   0.467   0.67515   0.01263  -0.05969  53.45561
   0.553   0.68379   0.01270  -0.05950  53.86135
   0.638   0.69241   0.01276  -0.05931  54.25938
   0.724   0.70102   0.01283  -0.05911  54.64998
   0.809   0.70963   0.01289  -0.05892  55.03348
   0.894   0.71823   0.01296  -0.05872  55.41024
   0.980   0.72682   0.01303  -0.05852  55.78063
   1.065   0.73541   0.01310  -0.05832  56.14504
   1.151   0.74400   0.01317  -0.05812  56.50375
   1.236   0.75259   0.01324  -0.05792  56.85697
   1.322   0.76118   0.01331  -0.05771  57.20473
   1.407   0.76978   0.01338  -0.05751  57.54679
   1.492   0.77838   0.01345  -0.05731  57.88265
   1.578   0.78698   0.01352  -0.05711  58.21149
   1.663   0.79558   0.01359  -0.05691  58.53225
   1.749   0.80419   0.01367  -0.05671  58.84375
   1.834   0.81279   0.01374  -0.05652  59.14492
   1.920   0.82137   0.01382  -0.05632  59.43509
   2.005   0.82995   0.01390  -0.05612  59.71424
   2.090   0.83849   0.01398  -0.05593  59.98327
   2.176   0.84700   0.01406  -0.05573  60.24433
   2.261   0.85548   0.01414  -0.05553  60.50118
   2.347   0.86392   0.01422  -0.05534  60.75965
   2.432   0.87233   0.01429  -0.05515  61.02838
   2.518   0.88072   0.01436  -0.05497  61.31968
   2.603   0.88909   0.01442  -0.05479  61.65045
   2.688   0.89741   0.01446  -0.05459  62.04212
   2.774   0.90564   0.01449  -0.05436  62.51739
   2.859   0.91374   0.01448  -0.05408  63.09225
   2.945   0.92172   0.01446  -0.05375  63.76437
   3.030   0.92975   0.01441  -0.05343  64.50478
   3.116   0.93808   0.01437  -0.05319  65.25987
   3.201   0.94689   0.01435  -0.05308  65.96328
   3.286   0.95608   0.01437  -0.05308  66.55253
   3.372   0.96529   0.01441  -0.05310  66.98732
   3.457   0.97417   0.01448  -0.05304  67.26149
   3.543   0.98262   0.01458  -0.05287  67.39929
   3.628   0.99070   0.01469  -0.05262  67.43987
   3.714   0.99855   0.01481  -0.05230  67.42178
   3.799   1.00632   0.01494  -0.05195  67.37451
   3.884   1.01407   0.01506  -0.05160  67.31698
   3.970   1.02186   0.01519  -0.05126  67.25944
   4.055   1.02970   0.01532  -0.05093  67.20641
   4.141   1.03759   0.01545  -0.05062  67.15896
   4.226   1.04552   0.01558  -0.05031  67.11644
   4.312   1.05349   0.01571  -0.05002  67.07740
   4.397   1.06148   0.01583  -0.04973  67.04014
   4.482   1.06949   0.01596  -0.04945  67.00302
   4.568   1.07751   0.01609  -0.04918  66.96458
   4.653   1.08553   0.01622  -0.04891  66.92357
   4.739   1.09355   0.01635  -0.04864  66.87901
   4.824   1.10155   0.01648  -0.04837  66.83012
   4.910   1.10954   0.01662  -0.04810  66.77633
   4.995   1.11751   0.01675  -0.04783  66.71722
   5.080   1.12545   0.01689  -0.04756  66.65250
   5.166   1.13337   0.01702  -0.04728  66.58198
   5.251   1.14127   0.01716  -0.04701  66.50551
   5.337   1.14914   0.01730  -0.04673  66.42301
   5.422   1.15699   0.01744  -0.04645  66.33440
   5.508   1.16480   0.01758  -0.04617  66.23961
   5.593   1.17259   0.01773  -0.04589  66.13856
   5.678   1.18035   0.01788  -0.04560  66.03116
   5.764   1.18807   0.01802  -0.04531  65.91729
   5.849   1.19576   0.01817  -0.04502  65.79681
   5.935   1.20342   0.01833  -0.04472  65.66957
   6.020   1.21104   0.01848  -0.04442  65.53538
   6.106   1.21862   0.01864  -0.04412  65.39404
   6.191   1.22616   0.01879  -0.04381  65.24530
   6.276   1.23366   0.01895  -0.04350  65.08894
   6.362   1.24111   0.01912  -0.04319  64.92469
   6.447   1.24851   0.01928  -0.04286  64.75227
   6.533   1.25586   0.01945  -0.04253  64.57143
   6.618   1.26316   0.01962  -0.04220  64.38188
   6.704   1.27039   0.01979  -0.04186  64.18335
   6.789   1.27757   0.01997  -0.04150  63.97559
   6.874   1.28468   0.02015  -0.04115  63.75835
   6.960   1.29173   0.02033  -0.04078  63.53140
   7.045   1.29871   0.02052  -0.04040  63.29456
   7.131   1.30562   0.02071  -0.04002  63.04765
   7.216   1.31247   0.02090  -0.03963  62.79053
   7.302   1.31924   0.02110  -0.03922  62.52313
   7.387   1.32593   0.02130  -0.03881  62.24537
   7.472   1.33256   0.02151  -0.03839  61.95726
   7.558   1.33911   0.02172  -0.03796  61.65884
   7.643   1.34560   0.02193  -0.03752  61.35018
   7.729   1.35201   0.02215  -0.03708  61.03144
   7.814   1.35835   0.02238  -0.03662  60.70278
   7.899   1.36463   0.02261  -0.03616  60.36443
   7.985   1.37085   0.02284  -0.03570  60.01665
   8.070   1.37700   0.02308  -0.03523  59.65973
   8.156   1.38309   0.02333  -0.03475  59.29399
   8.241   1.38912   0.02358  -0.03427  58.91978
   8.327   1.39510   0.02383  -0.03378  58.53746
   8.412   1.40103   0.02409  -0.03330  58.14740
   8.497   1.40690   0.02436  -0.03281  57.74998
   8.583   1.41273   0.02464  -0.03231  57.34559
   8.668   1.41849   0.02491  -0.03182  56.93461
   8.754   1.42421   0.02520  -0.03133  56.51744
   8.839   1.42987   0.02549  -0.03083  56.09447
   8.925   1.43548   0.02579  -0.03034  55.66612
   9.010   1.44103   0.02609  -0.02984  55.23280
   9.095   1.44653   0.02640  -0.02934  54.79496
   9.181   1.45196   0.02671  -0.02884  54.35306
   9.266   1.45733   0.02703  -0.02834  53.90759
   9.352   1.46264   0.02736  -0.02784  53.45909
   9.437   1.46788   0.02769  -0.02733  53.00813
   9.523   1.47305   0.02803  -0.02682  52.55535
   9.608   1.47816   0.02837  -0.02631  52.10143
   9.693   1.48321   0.02872  -0.02580  51.64715
   9.779   1.48818   0.02907  -0.02528  51.19335
   9.864   1.49310   0.02943  -0.02476  50.74098
   9.950   1.49796   0.02979  -0.02424  50.29106
  10.035   1.50276   0.03015  -0.02371  49.84476
  10.121   1.50751   0.03051  -0.02318  49.40330
  10.206   1.51222   0.03088  -0.02264  48.96804
  10.291   1.51690   0.03125  -0.02210  48.54042
  10.377   1.52155   0.03162  -0.02155  48.12193
  10.462   1.52618   0.03199  -0.02100  47.71411
  10.548   1.53081   0.03235  -0.02045  47.31845
  10.633   1.53544   0.03271  -0.01988  46.93634
  10.719   1.54008   0.03307  -0.01932  46.56897
  10.804   1.54474   0.03342  -0.01874  46.21719
  10.889   1.54943   0.03377  -0.01816  45.88135
  10.975   1.55415   0.03411  -0.01757  45.56106
  11.060   1.55888   0.03445  -0.01697  45.25493
  11.146   1.56362   0.03478  -0.01637  44.96025
  11.231   1.56832   0.03511  -0.01576  44.67260
  11.317   1.57294   0.03544  -0.01514  44.38539
  11.402   1.57741   0.03578  -0.01453  44.08951
  11.487   1.58162   0.03613  -0.01391  43.77306
  11.573   1.58544   0.03651  -0.01329  43.42144
  11.658   1.58870   0.03693  -0.01268  43.01832
  11.744   1.59122   0.03740  -0.01207  42.54775
  11.829   1.59280   0.03793  -0.01146  41.99810
  11.915   1.59329   0.03852  -0.01084  41.36734
  12.000   1.59261   0.03916  -0.01018  40.66788
