--------------------------------------------------------------
  XFOIL-like Polar Output (Generated by NeuralFoil)
--------------------------------------------------------------
  alpha     CL        CD       Cm        CL/CD
--------------------------------------------------------------
  -5.000  -0.71851   0.01341  -0.02482  -53.57250
  -4.915  -0.71001   0.01334  -0.02463  -53.24413
  -4.829  -0.70136   0.01326  -0.02448  -52.90781
  -4.744  -0.69257   0.01318  -0.02435  -52.56294
  -4.658  -0.68366   0.01309  -0.02424  -52.20922
  -4.573  -0.67466   0.01301  -0.02416  -51.84654
  -4.487  -0.66559   0.01293  -0.02408  -51.47487
  -4.402  -0.65645   0.01285  -0.02402  -51.09424
  -4.317  -0.64726   0.01277  -0.02397  -50.70468
  -4.231  -0.63804   0.01268  -0.02393  -50.30618
  -4.146  -0.62878   0.01260  -0.02389  -49.89876
  -4.060  -0.61949   0.01252  -0.02386  -49.48239
  -3.975  -0.61018   0.01244  -0.02383  -49.05709
  -3.889  -0.60086   0.01236  -0.02380  -48.62283
  -3.804  -0.59153   0.01228  -0.02378  -48.17958
  -3.719  -0.58220   0.01220  -0.02375  -47.72730
  -3.633  -0.57286   0.01212  -0.02372  -47.26586
  -3.548  -0.56354   0.01204  -0.02369  -46.79515
  -3.462  -0.55421   0.01197  -0.02365  -46.31499
  -3.377  -0.54490   0.01189  -0.02361  -45.82518
  -3.291  -0.53559   0.01182  -0.02357  -45.32552
  -3.206  -0.52629   0.01174  -0.02353  -44.81578
  -3.121  -0.51699   0.01167  -0.02349  -44.29578
  -3.035  -0.50770   0.01160  -0.02344  -43.76532
  -2.950  -0.49842   0.01153  -0.02340  -43.22423
  -2.864  -0.48913   0.01146  -0.02335  -42.67237
  -2.779  -0.47986   0.01140  -0.02330  -42.10961
  -2.693  -0.47058   0.01133  -0.02325  -41.53582
  -2.608  -0.46130   0.01126  -0.02319  -40.95089
  -2.523  -0.45203   0.01120  -0.02314  -40.35469
  -2.437  -0.44276   0.01114  -0.02309  -39.74709
  -2.352  -0.43349   0.01108  -0.02304  -39.12800
  -2.266  -0.42421   0.01102  -0.02298  -38.49731
  -2.181  -0.41493   0.01096  -0.02293  -37.85499
  -2.095  -0.40565   0.01090  -0.02288  -37.20106
  -2.010  -0.39636   0.01085  -0.02283  -36.53565
  -1.925  -0.38707   0.01079  -0.02278  -35.85898
  -1.839  -0.37777   0.01074  -0.02274  -35.17140
  -1.754  -0.36846   0.01069  -0.02269  -34.47332
  -1.668  -0.35914   0.01064  -0.02265  -33.76524
  -1.583  -0.34982   0.01059  -0.02261  -33.04766
  -1.497  -0.34050   0.01053  -0.02258  -32.32102
  -1.412  -0.33117   0.01048  -0.02255  -31.58561
  -1.327  -0.32185   0.01044  -0.02252  -30.84145
  -1.241  -0.31253   0.01039  -0.02249  -30.08828
  -1.156  -0.30323   0.01034  -0.02246  -29.32548
  -1.070  -0.29394   0.01029  -0.02243  -28.55232
  -0.985  -0.28467   0.01025  -0.02241  -27.76840
  -0.899  -0.27542   0.01021  -0.02237  -26.97469
  -0.814  -0.26620   0.01017  -0.02234  -26.17539
  -0.729  -0.25699   0.01013  -0.02231  -25.38061
  -0.643  -0.24781   0.01007  -0.02229  -24.60913
  -0.558  -0.23865   0.00999  -0.02228  -23.89126
  -0.472  -0.22954   0.00986  -0.02229  -23.27246
  -0.387  -0.22054   0.00967  -0.02231  -22.80407
  -0.302  -0.21171   0.00941  -0.02231  -22.49010
  -0.216  -0.20302   0.00913  -0.02230  -22.23258
  -0.131  -0.19429   0.00888  -0.02230  -21.87829
  -0.045  -0.18533   0.00869  -0.02231  -21.32638
   0.040  -0.17604   0.00856  -0.02235  -20.56866
   0.126  -0.16645   0.00847  -0.02243  -19.65521
   0.211  -0.15668   0.00840  -0.02252  -18.65261
   0.296  -0.14684   0.00833  -0.02262  -17.62234
   0.382  -0.13706   0.00825  -0.02273  -16.61333
   0.467  -0.12742   0.00814  -0.02282  -15.66125
   0.553  -0.11799   0.00798  -0.02287  -14.78994
   0.638  -0.10878   0.00776  -0.02286  -14.00971
   0.724  -0.09976   0.00750  -0.02277  -13.30428
   0.809  -0.09087   0.00721  -0.02263  -12.60853
   0.894  -0.08203   0.00694  -0.02250  -11.81147
   0.980  -0.07312   0.00676  -0.02242  -10.81744
   1.065  -0.06403   0.00666  -0.02241  -9.61132
   1.151  -0.05468   0.00663  -0.02245  -8.24566
   1.236  -0.04506   0.00664  -0.02251  -6.78583
   1.322  -0.03522   0.00667  -0.02257  -5.28178
   1.407  -0.02525   0.00671  -0.02262  -3.76555
   1.492  -0.01522   0.00675  -0.02267  -2.25558
   1.578  -0.00517   0.00679  -0.02270  -0.76114
   1.663   0.00487   0.00683  -0.02273   0.71409
   1.749   0.01489   0.00686  -0.02275   2.16945
   1.834   0.02487   0.00690  -0.02277   3.60572
   1.920   0.03483   0.00693  -0.02279   5.02422
   2.005   0.04476   0.00696  -0.02280   6.42636
   2.090   0.05467   0.00700  -0.02281   7.81348
   2.176   0.06455   0.00703  -0.02282   9.18682
   2.261   0.07443   0.00706  -0.02284  10.54749
   2.347   0.08429   0.00709  -0.02285  11.89660
   2.432   0.09414   0.00711  -0.02286  13.23523
   2.518   0.10399   0.00714  -0.02287  14.56450
   2.603   0.11383   0.00717  -0.02289  15.88550
   2.688   0.12367   0.00719  -0.02291  17.19936
   2.774   0.13352   0.00721  -0.02293  18.50713
   2.859   0.14336   0.00724  -0.02295  19.80975
   2.945   0.15321   0.00726  -0.02297  21.10804
   3.030   0.16305   0.00728  -0.02299  22.40262
   3.116   0.17290   0.00730  -0.02302  23.69390
   3.201   0.18275   0.00732  -0.02304  24.98211
   3.286   0.19260   0.00733  -0.02307  26.26726
   3.372   0.20244   0.00735  -0.02310  27.54921
   3.457   0.21228   0.00736  -0.02312  28.82770
   3.543   0.22212   0.00738  -0.02314  30.10235
   3.628   0.23195   0.00739  -0.02316  31.37272
   3.714   0.24177   0.00741  -0.02318  32.63832
   3.799   0.25159   0.00742  -0.02320  33.89861
   3.884   0.26139   0.00744  -0.02321  35.15299
   3.970   0.27118   0.00745  -0.02322  36.40073
   4.055   0.28096   0.00746  -0.02323  37.64086
   4.141   0.29073   0.00748  -0.02323  38.87197
   4.226   0.30048   0.00749  -0.02323  40.09188
   4.312   0.31022   0.00751  -0.02322  41.29713
   4.397   0.31992   0.00753  -0.02322  42.48250
   4.482   0.32959   0.00755  -0.02320  43.64057
   4.568   0.33921   0.00758  -0.02319  44.76181
   4.653   0.34876   0.00761  -0.02317  45.83529
   4.739   0.35825   0.00765  -0.02315  46.84996
   4.824   0.36767   0.00769  -0.02313  47.79592
   4.910   0.37703   0.00775  -0.02311  48.66491
   4.995   0.38633   0.00781  -0.02308  49.45028
   5.080   0.39558   0.00789  -0.02305  50.14762
   5.166   0.40481   0.00798  -0.02302  50.75750
   5.251   0.41404   0.00807  -0.02298  51.28917
   5.337   0.42326   0.00818  -0.02295  51.76150
   5.422   0.43250   0.00829  -0.02292  52.19959
   5.508   0.44176   0.00839  -0.02290  52.62956
   5.593   0.45106   0.00850  -0.02288  53.07421
   5.678   0.46040   0.00860  -0.02286  53.54998
   5.764   0.46979   0.00869  -0.02285  54.06511
   5.849   0.47924   0.00877  -0.02284  54.61993
   5.935   0.48874   0.00885  -0.02283  55.20895
   6.020   0.49827   0.00893  -0.02283  55.82358
   6.106   0.50784   0.00900  -0.02283  56.45470
   6.191   0.51742   0.00906  -0.02283  57.09478
   6.276   0.52700   0.00913  -0.02284  57.73914
   6.362   0.53656   0.00919  -0.02284  58.38605
   6.447   0.54611   0.00925  -0.02285  59.03594
   6.533   0.55566   0.00931  -0.02286  59.68998
   6.618   0.56520   0.00937  -0.02286  60.34890
   6.704   0.57473   0.00942  -0.02287  61.01220
   6.789   0.58427   0.00947  -0.02288  61.67810
   6.874   0.59381   0.00952  -0.02288  62.34390
   6.960   0.60334   0.00958  -0.02289  63.00661
   7.045   0.61288   0.00963  -0.02289  63.66353
   7.131   0.62241   0.00968  -0.02289  64.31254
   7.216   0.63193   0.00973  -0.02289  64.95232
   7.302   0.64145   0.00978  -0.02290  65.58220
   7.387   0.65096   0.00983  -0.02290  66.20209
   7.472   0.66046   0.00989  -0.02290  66.81222
   7.558   0.66996   0.00994  -0.02290  67.41308
   7.643   0.67945   0.00999  -0.02290  68.00516
   7.729   0.68893   0.01004  -0.02290  68.58898
   7.814   0.69841   0.01010  -0.02289  69.16492
   7.899   0.70787   0.01015  -0.02289  69.73326
   7.985   0.71733   0.01020  -0.02289  70.29414
   8.070   0.72678   0.01026  -0.02288  70.84759
   8.156   0.73623   0.01031  -0.02288  71.39353
   8.241   0.74566   0.01037  -0.02287  71.93179
   8.327   0.75508   0.01042  -0.02286  72.46217
   8.412   0.76448   0.01047  -0.02285  72.98442
   8.497   0.77388   0.01053  -0.02284  73.49830
   8.583   0.78325   0.01058  -0.02283  74.00358
   8.668   0.79262   0.01064  -0.02282  74.50004
   8.754   0.80196   0.01069  -0.02280  74.98750
   8.839   0.81129   0.01075  -0.02279  75.46581
   8.925   0.82061   0.01081  -0.02277  75.93486
   9.010   0.82990   0.01086  -0.02275  76.39458
   9.095   0.83918   0.01092  -0.02273  76.84492
   9.181   0.84845   0.01098  -0.02271  77.28587
   9.266   0.85770   0.01104  -0.02269  77.71747
   9.352   0.86693   0.01109  -0.02266  78.13976
   9.437   0.87615   0.01115  -0.02264  78.55285
   9.523   0.88535   0.01121  -0.02261  78.95683
   9.608   0.89454   0.01127  -0.02258  79.35184
   9.693   0.90372   0.01133  -0.02255  79.73800
   9.779   0.91289   0.01139  -0.02251  80.11541
   9.864   0.92205   0.01146  -0.02248  80.48413
   9.950   0.93120   0.01152  -0.02244  80.84416
  10.035   0.94034   0.01158  -0.02239  81.19537
  10.121   0.94948   0.01164  -0.02234  81.53751
  10.206   0.95861   0.01171  -0.02229  81.87012
  10.291   0.96773   0.01177  -0.02223  82.19251
  10.377   0.97684   0.01184  -0.02217  82.50367
  10.462   0.98595   0.01191  -0.02211  82.80215
  10.548   0.99504   0.01198  -0.02204  83.08589
  10.633   1.00412   0.01205  -0.02197  83.35197
  10.719   1.01318   0.01212  -0.02190  83.59620
  10.804   1.02222   0.01220  -0.02183  83.81262
  10.889   1.03124   0.01228  -0.02175  83.99293
  10.975   1.04023   0.01237  -0.02166  84.12607
  11.060   1.04917   0.01246  -0.02157  84.19833
  11.146   1.05805   0.01257  -0.02147  84.19464
  11.231   1.06683   0.01269  -0.02136  84.10153
  11.317   1.07550   0.01282  -0.02123  83.91157
  11.402   1.08403   0.01296  -0.02108  83.62738
  11.487   1.09243   0.01312  -0.02092  83.26284
  11.573   1.10070   0.01329  -0.02074  82.83989
  11.658   1.10887   0.01346  -0.02054  82.38209
  11.744   1.11696   0.01364  -0.02034  81.90852
  11.829   1.12500   0.01382  -0.02012  81.43077
  11.915   1.13299   0.01400  -0.01990  80.95368
  12.000   1.14096   0.01418  -0.01967  80.47804
