--------------------------------------------------------------
  XFOIL-like Polar Output (Generated by NeuralFoil)
--------------------------------------------------------------
  alpha     CL        CD       Cm        CL/CD
--------------------------------------------------------------
  -5.000  -0.93904   0.01605   0.05443  -58.51040
  -4.915  -0.93053   0.01591   0.05464  -58.47656
  -4.829  -0.92199   0.01578   0.05485  -58.43280
  -4.744  -0.91345   0.01565   0.05506  -58.37916
  -4.658  -0.90488   0.01552   0.05526  -58.31571
  -4.573  -0.89631   0.01539   0.05547  -58.24250
  -4.487  -0.88772   0.01526   0.05567  -58.15959
  -4.402  -0.87912   0.01514   0.05587  -58.06701
  -4.317  -0.87050   0.01502   0.05607  -57.96477
  -4.231  -0.86188   0.01490   0.05626  -57.85285
  -4.146  -0.85324   0.01478   0.05646  -57.73118
  -4.060  -0.84458   0.01466   0.05665  -57.59968
  -3.975  -0.83591   0.01455   0.05685  -57.45826
  -3.889  -0.82721   0.01443   0.05704  -57.30690
  -3.804  -0.81849   0.01432   0.05723  -57.14568
  -3.719  -0.80976   0.01421   0.05742  -56.97491
  -3.633  -0.80100   0.01410   0.05761  -56.79512
  -3.548  -0.79222   0.01400   0.05780  -56.60718
  -3.462  -0.78343   0.01389   0.05799  -56.41227
  -3.377  -0.77463   0.01378   0.05817  -56.21186
  -3.291  -0.76582   0.01367   0.05835  -56.00764
  -3.206  -0.75701   0.01357   0.05853  -55.80140
  -3.121  -0.74818   0.01346   0.05870  -55.59483
  -3.035  -0.73936   0.01335   0.05887  -55.38915
  -2.950  -0.73053   0.01324   0.05903  -55.18460
  -2.864  -0.72169   0.01313   0.05919  -54.97962
  -2.779  -0.71285   0.01302   0.05933  -54.76995
  -2.693  -0.70400   0.01291   0.05947  -54.54759
  -2.608  -0.69515   0.01280   0.05961  -54.30011
  -2.523  -0.68629   0.01271   0.05974  -54.01071
  -2.437  -0.67744   0.01262   0.05988  -53.65988
  -2.352  -0.66858   0.01256   0.06002  -53.22922
  -2.266  -0.65972   0.01252   0.06018  -52.70699
  -2.181  -0.65085   0.01249   0.06035  -52.09397
  -2.095  -0.64198   0.01249   0.06053  -51.40638
  -2.010  -0.63311   0.01249   0.06072  -50.67357
  -1.925  -0.62422   0.01250   0.06092  -49.93034
  -1.839  -0.61533   0.01250   0.06111  -49.20730
  -1.754  -0.60644   0.01250   0.06130  -48.52376
  -1.668  -0.59752   0.01248   0.06149  -47.88597
  -1.583  -0.58860   0.01245   0.06166  -47.28994
  -1.497  -0.57966   0.01241   0.06181  -46.72627
  -1.412  -0.57070   0.01236   0.06196  -46.18426
  -1.327  -0.56174   0.01230   0.06209  -45.65420
  -1.241  -0.55276   0.01225   0.06222  -45.12831
  -1.156  -0.54378   0.01219   0.06234  -44.60082
  -1.070  -0.53480   0.01214   0.06245  -44.06770
  -0.985  -0.52582   0.01208   0.06257  -43.52642
  -0.899  -0.51686   0.01203   0.06268  -42.97551
  -0.814  -0.50790   0.01197   0.06280  -42.41431
  -0.729  -0.49897   0.01192   0.06292  -41.84268
  -0.643  -0.49005   0.01188   0.06304  -41.26076
  -0.558  -0.48115   0.01183   0.06317  -40.66887
  -0.472  -0.47226   0.01179   0.06330  -40.06732
  -0.387  -0.46338   0.01174   0.06344  -39.45643
  -0.302  -0.45451   0.01170   0.06357  -38.83645
  -0.216  -0.44565   0.01166   0.06371  -38.20759
  -0.131  -0.43678   0.01163   0.06385  -37.57002
  -0.045  -0.42790   0.01159   0.06399  -36.92383
   0.040  -0.41902   0.01155   0.06412  -36.26910
   0.126  -0.41012   0.01152   0.06426  -35.60588
   0.211  -0.40121   0.01148   0.06439  -34.93418
   0.296  -0.39228   0.01145   0.06453  -34.25402
   0.382  -0.38333   0.01142   0.06466  -33.56538
   0.467  -0.37435   0.01139   0.06479  -32.86828
   0.553  -0.36535   0.01136   0.06491  -32.16273
   0.638  -0.35633   0.01133   0.06504  -31.44877
   0.724  -0.34728   0.01130   0.06516  -30.72648
   0.809  -0.33821   0.01128   0.06528  -29.99596
   0.894  -0.32911   0.01125   0.06539  -29.25735
   0.980  -0.31999   0.01122   0.06551  -28.51083
   1.065  -0.31085   0.01120   0.06562  -27.75662
   1.151  -0.30168   0.01118   0.06573  -26.99498
   1.236  -0.29250   0.01115   0.06583  -26.22619
   1.322  -0.28330   0.01113   0.06594  -25.45057
   1.407  -0.27407   0.01111   0.06604  -24.66845
   1.492  -0.26484   0.01109   0.06614  -23.88018
   1.578  -0.25558   0.01107   0.06624  -23.08614
   1.663  -0.24632   0.01105   0.06633  -22.28666
   1.749  -0.23705   0.01103   0.06643  -21.48213
   1.834  -0.22776   0.01102   0.06652  -20.67289
   1.920  -0.21847   0.01100   0.06661  -19.85926
   2.005  -0.20917   0.01098   0.06670  -19.04156
   2.090  -0.19986   0.01097   0.06679  -18.22009
   2.176  -0.19055   0.01095   0.06688  -17.39509
   2.261  -0.18124   0.01094   0.06697  -16.56682
   2.347  -0.17193   0.01093   0.06706  -15.73546
   2.432  -0.16261   0.01091   0.06715  -14.90121
   2.518  -0.15330   0.01090   0.06724  -14.06422
   2.603  -0.14398   0.01089   0.06733  -13.22460
   2.688  -0.13467   0.01088   0.06742  -12.38246
   2.774  -0.12535   0.01086   0.06751  -11.53786
   2.859  -0.11604   0.01085   0.06760  -10.69083
   2.945  -0.10672   0.01084   0.06769  -9.84137
   3.030  -0.09740   0.01083   0.06779  -8.98941
   3.116  -0.08807   0.01083   0.06788  -8.13484
   3.201  -0.07873   0.01082   0.06798  -7.27745
   3.286  -0.06937   0.01081   0.06808  -6.41694
   3.372  -0.06000   0.01080   0.06817  -5.55292
   3.457  -0.05059   0.01080   0.06827  -4.68485
   3.543  -0.04114   0.01079   0.06837  -3.81211
   3.628  -0.03165   0.01079   0.06847  -2.93401
   3.714  -0.02210   0.01078   0.06856  -2.04990
   3.799  -0.01249   0.01077   0.06865  -1.15934
   3.884  -0.00283   0.01077   0.06873  -0.26234
   3.970   0.00689   0.01076   0.06882   0.64033
   4.055   0.01664   0.01076   0.06890   1.54679
   4.141   0.02640   0.01076   0.06898   2.45397
   4.226   0.03611   0.01075   0.06907   3.35762
   4.312   0.04574   0.01076   0.06917   4.25264
   4.397   0.05525   0.01076   0.06929   5.13347
   4.482   0.06460   0.01078   0.06943   5.99437
   4.568   0.07377   0.01080   0.06959   6.83036
   4.653   0.08272   0.01083   0.06978   7.63916
   4.739   0.09142   0.01085   0.07000   8.42427
   4.824   0.09982   0.01085   0.07025   9.19698
   4.910   0.10790   0.01082   0.07053   9.97467
   4.995   0.11564   0.01073   0.07083  10.77497
   5.080   0.12307   0.01060   0.07117  11.61022
   5.166   0.13022   0.01043   0.07154  12.48781
   5.251   0.13710   0.01022   0.07196  13.41680
   5.337   0.14366   0.00997   0.07245  14.41528
   5.422   0.14986   0.00966   0.07304  15.50617
   5.508   0.15567   0.00933   0.07373  16.68994
   5.593   0.16119   0.00900   0.07452  17.91755
   5.678   0.16666   0.00872   0.07533  19.11952
   5.764   0.17246   0.00851   0.07610  20.26697
   5.849   0.17889   0.00837   0.07677  21.37748
   5.935   0.18604   0.00828   0.07732  22.47557
   6.020   0.19384   0.00822   0.07776  23.56974
   6.106   0.20215   0.00820   0.07810  24.65524
   6.191   0.21083   0.00820   0.07836  25.72319
   6.276   0.21977   0.00821   0.07856  26.76625
   6.362   0.22891   0.00824   0.07871  27.78050
   6.447   0.23817   0.00828   0.07882  28.76526
   6.533   0.24750   0.00833   0.07890  29.72199
   6.618   0.25688   0.00838   0.07897  30.65317
   6.704   0.26627   0.00844   0.07902  31.56143
   6.789   0.27566   0.00850   0.07907  32.44913
   6.874   0.28505   0.00856   0.07911  33.31825
   6.960   0.29443   0.00862   0.07915  34.17046
   7.045   0.30381   0.00868   0.07919  35.00722
   7.131   0.31319   0.00874   0.07923  35.82983
   7.216   0.32257   0.00880   0.07926  36.63948
   7.302   0.33196   0.00887   0.07930  37.43733
   7.387   0.34136   0.00893   0.07933  38.22444
   7.472   0.35076   0.00899   0.07935  39.00183
   7.558   0.36016   0.00906   0.07938  39.77046
   7.643   0.36957   0.00912   0.07940  40.53123
   7.729   0.37899   0.00918   0.07942  41.28502
   7.814   0.38841   0.00924   0.07944  42.03264
   7.899   0.39783   0.00930   0.07945  42.77491
   7.985   0.40724   0.00936   0.07947  43.51263
   8.070   0.41666   0.00942   0.07948  44.24658
   8.156   0.42607   0.00947   0.07949  44.97757
   8.241   0.43549   0.00953   0.07950  45.70642
   8.327   0.44490   0.00958   0.07950  46.43397
   8.412   0.45430   0.00963   0.07951  47.16107
   8.497   0.46371   0.00968   0.07951  47.88860
   8.583   0.47311   0.00973   0.07951  48.61743
   8.668   0.48251   0.00978   0.07951  49.34841
   8.754   0.49192   0.00982   0.07951  50.08238
   8.839   0.50133   0.00986   0.07950  50.82011
   8.925   0.51074   0.00991   0.07948  51.56231
   9.010   0.52017   0.00994   0.07947  52.30959
   9.095   0.52960   0.00998   0.07945  53.06243
   9.181   0.53904   0.01002   0.07943  53.82120
   9.266   0.54850   0.01005   0.07940  54.58613
   9.352   0.55796   0.01008   0.07937  55.35731
   9.437   0.56745   0.01011   0.07933  56.13471
   9.523   0.57694   0.01014   0.07930  56.91816
   9.608   0.58645   0.01016   0.07925  57.70744
   9.693   0.59598   0.01019   0.07921  58.50219
   9.779   0.60553   0.01021   0.07916  59.30202
   9.864   0.61509   0.01023   0.07911  60.10650
   9.950   0.62466   0.01025   0.07906  60.91515
  10.035   0.63426   0.01028   0.07900  61.72746
  10.121   0.64386   0.01029   0.07894  62.54292
  10.206   0.65349   0.01031   0.07888  63.36100
  10.291   0.66313   0.01033   0.07881  64.18115
  10.377   0.67278   0.01035   0.07874  65.00279
  10.462   0.68245   0.01037   0.07867  65.82533
  10.548   0.69213   0.01038   0.07860  66.64811
  10.633   0.70182   0.01040   0.07853  67.47045
  10.719   0.71153   0.01042   0.07845  68.29159
  10.804   0.72125   0.01044   0.07837  69.11073
  10.889   0.73098   0.01045   0.07829  69.92698
  10.975   0.74071   0.01047   0.07821  70.73940
  11.060   0.75046   0.01049   0.07812  71.54697
  11.146   0.76022   0.01051   0.07804  72.34865
  11.231   0.76998   0.01053   0.07795  73.14337
  11.317   0.77975   0.01055   0.07786  73.93008
  11.402   0.78952   0.01057   0.07777  74.70783
  11.487   0.79930   0.01059   0.07768  75.47580
  11.573   0.80908   0.01061   0.07759  76.23336
  11.658   0.81887   0.01064   0.07751  76.98017
  11.744   0.82866   0.01066   0.07742  77.71619
  11.829   0.83846   0.01069   0.07733  78.44167
  11.915   0.84826   0.01072   0.07725  79.15706
  12.000   0.85806   0.01074   0.07716  79.86280
