--------------------------------------------------------------
  XFOIL-like Polar Output (Generated by NeuralFoil)
--------------------------------------------------------------
  alpha     CL        CD       Cm        CL/CD
--------------------------------------------------------------
  -5.000   0.20838   0.00819  -0.16359  25.44147
  -4.915   0.21835   0.00813  -0.16367  26.85173
  -4.829   0.22832   0.00807  -0.16375  28.28119
  -4.744   0.23829   0.00802  -0.16383  29.73026
  -4.658   0.24826   0.00796  -0.16391  31.19930
  -4.573   0.25824   0.00790  -0.16399  32.68852
  -4.487   0.26821   0.00784  -0.16406  34.19793
  -4.402   0.27820   0.00779  -0.16414  35.72730
  -4.317   0.28819   0.00773  -0.16422  37.27613
  -4.231   0.29818   0.00768  -0.16430  38.84364
  -4.146   0.30817   0.00762  -0.16437  40.42886
  -4.060   0.31817   0.00757  -0.16445  42.03056
  -3.975   0.32815   0.00752  -0.16453  43.64738
  -3.889   0.33812   0.00747  -0.16460  45.27783
  -3.804   0.34808   0.00742  -0.16468  46.92037
  -3.719   0.35803   0.00737  -0.16475  48.57345
  -3.633   0.36796   0.00732  -0.16482  50.23559
  -3.548   0.37788   0.00728  -0.16489  51.90545
  -3.462   0.38779   0.00724  -0.16496  53.58192
  -3.377   0.39769   0.00720  -0.16502  55.26423
  -3.291   0.40756   0.00716  -0.16508  56.95188
  -3.206   0.41740   0.00712  -0.16513  58.64449
  -3.121   0.42722   0.00708  -0.16518  60.34144
  -3.035   0.43700   0.00704  -0.16522  62.04146
  -2.950   0.44676   0.00701  -0.16525  63.74214
  -2.864   0.45647   0.00698  -0.16528  65.43951
  -2.779   0.46615   0.00694  -0.16530  67.12761
  -2.693   0.47578   0.00692  -0.16531  68.79820
  -2.608   0.48535   0.00689  -0.16531  70.44065
  -2.523   0.49487   0.00687  -0.16530  72.04207
  -2.437   0.50431   0.00685  -0.16527  73.58771
  -2.352   0.51366   0.00684  -0.16523  75.06180
  -2.266   0.52293   0.00684  -0.16517  76.44869
  -2.181   0.53211   0.00685  -0.16510  77.73439
  -2.095   0.54119   0.00686  -0.16500  78.90811
  -2.010   0.55019   0.00688  -0.16489  79.96369
  -1.925   0.55911   0.00691  -0.16477  80.90050
  -1.839   0.56797   0.00695  -0.16464  81.72361
  -1.754   0.57677   0.00700  -0.16450  82.44315
  -1.668   0.58555   0.00705  -0.16435  83.07314
  -1.583   0.59430   0.00711  -0.16421  83.62998
  -1.497   0.60304   0.00717  -0.16407  84.13098
  -1.412   0.61179   0.00723  -0.16394  84.59315
  -1.327   0.62056   0.00730  -0.16381  85.03212
  -1.241   0.62935   0.00736  -0.16369  85.46146
  -1.156   0.63815   0.00743  -0.16358  85.89223
  -1.070   0.64699   0.00749  -0.16347  86.33291
  -0.985   0.65585   0.00756  -0.16337  86.78947
  -0.899   0.66472   0.00762  -0.16328  87.26573
  -0.814   0.67362   0.00768  -0.16319  87.76370
  -0.729   0.68253   0.00773  -0.16311  88.28393
  -0.643   0.69145   0.00778  -0.16303  88.82588
  -0.558   0.70039   0.00784  -0.16295  89.38824
  -0.472   0.70933   0.00788  -0.16288  89.96916
  -0.387   0.71828   0.00793  -0.16280  90.56656
  -0.302   0.72725   0.00798  -0.16273  91.17830
  -0.216   0.73622   0.00802  -0.16266  91.80232
  -0.131   0.74520   0.00806  -0.16259  92.43675
  -0.045   0.75419   0.00810  -0.16252  93.07994
   0.040   0.76319   0.00814  -0.16245  93.73051
   0.126   0.77220   0.00818  -0.16238  94.38732
   0.211   0.78121   0.00822  -0.16231  95.04946
   0.296   0.79022   0.00826  -0.16224  95.71622
   0.382   0.79923   0.00829  -0.16216  96.38709
   0.467   0.80825   0.00833  -0.16209  97.06172
   0.553   0.81726   0.00836  -0.16202  97.73988
   0.638   0.82627   0.00840  -0.16194  98.42145
   0.724   0.83528   0.00843  -0.16187  99.10637
   0.809   0.84428   0.00846  -0.16179  99.79460
   0.894   0.85327   0.00849  -0.16171  100.48608
   0.980   0.86226   0.00852  -0.16163  101.18069
   1.065   0.87123   0.00855  -0.16155  101.87818
   1.151   0.88020   0.00858  -0.16147  102.57819
   1.236   0.88916   0.00861  -0.16139  103.28016
   1.322   0.89810   0.00864  -0.16130  103.98337
   1.407   0.90703   0.00866  -0.16121  104.68693
   1.492   0.91595   0.00869  -0.16112  105.38979
   1.578   0.92485   0.00872  -0.16103  106.09078
   1.663   0.93374   0.00874  -0.16093  106.78866
   1.749   0.94261   0.00877  -0.16083  107.48215
   1.834   0.95146   0.00880  -0.16073  108.16991
   1.920   0.96029   0.00882  -0.16063  108.85063
   2.005   0.96911   0.00885  -0.16052  109.52294
   2.090   0.97790   0.00888  -0.16041  110.18547
   2.176   0.98668   0.00890  -0.16030  110.83674
   2.261   0.99543   0.00893  -0.16018  111.47508
   2.347   1.00417   0.00896  -0.16006  112.09857
   2.432   1.01289   0.00899  -0.15993  112.70477
   2.518   1.02159   0.00902  -0.15981  113.29067
   2.603   1.03027   0.00905  -0.15968  113.85245
   2.688   1.03895   0.00908  -0.15956  114.38543
   2.774   1.04763   0.00912  -0.15943  114.88417
   2.859   1.05631   0.00916  -0.15931  115.34299
   2.945   1.06501   0.00920  -0.15919  115.75717
   3.030   1.07371   0.00925  -0.15908  116.12572
   3.116   1.08242   0.00929  -0.15896  116.45630
   3.201   1.09113   0.00934  -0.15885  116.77357
   3.286   1.09983   0.00939  -0.15872  117.13136
   3.372   1.10849   0.00942  -0.15857  117.62691
   3.457   1.11711   0.00943  -0.15839  118.40549
   3.543   1.12565   0.00941  -0.15818  119.62404
   3.628   1.13413   0.00935  -0.15792  121.34744
   3.714   1.14254   0.00926  -0.15765  123.43606
   3.799   1.15093   0.00917  -0.15739  125.56292
   3.884   1.15938   0.00910  -0.15716  127.39600
   3.970   1.16793   0.00907  -0.15698  128.78240
   4.055   1.17659   0.00907  -0.15685  129.76434
   4.141   1.18526   0.00908  -0.15673  130.46675
   4.226   1.19387   0.00911  -0.15660  131.00113
   4.312   1.20232   0.00915  -0.15643  131.43699
   4.397   1.21060   0.00918  -0.15624  131.80968
   4.482   1.21872   0.00922  -0.15601  132.13439
   4.568   1.22671   0.00926  -0.15575  132.41637
   4.653   1.23459   0.00931  -0.15547  132.65692
   4.739   1.24240   0.00935  -0.15518  132.85657
   4.824   1.25015   0.00940  -0.15487  133.01639
   4.910   1.25789   0.00945  -0.15456  133.13854
   4.995   1.26562   0.00950  -0.15423  133.22616
   5.080   1.27339   0.00955  -0.15390  133.28297
   5.166   1.28120   0.00961  -0.15356  133.31209
   5.251   1.28908   0.00967  -0.15321  133.31410
   5.337   1.29702   0.00973  -0.15285  133.28362
   5.422   1.30500   0.00980  -0.15246  133.20433
   5.508   1.31295   0.00987  -0.15205  133.04230
   5.593   1.32076   0.00995  -0.15160  132.73824
   5.678   1.32827   0.01005  -0.15109  132.20135
   5.764   1.33526   0.01017  -0.15049  131.30943
   5.849   1.34150   0.01033  -0.14979  129.92197
   5.935   1.34677   0.01053  -0.14896  127.90946
   6.020   1.35092   0.01079  -0.14800  125.19240
   6.106   1.35391   0.01112  -0.14689  121.77177
   6.191   1.35578   0.01152  -0.14566  117.73433
   6.276   1.35664   0.01198  -0.14431  113.23551
   6.362   1.35670   0.01251  -0.14287  108.47985
   6.447   1.35623   0.01308  -0.14138  103.70887
   6.533   1.35554   0.01367  -0.13986  99.17642
   6.618   1.35493   0.01425  -0.13837  95.09165
   6.704   1.35465   0.01480  -0.13693  91.55718
   6.789   1.35483   0.01530  -0.13557  88.55771
   6.874   1.35552   0.01576  -0.13429  86.00953
   6.960   1.35671   0.01619  -0.13309  83.81933
   7.045   1.35842   0.01658  -0.13197  81.91352
   7.131   1.36064   0.01696  -0.13094  80.24123
   7.216   1.36337   0.01731  -0.12999  78.76608
   7.302   1.36659   0.01764  -0.12913  77.45668
   7.387   1.37020   0.01796  -0.12833  76.28158
   7.472   1.37410   0.01827  -0.12758  75.20984
   7.558   1.37817   0.01857  -0.12686  74.21409
   7.643   1.38234   0.01887  -0.12615  73.27282
   7.729   1.38654   0.01916  -0.12545  72.37083
   7.814   1.39074   0.01945  -0.12475  71.49840
   7.899   1.39492   0.01974  -0.12405  70.64990
   7.985   1.39909   0.02004  -0.12335  69.82246
   8.070   1.40324   0.02033  -0.12265  69.01486
   8.156   1.40737   0.02063  -0.12195  68.22676
   8.241   1.41151   0.02092  -0.12126  67.45811
   8.327   1.41564   0.02122  -0.12057  66.70888
   8.412   1.41979   0.02152  -0.11988  65.97884
   8.497   1.42394   0.02182  -0.11921  65.26752
   8.583   1.42811   0.02212  -0.11854  64.57416
   8.668   1.43229   0.02242  -0.11788  63.89779
   8.754   1.43647   0.02272  -0.11722  63.23725
   8.839   1.44066   0.02302  -0.11657  62.59124
   8.925   1.44486   0.02332  -0.11593  61.95839
   9.010   1.44904   0.02362  -0.11529  61.33732
   9.095   1.45323   0.02393  -0.11465  60.72668
   9.181   1.45739   0.02424  -0.11402  60.12518
   9.266   1.46155   0.02455  -0.11338  59.53160
   9.352   1.46567   0.02487  -0.11275  58.94485
   9.437   1.46977   0.02518  -0.11212  58.36391
   9.523   1.47385   0.02550  -0.11149  57.78791
   9.608   1.47788   0.02583  -0.11086  57.21604
   9.693   1.48188   0.02616  -0.11023  56.64762
   9.779   1.48584   0.02649  -0.10960  56.08206
   9.864   1.48975   0.02683  -0.10897  55.51884
   9.950   1.49362   0.02718  -0.10834  54.95753
  10.035   1.49743   0.02753  -0.10771  54.39774
  10.121   1.50120   0.02788  -0.10708  53.83917
  10.206   1.50492   0.02824  -0.10644  53.28155
  10.291   1.50858   0.02861  -0.10581  52.72467
  10.377   1.51219   0.02899  -0.10518  52.16835
  10.462   1.51574   0.02937  -0.10454  51.61247
  10.548   1.51923   0.02976  -0.10391  51.05691
  10.633   1.52267   0.03015  -0.10328  50.50162
  10.719   1.52604   0.03055  -0.10265  49.94654
  10.804   1.52936   0.03096  -0.10202  49.39166
  10.889   1.53262   0.03138  -0.10139  48.83699
  10.975   1.53581   0.03181  -0.10076  48.28255
  11.060   1.53895   0.03224  -0.10014  47.72838
  11.146   1.54202   0.03269  -0.09952  47.17454
  11.231   1.54503   0.03314  -0.09890  46.62110
  11.317   1.54798   0.03360  -0.09828  46.06814
  11.402   1.55086   0.03407  -0.09767  45.51574
  11.487   1.55368   0.03455  -0.09707  44.96401
  11.573   1.55644   0.03504  -0.09647  44.41306
  11.658   1.55914   0.03555  -0.09587  43.86300
  11.744   1.56177   0.03606  -0.09528  43.31397
  11.829   1.56434   0.03658  -0.09469  42.76610
  11.915   1.56684   0.03711  -0.09411  42.21957
  12.000   1.56928   0.03766  -0.09354  41.67454
