--------------------------------------------------------------
  XFOIL-like Polar Output (Generated by NeuralFoil)
--------------------------------------------------------------
  alpha     CL        CD       Cm        CL/CD
--------------------------------------------------------------
  -5.000  -0.23651   0.00901  -0.07529  -26.25036
  -4.915  -0.22686   0.00893  -0.07528  -25.40082
  -4.829  -0.21722   0.00885  -0.07527  -24.53806
  -4.744  -0.20758   0.00877  -0.07526  -23.66167
  -4.658  -0.19795   0.00869  -0.07526  -22.77068
  -4.573  -0.18834   0.00861  -0.07525  -21.86356
  -4.487  -0.17873   0.00854  -0.07524  -20.93844
  -4.402  -0.16913   0.00846  -0.07524  -19.99334
  -4.317  -0.15952   0.00838  -0.07523  -19.02656
  -4.231  -0.14992   0.00831  -0.07523  -18.03692
  -4.146  -0.14031   0.00824  -0.07524  -17.02382
  -4.060  -0.13069   0.00817  -0.07524  -15.98709
  -3.975  -0.12107   0.00811  -0.07525  -14.92665
  -3.889  -0.11144   0.00805  -0.07525  -13.84240
  -3.804  -0.10180   0.00799  -0.07526  -12.73436
  -3.719  -0.09214   0.00794  -0.07528  -11.60317
  -3.633  -0.08247   0.00789  -0.07529  -10.45024
  -3.548  -0.07279   0.00785  -0.07530  -9.27761
  -3.462  -0.06311   0.00780  -0.07532  -8.08747
  -3.377  -0.05344   0.00777  -0.07533  -6.88178
  -3.291  -0.04376   0.00773  -0.07534  -5.66219
  -3.206  -0.03409   0.00770  -0.07535  -4.43012
  -3.121  -0.02442   0.00766  -0.07536  -3.18679
  -3.035  -0.01476   0.00763  -0.07537  -1.93322
  -2.950  -0.00510   0.00761  -0.07538  -0.67023
  -2.864   0.00456   0.00758  -0.07539   0.60167
  -2.779   0.01422   0.00756  -0.07541   1.88218
  -2.693   0.02389   0.00753  -0.07542   3.17124
  -2.608   0.03357   0.00751  -0.07544   4.46888
  -2.523   0.04326   0.00749  -0.07546   5.77510
  -2.437   0.05298   0.00747  -0.07548   7.08974
  -2.352   0.06272   0.00746  -0.07551   8.41233
  -2.266   0.07249   0.00744  -0.07554   9.74203
  -2.181   0.08228   0.00743  -0.07558  11.07770
  -2.095   0.09208   0.00742  -0.07561  12.41798
  -2.010   0.10190   0.00741  -0.07565  13.76144
  -1.925   0.11173   0.00740  -0.07568  15.10672
  -1.839   0.12156   0.00739  -0.07572  16.45263
  -1.754   0.13138   0.00738  -0.07576  17.79823
  -1.668   0.14119   0.00738  -0.07580  19.14281
  -1.583   0.15098   0.00737  -0.07584  20.48593
  -1.497   0.16076   0.00737  -0.07587  21.82735
  -1.412   0.17053   0.00736  -0.07591  23.16693
  -1.327   0.18029   0.00736  -0.07595  24.50456
  -1.241   0.19004   0.00735  -0.07598  25.84015
  -1.156   0.19978   0.00735  -0.07602  27.17356
  -1.070   0.20952   0.00735  -0.07606  28.50459
  -0.985   0.21925   0.00735  -0.07609  29.83302
  -0.899   0.22898   0.00735  -0.07612  31.15860
  -0.814   0.23871   0.00735  -0.07616  32.48107
  -0.729   0.24844   0.00735  -0.07619  33.80019
  -0.643   0.25817   0.00735  -0.07622  35.11573
  -0.558   0.26789   0.00735  -0.07625  36.42748
  -0.472   0.27760   0.00736  -0.07628  37.73528
  -0.387   0.28732   0.00736  -0.07631  39.03898
  -0.302   0.29703   0.00736  -0.07634  40.33851
  -0.216   0.30673   0.00737  -0.07636  41.63381
  -0.131   0.31643   0.00737  -0.07638  42.92486
  -0.045   0.32612   0.00738  -0.07641  44.21171
   0.040   0.33581   0.00738  -0.07643  45.49440
   0.126   0.34549   0.00739  -0.07645  46.77304
   0.211   0.35517   0.00739  -0.07646  48.04776
   0.296   0.36485   0.00740  -0.07648  49.31871
   0.382   0.37451   0.00740  -0.07650  50.58605
   0.467   0.38418   0.00741  -0.07651  51.84996
   0.553   0.39384   0.00742  -0.07652  53.11063
   0.638   0.40350   0.00742  -0.07654  54.36825
   0.724   0.41316   0.00743  -0.07655  55.62300
   0.809   0.42282   0.00743  -0.07656  56.87509
   0.894   0.43248   0.00744  -0.07658  58.12472
   0.980   0.44215   0.00745  -0.07659  59.37211
   1.065   0.45181   0.00745  -0.07660  60.61753
   1.151   0.46147   0.00746  -0.07662  61.86127
   1.236   0.47114   0.00747  -0.07664  63.10369
   1.322   0.48081   0.00747  -0.07666  64.34527
   1.407   0.49048   0.00748  -0.07668  65.58657
   1.492   0.50016   0.00748  -0.07670  66.82830
   1.578   0.50983   0.00749  -0.07673  68.07128
   1.663   0.51949   0.00749  -0.07675  69.31633
   1.749   0.52915   0.00750  -0.07678  70.56425
   1.834   0.53880   0.00750  -0.07681  71.81568
   1.920   0.54843   0.00751  -0.07683  73.07100
   2.005   0.55805   0.00751  -0.07686  74.33027
   2.090   0.56765   0.00751  -0.07688  75.59320
   2.176   0.57723   0.00751  -0.07690  76.85906
   2.261   0.58680   0.00751  -0.07692  78.12678
   2.347   0.59635   0.00751  -0.07694  79.39483
   2.432   0.60589   0.00751  -0.07696  80.66124
   2.518   0.61544   0.00751  -0.07699  81.92352
   2.603   0.62500   0.00751  -0.07701  83.17854
   2.688   0.63460   0.00752  -0.07705  84.42261
   2.774   0.64426   0.00752  -0.07709  85.65177
   2.859   0.65400   0.00753  -0.07716  86.86248
   2.945   0.66384   0.00754  -0.07725  88.05302
   3.030   0.67376   0.00755  -0.07737  89.22588
   3.116   0.68373   0.00756  -0.07750  90.39154
   3.201   0.69366   0.00757  -0.07764  91.57426
   3.286   0.70339   0.00758  -0.07775  92.82064
   3.372   0.71264   0.00756  -0.07776  94.21286
   3.457   0.72106   0.00752  -0.07757  95.88715
   3.543   0.72828   0.00743  -0.07710  98.04240
   3.628   0.73418   0.00728  -0.07628  100.87367
   3.714   0.73918   0.00708  -0.07522  104.36654
   3.799   0.74442   0.00688  -0.07421  108.13845
   3.884   0.75140   0.00673  -0.07359  111.64874
   3.970   0.76114   0.00664  -0.07359  114.58039
   4.055   0.77358   0.00662  -0.07418  116.91988
   4.141   0.78777   0.00663  -0.07516  118.78082
   4.226   0.80262   0.00667  -0.07627  120.28015
   4.312   0.81734   0.00673  -0.07736  121.51816
   4.397   0.83163   0.00678  -0.07836  122.58016
   4.482   0.84545   0.00684  -0.07926  123.53178
   4.568   0.85885   0.00690  -0.08008  124.41555
   4.653   0.87192   0.00696  -0.08083  125.25289
   4.739   0.88470   0.00702  -0.08152  126.04813
   4.824   0.89720   0.00708  -0.08215  126.79134
   4.910   0.90939   0.00713  -0.08272  127.45773
   4.995   0.92121   0.00720  -0.08322  128.00286
   5.080   0.93259   0.00727  -0.08364  128.35277
   5.166   0.94341   0.00735  -0.08396  128.38936
   5.251   0.95351   0.00745  -0.08416  127.93444
   5.337   0.96272   0.00760  -0.08422  126.74461
   5.422   0.97082   0.00780  -0.08411  124.54296
   5.508   0.97767   0.00807  -0.08383  121.12076
   5.593   0.98324   0.00844  -0.08336  116.50804
   5.678   0.98774   0.00889  -0.08272  111.11470
   5.764   0.99162   0.00938  -0.08197  105.67261
   5.849   0.99542   0.00986  -0.08115  100.93160
   5.935   0.99959   0.01027  -0.08033  97.31568
   6.020   1.00434   0.01059  -0.07954  94.81518
   6.106   1.00968   0.01084  -0.07880  93.15899
   6.191   1.01553   0.01103  -0.07813  92.04879
   6.276   1.02179   0.01120  -0.07752  91.27030
   6.362   1.02833   0.01134  -0.07695  90.69286
   6.447   1.03505   0.01147  -0.07641  90.23880
   6.533   1.04185   0.01159  -0.07589  89.86072
   6.618   1.04868   0.01171  -0.07538  89.52889
   6.704   1.05550   0.01183  -0.07488  89.22391
   6.789   1.06228   0.01194  -0.07438  88.93271
   6.874   1.06903   0.01206  -0.07389  88.64655
   6.960   1.07572   0.01217  -0.07339  88.35985
   7.045   1.08238   0.01229  -0.07290  88.06940
   7.131   1.08900   0.01241  -0.07241  87.77373
   7.216   1.09558   0.01252  -0.07191  87.47242
   7.302   1.10214   0.01264  -0.07141  87.16570
   7.387   1.10867   0.01276  -0.07091  86.85406
   7.472   1.11518   0.01289  -0.07041  86.53806
   7.558   1.12166   0.01301  -0.06990  86.21811
   7.643   1.12812   0.01313  -0.06938  85.89446
   7.729   1.13456   0.01326  -0.06886  85.56712
   7.814   1.14096   0.01339  -0.06833  85.23585
   7.899   1.14733   0.01351  -0.06780  84.90015
   7.985   1.15366   0.01364  -0.06726  84.55925
   8.070   1.15994   0.01377  -0.06670  84.21217
   8.156   1.16616   0.01391  -0.06614  83.85772
   8.241   1.17232   0.01404  -0.06557  83.49457
   8.327   1.17839   0.01418  -0.06498  83.12129
   8.412   1.18438   0.01432  -0.06439  82.73649
   8.497   1.19028   0.01446  -0.06378  82.33885
   8.583   1.19607   0.01460  -0.06317  81.92724
   8.668   1.20176   0.01475  -0.06254  81.50077
   8.754   1.20736   0.01489  -0.06190  81.05883
   8.839   1.21285   0.01505  -0.06126  80.60109
   8.925   1.21826   0.01520  -0.06061  80.12749
   9.010   1.22358   0.01536  -0.05995  79.63822
   9.095   1.22884   0.01553  -0.05930  79.13365
   9.181   1.23405   0.01570  -0.05865  78.61429
   9.266   1.23922   0.01587  -0.05800  78.08075
   9.352   1.24437   0.01605  -0.05736  77.53368
   9.437   1.24950   0.01623  -0.05673  76.97376
   9.523   1.25464   0.01642  -0.05612  76.40164
   9.608   1.25978   0.01662  -0.05552  75.81791
   9.693   1.26495   0.01682  -0.05494  75.22311
   9.779   1.27013   0.01702  -0.05438  74.61772
   9.864   1.27534   0.01723  -0.05384  74.00214
   9.950   1.28056   0.01745  -0.05332  73.37674
  10.035   1.28580   0.01768  -0.05282  72.74182
  10.121   1.29105   0.01791  -0.05233  72.09769
  10.206   1.29629   0.01814  -0.05186  71.44465
  10.291   1.30154   0.01839  -0.05141  70.78301
  10.377   1.30676   0.01864  -0.05096  70.11315
  10.462   1.31197   0.01889  -0.05053  69.43546
  10.548   1.31714   0.01916  -0.05010  68.75043
  10.633   1.32229   0.01943  -0.04969  68.05857
  10.719   1.32738   0.01971  -0.04928  67.36050
  10.804   1.33243   0.01999  -0.04887  66.65686
  10.889   1.33743   0.02028  -0.04847  65.94834
  10.975   1.34238   0.02058  -0.04808  65.23569
  11.060   1.34726   0.02088  -0.04769  64.51967
  11.146   1.35208   0.02119  -0.04730  63.80106
  11.231   1.35684   0.02151  -0.04691  63.08064
  11.317   1.36154   0.02183  -0.04652  62.35918
  11.402   1.36617   0.02216  -0.04614  61.63745
  11.487   1.37073   0.02250  -0.04575  60.91616
  11.573   1.37522   0.02285  -0.04537  60.19602
  11.658   1.37965   0.02320  -0.04499  59.47769
  11.744   1.38402   0.02355  -0.04461  58.76180
  11.829   1.38831   0.02392  -0.04423  58.04895
  11.915   1.39254   0.02429  -0.04385  57.33969
  12.000   1.39671   0.02466  -0.04348  56.63456
