--------------------------------------------------------------
  XFOIL-like Polar Output (Generated by NeuralFoil)
--------------------------------------------------------------
  alpha     CL        CD       Cm        CL/CD
--------------------------------------------------------------
  -5.000  -0.13335   0.00769  -0.08129  -17.33184
  -4.915  -0.12410   0.00764  -0.08119  -16.24631
  -4.829  -0.11484   0.00758  -0.08109  -15.14087
  -4.744  -0.10556   0.00753  -0.08099  -14.01608
  -4.658  -0.09628   0.00748  -0.08090  -12.87231
  -4.573  -0.08700   0.00743  -0.08082  -11.70972
  -4.487  -0.07770   0.00738  -0.08074  -10.52814
  -4.402  -0.06839   0.00733  -0.08067  -9.32719
  -4.317  -0.05905   0.00728  -0.08060  -8.10634
  -4.231  -0.04970   0.00724  -0.08054  -6.86523
  -4.146  -0.04032   0.00720  -0.08049  -5.60392
  -4.060  -0.03092   0.00715  -0.08044  -4.32304
  -3.975  -0.02151   0.00711  -0.08039  -3.02381
  -3.889  -0.01208   0.00707  -0.08035  -1.70786
  -3.804  -0.00265   0.00704  -0.08031  -0.37695
  -3.719   0.00677   0.00700  -0.08027   0.96725
  -3.633   0.01620   0.00697  -0.08023   2.32323
  -3.548   0.02561   0.00694  -0.08019   3.68966
  -3.462   0.03501   0.00691  -0.08015   5.06554
  -3.377   0.04440   0.00688  -0.08011   6.45064
  -3.291   0.05377   0.00685  -0.08006   7.84603
  -3.206   0.06315   0.00682  -0.08002   9.25429
  -3.121   0.07255   0.00679  -0.07998  10.67885
  -3.035   0.08198   0.00676  -0.07994  12.12236
  -2.950   0.09143   0.00673  -0.07990  13.58509
  -2.864   0.10090   0.00670  -0.07986  15.06463
  -2.779   0.11034   0.00666  -0.07982  16.55777
  -2.693   0.11974   0.00663  -0.07978  18.06327
  -2.608   0.12910   0.00659  -0.07974  19.58314
  -2.523   0.13844   0.00655  -0.07971  21.12170
  -2.437   0.14776   0.00651  -0.07967  22.68369
  -2.352   0.15709   0.00647  -0.07964  24.27236
  -2.266   0.16643   0.00643  -0.07962  25.88865
  -2.181   0.17576   0.00638  -0.07959  27.53192
  -2.095   0.18509   0.00634  -0.07957  29.20060
  -2.010   0.19442   0.00629  -0.07956  30.89184
  -1.925   0.20376   0.00625  -0.07954  32.60159
  -1.839   0.21311   0.00621  -0.07952  34.32662
  -1.754   0.22248   0.00617  -0.07950  36.06461
  -1.668   0.23185   0.00613  -0.07947  37.81040
  -1.583   0.24123   0.00610  -0.07944  39.55423
  -1.497   0.25062   0.00607  -0.07941  41.28606
  -1.412   0.26003   0.00605  -0.07938  43.00165
  -1.327   0.26945   0.00603  -0.07934  44.70407
  -1.241   0.27889   0.00601  -0.07930  46.40071
  -1.156   0.28834   0.00599  -0.07926  48.09953
  -1.070   0.29780   0.00598  -0.07922  49.80698
  -0.985   0.30727   0.00596  -0.07918  51.52745
  -0.899   0.31674   0.00595  -0.07913  53.26326
  -0.814   0.32620   0.00593  -0.07908  55.01493
  -0.729   0.33564   0.00591  -0.07902  56.78177
  -0.643   0.34506   0.00589  -0.07897  58.56265
  -0.558   0.35445   0.00587  -0.07891  60.35677
  -0.472   0.36381   0.00585  -0.07884  62.16431
  -0.387   0.37313   0.00583  -0.07878  63.98687
  -0.302   0.38241   0.00581  -0.07870  65.82738
  -0.216   0.39167   0.00579  -0.07861  67.68963
  -0.131   0.40089   0.00576  -0.07852  69.57726
  -0.045   0.41009   0.00574  -0.07842  71.49155
   0.040   0.41927   0.00571  -0.07830  73.42823
   0.126   0.42843   0.00568  -0.07818  75.37447
   0.211   0.43757   0.00566  -0.07804  77.30822
   0.296   0.44668   0.00564  -0.07790  79.20247
   0.382   0.45572   0.00562  -0.07774  81.03428
   0.467   0.46469   0.00561  -0.07756  82.79229
   0.553   0.47352   0.00561  -0.07734  84.47626
   0.638   0.48217   0.00560  -0.07708  86.09120
   0.724   0.49058   0.00560  -0.07676  87.64297
   0.809   0.49876   0.00560  -0.07638  89.13843
   0.894   0.50680   0.00559  -0.07597  90.58769
   0.980   0.51494   0.00560  -0.07558  92.00514
   1.065   0.52347   0.00560  -0.07527  93.40751
   1.151   0.53268   0.00562  -0.07511  94.80863
   1.236   0.54274   0.00564  -0.07515  96.21249
   1.322   0.55368   0.00567  -0.07538  97.60794
   1.407   0.56535   0.00571  -0.07578  98.96952
   1.492   0.57751   0.00576  -0.07630  100.26454
   1.578   0.58987   0.00581  -0.07687  101.46256
   1.663   0.60219   0.00587  -0.07744  102.54214
   1.749   0.61425   0.00594  -0.07797  103.49293
   1.834   0.62591   0.00600  -0.07843  104.31437
   1.920   0.63711   0.00607  -0.07881  105.01318
   2.005   0.64779   0.00613  -0.07909  105.60088
   2.090   0.65797   0.00620  -0.07927  106.09182
   2.176   0.66769   0.00627  -0.07936  106.50140
   2.261   0.67702   0.00634  -0.07936  106.84447
   2.347   0.68601   0.00640  -0.07930  107.13391
   2.432   0.69476   0.00647  -0.07918  107.37981
   2.518   0.70332   0.00654  -0.07902  107.58931
   2.603   0.71176   0.00660  -0.07883  107.76710
   2.688   0.72013   0.00667  -0.07863  107.91638
   2.774   0.72848   0.00674  -0.07841  108.03990
   2.859   0.73682   0.00681  -0.07819  108.14078
   2.945   0.74519   0.00689  -0.07797  108.22283
   3.030   0.75361   0.00696  -0.07776  108.29054
   3.116   0.76207   0.00703  -0.07756  108.34876
   3.201   0.77059   0.00711  -0.07737  108.40226
   3.286   0.77915   0.00718  -0.07718  108.45538
   3.372   0.78776   0.00726  -0.07700  108.51164
   3.457   0.79641   0.00734  -0.07683  108.57323
   3.543   0.80509   0.00741  -0.07667  108.64049
   3.628   0.81379   0.00749  -0.07650  108.71177
   3.714   0.82251   0.00756  -0.07634  108.78371
   3.799   0.83124   0.00764  -0.07619  108.85206
   3.884   0.83999   0.00771  -0.07603  108.91255
   3.970   0.84875   0.00779  -0.07587  108.96145
   4.055   0.85753   0.00787  -0.07572  108.99565
   4.141   0.86631   0.00795  -0.07556  109.01240
   4.226   0.87510   0.00803  -0.07541  109.00876
   4.312   0.88389   0.00811  -0.07526  108.98097
   4.397   0.89267   0.00820  -0.07510  108.92405
   4.482   0.90142   0.00828  -0.07495  108.83238
   4.568   0.91012   0.00837  -0.07479  108.70101
   4.653   0.91877   0.00847  -0.07463  108.52649
   4.739   0.92734   0.00856  -0.07447  108.30560
   4.824   0.93583   0.00866  -0.07429  108.03216
   4.910   0.94423   0.00877  -0.07410  107.69367
   4.995   0.95252   0.00888  -0.07390  107.26982
   5.080   0.96067   0.00900  -0.07367  106.73420
   5.166   0.96868   0.00913  -0.07343  106.05968
   5.251   0.97653   0.00928  -0.07315  105.22486
   5.337   0.98423   0.00944  -0.07286  104.21721
   5.422   0.99176   0.00962  -0.07254  103.04036
   5.508   0.99913   0.00982  -0.07220  101.73211
   5.593   1.00642   0.01003  -0.07186  100.36860
   5.678   1.01369   0.01024  -0.07151  99.03392
   5.764   1.02102   0.01044  -0.07117  97.78328
   5.849   1.02842   0.01064  -0.07084  96.63458
   5.935   1.03590   0.01084  -0.07052  95.58495
   6.020   1.04344   0.01103  -0.07021  94.62895
   6.106   1.05106   0.01121  -0.06990  93.76571
   6.191   1.05875   0.01138  -0.06961  92.99761
   6.276   1.06653   0.01155  -0.06932  92.32635
   6.362   1.07437   0.01171  -0.06905  91.74928
   6.447   1.08229   0.01186  -0.06878  91.25774
   6.533   1.09026   0.01200  -0.06852  90.83783
   6.618   1.09828   0.01214  -0.06827  90.47314
   6.704   1.10631   0.01227  -0.06802  90.14771
   6.789   1.11436   0.01240  -0.06778  89.84797
   6.874   1.12240   0.01253  -0.06753  89.56349
   6.960   1.13043   0.01266  -0.06728  89.28669
   7.045   1.13843   0.01279  -0.06702  89.01233
   7.131   1.14639   0.01292  -0.06677  88.73697
   7.216   1.15431   0.01305  -0.06650  88.45850
   7.302   1.16218   0.01318  -0.06624  88.17585
   7.387   1.17001   0.01331  -0.06596  87.88877
   7.472   1.17778   0.01345  -0.06569  87.59756
   7.558   1.18551   0.01358  -0.06540  87.30290
   7.643   1.19319   0.01371  -0.06511  87.00559
   7.729   1.20083   0.01385  -0.06481  86.70644
   7.814   1.20843   0.01399  -0.06451  86.40611
   7.899   1.21599   0.01412  -0.06420  86.10504
   7.985   1.22351   0.01426  -0.06388  85.80337
   8.070   1.23100   0.01440  -0.06355  85.50097
   8.156   1.23843   0.01454  -0.06322  85.19747
   8.241   1.24582   0.01468  -0.06288  84.89228
   8.327   1.25317   0.01482  -0.06253  84.58472
   8.412   1.26045   0.01496  -0.06217  84.27403
   8.497   1.26768   0.01510  -0.06180  83.95946
   8.583   1.27484   0.01524  -0.06142  83.64030
   8.668   1.28194   0.01539  -0.06103  83.31588
   8.754   1.28897   0.01553  -0.06063  82.98563
   8.839   1.29592   0.01568  -0.06022  82.64900
   8.925   1.30280   0.01583  -0.05980  82.30550
   9.010   1.30959   0.01598  -0.05937  81.95467
   9.095   1.31630   0.01613  -0.05892  81.59609
   9.181   1.32292   0.01629  -0.05846  81.22933
   9.266   1.32946   0.01644  -0.05799  80.85401
   9.352   1.33590   0.01660  -0.05751  80.46978
   9.437   1.34224   0.01676  -0.05701  80.07629
   9.523   1.34849   0.01693  -0.05650  79.67326
   9.608   1.35465   0.01709  -0.05598  79.26043
   9.693   1.36070   0.01726  -0.05544  78.83761
   9.779   1.36666   0.01743  -0.05489  78.40465
   9.864   1.37252   0.01761  -0.05433  77.96148
   9.950   1.37829   0.01778  -0.05376  77.50807
  10.035   1.38397   0.01796  -0.05318  77.04447
  10.121   1.38955   0.01815  -0.05259  76.57075
  10.206   1.39506   0.01834  -0.05199  76.08706
  10.291   1.40048   0.01853  -0.05139  75.59356
  10.377   1.40583   0.01872  -0.05078  75.09045
  10.462   1.41110   0.01892  -0.05017  74.57794
  10.548   1.41631   0.01912  -0.04955  74.05624
  10.633   1.42145   0.01933  -0.04893  73.52556
  10.719   1.42654   0.01955  -0.04831  72.98609
  10.804   1.43156   0.01976  -0.04770  72.43798
  10.889   1.43654   0.01998  -0.04708  71.88138
  10.975   1.44145   0.02021  -0.04646  71.31639
  11.060   1.44632   0.02044  -0.04585  70.74311
  11.146   1.45112   0.02068  -0.04524  70.16159
  11.231   1.45587   0.02093  -0.04463  69.57188
  11.317   1.46056   0.02118  -0.04403  68.97402
  11.402   1.46519   0.02143  -0.04342  68.36804
  11.487   1.46976   0.02169  -0.04282  67.75399
  11.573   1.47426   0.02196  -0.04222  67.13191
  11.658   1.47869   0.02224  -0.04163  66.50188
  11.744   1.48305   0.02252  -0.04103  65.86399
  11.829   1.48734   0.02281  -0.04044  65.21835
  11.915   1.49155   0.02310  -0.03985  64.56508
  12.000   1.49568   0.02340  -0.03926  63.90436
