--------------------------------------------------------------
  XFOIL-like Polar Output (Generated by NeuralFoil)
--------------------------------------------------------------
  alpha     CL        CD       Cm        CL/CD
--------------------------------------------------------------
  -5.000   0.09221   0.00918  -0.10243  10.04579
  -4.915   0.10202   0.00914  -0.10249  11.15948
  -4.829   0.11182   0.00910  -0.10255  12.28171
  -4.744   0.12163   0.00907  -0.10261  13.41251
  -4.658   0.13144   0.00903  -0.10267  14.55197
  -4.573   0.14125   0.00900  -0.10274  15.70016
  -4.487   0.15107   0.00896  -0.10280  16.85717
  -4.402   0.16089   0.00893  -0.10287  18.02304
  -4.317   0.17071   0.00889  -0.10293  19.19781
  -4.231   0.18054   0.00886  -0.10300  20.38146
  -4.146   0.19038   0.00882  -0.10307  21.57395
  -4.060   0.20022   0.00879  -0.10313  22.77522
  -3.975   0.21007   0.00876  -0.10320  23.98516
  -3.889   0.21993   0.00873  -0.10327  25.20370
  -3.804   0.22979   0.00869  -0.10334  26.43075
  -3.719   0.23965   0.00866  -0.10341  27.66625
  -3.633   0.24953   0.00863  -0.10348  28.91015
  -3.548   0.25940   0.00860  -0.10354  30.16246
  -3.462   0.26928   0.00857  -0.10361  31.42319
  -3.377   0.27917   0.00854  -0.10368  32.69239
  -3.291   0.28905   0.00851  -0.10375  33.97013
  -3.206   0.29894   0.00848  -0.10381  35.25652
  -3.121   0.30882   0.00845  -0.10388  36.55168
  -3.035   0.31870   0.00842  -0.10395  37.85572
  -2.950   0.32858   0.00839  -0.10402  39.16878
  -2.864   0.33846   0.00836  -0.10408  40.49097
  -2.779   0.34834   0.00833  -0.10415  41.82237
  -2.693   0.35822   0.00830  -0.10422  43.16306
  -2.608   0.36809   0.00827  -0.10429  44.51306
  -2.523   0.37798   0.00824  -0.10436  45.87235
  -2.437   0.38787   0.00821  -0.10444  47.24088
  -2.352   0.39776   0.00818  -0.10451  48.61854
  -2.266   0.40766   0.00815  -0.10459  50.00518
  -2.181   0.41756   0.00812  -0.10466  51.40061
  -2.095   0.42747   0.00810  -0.10474  52.80463
  -2.010   0.43738   0.00807  -0.10482  54.21704
  -1.925   0.44730   0.00804  -0.10490  55.63766
  -1.839   0.45721   0.00801  -0.10498  57.06636
  -1.754   0.46712   0.00798  -0.10506  58.50307
  -1.668   0.47702   0.00796  -0.10514  59.94783
  -1.583   0.48692   0.00793  -0.10523  61.40077
  -1.497   0.49681   0.00790  -0.10531  62.86212
  -1.412   0.50671   0.00788  -0.10539  64.33221
  -1.327   0.51659   0.00785  -0.10547  65.81144
  -1.241   0.52648   0.00782  -0.10555  67.30034
  -1.156   0.53636   0.00780  -0.10563  68.79974
  -1.070   0.54624   0.00777  -0.10570  70.31092
  -0.985   0.55612   0.00774  -0.10578  71.83570
  -0.899   0.56601   0.00771  -0.10585  73.37638
  -0.814   0.57591   0.00769  -0.10592  74.93529
  -0.729   0.58584   0.00766  -0.10600  76.51443
  -0.643   0.59579   0.00763  -0.10607  78.11543
  -0.558   0.60576   0.00760  -0.10613  79.74040
  -0.472   0.61572   0.00756  -0.10620  81.39340
  -0.387   0.62565   0.00753  -0.10626  83.08113
  -0.302   0.63550   0.00749  -0.10631  84.81120
  -0.216   0.64526   0.00745  -0.10636  86.58860
  -0.131   0.65495   0.00741  -0.10641  88.41301
  -0.045   0.66457   0.00736  -0.10645  90.27878
   0.040   0.67413   0.00731  -0.10649  92.17695
   0.126   0.68362   0.00727  -0.10653  94.09649
   0.211   0.69306   0.00722  -0.10656  96.02171
   0.296   0.70247   0.00717  -0.10658  97.92980
   0.382   0.71186   0.00713  -0.10660  99.79708
   0.467   0.72127   0.00710  -0.10661  101.61320
   0.553   0.73070   0.00707  -0.10662  103.38517
   0.638   0.74015   0.00704  -0.10662  105.12379
   0.724   0.74963   0.00702  -0.10662  106.82971
   0.809   0.75914   0.00700  -0.10662  108.49537
   0.894   0.76870   0.00698  -0.10663  110.11626
   0.980   0.77831   0.00697  -0.10664  111.69630
   1.065   0.78797   0.00696  -0.10666  113.24422
   1.151   0.79770   0.00695  -0.10669  114.76836
   1.236   0.80749   0.00694  -0.10673  116.27417
   1.322   0.81733   0.00694  -0.10679  117.76425
   1.407   0.82724   0.00694  -0.10685  119.23939
   1.492   0.83719   0.00694  -0.10693  120.69958
   1.578   0.84720   0.00694  -0.10702  122.14484
   1.663   0.85724   0.00694  -0.10711  123.57571
   1.749   0.86732   0.00694  -0.10722  124.99348
   1.834   0.87742   0.00694  -0.10734  126.40040
   1.920   0.88754   0.00694  -0.10746  127.79995
   2.005   0.89764   0.00695  -0.10759  129.19749
   2.090   0.90771   0.00695  -0.10773  130.60125
   2.176   0.91769   0.00695  -0.10785  132.02377
   2.261   0.92750   0.00695  -0.10796  133.48321
   2.347   0.93703   0.00694  -0.10802  135.00397
   2.432   0.94612   0.00693  -0.10800  136.61560
   2.518   0.95462   0.00690  -0.10785  138.34942
   2.603   0.96250   0.00686  -0.10756  140.23411
   2.688   0.96987   0.00682  -0.10716  142.29339
   2.774   0.97709   0.00676  -0.10671  144.54672
   2.859   0.98474   0.00670  -0.10634  147.00795
   2.945   0.99362   0.00664  -0.10622  149.67418
   3.030   1.00458   0.00659  -0.10654  152.50239
   3.116   1.01825   0.00655  -0.10744  155.38377
   3.201   1.03463   0.00654  -0.10891  158.13824
   3.286   1.05299   0.00656  -0.11082  160.54835
   3.372   1.07223   0.00660  -0.11291  162.42150
   3.457   1.09130   0.00667  -0.11498  163.63942
   3.543   1.10950   0.00676  -0.11688  164.16368
   3.628   1.12650   0.00687  -0.11855  164.00515
   3.714   1.14217   0.00700  -0.11996  163.18818
   3.799   1.15650   0.00715  -0.12112  161.73247
   3.884   1.16953   0.00733  -0.12203  159.65720
   3.970   1.18134   0.00752  -0.12272  157.00125
   4.055   1.19203   0.00775  -0.12319  153.84908
   4.141   1.20177   0.00799  -0.12348  150.34636
   4.226   1.21072   0.00825  -0.12362  146.68872
   4.312   1.21907   0.00852  -0.12364  143.08133
   4.397   1.22697   0.00878  -0.12357  139.69068
   4.482   1.23453   0.00904  -0.12343  136.61492
   4.568   1.24184   0.00928  -0.12323  133.88251
   4.653   1.24893   0.00950  -0.12299  131.47052
   4.739   1.25583   0.00971  -0.12270  129.32834
   4.824   1.26254   0.00991  -0.12237  127.39724
   4.910   1.26906   0.01010  -0.12201  125.62240
   4.995   1.27538   0.01029  -0.12160  123.95837
   5.080   1.28148   0.01047  -0.12114  122.37035
   5.166   1.28733   0.01065  -0.12064  120.83322
   5.251   1.29292   0.01083  -0.12009  119.32961
   5.337   1.29822   0.01102  -0.11947  117.84747
   5.422   1.30319   0.01120  -0.11880  116.37789
   5.508   1.30781   0.01138  -0.11805  114.91355
   5.593   1.31207   0.01157  -0.11723  113.44803
   5.678   1.31597   0.01175  -0.11634  111.97594
   5.764   1.31953   0.01194  -0.11538  110.49347
   5.849   1.32277   0.01214  -0.11436  108.99873
   5.935   1.32575   0.01233  -0.11329  107.49147
   6.020   1.32851   0.01254  -0.11218  105.97178
   6.106   1.33109   0.01275  -0.11103  104.43815
   6.191   1.33352   0.01296  -0.10987  102.88503
   6.276   1.33581   0.01319  -0.10869  101.30042
   6.362   1.33793   0.01342  -0.10749  99.66403
   6.447   1.33983   0.01368  -0.10628  97.94711
   6.533   1.34142   0.01396  -0.10503  96.11493
   6.618   1.34260   0.01426  -0.10375  94.13206
   6.704   1.34329   0.01461  -0.10242  91.96913
   6.789   1.34340   0.01499  -0.10103  89.60928
   6.874   1.34290   0.01543  -0.09960  87.05310
   6.960   1.34178   0.01591  -0.09811  84.32399
   7.045   1.34008   0.01645  -0.09657  81.47552
   7.131   1.33790   0.01702  -0.09502  78.59117
   7.216   1.33543   0.01763  -0.09345  75.76642
   7.302   1.33289   0.01824  -0.09191  73.08516
   7.387   1.33053   0.01884  -0.09041  70.60928
   7.472   1.32858   0.01943  -0.08897  68.38061
   7.558   1.32725   0.01998  -0.08762  66.42271
   7.643   1.32669   0.02049  -0.08636  64.73889
   7.729   1.32694   0.02096  -0.08520  63.31122
   7.814   1.32796   0.02138  -0.08414  62.10484
   7.899   1.32963   0.02177  -0.08314  61.07677
   7.985   1.33182   0.02213  -0.08222  60.18494
   8.070   1.33441   0.02247  -0.08134  59.39411
   8.156   1.33731   0.02279  -0.08050  58.67787
   8.241   1.34045   0.02310  -0.07969  58.01779
   8.327   1.34377   0.02341  -0.07891  57.40142
   8.412   1.34726   0.02371  -0.07816  56.82022
   8.497   1.35087   0.02401  -0.07743  56.26801
   8.583   1.35460   0.02430  -0.07671  55.73996
   8.668   1.35841   0.02459  -0.07602  55.23195
   8.754   1.36230   0.02489  -0.07535  54.74037
   8.839   1.36625   0.02518  -0.07469  54.26193
   8.925   1.37024   0.02547  -0.07405  53.79370
   9.010   1.37425   0.02577  -0.07342  53.33310
   9.095   1.37828   0.02607  -0.07280  52.87791
   9.181   1.38232   0.02637  -0.07219  52.42626
   9.266   1.38635   0.02667  -0.07159  51.97665
   9.352   1.39036   0.02698  -0.07100  51.52790
   9.437   1.39436   0.02730  -0.07042  51.07910
   9.523   1.39833   0.02762  -0.06985  50.62959
   9.608   1.40228   0.02795  -0.06928  50.17894
   9.693   1.40620   0.02828  -0.06873  49.72687
   9.779   1.41008   0.02862  -0.06818  49.27328
   9.864   1.41393   0.02896  -0.06764  48.81815
   9.950   1.41774   0.02932  -0.06710  48.36159
  10.035   1.42151   0.02967  -0.06657  47.90376
  10.121   1.42525   0.03004  -0.06605  47.44489
  10.206   1.42894   0.03041  -0.06554  46.98524
  10.291   1.43260   0.03079  -0.06503  46.52512
  10.377   1.43621   0.03118  -0.06453  46.06483
  10.462   1.43978   0.03157  -0.06403  45.60471
  10.548   1.44331   0.03197  -0.06354  45.14505
  10.633   1.44680   0.03238  -0.06306  44.68620
  10.719   1.45025   0.03279  -0.06258  44.22843
  10.804   1.45366   0.03321  -0.06210  43.77205
  10.889   1.45702   0.03364  -0.06163  43.31731
  10.975   1.46034   0.03407  -0.06117  42.86448
  11.060   1.46362   0.03451  -0.06071  42.41377
  11.146   1.46685   0.03495  -0.06025  41.96539
  11.231   1.47004   0.03541  -0.05980  41.51953
  11.317   1.47319   0.03586  -0.05936  41.07634
  11.402   1.47630   0.03633  -0.05892  40.63597
  11.487   1.47936   0.03680  -0.05848  40.19851
  11.573   1.48238   0.03728  -0.05805  39.76408
  11.658   1.48536   0.03776  -0.05762  39.33274
  11.744   1.48829   0.03825  -0.05720  38.90453
  11.829   1.49118   0.03875  -0.05678  38.47948
  11.915   1.49402   0.03926  -0.05636  38.05761
  12.000   1.49683   0.03977  -0.05595  37.63889
