--------------------------------------------------------------
  XFOIL-like Polar Output (Generated by NeuralFoil)
--------------------------------------------------------------
  alpha     CL        CD       Cm        CL/CD
--------------------------------------------------------------
  -5.000  -0.71770   0.01215  -0.03413  -59.06099
  -4.915  -0.70862   0.01202  -0.03405  -58.94950
  -4.829  -0.69961   0.01188  -0.03396  -58.87910
  -4.744  -0.69068   0.01173  -0.03388  -58.88713
  -4.658  -0.68187   0.01155  -0.03378  -59.01811
  -4.573  -0.67318   0.01135  -0.03369  -59.30118
  -4.487  -0.66459   0.01113  -0.03359  -59.72106
  -4.402  -0.65602   0.01090  -0.03350  -60.20792
  -4.317  -0.64740   0.01067  -0.03342  -60.66158
  -4.231  -0.63867   0.01047  -0.03336  -60.99202
  -4.146  -0.62978   0.01030  -0.03331  -61.14473
  -4.060  -0.62072   0.01016  -0.03327  -61.10193
  -3.975  -0.61149   0.01005  -0.03325  -60.87148
  -3.889  -0.60211   0.00996  -0.03324  -60.47554
  -3.804  -0.59263   0.00989  -0.03324  -59.94234
  -3.719  -0.58306   0.00983  -0.03324  -59.30071
  -3.633  -0.57343   0.00979  -0.03325  -58.57675
  -3.548  -0.56377   0.00976  -0.03326  -57.79216
  -3.462  -0.55409   0.00973  -0.03328  -56.96376
  -3.377  -0.54439   0.00970  -0.03330  -56.10374
  -3.291  -0.53469   0.00968  -0.03331  -55.22038
  -3.206  -0.52500   0.00967  -0.03333  -54.31893
  -3.121  -0.51530   0.00965  -0.03335  -53.40257
  -3.035  -0.50561   0.00964  -0.03337  -52.47311
  -2.950  -0.49592   0.00962  -0.03340  -51.53161
  -2.864  -0.48622   0.00961  -0.03342  -50.57880
  -2.779  -0.47653   0.00960  -0.03345  -49.61530
  -2.693  -0.46682   0.00960  -0.03348  -48.64176
  -2.608  -0.45712   0.00959  -0.03352  -47.65894
  -2.523  -0.44741   0.00959  -0.03355  -46.66769
  -2.437  -0.43769   0.00958  -0.03359  -45.66895
  -2.352  -0.42796   0.00958  -0.03364  -44.66370
  -2.266  -0.41823   0.00958  -0.03368  -43.65295
  -2.181  -0.40850   0.00958  -0.03373  -42.63769
  -2.095  -0.39876   0.00958  -0.03378  -41.61889
  -2.010  -0.38902   0.00958  -0.03383  -40.59751
  -1.925  -0.37928   0.00958  -0.03389  -39.57442
  -1.839  -0.36954   0.00959  -0.03394  -38.55048
  -1.754  -0.35980   0.00959  -0.03399  -37.52650
  -1.668  -0.35006   0.00959  -0.03404  -36.50319
  -1.583  -0.34033   0.00959  -0.03409  -35.48123
  -1.497  -0.33060   0.00959  -0.03414  -34.46120
  -1.412  -0.32088   0.00959  -0.03419  -33.44358
  -1.327  -0.31117   0.00960  -0.03423  -32.42875
  -1.241  -0.30147   0.00960  -0.03428  -31.41699
  -1.156  -0.29178   0.00960  -0.03432  -30.40848
  -1.070  -0.28210   0.00959  -0.03436  -29.40329
  -0.985  -0.27242   0.00959  -0.03440  -28.40138
  -0.899  -0.26276   0.00959  -0.03443  -27.40265
  -0.814  -0.25310   0.00958  -0.03447  -26.40690
  -0.729  -0.24346   0.00958  -0.03450  -25.41386
  -0.643  -0.23382   0.00957  -0.03453  -24.42321
  -0.558  -0.22419   0.00957  -0.03456  -23.43457
  -0.472  -0.21457   0.00956  -0.03459  -22.44753
  -0.387  -0.20495   0.00955  -0.03461  -21.46166
  -0.302  -0.19534   0.00954  -0.03464  -20.47648
  -0.216  -0.18573   0.00953  -0.03466  -19.49154
  -0.131  -0.17612   0.00952  -0.03468  -18.50636
  -0.045  -0.16652   0.00950  -0.03470  -17.52047
   0.040  -0.15692   0.00949  -0.03472  -16.53342
   0.126  -0.14731   0.00948  -0.03474  -15.54475
   0.211  -0.13771   0.00946  -0.03476  -14.55406
   0.296  -0.12810   0.00945  -0.03478  -13.56092
   0.382  -0.11849   0.00943  -0.03480  -12.56498
   0.467  -0.10887   0.00941  -0.03482  -11.56586
   0.553  -0.09925   0.00940  -0.03484  -10.56324
   0.638  -0.08963   0.00938  -0.03486  -9.55681
   0.724  -0.07999   0.00936  -0.03488  -8.54629
   0.809  -0.07035   0.00934  -0.03490  -7.53140
   0.894  -0.06070   0.00932  -0.03492  -6.51190
   0.980  -0.05105   0.00930  -0.03494  -5.48755
   1.065  -0.04138   0.00928  -0.03497  -4.45813
   1.151  -0.03171   0.00926  -0.03499  -3.42342
   1.236  -0.02202   0.00924  -0.03502  -2.38323
   1.322  -0.01233   0.00922  -0.03504  -1.33736
   1.407  -0.00263   0.00920  -0.03507  -0.28566
   1.492   0.00709   0.00918  -0.03510   0.77205
   1.578   0.01681   0.00916  -0.03513   1.83591
   1.663   0.02654   0.00913  -0.03516   2.90604
   1.749   0.03628   0.00911  -0.03520   3.98254
   1.834   0.04603   0.00909  -0.03523   5.06547
   1.920   0.05579   0.00906  -0.03527   6.15487
   2.005   0.06556   0.00904  -0.03531   7.25075
   2.090   0.07533   0.00902  -0.03535   8.35309
   2.176   0.08512   0.00900  -0.03539   9.46184
   2.261   0.09490   0.00897  -0.03543  10.57693
   2.347   0.10470   0.00895  -0.03547  11.69829
   2.432   0.11450   0.00893  -0.03551  12.82588
   2.518   0.12431   0.00890  -0.03555  13.95966
   2.603   0.13412   0.00888  -0.03560  15.09970
   2.688   0.14394   0.00886  -0.03564  16.24611
   2.774   0.15376   0.00884  -0.03568  17.39911
   2.859   0.16360   0.00881  -0.03572  18.55902
   2.945   0.17343   0.00879  -0.03576  19.72626
   3.030   0.18328   0.00877  -0.03580  20.90127
   3.116   0.19313   0.00874  -0.03583  22.08446
   3.201   0.20297   0.00872  -0.03586  23.27611
   3.286   0.21282   0.00870  -0.03589  24.47608
   3.372   0.22266   0.00867  -0.03591  25.68358
   3.457   0.23249   0.00864  -0.03593  26.89661
   3.543   0.24229   0.00862  -0.03594  28.11119
   3.628   0.25205   0.00860  -0.03594  29.32023
   3.714   0.26176   0.00858  -0.03594  30.51180
   3.799   0.27138   0.00857  -0.03592  31.66696
   3.884   0.28089   0.00857  -0.03588  32.75728
   3.970   0.29023   0.00860  -0.03582  33.74307
   4.055   0.29938   0.00866  -0.03574  34.57457
   4.141   0.30828   0.00876  -0.03564  35.19948
   4.226   0.31690   0.00891  -0.03551  35.57935
   4.312   0.32525   0.00911  -0.03535  35.71256
   4.397   0.33340   0.00935  -0.03517  35.65195
   4.482   0.34144   0.00962  -0.03498  35.50010
   4.568   0.34954   0.00988  -0.03479  35.37629
   4.653   0.35779   0.01011  -0.03461  35.37279
   4.739   0.36627   0.01031  -0.03444  35.52894
   4.824   0.37498   0.01046  -0.03429  35.83521
   4.910   0.38387   0.01059  -0.03415  36.25632
   4.995   0.39290   0.01069  -0.03403  36.75519
   5.080   0.40205   0.01078  -0.03392  37.30566
   5.166   0.41130   0.01085  -0.03384  37.89365
   5.251   0.42066   0.01092  -0.03377  38.51217
   5.337   0.43010   0.01098  -0.03371  39.15632
   5.422   0.43963   0.01104  -0.03368  39.82062
   5.508   0.44919   0.01109  -0.03365  40.49891
   5.593   0.45879   0.01114  -0.03363  41.18516
   5.678   0.46838   0.01119  -0.03362  41.87439
   5.764   0.47796   0.01123  -0.03361  42.56295
   5.849   0.48751   0.01127  -0.03360  43.24837
   5.935   0.49705   0.01131  -0.03359  43.92899
   6.020   0.50655   0.01136  -0.03359  44.60365
   6.106   0.51603   0.01140  -0.03358  45.27142
   6.191   0.52549   0.01144  -0.03358  45.93147
   6.276   0.53492   0.01148  -0.03357  46.58307
   6.362   0.54434   0.01153  -0.03357  47.22558
   6.447   0.55373   0.01157  -0.03357  47.85849
   6.533   0.56311   0.01161  -0.03356  48.48156
   6.618   0.57247   0.01166  -0.03357  49.09484
   6.704   0.58182   0.01171  -0.03357  49.69888
   6.789   0.59116   0.01175  -0.03357  50.29482
   6.874   0.60049   0.01180  -0.03358  50.88454
   6.960   0.60981   0.01185  -0.03359  51.47083
   7.045   0.61913   0.01189  -0.03360  52.05749
   7.131   0.62844   0.01194  -0.03361  52.64953
   7.216   0.63774   0.01198  -0.03361  53.25331
   7.302   0.64704   0.01201  -0.03361  53.87697
   7.387   0.65632   0.01204  -0.03361  54.53098
   7.472   0.66558   0.01205  -0.03360  55.22880
   7.558   0.67481   0.01205  -0.03359  55.98711
   7.643   0.68402   0.01204  -0.03356  56.82464
   7.729   0.69321   0.01200  -0.03353  57.75893
   7.814   0.70237   0.01194  -0.03349  58.80035
   7.899   0.71151   0.01187  -0.03344  59.94397
   7.985   0.72062   0.01178  -0.03338  61.16151
   8.070   0.72972   0.01169  -0.03333  62.39722
   8.156   0.73879   0.01162  -0.03329  63.57413
   8.241   0.74784   0.01157  -0.03326  64.61430
   8.327   0.75687   0.01156  -0.03325  65.46662
   8.412   0.76588   0.01158  -0.03325  66.12473
   8.497   0.77487   0.01163  -0.03325  66.62184
   8.583   0.78386   0.01170  -0.03324  67.00903
   8.668   0.79285   0.01177  -0.03321  67.33417
   8.754   0.80185   0.01186  -0.03317  67.63132
   8.839   0.81085   0.01194  -0.03311  67.91984
   8.925   0.81984   0.01202  -0.03303  68.20811
   9.010   0.82882   0.01210  -0.03294  68.49798
   9.095   0.83779   0.01218  -0.03284  68.78813
   9.181   0.84674   0.01226  -0.03274  69.07624
   9.266   0.85566   0.01234  -0.03262  69.35998
   9.352   0.86456   0.01242  -0.03251  69.63741
   9.437   0.87344   0.01249  -0.03239  69.90700
   9.523   0.88229   0.01257  -0.03226  70.16761
   9.608   0.89111   0.01265  -0.03213  70.41834
   9.693   0.89991   0.01274  -0.03200  70.65844
   9.779   0.90869   0.01282  -0.03186  70.88730
   9.864   0.91744   0.01290  -0.03172  71.10433
   9.950   0.92617   0.01299  -0.03157  71.30896
  10.035   0.93487   0.01307  -0.03142  71.50063
  10.121   0.94353   0.01316  -0.03126  71.67875
  10.206   0.95217   0.01325  -0.03110  71.84274
  10.291   0.96077   0.01335  -0.03093  71.99205
  10.377   0.96933   0.01344  -0.03075  72.12620
  10.462   0.97784   0.01354  -0.03058  72.24480
  10.548   0.98631   0.01363  -0.03040  72.34762
  10.633   0.99473   0.01373  -0.03021  72.43459
  10.719   1.00310   0.01383  -0.03002  72.50584
  10.804   1.01142   0.01394  -0.02982  72.56164
  10.889   1.01970   0.01404  -0.02962  72.60245
  10.975   1.02793   0.01415  -0.02942  72.62881
  11.060   1.03613   0.01426  -0.02921  72.64132
  11.146   1.04429   0.01438  -0.02900  72.64066
  11.231   1.05242   0.01449  -0.02878  72.62749
  11.317   1.06052   0.01461  -0.02856  72.60253
  11.402   1.06859   0.01473  -0.02833  72.56649
  11.487   1.07663   0.01485  -0.02810  72.52012
  11.573   1.08464   0.01497  -0.02786  72.46419
  11.658   1.09262   0.01509  -0.02762  72.39947
  11.744   1.10057   0.01522  -0.02737  72.32678
  11.829   1.10848   0.01534  -0.02712  72.24693
  11.915   1.11635   0.01547  -0.02686  72.16074
  12.000   1.12418   0.01560  -0.02658  72.06903
