--------------------------------------------------------------
  XFOIL-like Polar Output (Generated by NeuralFoil)
--------------------------------------------------------------
  alpha     CL        CD       Cm        CL/CD
--------------------------------------------------------------
  -5.000  -0.77051   0.01098   0.03406  -70.15646
  -4.915  -0.75982   0.01088   0.03374  -69.83044
  -4.829  -0.74874   0.01078   0.03333  -69.46455
  -4.744  -0.73725   0.01068   0.03283  -69.05551
  -4.658  -0.72532   0.01057   0.03224  -68.60028
  -4.573  -0.71293   0.01047   0.03155  -68.09613
  -4.487  -0.70008   0.01037   0.03077  -67.54067
  -4.402  -0.68675   0.01026   0.02989  -66.93158
  -4.317  -0.67293   0.01016   0.02892  -66.26619
  -4.231  -0.65862   0.01005   0.02784  -65.54091
  -4.146  -0.64378   0.00994   0.02667  -64.75101
  -4.060  -0.62843   0.00984   0.02539  -63.89097
  -3.975  -0.61258   0.00973   0.02401  -62.95575
  -3.889  -0.59633   0.00963   0.02255  -61.94261
  -3.804  -0.57981   0.00953   0.02104  -60.85281
  -3.719  -0.56324   0.00944   0.01952  -59.69261
  -3.633  -0.54685   0.00935   0.01805  -58.47340
  -3.548  -0.53089   0.00928   0.01667  -57.21180
  -3.462  -0.51563   0.00922   0.01545  -55.92985
  -3.377  -0.50129   0.00917   0.01444  -54.65465
  -3.291  -0.48810   0.00914   0.01369  -53.41619
  -3.206  -0.47617   0.00911   0.01323  -52.24235
  -3.121  -0.46550   0.00910   0.01304  -51.15196
  -3.035  -0.45591   0.00909   0.01310  -50.14936
  -2.950  -0.44710   0.00908   0.01332  -49.22369
  -2.864  -0.43872   0.00907   0.01363  -48.35439
  -2.779  -0.43043   0.00906   0.01395  -47.52014
  -2.693  -0.42204   0.00904   0.01424  -46.70770
  -2.608  -0.41344   0.00900   0.01448  -45.91950
  -2.523  -0.40467   0.00896   0.01466  -45.18322
  -2.437  -0.39584   0.00888   0.01481  -44.56664
  -2.352  -0.38713   0.00876   0.01494  -44.18950
  -2.266  -0.37877   0.00857   0.01507  -44.19841
  -2.181  -0.37091   0.00830   0.01521  -44.66539
  -2.095  -0.36344   0.00799   0.01536  -45.46582
  -2.010  -0.35602   0.00769   0.01550  -46.31006
  -1.925  -0.34832   0.00742   0.01562  -46.94271
  -1.839  -0.34022   0.00720   0.01571  -47.27154
  -1.754  -0.33179   0.00701   0.01581  -47.31219
  -1.668  -0.32309   0.00686   0.01589  -47.08668
  -1.583  -0.31421   0.00674   0.01598  -46.60664
  -1.497  -0.30520   0.00665   0.01606  -45.90634
  -1.412  -0.29614   0.00657   0.01615  -45.04617
  -1.327  -0.28706   0.00651   0.01624  -44.08809
  -1.241  -0.27802   0.00645   0.01634  -43.07746
  -1.156  -0.26903   0.00640   0.01645  -42.03950
  -1.070  -0.26011   0.00635   0.01657  -40.98345
  -0.985  -0.25125   0.00630   0.01670  -39.90826
  -0.899  -0.24246   0.00625   0.01683  -38.80759
  -0.814  -0.23372   0.00620   0.01697  -37.67380
  -0.729  -0.22501   0.00616   0.01712  -36.50087
  -0.643  -0.21631   0.00613   0.01728  -35.28533
  -0.558  -0.20757   0.00610   0.01744  -34.02469
  -0.472  -0.19877   0.00608   0.01760  -32.71453
  -0.387  -0.18988   0.00606   0.01776  -31.34668
  -0.302  -0.18086   0.00605   0.01790  -29.91052
  -0.216  -0.17172   0.00605   0.01802  -28.39777
  -0.131  -0.16244   0.00606   0.01813  -26.80866
  -0.045  -0.15303   0.00608   0.01820  -25.15522
   0.040  -0.14353   0.00612   0.01826  -23.45880
   0.126  -0.13396   0.00616   0.01830  -21.74349
   0.211  -0.12435   0.00621   0.01833  -20.02969
   0.296  -0.11472   0.00626   0.01835  -18.33126
   0.382  -0.10509   0.00631   0.01838  -16.65587
   0.467  -0.09545   0.00636   0.01840  -15.00680
   0.553  -0.08580   0.00641   0.01843  -13.38486
   0.638  -0.07616   0.00646   0.01846  -11.78961
   0.724  -0.06652   0.00651   0.01849  -10.22013
   0.809  -0.05687   0.00656   0.01852  -8.67526
   0.894  -0.04723   0.00660   0.01855  -7.15375
   0.980  -0.03759   0.00665   0.01859  -5.65423
   1.065  -0.02794   0.00669   0.01862  -4.17526
   1.151  -0.01829   0.00674   0.01865  -2.71536
   1.236  -0.00863   0.00678   0.01868  -1.27306
   1.322   0.00104   0.00682   0.01871   0.15297
   1.407   0.01073   0.00686   0.01873   1.56392
   1.492   0.02044   0.00690   0.01875   2.96079
   1.578   0.03016   0.00694   0.01877   4.34444
   1.663   0.03990   0.00698   0.01878   5.71558
   1.749   0.04966   0.00702   0.01879   7.07484
   1.834   0.05944   0.00706   0.01880   8.42277
   1.920   0.06923   0.00709   0.01880   9.75983
   2.005   0.07904   0.00713   0.01880  11.08638
   2.090   0.08886   0.00716   0.01880  12.40269
   2.176   0.09869   0.00720   0.01879  13.70887
   2.261   0.10853   0.00723   0.01879  15.00498
   2.347   0.11837   0.00727   0.01878  16.29100
   2.432   0.12822   0.00730   0.01877  17.56691
   2.518   0.13806   0.00733   0.01875  18.83276
   2.603   0.14790   0.00736   0.01874  20.08867
   2.688   0.15773   0.00739   0.01872  21.33486
   2.774   0.16756   0.00742   0.01871  22.57163
   2.859   0.17739   0.00745   0.01869  23.79928
   2.945   0.18721   0.00748   0.01867  25.01811
   3.030   0.19702   0.00751   0.01865  26.22836
   3.116   0.20682   0.00754   0.01863  27.43024
   3.201   0.21662   0.00757   0.01861  28.62388
   3.286   0.22641   0.00760   0.01859  29.80940
   3.372   0.23619   0.00762   0.01857  30.98687
   3.457   0.24596   0.00765   0.01855  32.15636
   3.543   0.25572   0.00768   0.01853  33.31791
   3.628   0.26547   0.00770   0.01851  34.47153
   3.714   0.27522   0.00773   0.01849  35.61721
   3.799   0.28495   0.00775   0.01847  36.75490
   3.884   0.29468   0.00778   0.01845  37.88449
   3.970   0.30440   0.00780   0.01843  39.00586
   4.055   0.31411   0.00783   0.01841  40.11881
   4.141   0.32380   0.00785   0.01839  41.22310
   4.226   0.33349   0.00788   0.01837  42.31845
   4.312   0.34318   0.00791   0.01835  43.40453
   4.397   0.35285   0.00793   0.01833  44.48093
   4.482   0.36251   0.00796   0.01832  45.54723
   4.568   0.37217   0.00799   0.01830  46.60296
   4.653   0.38181   0.00801   0.01829  47.64759
   4.739   0.39145   0.00804   0.01827  48.68063
   4.824   0.40107   0.00807   0.01826  49.70155
   4.910   0.41069   0.00810   0.01825  50.70990
   4.995   0.42030   0.00813   0.01824  51.70530
   5.080   0.42990   0.00816   0.01823  52.68751
   5.166   0.43950   0.00819   0.01823  53.65648
   5.251   0.44910   0.00822   0.01822  54.61232
   5.337   0.45869   0.00826   0.01822  55.55532
   5.422   0.46829   0.00829   0.01821  56.48581
   5.508   0.47789   0.00833   0.01821  57.40395
   5.593   0.48750   0.00836   0.01820  58.30945
   5.678   0.49712   0.00840   0.01820  59.20135
   5.764   0.50674   0.00843   0.01820  60.07780
   5.849   0.51635   0.00847   0.01820  60.93626
   5.935   0.52596   0.00851   0.01820  61.77375
   6.020   0.53555   0.00856   0.01820  62.58747
   6.106   0.54512   0.00860   0.01820  63.37538
   6.191   0.55465   0.00865   0.01821  64.13663
   6.276   0.56416   0.00870   0.01822  64.87177
   6.362   0.57364   0.00875   0.01823  65.58249
   6.447   0.58310   0.00880   0.01825  66.27094
   6.533   0.59253   0.00885   0.01827  66.93893
   6.618   0.60196   0.00891   0.01830  67.58711
   6.704   0.61137   0.00896   0.01832  68.21471
   6.789   0.62077   0.00902   0.01835  68.81949
   6.874   0.63017   0.00908   0.01838  69.39797
   6.960   0.63954   0.00914   0.01842  69.94571
   7.045   0.64890   0.00921   0.01845  70.45752
   7.131   0.65822   0.00928   0.01848  70.92796
   7.216   0.66752   0.00936   0.01852  71.35181
   7.302   0.67677   0.00944   0.01856  71.72474
   7.387   0.68599   0.00952   0.01861  72.04390
   7.472   0.69516   0.00961   0.01865  72.30849
   7.558   0.70428   0.00971   0.01870  72.52008
   7.643   0.71336   0.00981   0.01876  72.68249
   7.729   0.72240   0.00992   0.01881  72.80106
   7.814   0.73142   0.01004   0.01887  72.88149
   7.899   0.74041   0.01015   0.01893  72.92923
   7.985   0.74937   0.01027   0.01899  72.94952
   8.070   0.75832   0.01040   0.01906  72.94804
   8.156   0.76726   0.01052   0.01912  72.93154
   8.241   0.77620   0.01065   0.01919  72.90775
   8.327   0.78514   0.01077   0.01926  72.88462
   8.412   0.79409   0.01090   0.01933  72.86915
   8.497   0.80305   0.01102   0.01940  72.86625
   8.583   0.81203   0.01114   0.01947  72.87810
   8.668   0.82103   0.01126   0.01953  72.90410
   8.754   0.83003   0.01138   0.01960  72.94147
   8.839   0.83903   0.01150   0.01967  72.98613
   8.925   0.84802   0.01161   0.01974  73.03352
   9.010   0.85700   0.01173   0.01981  73.07937
   9.095   0.86596   0.01184   0.01987  73.12017
   9.181   0.87489   0.01196   0.01994  73.15340
   9.266   0.88379   0.01208   0.02000  73.17761
   9.352   0.89267   0.01220   0.02006  73.19226
   9.437   0.90152   0.01232   0.02013  73.19748
   9.523   0.91036   0.01244   0.02019  73.19387
   9.608   0.91918   0.01256   0.02026  73.18221
   9.693   0.92800   0.01268   0.02032  73.16337
   9.779   0.93681   0.01281   0.02039  73.13816
   9.864   0.94562   0.01293   0.02046  73.10726
   9.950   0.95442   0.01306   0.02053  73.07115
  10.035   0.96321   0.01319   0.02061  73.03009
  10.121   0.97200   0.01332   0.02068  72.98411
  10.206   0.98078   0.01345   0.02076  72.93305
  10.291   0.98954   0.01358   0.02084  72.87658
  10.377   0.99829   0.01371   0.02093  72.81426
  10.462   1.00703   0.01384   0.02101  72.74556
  10.548   1.01574   0.01398   0.02110  72.66994
  10.633   1.02442   0.01411   0.02119  72.58683
  10.719   1.03309   0.01425   0.02129  72.49575
  10.804   1.04172   0.01439   0.02139  72.39623
  10.889   1.05032   0.01453   0.02149  72.28791
  10.975   1.05890   0.01467   0.02159  72.17049
  11.060   1.06743   0.01482   0.02170  72.04376
  11.146   1.07593   0.01496   0.02181  71.90759
  11.231   1.08439   0.01511   0.02193  71.76190
  11.317   1.09280   0.01526   0.02205  71.60668
  11.402   1.10117   0.01541   0.02218  71.44195
  11.487   1.10948   0.01557   0.02231  71.26778
  11.573   1.11774   0.01572   0.02245  71.08427
  11.658   1.12595   0.01588   0.02260  70.89154
  11.744   1.13409   0.01604   0.02275  70.68972
  11.829   1.14218   0.01621   0.02291  70.47896
  11.915   1.15019   0.01637   0.02307  70.25941
  12.000   1.15814   0.01654   0.02325  70.03123
