--------------------------------------------------------------
  XFOIL-like Polar Output (Generated by NeuralFoil)
--------------------------------------------------------------
  alpha     CL        CD       Cm        CL/CD
--------------------------------------------------------------
  -5.000  -0.35576   0.00855  -0.05394  -41.62562
  -4.915  -0.34596   0.00848  -0.05393  -40.79403
  -4.829  -0.33635   0.00842  -0.05387  -39.95004
  -4.744  -0.32694   0.00836  -0.05378  -39.09585
  -4.658  -0.31772   0.00831  -0.05364  -38.23236
  -4.573  -0.30867   0.00826  -0.05346  -37.35906
  -4.487  -0.29975   0.00822  -0.05327  -36.47426
  -4.402  -0.29092   0.00818  -0.05305  -35.57548
  -4.317  -0.28212   0.00814  -0.05284  -34.66003
  -4.231  -0.27333   0.00810  -0.05263  -33.72553
  -4.146  -0.26450   0.00807  -0.05244  -32.77032
  -4.060  -0.25560   0.00804  -0.05227  -31.79378
  -3.975  -0.24664   0.00801  -0.05211  -30.79642
  -3.889  -0.23761   0.00798  -0.05198  -29.77984
  -3.804  -0.22851   0.00795  -0.05187  -28.74641
  -3.719  -0.21937   0.00792  -0.05177  -27.69883
  -3.633  -0.21019   0.00789  -0.05169  -26.63958
  -3.548  -0.20099   0.00786  -0.05161  -25.57046
  -3.462  -0.19177   0.00783  -0.05155  -24.49229
  -3.377  -0.18254   0.00780  -0.05148  -23.40495
  -3.291  -0.17330   0.00777  -0.05143  -22.30760
  -3.206  -0.16405   0.00774  -0.05138  -21.19909
  -3.121  -0.15478   0.00771  -0.05133  -20.07845
  -3.035  -0.14550   0.00768  -0.05128  -18.94523
  -2.950  -0.13621   0.00765  -0.05123  -17.79955
  -2.864  -0.12691   0.00763  -0.05119  -16.64192
  -2.779  -0.11761   0.00760  -0.05114  -15.47299
  -2.693  -0.10829   0.00758  -0.05110  -14.29330
  -2.608  -0.09897   0.00755  -0.05106  -13.10337
  -2.523  -0.08964   0.00753  -0.05102  -11.90372
  -2.437  -0.08030   0.00751  -0.05098  -10.69501
  -2.352  -0.07095   0.00749  -0.05094  -9.47787
  -2.266  -0.06158   0.00746  -0.05090  -8.25244
  -2.181  -0.05220   0.00744  -0.05087  -7.01785
  -2.095  -0.04278   0.00741  -0.05084  -5.77192
  -2.010  -0.03332   0.00739  -0.05082  -4.51162
  -1.925  -0.02380   0.00736  -0.05080  -3.23441
  -1.839  -0.01422   0.00733  -0.05078  -1.93981
  -1.754  -0.00460   0.00730  -0.05076  -0.62989
  -1.668   0.00503   0.00727  -0.05075   0.69195
  -1.583   0.01465   0.00724  -0.05074   2.02321
  -1.497   0.02424   0.00721  -0.05072   3.36349
  -1.412   0.03382   0.00718  -0.05071   4.71386
  -1.327   0.04340   0.00714  -0.05070   6.07580
  -1.241   0.05297   0.00711  -0.05068   7.45080
  -1.156   0.06253   0.00707  -0.05068   8.84039
  -1.070   0.07210   0.00704  -0.05067  10.24584
  -0.985   0.08165   0.00700  -0.05067  11.66772
  -0.899   0.09120   0.00696  -0.05066  13.10607
  -0.814   0.10072   0.00692  -0.05066  14.56094
  -0.729   0.11023   0.00687  -0.05066  16.03276
  -0.643   0.11971   0.00683  -0.05066  17.52175
  -0.558   0.12918   0.00679  -0.05067  19.02768
  -0.472   0.13865   0.00675  -0.05068  20.55215
  -0.387   0.14810   0.00670  -0.05069  22.10296
  -0.302   0.15751   0.00665  -0.05069  23.69836
  -0.216   0.16687   0.00658  -0.05069  25.36733
  -0.131   0.17616   0.00649  -0.05066  27.13791
  -0.045   0.18536   0.00639  -0.05060  29.01271
   0.040   0.19445   0.00628  -0.05052  30.95823
   0.126   0.20343   0.00618  -0.05040  32.93192
   0.211   0.21225   0.00608  -0.05025  34.91166
   0.296   0.22089   0.00599  -0.05008  36.89475
   0.382   0.22938   0.00590  -0.04988  38.88427
   0.467   0.23778   0.00582  -0.04966  40.88028
   0.553   0.24621   0.00574  -0.04944  42.87278
   0.638   0.25476   0.00568  -0.04922  44.83730
   0.724   0.26351   0.00564  -0.04903  46.74352
   0.809   0.27247   0.00561  -0.04886  48.57265
   0.894   0.28161   0.00560  -0.04871  50.32478
   0.980   0.29084   0.00559  -0.04857  52.01206
   1.065   0.30011   0.00559  -0.04844  53.64845
   1.151   0.30936   0.00560  -0.04829  55.24405
   1.236   0.31855   0.00561  -0.04814  56.80476
   1.322   0.32769   0.00562  -0.04797  58.33433
   1.407   0.33678   0.00563  -0.04778  59.83605
   1.492   0.34584   0.00564  -0.04759  61.31327
   1.578   0.35487   0.00565  -0.04739  62.76888
   1.663   0.36388   0.00567  -0.04717  64.20452
   1.749   0.37288   0.00568  -0.04695  65.62013
   1.834   0.38186   0.00570  -0.04673  67.01403
   1.920   0.39084   0.00572  -0.04650  68.38351
   2.005   0.39982   0.00573  -0.04628  69.72548
   2.090   0.40879   0.00575  -0.04606  71.03727
   2.176   0.41776   0.00578  -0.04585  72.31712
   2.261   0.42670   0.00580  -0.04563  73.56452
   2.347   0.43562   0.00583  -0.04542  74.78036
   2.432   0.44450   0.00585  -0.04521  75.96702
   2.518   0.45338   0.00588  -0.04500  77.12836
   2.603   0.46228   0.00591  -0.04480  78.26969
   2.688   0.47124   0.00594  -0.04462  79.39762
   2.774   0.48032   0.00597  -0.04447  80.51980
   2.859   0.48958   0.00600  -0.04436  81.64443
   2.945   0.49910   0.00603  -0.04432  82.77962
   3.030   0.50893   0.00606  -0.04434  83.93270
   3.116   0.51913   0.00610  -0.04444  85.10939
   3.201   0.52974   0.00614  -0.04464  86.31320
   3.286   0.54080   0.00618  -0.04493  87.54487
   3.372   0.55228   0.00622  -0.04532  88.80209
   3.457   0.56419   0.00626  -0.04580  90.07947
   3.543   0.57646   0.00631  -0.04636  91.36885
   3.628   0.58903   0.00636  -0.04699  92.65975
   3.714   0.60183   0.00641  -0.04768  93.94011
   3.799   0.61476   0.00646  -0.04839  95.19717
   3.884   0.62773   0.00651  -0.04912  96.41828
   3.970   0.64064   0.00656  -0.04985  97.59174
   4.055   0.65341   0.00662  -0.05055  98.70732
   4.141   0.66597   0.00668  -0.05121  99.75658
   4.226   0.67824   0.00673  -0.05181  100.73279
   4.312   0.69018   0.00679  -0.05235  101.63076
   4.397   0.70175   0.00685  -0.05281  102.44648
   4.482   0.71293   0.00691  -0.05319  103.17695
   4.568   0.72371   0.00697  -0.05349  103.82033
   4.653   0.73407   0.00703  -0.05370  104.37626
   4.739   0.74403   0.00710  -0.05383  104.84621
   4.824   0.75361   0.00716  -0.05389  105.23349
   4.910   0.76282   0.00723  -0.05387  105.54274
   4.995   0.77170   0.00730  -0.05378  105.77919
   5.080   0.78029   0.00736  -0.05363  105.94791
   5.166   0.78864   0.00744  -0.05342  106.05317
   5.251   0.79678   0.00751  -0.05317  106.09795
   5.337   0.80477   0.00759  -0.05289  106.08325
   5.422   0.81263   0.00767  -0.05258  106.00719
   5.508   0.82039   0.00775  -0.05226  105.86409
   5.593   0.82807   0.00784  -0.05192  105.64416
   5.678   0.83566   0.00793  -0.05157  105.33488
   5.764   0.84315   0.00804  -0.05121  104.92349
   5.849   0.85054   0.00815  -0.05084  104.39775
   5.935   0.85782   0.00827  -0.05046  103.74301
   6.020   0.86497   0.00840  -0.05006  102.94052
   6.106   0.87200   0.00855  -0.04964  101.97354
   6.191   0.87895   0.00872  -0.04921  100.83937
   6.276   0.88583   0.00890  -0.04877  99.55594
   6.362   0.89269   0.00909  -0.04834  98.16455
   6.447   0.89954   0.00930  -0.04791  96.73852
   6.533   0.90646   0.00950  -0.04749  95.37127
   6.618   0.91350   0.00970  -0.04710  94.13191
   6.704   0.92069   0.00990  -0.04673  93.03867
   6.789   0.92804   0.01008  -0.04639  92.07530
   6.874   0.93551   0.01026  -0.04606  91.22007
   6.960   0.94310   0.01043  -0.04575  90.46010
   7.045   0.95081   0.01059  -0.04546  89.79167
   7.131   0.95862   0.01075  -0.04519  89.21488
   7.216   0.96652   0.01089  -0.04493  88.72775
   7.302   0.97451   0.01103  -0.04469  88.32239
   7.387   0.98256   0.01117  -0.04446  87.98499
   7.472   0.99067   0.01130  -0.04425  87.69874
   7.558   0.99883   0.01142  -0.04404  87.44746
   7.643   1.00701   0.01155  -0.04383  87.21791
   7.729   1.01521   0.01167  -0.04363  87.00049
   7.814   1.02343   0.01179  -0.04343  86.78880
   7.899   1.03166   0.01192  -0.04323  86.57879
   7.985   1.03989   0.01204  -0.04303  86.36800
   8.070   1.04811   0.01217  -0.04283  86.15494
   8.156   1.05633   0.01229  -0.04262  85.93876
   8.241   1.06453   0.01242  -0.04242  85.71898
   8.327   1.07272   0.01255  -0.04221  85.49547
   8.412   1.08088   0.01268  -0.04200  85.26836
   8.497   1.08902   0.01281  -0.04179  85.03801
   8.583   1.09713   0.01294  -0.04158  84.80500
   8.668   1.10521   0.01307  -0.04136  84.56991
   8.754   1.11327   0.01320  -0.04115  84.33331
   8.839   1.12131   0.01333  -0.04093  84.09554
   8.925   1.12932   0.01347  -0.04071  83.85668
   9.010   1.13731   0.01360  -0.04049  83.61657
   9.095   1.14528   0.01374  -0.04027  83.37477
   9.181   1.15323   0.01387  -0.04004  83.13073
   9.266   1.16114   0.01401  -0.03980  82.88381
   9.352   1.16903   0.01415  -0.03957  82.63337
   9.437   1.17689   0.01429  -0.03932  82.37880
   9.523   1.18471   0.01443  -0.03908  82.11959
   9.608   1.19249   0.01457  -0.03882  81.85531
   9.693   1.20023   0.01471  -0.03856  81.58560
   9.779   1.20793   0.01486  -0.03829  81.31018
   9.864   1.21558   0.01500  -0.03802  81.02881
   9.950   1.22319   0.01515  -0.03774  80.74128
  10.035   1.23074   0.01530  -0.03746  80.44742
  10.121   1.23823   0.01545  -0.03716  80.14705
  10.206   1.24567   0.01560  -0.03686  79.83998
  10.291   1.25305   0.01576  -0.03655  79.52603
  10.377   1.26035   0.01591  -0.03623  79.20499
  10.462   1.26759   0.01607  -0.03591  78.87665
  10.548   1.27476   0.01623  -0.03557  78.54075
  10.633   1.28184   0.01639  -0.03522  78.19704
  10.719   1.28884   0.01656  -0.03486  77.84521
  10.804   1.29575   0.01672  -0.03449  77.48493
  10.889   1.30256   0.01689  -0.03411  77.11583
  10.975   1.30927   0.01706  -0.03371  76.73752
  11.060   1.31586   0.01723  -0.03330  76.34954
  11.146   1.32234   0.01741  -0.03287  75.95142
  11.231   1.32869   0.01759  -0.03243  75.54263
  11.317   1.33491   0.01777  -0.03197  75.12264
  11.402   1.34099   0.01795  -0.03149  74.69088
  11.487   1.34693   0.01814  -0.03099  74.24681
  11.573   1.35271   0.01833  -0.03047  73.78986
  11.658   1.35834   0.01853  -0.02994  73.31955
  11.744   1.36381   0.01872  -0.02938  72.83542
  11.829   1.36913   0.01893  -0.02880  72.33711
  11.915   1.37428   0.01913  -0.02821  71.82438
  12.000   1.37929   0.01935  -0.02760  71.29709
