--------------------------------------------------------------
  XFOIL-like Polar Output (Generated by NeuralFoil)
--------------------------------------------------------------
  alpha     CL        CD       Cm        CL/CD
--------------------------------------------------------------
  -5.000   0.44476   0.01132  -0.04302  39.30192
  -4.915   0.45432   0.01135  -0.04301  40.02671
  -4.829   0.46389   0.01138  -0.04301  40.74633
  -4.744   0.47348   0.01142  -0.04300  41.46035
  -4.658   0.48310   0.01146  -0.04300  42.16826
  -4.573   0.49273   0.01149  -0.04300  42.86946
  -4.487   0.50237   0.01153  -0.04300  43.56326
  -4.402   0.51204   0.01157  -0.04300  44.24893
  -4.317   0.52172   0.01161  -0.04300  44.92565
  -4.231   0.53141   0.01166  -0.04301  45.59262
  -4.146   0.54111   0.01170  -0.04301  46.24903
  -4.060   0.55083   0.01175  -0.04302  46.89409
  -3.975   0.56055   0.01179  -0.04302  47.52713
  -3.889   0.57027   0.01184  -0.04303  48.14756
  -3.804   0.58001   0.01190  -0.04303  48.75492
  -3.719   0.58974   0.01195  -0.04304  49.34894
  -3.633   0.59948   0.01201  -0.04304  49.92945
  -3.548   0.60921   0.01206  -0.04304  50.49648
  -3.462   0.61895   0.01212  -0.04305  51.05014
  -3.377   0.62869   0.01219  -0.04305  51.59064
  -3.291   0.63842   0.01225  -0.04306  52.11825
  -3.206   0.64816   0.01231  -0.04306  52.63318
  -3.121   0.65789   0.01238  -0.04306  53.13557
  -3.035   0.66763   0.01245  -0.04306  53.62541
  -2.950   0.67736   0.01252  -0.04307  54.10247
  -2.864   0.68708   0.01259  -0.04307  54.56633
  -2.779   0.69679   0.01267  -0.04307  55.01629
  -2.693   0.70648   0.01274  -0.04307  55.45156
  -2.608   0.71615   0.01282  -0.04307  55.87130
  -2.523   0.72578   0.01290  -0.04307  56.27478
  -2.437   0.73539   0.01298  -0.04306  56.66155
  -2.352   0.74496   0.01306  -0.04306  57.03143
  -2.266   0.75450   0.01315  -0.04305  57.38448
  -2.181   0.76401   0.01324  -0.04305  57.72088
  -2.095   0.77351   0.01333  -0.04304  58.04070
  -2.010   0.78299   0.01342  -0.04303  58.34389
  -1.925   0.79247   0.01352  -0.04301  58.63013
  -1.839   0.80194   0.01362  -0.04299  58.89888
  -1.754   0.81140   0.01372  -0.04297  59.14941
  -1.668   0.82085   0.01382  -0.04295  59.38085
  -1.583   0.83029   0.01393  -0.04292  59.59227
  -1.497   0.83972   0.01405  -0.04289  59.78273
  -1.412   0.84914   0.01416  -0.04286  59.95130
  -1.327   0.85853   0.01429  -0.04282  60.09716
  -1.241   0.86791   0.01441  -0.04277  60.21960
  -1.156   0.87726   0.01454  -0.04272  60.31808
  -1.070   0.88659   0.01468  -0.04267  60.39225
  -0.985   0.89589   0.01482  -0.04261  60.44196
  -0.899   0.90516   0.01497  -0.04255  60.46732
  -0.814   0.91440   0.01512  -0.04248  60.46866
  -0.729   0.92361   0.01528  -0.04240  60.44653
  -0.643   0.93279   0.01544  -0.04232  60.40167
  -0.558   0.94193   0.01561  -0.04223  60.33501
  -0.472   0.95105   0.01579  -0.04213  60.24760
  -0.387   0.96014   0.01596  -0.04204  60.14052
  -0.302   0.96920   0.01615  -0.04193  60.01491
  -0.216   0.97823   0.01634  -0.04182  59.87183
  -0.131   0.98725   0.01653  -0.04170  59.71228
  -0.045   0.99624   0.01673  -0.04158  59.53714
   0.040   1.00521   0.01694  -0.04146  59.34711
   0.126   1.01417   0.01715  -0.04133  59.14276
   0.211   1.02311   0.01736  -0.04119  58.92446
   0.296   1.03203   0.01758  -0.04106  58.69246
   0.382   1.04094   0.01781  -0.04092  58.44681
   0.467   1.04983   0.01804  -0.04077  58.18744
   0.553   1.05872   0.01828  -0.04063  57.91416
   0.638   1.06758   0.01853  -0.04048  57.62668
   0.724   1.07643   0.01878  -0.04033  57.32460
   0.809   1.08527   0.01904  -0.04018  57.00750
   0.894   1.09409   0.01930  -0.04003  56.67486
   0.980   1.10288   0.01958  -0.03988  56.32617
   1.065   1.11166   0.01986  -0.03973  55.96090
   1.151   1.12042   0.02016  -0.03959  55.57853
   1.236   1.12915   0.02046  -0.03944  55.17859
   1.322   1.13785   0.02078  -0.03930  54.76067
   1.407   1.14653   0.02111  -0.03917  54.32443
   1.492   1.15517   0.02144  -0.03904  53.86969
   1.578   1.16378   0.02180  -0.03892  53.39638
   1.663   1.17236   0.02216  -0.03880  52.90461
   1.749   1.18091   0.02254  -0.03870  52.39468
   1.834   1.18943   0.02293  -0.03861  51.86703
   1.920   1.19791   0.02334  -0.03854  51.32224
   2.005   1.20638   0.02377  -0.03848  50.76088
   2.090   1.21482   0.02421  -0.03844  50.18325
   2.176   1.22325   0.02467  -0.03841  49.58903
   2.261   1.23166   0.02515  -0.03840  48.97662
   2.347   1.24007   0.02565  -0.03840  48.34216
   2.432   1.24845   0.02618  -0.03841  47.67836
   2.518   1.25679   0.02676  -0.03843  46.97308
   2.603   1.26501   0.02738  -0.03844  46.20837
   2.688   1.27304   0.02806  -0.03844  45.36051
   2.774   1.28074   0.02884  -0.03841  44.40225
   2.859   1.28798   0.02974  -0.03833  43.30766
   2.945   1.29460   0.03078  -0.03819  42.05906
   3.030   1.30049   0.03199  -0.03795  40.65421
   3.116   1.30558   0.03338  -0.03759  39.11119
   3.201   1.30988   0.03496  -0.03706  37.46960
   3.286   1.31344   0.03670  -0.03632  35.78758
   3.372   1.31641   0.03857  -0.03533  34.13459
   3.457   1.31895   0.04048  -0.03407  32.57989
   3.543   1.32116   0.04237  -0.03255  31.17803
   3.628   1.32301   0.04417  -0.03081  29.95494
   3.714   1.32430   0.04582  -0.02895  28.90121
   3.799   1.32464   0.04735  -0.02710  27.97809
   3.884   1.32366   0.04878  -0.02539  27.13562
   3.970   1.32119   0.05017  -0.02392  26.33269
   4.055   1.31729   0.05156  -0.02274  25.54639
   4.141   1.31223   0.05298  -0.02185  24.76921
   4.226   1.30634   0.05443  -0.02121  24.00142
   4.312   1.29987   0.05592  -0.02079  23.24554
   4.397   1.29304   0.05746  -0.02053  22.50401
   4.482   1.28594   0.05905  -0.02041  21.77865
   4.568   1.27863   0.06068  -0.02040  21.07070
   4.653   1.27114   0.06237  -0.02047  20.38092
   4.739   1.26346   0.06410  -0.02063  19.70972
   4.824   1.25558   0.06588  -0.02085  19.05725
   4.910   1.24749   0.06771  -0.02113  18.42346
   4.995   1.23916   0.06958  -0.02146  17.80813
   5.080   1.23060   0.07150  -0.02186  17.21094
   5.166   1.22179   0.07346  -0.02230  16.63151
   5.251   1.21274   0.07547  -0.02279  16.06946
   5.337   1.20346   0.07752  -0.02332  15.52448
   5.422   1.19397   0.07962  -0.02390  14.99641
   5.508   1.18430   0.08176  -0.02452  14.48527
   5.593   1.17450   0.08394  -0.02516  13.99137
   5.678   1.16464   0.08617  -0.02584  13.51529
   5.764   1.15477   0.08843  -0.02654  13.05785
   5.849   1.14499   0.09073  -0.02726  12.62006
   5.935   1.13540   0.09304  -0.02800  12.20304
   6.020   1.12608   0.09537  -0.02874  11.80784
   6.106   1.11714   0.09769  -0.02949  11.43538
   6.191   1.10865   0.10000  -0.03025  11.08625
   6.276   1.10070   0.10229  -0.03101  10.76071
   6.362   1.09335   0.10454  -0.03177  10.45856
   6.447   1.08663   0.10675  -0.03253  10.17922
   6.533   1.08055   0.10891  -0.03330   9.92170
   6.618   1.07513   0.11101  -0.03407   9.68475
   6.704   1.07034   0.11306  -0.03484   9.46688
   6.789   1.06616   0.11506  -0.03563   9.26648
   6.874   1.06254   0.11700  -0.03642   9.08187
   6.960   1.05943   0.11889  -0.03723   8.91139
   7.045   1.05679   0.12073  -0.03804   8.75343
   7.131   1.05457   0.12253  -0.03887   8.60647
   7.216   1.05271   0.12430  -0.03971   8.46909
   7.302   1.05117   0.12604  -0.04057   8.34001
   7.387   1.04989   0.12775  -0.04144   8.21807
   7.472   1.04885   0.12945  -0.04233   8.10227
   7.558   1.04799   0.13113  -0.04323   7.99171
   7.643   1.04729   0.13281  -0.04415   7.88565
   7.729   1.04671   0.13448  -0.04509   7.78346
   7.814   1.04624   0.13615  -0.04605   7.68457
   7.899   1.04583   0.13782  -0.04702   7.58851
   7.985   1.04548   0.13949  -0.04801   7.49484
   8.070   1.04515   0.14118  -0.04901   7.40314
   8.156   1.04482   0.14287  -0.05002   7.31297
   8.241   1.04446   0.14458  -0.05105   7.22390
   8.327   1.04404   0.14632  -0.05209   7.13544
   8.412   1.04353   0.14808  -0.05314   7.04709
   8.497   1.04290   0.14988  -0.05421   6.95832
   8.583   1.04211   0.15172  -0.05529   6.86858
   8.668   1.04111   0.15362  -0.05638   6.77733
   8.754   1.03987   0.15558  -0.05749   6.68403
   8.839   1.03834   0.15761  -0.05863   6.58815
   8.925   1.03648   0.15972  -0.05978   6.48920
   9.010   1.03425   0.16194  -0.06096   6.38675
   9.095   1.03160   0.16426  -0.06216   6.28039
   9.181   1.02851   0.16670  -0.06339   6.16981
   9.266   1.02493   0.16928  -0.06466   6.05478
   9.352   1.02084   0.17200  -0.06596   5.93521
   9.437   1.01624   0.17488  -0.06731   5.81113
   9.523   1.01111   0.17793  -0.06869   5.68278
   9.608   1.00548   0.18115  -0.07012   5.55061
   9.693   0.99936   0.18454  -0.07159   5.41530
   9.779   0.99281   0.18811  -0.07311   5.27778
   9.864   0.98589   0.19184  -0.07466   5.13918
   9.950   0.97869   0.19570  -0.07624   5.00083
  10.035   0.97129   0.19968  -0.07786   4.86415
  10.121   0.96381   0.20374  -0.07949   4.73056
  10.206   0.95636   0.20784  -0.08114   4.60138
  10.291   0.94904   0.21195  -0.08279   4.47770
  10.377   0.94194   0.21603  -0.08445   4.36030
  10.462   0.93512   0.22005  -0.08611   4.24955
  10.548   0.92861   0.22401  -0.08777   4.14541
  10.633   0.92239   0.22789  -0.08944   4.04746
  10.719   0.91644   0.23171  -0.09113   3.95512
  10.804   0.91076   0.23546  -0.09283   3.86794
  10.889   0.90536   0.23914  -0.09454   3.78597
  10.975   0.90036   0.24269  -0.09626   3.70996
  11.060   0.89591   0.24604  -0.09795   3.64129
  11.146   0.89221   0.24912  -0.09959   3.58149
  11.231   0.88941   0.25184  -0.10114   3.53173
  11.317   0.88761   0.25416  -0.10260   3.49230
  11.402   0.88677   0.25610  -0.10395   3.46260
  11.487   0.88679   0.25769  -0.10520   3.44132
  11.573   0.88752   0.25899  -0.10637   3.42679
  11.658   0.88880   0.26008  -0.10748   3.41734
  11.744   0.89047   0.26102  -0.10853   3.41145
  11.829   0.89241   0.26187  -0.10954   3.40788
  11.915   0.89453   0.26266  -0.11053   3.40572
  12.000   0.89676   0.26342  -0.11150   3.40427
