--------------------------------------------------------------
  XFOIL-like Polar Output (Generated by NeuralFoil)
--------------------------------------------------------------
  alpha     CL        CD       Cm        CL/CD
--------------------------------------------------------------
  -5.000  -0.28604   0.00944  -0.06339  -30.30264
  -4.915  -0.27365   0.00934  -0.06395  -29.29547
  -4.829  -0.26152   0.00924  -0.06445  -28.29001
  -4.744  -0.24969   0.00915  -0.06488  -27.28958
  -4.658  -0.23817   0.00906  -0.06524  -26.29712
  -4.573  -0.22698   0.00897  -0.06553  -25.31492
  -4.487  -0.21614   0.00888  -0.06574  -24.34436
  -4.402  -0.20561   0.00879  -0.06588  -23.38573
  -4.317  -0.19540   0.00871  -0.06596  -22.43814
  -4.231  -0.18546   0.00863  -0.06597  -21.49953
  -4.146  -0.17576   0.00855  -0.06594  -20.56681
  -4.060  -0.16625   0.00847  -0.06586  -19.63603
  -3.975  -0.15688   0.00839  -0.06576  -18.70271
  -3.889  -0.14761   0.00831  -0.06563  -17.76208
  -3.804  -0.13839   0.00823  -0.06550  -16.80938
  -3.719  -0.12918   0.00816  -0.06537  -15.84000
  -3.633  -0.11995   0.00808  -0.06524  -14.84958
  -3.548  -0.11067   0.00800  -0.06512  -13.83397
  -3.462  -0.10131   0.00792  -0.06503  -12.78909
  -3.377  -0.09186   0.00784  -0.06495  -11.71089
  -3.291  -0.08229   0.00777  -0.06491  -10.59545
  -3.206  -0.07261   0.00769  -0.06488  -9.43978
  -3.121  -0.06283   0.00762  -0.06488  -8.24343
  -3.035  -0.05300   0.00756  -0.06489  -7.01116
  -2.950  -0.04320   0.00751  -0.06488  -5.75524
  -2.864  -0.03356   0.00747  -0.06483  -4.49566
  -2.779  -0.02423   0.00744  -0.06471  -3.25600
  -2.693  -0.01528   0.00743  -0.06450  -2.05576
  -2.608  -0.00672   0.00744  -0.06421  -0.90290
  -2.523   0.00155   0.00746  -0.06385   0.20846
  -2.437   0.00969   0.00749  -0.06346   1.29356
  -2.352   0.01782   0.00752  -0.06309   2.36923
  -2.266   0.02605   0.00756  -0.06275   3.44766
  -2.181   0.03442   0.00759  -0.06245   4.53448
  -2.095   0.04292   0.00762  -0.06220   5.63016
  -2.010   0.05152   0.00765  -0.06197   6.73243
  -1.925   0.06019   0.00768  -0.06177   7.83816
  -1.839   0.06891   0.00770  -0.06159   8.94426
  -1.754   0.07767   0.00773  -0.06142  10.04783
  -1.668   0.08644   0.00776  -0.06125  11.14612
  -1.583   0.09523   0.00778  -0.06109  12.23681
  -1.497   0.10402   0.00781  -0.06093  13.31915
  -1.412   0.11280   0.00784  -0.06078  14.39618
  -1.327   0.12154   0.00785  -0.06063  15.47806
  -1.241   0.13020   0.00785  -0.06049  16.58678
  -1.156   0.13869   0.00781  -0.06035  17.76101
  -1.070   0.14689   0.00771  -0.06020  19.05289
  -0.985   0.15475   0.00755  -0.06002  20.50775
  -0.899   0.16242   0.00734  -0.05980  22.13475
  -0.814   0.17015   0.00713  -0.05958  23.87193
  -0.729   0.17816   0.00697  -0.05939  25.57598
  -0.643   0.18653   0.00688  -0.05926  27.12537
  -0.558   0.19526   0.00685  -0.05915  28.51678
  -0.472   0.20426   0.00685  -0.05906  29.81295
  -0.387   0.21345   0.00687  -0.05897  31.06984
  -0.302   0.22274   0.00689  -0.05889  32.31960
  -0.216   0.23206   0.00691  -0.05881  33.57764
  -0.131   0.24139   0.00693  -0.05873  34.85039
  -0.045   0.25070   0.00694  -0.05865  36.13981
   0.040   0.25999   0.00694  -0.05858  37.44562
   0.126   0.26926   0.00695  -0.05850  38.76598
   0.211   0.27854   0.00695  -0.05843  40.09752
   0.296   0.28782   0.00695  -0.05835  41.43505
   0.382   0.29713   0.00695  -0.05828  42.77129
   0.467   0.30648   0.00695  -0.05820  44.09725
   0.553   0.31587   0.00696  -0.05813  45.40330
   0.638   0.32531   0.00697  -0.05806  46.68082
   0.724   0.33480   0.00699  -0.05800  47.92388
   0.809   0.34432   0.00701  -0.05794  49.13003
   0.894   0.35386   0.00704  -0.05788  50.30018
   0.980   0.36342   0.00707  -0.05783  51.43756
   1.065   0.37297   0.00710  -0.05778  52.54644
   1.151   0.38252   0.00713  -0.05772  53.63123
   1.236   0.39206   0.00717  -0.05767  54.69581
   1.322   0.40158   0.00720  -0.05761  55.74344
   1.407   0.41108   0.00724  -0.05755  56.77668
   1.492   0.42057   0.00728  -0.05750  57.79750
   1.578   0.43005   0.00731  -0.05743  58.80740
   1.663   0.43951   0.00735  -0.05737  59.80747
   1.749   0.44897   0.00738  -0.05731  60.79847
   1.834   0.45843   0.00742  -0.05724  61.78088
   1.920   0.46787   0.00746  -0.05717  62.75500
   2.005   0.47732   0.00749  -0.05711  63.72098
   2.090   0.48676   0.00753  -0.05704  64.67886
   2.176   0.49621   0.00756  -0.05697  65.62867
   2.261   0.50565   0.00760  -0.05691  66.57041
   2.347   0.51510   0.00763  -0.05684  67.50409
   2.432   0.52454   0.00767  -0.05678  68.42980
   2.518   0.53400   0.00770  -0.05672  69.34765
   2.603   0.54345   0.00774  -0.05666  70.25784
   2.688   0.55291   0.00777  -0.05660  71.16059
   2.774   0.56238   0.00780  -0.05654  72.05616
   2.859   0.57184   0.00784  -0.05648  72.94480
   2.945   0.58131   0.00787  -0.05643  73.82675
   3.030   0.59078   0.00791  -0.05638  74.70222
   3.116   0.60025   0.00794  -0.05633  75.57136
   3.201   0.60972   0.00798  -0.05629  76.43435
   3.286   0.61918   0.00801  -0.05624  77.29137
   3.372   0.62863   0.00804  -0.05620  78.14265
   3.457   0.63807   0.00808  -0.05616  78.98851
   3.543   0.64750   0.00811  -0.05611  79.82935
   3.628   0.65692   0.00814  -0.05607  80.66564
   3.714   0.66631   0.00818  -0.05602  81.49792
   3.799   0.67569   0.00821  -0.05597  82.32666
   3.884   0.68504   0.00824  -0.05592  83.15232
   3.970   0.69437   0.00827  -0.05586  83.97521
   4.055   0.70367   0.00830  -0.05580  84.79555
   4.141   0.71293   0.00833  -0.05573  85.61343
   4.226   0.72215   0.00836  -0.05565  86.42892
   4.312   0.73133   0.00838  -0.05556  87.24203
   4.397   0.74047   0.00841  -0.05547  88.05282
   4.482   0.74957   0.00844  -0.05536  88.86141
   4.568   0.75862   0.00846  -0.05525  89.66796
   4.653   0.76763   0.00848  -0.05512  90.47269
   4.739   0.77661   0.00851  -0.05499  91.27581
   4.824   0.78556   0.00853  -0.05485  92.07749
   4.910   0.79451   0.00855  -0.05471  92.87777
   4.995   0.80345   0.00858  -0.05457  93.67650
   5.080   0.81243   0.00860  -0.05444  94.47321
   5.166   0.82144   0.00862  -0.05431  95.26702
   5.251   0.83052   0.00865  -0.05420  96.05654
   5.337   0.83968   0.00867  -0.05410  96.83981
   5.422   0.84894   0.00870  -0.05403  97.61424
   5.508   0.85831   0.00872  -0.05398  98.37665
   5.593   0.86778   0.00875  -0.05396  99.12327
   5.678   0.87735   0.00879  -0.05397  99.84992
   5.764   0.88701   0.00882  -0.05399  100.55215
   5.849   0.89674   0.00886  -0.05404  101.22550
   5.935   0.90651   0.00890  -0.05410  101.86570
   6.020   0.91630   0.00894  -0.05417  102.46901
   6.106   0.92610   0.00899  -0.05424  103.03245
   6.191   0.93586   0.00904  -0.05432  103.55416
   6.276   0.94559   0.00909  -0.05440  104.03356
   6.362   0.95527   0.00914  -0.05447  104.47144
   6.447   0.96489   0.00920  -0.05452  104.86979
   6.533   0.97445   0.00926  -0.05457  105.23105
   6.618   0.98395   0.00932  -0.05461  105.55718
   6.704   0.99338   0.00938  -0.05464  105.84866
   6.789   1.00274   0.00945  -0.05465  106.10411
   6.874   1.01202   0.00952  -0.05465  106.32054
   6.960   1.02122   0.00959  -0.05463  106.49354
   7.045   1.03032   0.00966  -0.05460  106.61615
   7.131   1.03932   0.00974  -0.05455  106.67612
   7.216   1.04822   0.00983  -0.05448  106.65285
   7.302   1.05699   0.00992  -0.05438  106.51661
   7.387   1.06564   0.01003  -0.05426  106.23144
   7.472   1.07412   0.01016  -0.05411  105.76080
   7.558   1.08242   0.01030  -0.05393  105.07330
   7.643   1.09051   0.01047  -0.05371  104.14653
   7.729   1.09837   0.01067  -0.05347  102.96910
   7.814   1.10598   0.01089  -0.05319  101.54378
   7.899   1.11334   0.01115  -0.05289  99.89495
   7.985   1.12049   0.01142  -0.05255  98.07943
   8.070   1.12748   0.01172  -0.05220  96.19346
   8.156   1.13443   0.01202  -0.05184  94.36369
   8.241   1.14146   0.01231  -0.05149  92.71545
   8.327   1.14867   0.01258  -0.05115  91.33060
   8.412   1.15610   0.01281  -0.05083  90.22344
   8.497   1.16373   0.01302  -0.05053  89.35164
   8.583   1.17150   0.01322  -0.05025  88.64922
   8.668   1.17936   0.01339  -0.04998  88.05604
   8.754   1.18726   0.01356  -0.04972  87.53062
   8.839   1.19519   0.01373  -0.04947  87.04937
   8.925   1.20314   0.01389  -0.04922  86.60052
   9.010   1.21110   0.01405  -0.04898  86.17832
   9.095   1.21907   0.01421  -0.04874  85.77930
   9.181   1.22704   0.01437  -0.04850  85.40047
   9.266   1.23500   0.01452  -0.04826  85.03865
   9.352   1.24296   0.01468  -0.04802  84.69046
   9.437   1.25090   0.01483  -0.04779  84.35246
   9.523   1.25881   0.01498  -0.04754  84.02136
   9.608   1.26670   0.01513  -0.04730  83.69419
   9.693   1.27455   0.01529  -0.04705  83.36836
   9.779   1.28236   0.01544  -0.04680  83.04169
   9.864   1.29012   0.01560  -0.04654  82.71238
   9.950   1.29784   0.01575  -0.04627  82.37903
  10.035   1.30549   0.01591  -0.04599  82.04055
  10.121   1.31309   0.01607  -0.04571  81.69609
  10.206   1.32063   0.01623  -0.04542  81.34505
  10.291   1.32810   0.01640  -0.04512  80.98700
  10.377   1.33550   0.01657  -0.04481  80.62164
  10.462   1.34283   0.01673  -0.04449  80.24880
  10.548   1.35008   0.01690  -0.04416  79.86837
  10.633   1.35726   0.01708  -0.04382  79.48027
  10.719   1.36434   0.01725  -0.04346  79.08450
  10.804   1.37134   0.01743  -0.04310  78.68103
  10.889   1.37825   0.01761  -0.04272  78.26986
  10.975   1.38506   0.01779  -0.04233  77.85095
  11.060   1.39178   0.01798  -0.04193  77.42427
  11.146   1.39838   0.01816  -0.04152  76.98973
  11.231   1.40488   0.01835  -0.04109  76.54722
  11.317   1.41126   0.01855  -0.04064  76.09659
  11.402   1.41752   0.01874  -0.04018  75.63765
  11.487   1.42365   0.01894  -0.03970  75.17015
  11.573   1.42964   0.01914  -0.03920  74.69383
  11.658   1.43550   0.01934  -0.03868  74.20838
  11.744   1.44121   0.01955  -0.03814  73.71346
  11.829   1.44676   0.01976  -0.03758  73.20871
  11.915   1.45215   0.01998  -0.03700  72.69378
  12.000   1.45739   0.02019  -0.03640  72.16830
