--------------------------------------------------------------
  XFOIL-like Polar Output (Generated by NeuralFoil)
--------------------------------------------------------------
  alpha     CL        CD       Cm        CL/CD
--------------------------------------------------------------
  -5.000  -0.39730   0.00772  -0.03423  -51.47851
  -4.915  -0.38528   0.00767  -0.03475  -50.21864
  -4.829  -0.37329   0.00763  -0.03527  -48.94384
  -4.744  -0.36134   0.00758  -0.03578  -47.65704
  -4.658  -0.34944   0.00754  -0.03627  -46.36122
  -4.573  -0.33761   0.00749  -0.03675  -45.05934
  -4.487  -0.32587   0.00745  -0.03720  -43.75438
  -4.402  -0.31423   0.00740  -0.03763  -42.44924
  -4.317  -0.30272   0.00736  -0.03803  -41.14668
  -4.231  -0.29134   0.00731  -0.03839  -39.84924
  -4.146  -0.28012   0.00726  -0.03872  -38.55907
  -4.060  -0.26906   0.00722  -0.03901  -37.27780
  -3.975  -0.25816   0.00717  -0.03926  -36.00638
  -3.889  -0.24743   0.00712  -0.03947  -34.74489
  -3.804  -0.23685   0.00707  -0.03964  -33.49247
  -3.719  -0.22641   0.00702  -0.03978  -32.24725
  -3.633  -0.21610   0.00697  -0.03989  -31.00630
  -3.548  -0.20588   0.00692  -0.03997  -29.76570
  -3.462  -0.19573   0.00686  -0.04003  -28.52054
  -3.377  -0.18562   0.00681  -0.04008  -27.26490
  -3.291  -0.17550   0.00675  -0.04013  -25.99177
  -3.206  -0.16535   0.00670  -0.04018  -24.69298
  -3.121  -0.15513   0.00664  -0.04024  -23.35924
  -3.035  -0.14480   0.00659  -0.04032  -21.98065
  -2.950  -0.13437   0.00654  -0.04042  -20.54827
  -2.864  -0.12383   0.00650  -0.04054  -19.05764
  -2.779  -0.11327   0.00647  -0.04066  -17.51423
  -2.693  -0.10286   0.00645  -0.04075  -15.93925
  -2.608  -0.09281   0.00646  -0.04074  -14.37073
  -2.523  -0.08337   0.00649  -0.04060  -12.85375
  -2.437  -0.07465   0.00654  -0.04030  -11.42008
  -2.352  -0.06655   0.00661  -0.03986  -10.07068
  -2.266  -0.05875   0.00669  -0.03936  -8.77789
  -2.181  -0.05093   0.00678  -0.03888  -7.50676
  -2.095  -0.04286   0.00687  -0.03847  -6.23541
  -2.010  -0.03450   0.00696  -0.03816  -4.95932
  -1.925  -0.02588   0.00703  -0.03793  -3.68308
  -1.839  -0.01709   0.00709  -0.03777  -2.41160
  -1.754  -0.00818   0.00713  -0.03765  -1.14645
  -1.668   0.00082   0.00717  -0.03755   0.11375
  -1.583   0.00987   0.00720  -0.03748   1.37188
  -1.497   0.01899   0.00722  -0.03741   2.63106
  -1.412   0.02816   0.00723  -0.03736   3.89396
  -1.327   0.03739   0.00724  -0.03731   5.16259
  -1.241   0.04668   0.00725  -0.03726   6.43822
  -1.156   0.05603   0.00726  -0.03723   7.72149
  -1.070   0.06542   0.00726  -0.03720   9.01255
  -0.985   0.07487   0.00726  -0.03717  10.31119
  -0.899   0.08435   0.00726  -0.03715  11.61698
  -0.814   0.09388   0.00726  -0.03713  12.92937
  -0.729   0.10344   0.00726  -0.03712  14.24780
  -0.643   0.11304   0.00726  -0.03711  15.57177
  -0.558   0.12266   0.00726  -0.03710  16.90084
  -0.472   0.13231   0.00726  -0.03710  18.23473
  -0.387   0.14198   0.00725  -0.03709  19.57320
  -0.302   0.15167   0.00725  -0.03709  20.91599
  -0.216   0.16135   0.00725  -0.03709  22.26252
  -0.131   0.17103   0.00724  -0.03708  23.61143
  -0.045   0.18068   0.00724  -0.03707  24.95974
   0.040   0.19025   0.00723  -0.03706  26.30130
   0.126   0.19971   0.00723  -0.03703  27.62451
   0.211   0.20899   0.00723  -0.03697  28.90869
   0.296   0.21801   0.00724  -0.03688  30.11992
   0.382   0.22669   0.00726  -0.03673  31.20849
   0.467   0.23495   0.00732  -0.03652  32.11525
   0.553   0.24275   0.00740  -0.03624  32.79692
   0.638   0.25015   0.00752  -0.03589  33.26351
   0.724   0.25730   0.00766  -0.03551  33.59431
   0.809   0.26444   0.00780  -0.03515  33.91440
   0.894   0.27186   0.00792  -0.03483  34.34321
   0.980   0.27969   0.00801  -0.03457  34.93819
   1.065   0.28799   0.00807  -0.03437  35.68227
   1.151   0.29670   0.00812  -0.03423  36.52443
   1.236   0.30576   0.00817  -0.03411  37.42021
   1.322   0.31509   0.00822  -0.03403  38.34207
   1.407   0.32460   0.00827  -0.03397  39.27306
   1.492   0.33423   0.00831  -0.03392  40.20093
   1.578   0.34392   0.00836  -0.03388  41.11680
   1.663   0.35362   0.00842  -0.03384  42.01549
   1.749   0.36331   0.00847  -0.03380  42.89529
   1.834   0.37298   0.00852  -0.03375  43.75690
   1.920   0.38260   0.00858  -0.03371  44.60225
   2.005   0.39219   0.00863  -0.03366  45.43362
   2.090   0.40174   0.00869  -0.03361  46.25306
   2.176   0.41126   0.00874  -0.03356  47.06216
   2.261   0.42074   0.00879  -0.03350  47.86199
   2.347   0.43018   0.00884  -0.03345  48.65314
   2.432   0.43960   0.00889  -0.03339  49.43584
   2.518   0.44898   0.00894  -0.03332  50.21001
   2.603   0.45834   0.00899  -0.03326  50.97544
   2.688   0.46767   0.00904  -0.03319  51.73179
   2.774   0.47697   0.00909  -0.03312  52.47872
   2.859   0.48624   0.00914  -0.03305  53.21595
   2.945   0.49549   0.00919  -0.03298  53.94326
   3.030   0.50472   0.00923  -0.03290  54.66059
   3.116   0.51392   0.00928  -0.03283  55.36797
   3.201   0.52310   0.00933  -0.03275  56.06556
   3.286   0.53226   0.00938  -0.03266  56.75362
   3.372   0.54141   0.00943  -0.03258  57.43251
   3.457   0.55053   0.00948  -0.03249  58.10258
   3.543   0.55965   0.00952  -0.03240  58.76416
   3.628   0.56876   0.00957  -0.03231  59.41752
   3.714   0.57785   0.00962  -0.03221  60.06278
   3.799   0.58695   0.00967  -0.03211  60.69989
   3.884   0.59603   0.00972  -0.03201  61.32865
   3.970   0.60512   0.00977  -0.03191  61.94867
   4.055   0.61420   0.00982  -0.03181  62.55944
   4.141   0.62329   0.00987  -0.03171  63.16040
   4.226   0.63237   0.00992  -0.03160  63.75097
   4.312   0.64145   0.00997  -0.03149  64.33065
   4.397   0.65053   0.01002  -0.03139  64.89905
   4.482   0.65960   0.01008  -0.03128  65.45590
   4.568   0.66866   0.01013  -0.03117  66.00108
   4.653   0.67771   0.01019  -0.03105  66.53464
   4.739   0.68674   0.01024  -0.03093  67.05672
   4.824   0.69574   0.01030  -0.03081  67.56763
   4.910   0.70470   0.01035  -0.03067  68.06773
   4.995   0.71362   0.01041  -0.03053  68.55752
   5.080   0.72247   0.01046  -0.03037  69.03756
   5.166   0.73126   0.01052  -0.03019  69.50845
   5.251   0.73996   0.01058  -0.02999  69.97084
   5.337   0.74857   0.01063  -0.02978  70.42536
   5.422   0.75709   0.01068  -0.02953  70.87264
   5.508   0.76552   0.01073  -0.02927  71.31323
   5.593   0.77386   0.01079  -0.02898  71.74763
   5.678   0.78214   0.01084  -0.02869  72.17627
   5.764   0.79038   0.01089  -0.02838  72.59954
   5.849   0.79863   0.01094  -0.02807  73.01775
   5.935   0.80692   0.01099  -0.02777  73.43110
   6.020   0.81530   0.01104  -0.02749  73.83957
   6.106   0.82379   0.01110  -0.02724  74.24281
   6.191   0.83244   0.01115  -0.02703  74.64002
   6.276   0.84125   0.01121  -0.02685  75.02984
   6.362   0.85022   0.01127  -0.02670  75.41037
   6.447   0.85935   0.01134  -0.02660  75.77917
   6.533   0.86860   0.01141  -0.02652  76.13344
   6.618   0.87794   0.01148  -0.02647  76.47019
   6.704   0.88733   0.01156  -0.02644  76.78649
   6.789   0.89674   0.01163  -0.02642  77.07972
   6.874   0.90612   0.01171  -0.02640  77.34780
   6.960   0.91545   0.01180  -0.02638  77.58935
   7.045   0.92471   0.01189  -0.02635  77.80380
   7.131   0.93388   0.01197  -0.02631  77.99137
   7.216   0.94296   0.01207  -0.02625  78.15291
   7.302   0.95196   0.01216  -0.02619  78.28973
   7.387   0.96088   0.01226  -0.02611  78.40340
   7.472   0.96973   0.01235  -0.02602  78.49559
   7.558   0.97852   0.01245  -0.02592  78.56791
   7.643   0.98727   0.01256  -0.02580  78.62185
   7.729   0.99597   0.01266  -0.02568  78.65871
   7.814   1.00465   0.01277  -0.02555  78.67960
   7.899   1.01330   0.01288  -0.02542  78.68547
   7.985   1.02193   0.01299  -0.02528  78.67707
   8.070   1.03054   0.01310  -0.02513  78.65503
   8.156   1.03913   0.01322  -0.02498  78.61990
   8.241   1.04770   0.01333  -0.02483  78.57212
   8.327   1.05626   0.01345  -0.02467  78.51214
   8.412   1.06479   0.01357  -0.02451  78.44037
   8.497   1.07330   0.01370  -0.02435  78.35721
   8.583   1.08179   0.01382  -0.02418  78.26307
   8.668   1.09025   0.01395  -0.02401  78.15833
   8.754   1.09869   0.01408  -0.02384  78.04340
   8.839   1.10709   0.01421  -0.02366  77.91863
   8.925   1.11547   0.01434  -0.02347  77.78439
   9.010   1.12382   0.01447  -0.02329  77.64098
   9.095   1.13213   0.01461  -0.02310  77.48871
   9.181   1.14042   0.01475  -0.02290  77.32785
   9.266   1.14867   0.01489  -0.02270  77.15864
   9.352   1.15689   0.01503  -0.02250  76.98129
   9.437   1.16507   0.01517  -0.02229  76.79600
   9.523   1.17322   0.01532  -0.02208  76.60294
   9.608   1.18134   0.01546  -0.02186  76.40226
   9.693   1.18942   0.01561  -0.02164  76.19412
   9.779   1.19747   0.01576  -0.02142  75.97864
   9.864   1.20548   0.01591  -0.02119  75.75593
   9.950   1.21345   0.01607  -0.02095  75.52613
  10.035   1.22138   0.01622  -0.02071  75.28932
  10.121   1.22928   0.01638  -0.02047  75.04561
  10.206   1.23713   0.01654  -0.02022  74.79510
  10.291   1.24495   0.01670  -0.01997  74.53786
  10.377   1.25272   0.01687  -0.01971  74.27399
  10.462   1.26044   0.01703  -0.01944  74.00354
  10.548   1.26813   0.01720  -0.01917  73.72659
  10.633   1.27576   0.01737  -0.01890  73.44320
  10.719   1.28335   0.01754  -0.01861  73.15340
  10.804   1.29089   0.01772  -0.01832  72.85724
  10.889   1.29838   0.01790  -0.01803  72.55476
  10.975   1.30581   0.01807  -0.01773  72.24596
  11.060   1.31319   0.01826  -0.01742  71.93086
  11.146   1.32051   0.01844  -0.01710  71.60946
  11.231   1.32776   0.01863  -0.01677  71.28174
  11.317   1.33496   0.01882  -0.01644  70.94767
  11.402   1.34209   0.01901  -0.01610  70.60723
  11.487   1.34915   0.01920  -0.01575  70.26034
  11.573   1.35614   0.01940  -0.01539  69.90694
  11.658   1.36305   0.01960  -0.01501  69.54693
  11.744   1.36988   0.01980  -0.01463  69.18019
  11.829   1.37663   0.02001  -0.01424  68.80654
  11.915   1.38328   0.02022  -0.01383  68.42579
  12.000   1.38984   0.02043  -0.01341  68.03768
