--------------------------------------------------------------
  XFOIL-like Polar Output (Generated by NeuralFoil)
--------------------------------------------------------------
  alpha     CL        CD       Cm        CL/CD
--------------------------------------------------------------
  -5.000  -0.38385   0.01004  -0.00060  -38.23508
  -4.915  -0.37453   0.00998  -0.00054  -37.53159
  -4.829  -0.36524   0.00992  -0.00048  -36.81797
  -4.744  -0.35599   0.00986  -0.00043  -36.09216
  -4.658  -0.34679   0.00981  -0.00038  -35.34839
  -4.573  -0.33766   0.00977  -0.00034  -34.57525
  -4.487  -0.32860   0.00973  -0.00030  -33.75474
  -4.402  -0.31961   0.00973  -0.00025  -32.86424
  -4.317  -0.31067   0.00974  -0.00019  -31.88347
  -4.231  -0.30177   0.00980  -0.00012  -30.80509
  -4.146  -0.29289   0.00988  -0.00001  -29.64325
  -4.060  -0.28400   0.00999   0.00011  -28.43237
  -3.975  -0.27509   0.01011   0.00023  -27.21577
  -3.889  -0.26615   0.01022   0.00036  -26.03140
  -3.804  -0.25717   0.01033   0.00047  -24.90280
  -3.719  -0.24813   0.01041   0.00057  -23.83764
  -3.633  -0.23905   0.01047   0.00066  -22.83164
  -3.548  -0.22990   0.01051   0.00072  -21.87414
  -3.462  -0.22070   0.01053   0.00077  -20.95293
  -3.377  -0.21145   0.01054   0.00081  -20.05692
  -3.291  -0.20215   0.01054   0.00084  -19.17717
  -3.206  -0.19281   0.01053   0.00086  -18.30682
  -3.121  -0.18344   0.01052   0.00088  -17.44081
  -3.035  -0.17405   0.01050   0.00090  -16.57553
  -2.950  -0.16463   0.01048   0.00092  -15.70851
  -2.864  -0.15520   0.01046   0.00094  -14.83816
  -2.779  -0.14576   0.01044   0.00096  -13.96359
  -2.693  -0.13630   0.01042   0.00099  -13.08441
  -2.608  -0.12684   0.01040   0.00102  -12.20056
  -2.523  -0.11738   0.01038   0.00106  -11.31226
  -2.437  -0.10791   0.01036   0.00110  -10.41985
  -2.352  -0.09845   0.01034   0.00114  -9.52376
  -2.266  -0.08898   0.01032   0.00118  -8.62442
  -2.181  -0.07952   0.01030   0.00123  -7.72222
  -2.095  -0.07007   0.01028   0.00128  -6.81744
  -2.010  -0.06061   0.01026   0.00134  -5.91023
  -1.925  -0.05117   0.01023   0.00139  -5.00061
  -1.839  -0.04173   0.01021   0.00145  -4.08869
  -1.754  -0.03231   0.01018   0.00152  -3.17482
  -1.668  -0.02293   0.01015   0.00159  -2.25967
  -1.583  -0.01359   0.01011   0.00166  -1.34390
  -1.497  -0.00431   0.01008   0.00175  -0.42757
  -1.412   0.00493   0.01005   0.00184   0.48998
  -1.327   0.01413   0.01003   0.00194   1.40900
  -1.241   0.02329   0.01001   0.00205   2.32786
  -1.156   0.03231   0.00996   0.00217   3.24451
  -1.070   0.04099   0.00984   0.00233   4.16432
  -0.985   0.04924   0.00964   0.00251   5.10689
  -0.899   0.05716   0.00938   0.00273   6.09601
  -0.814   0.06508   0.00912   0.00296   7.13949
  -0.729   0.07326   0.00891   0.00317   8.22487
  -0.643   0.08183   0.00877   0.00334   9.33149
  -0.558   0.09075   0.00869   0.00347  10.44205
  -0.472   0.09995   0.00866   0.00358  11.54685
  -0.387   0.10936   0.00865   0.00365  12.64264
  -0.302   0.11891   0.00866   0.00371  13.72973
  -0.216   0.12855   0.00868   0.00376  14.80956
  -0.131   0.13824   0.00870   0.00379  15.88344
  -0.045   0.14797   0.00873   0.00382  16.95221
   0.040   0.15772   0.00875   0.00384  18.01618
   0.126   0.16748   0.00878   0.00385  19.07538
   0.211   0.17724   0.00881   0.00386  20.12960
   0.296   0.18700   0.00883   0.00386  21.17856
   0.382   0.19676   0.00885   0.00386  22.22196
   0.467   0.20652   0.00888   0.00386  23.25949
   0.553   0.21627   0.00890   0.00385  24.29089
   0.638   0.22602   0.00893   0.00384  25.31598
   0.724   0.23576   0.00895   0.00383  26.33464
   0.809   0.24550   0.00898   0.00381  27.34685
   0.894   0.25523   0.00900   0.00379  28.35268
   0.980   0.26495   0.00903   0.00377  29.35229
   1.065   0.27466   0.00905   0.00374  30.34589
   1.151   0.28437   0.00908   0.00371  31.33375
   1.236   0.29405   0.00910   0.00368  32.31616
   1.322   0.30372   0.00912   0.00365  33.29341
   1.407   0.31336   0.00914   0.00362  34.26585
   1.492   0.32297   0.00917   0.00359  35.23385
   1.578   0.33255   0.00919   0.00357  36.19785
   1.663   0.34210   0.00921   0.00354  37.15841
   1.749   0.35160   0.00922   0.00353  38.11621
   1.834   0.36107   0.00924   0.00351  39.07211
   1.920   0.37050   0.00926   0.00350  40.02708
   2.005   0.37991   0.00927   0.00349  40.98222
   2.090   0.38928   0.00928   0.00348  41.93874
   2.176   0.39863   0.00929   0.00348  42.89785
   2.261   0.40798   0.00930   0.00348  43.86082
   2.347   0.41731   0.00931   0.00348  44.82887
   2.432   0.42664   0.00931   0.00347  45.80318
   2.518   0.43598   0.00932   0.00347  46.78488
   2.603   0.44533   0.00932   0.00347  47.77494
   2.688   0.45469   0.00932   0.00346  48.77424
   2.774   0.46406   0.00932   0.00346  49.78348
   2.859   0.47344   0.00932   0.00346  50.80320
   2.945   0.48283   0.00931   0.00347  51.83384
   3.030   0.49223   0.00931   0.00348  52.87577
   3.116   0.50163   0.00930   0.00349  53.92928
   3.201   0.51103   0.00929   0.00352  54.99464
   3.286   0.52044   0.00928   0.00355  56.07197
   3.372   0.52984   0.00927   0.00359  57.16121
   3.457   0.53923   0.00926   0.00364  58.26197
   3.543   0.54861   0.00924   0.00370  59.37341
   3.628   0.55796   0.00922   0.00378  60.49410
   3.714   0.56729   0.00921   0.00386  61.62202
   3.799   0.57658   0.00919   0.00396  62.75448
   3.884   0.58584   0.00917   0.00408  63.88828
   3.970   0.59505   0.00915   0.00420  65.01980
   4.055   0.60421   0.00913   0.00434  66.14525
   4.141   0.61333   0.00912   0.00449  67.26089
   4.226   0.62239   0.00910   0.00466  68.36327
   4.312   0.63141   0.00909   0.00484  69.44937
   4.397   0.64038   0.00908   0.00503  70.51673
   4.482   0.64930   0.00907   0.00523  71.56347
   4.568   0.65818   0.00907   0.00544  72.58825
   4.653   0.66702   0.00906   0.00565  73.59015
   4.739   0.67581   0.00906   0.00588  74.56858
   4.824   0.68457   0.00906   0.00611  75.52312
   4.910   0.69329   0.00907   0.00635  76.45343
   4.995   0.70198   0.00907   0.00660  77.35922
   5.080   0.71063   0.00908   0.00684  78.24019
   5.166   0.71926   0.00909   0.00709  79.09604
   5.251   0.72787   0.00911   0.00734  79.92651
   5.337   0.73647   0.00912   0.00758  80.73143
   5.422   0.74505   0.00914   0.00782  81.51071
   5.508   0.75363   0.00916   0.00806  82.26442
   5.593   0.76222   0.00918   0.00829  82.99277
   5.678   0.77080   0.00921   0.00852  83.69610
   5.764   0.77939   0.00924   0.00873  84.37488
   5.849   0.78799   0.00927   0.00894  85.02969
   5.935   0.79661   0.00930   0.00914  85.66117
   6.020   0.80523   0.00933   0.00933  86.27000
   6.106   0.81388   0.00937   0.00950  86.85688
   6.191   0.82254   0.00941   0.00967  87.42253
   6.276   0.83123   0.00945   0.00983  87.96765
   6.362   0.83994   0.00949   0.00998  88.49296
   6.447   0.84869   0.00954   0.01012  88.99918
   6.533   0.85748   0.00958   0.01024  89.48706
   6.618   0.86632   0.00963   0.01035  89.95738
   6.704   0.87522   0.00968   0.01044  90.41098
   6.789   0.88418   0.00973   0.01052  90.84877
   6.874   0.89322   0.00979   0.01059  91.27177
   6.960   0.90234   0.00984   0.01063  91.68108
   7.045   0.91154   0.00990   0.01066  92.07790
   7.131   0.92085   0.00996   0.01066  92.46345
   7.216   0.93025   0.01002   0.01065  92.83891
   7.302   0.93975   0.01008   0.01061  93.20522
   7.387   0.94936   0.01015   0.01055  93.56282
   7.472   0.95907   0.01021   0.01047  93.91134
   7.558   0.96888   0.01028   0.01036  94.24909
   7.643   0.97879   0.01035   0.01023  94.57254
   7.729   0.98880   0.01042   0.01006  94.87559
   7.814   0.99889   0.01050   0.00988  95.14882
   7.899   1.00905   0.01058   0.00967  95.37871
   7.985   1.01927   0.01067   0.00945  95.54703
   8.070   1.02951   0.01077   0.00921  95.63073
   8.156   1.03976   0.01088   0.00895  95.60261
   8.241   1.04995   0.01100   0.00870  95.43286
   8.327   1.06006   0.01115   0.00844  95.09163
   8.412   1.07003   0.01132   0.00819  94.55218
   8.497   1.07982   0.01151   0.00795  93.79487
   8.583   1.08940   0.01174   0.00772  92.81274
   8.668   1.09874   0.01199   0.00751  91.61904
   8.754   1.10786   0.01227   0.00733  90.25502
   8.839   1.11680   0.01258   0.00716  88.79267
   8.925   1.12560   0.01289   0.00702  87.32564
   9.010   1.13436   0.01320   0.00690  85.94697
   9.095   1.14314   0.01349   0.00679  84.72311
   9.181   1.15195   0.01377   0.00669  83.67923
   9.266   1.16080   0.01402   0.00661  82.80292
   9.352   1.16962   0.01425   0.00655  82.06037
   9.437   1.17837   0.01447   0.00652  81.41345
   9.523   1.18698   0.01468   0.00652  80.83028
   9.608   1.19543   0.01489   0.00656  80.28868
   9.693   1.20369   0.01509   0.00663  79.77497
   9.779   1.21174   0.01528   0.00675  79.28132
   9.864   1.21956   0.01548   0.00691  78.80320
   9.950   1.22716   0.01567   0.00712  78.33761
  10.035   1.23454   0.01585   0.00736  77.88207
  10.121   1.24170   0.01604   0.00765  77.43418
  10.206   1.24865   0.01622   0.00797  76.99151
  10.291   1.25540   0.01640   0.00833  76.55165
  10.377   1.26197   0.01658   0.00872  76.11239
  10.462   1.26837   0.01676   0.00914  75.67174
  10.548   1.27462   0.01694   0.00958  75.22811
  10.633   1.28074   0.01713   0.01004  74.78024
  10.719   1.28675   0.01731   0.01051  74.32727
  10.804   1.29267   0.01750   0.01099  73.86863
  10.889   1.29852   0.01769   0.01148  73.40402
  10.975   1.30432   0.01788   0.01197  72.93334
  11.060   1.31007   0.01808   0.01245  72.45655
  11.146   1.31580   0.01828   0.01293  71.97366
  11.231   1.32151   0.01849   0.01341  71.48461
  11.317   1.32720   0.01870   0.01387  70.98920
  11.402   1.33287   0.01891   0.01432  70.48705
  11.487   1.33851   0.01913   0.01477  69.97751
  11.573   1.34412   0.01935   0.01521  69.45968
  11.658   1.34967   0.01958   0.01564  68.93234
  11.744   1.35515   0.01981   0.01608  68.39400
  11.829   1.36053   0.02005   0.01652  67.84293
  11.915   1.36578   0.02030   0.01696  67.27725
  12.000   1.37089   0.02055   0.01741  66.69503
