--------------------------------------------------------------
  XFOIL-like Polar Output (Generated by NeuralFoil)
--------------------------------------------------------------
  alpha     CL        CD       Cm        CL/CD
--------------------------------------------------------------
  -5.000  -0.09176   0.00803  -0.08713  -11.43334
  -4.915  -0.08169   0.00793  -0.08725  -10.30526
  -4.829  -0.07177   0.00783  -0.08734  -9.17070
  -4.744  -0.06198   0.00772  -0.08740  -8.02897
  -4.658  -0.05233   0.00761  -0.08743  -6.87596
  -4.573  -0.04277   0.00750  -0.08743  -5.70463
  -4.487  -0.03329   0.00738  -0.08741  -4.50907
  -4.402  -0.02391   0.00727  -0.08736  -3.28907
  -4.317  -0.01465   0.00715  -0.08729  -2.04770
  -4.231  -0.00552   0.00704  -0.08720  -0.78366
  -4.146   0.00354   0.00693  -0.08710   0.51046
  -4.060   0.01257   0.00682  -0.08699   1.84364
  -3.975   0.02162   0.00671  -0.08688   3.22234
  -3.889   0.03071   0.00660  -0.08677   4.64927
  -3.804   0.03982   0.00650  -0.08666   6.12459
  -3.719   0.04896   0.00640  -0.08654   7.64827
  -3.633   0.05814   0.00631  -0.08643   9.22068
  -3.548   0.06738   0.00622  -0.08633  10.84122
  -3.462   0.07670   0.00613  -0.08623  12.50743
  -3.377   0.08609   0.00606  -0.08613  14.21577
  -3.291   0.09557   0.00599  -0.08605  15.96302
  -3.206   0.10511   0.00592  -0.08597  17.74711
  -3.121   0.11471   0.00586  -0.08590  19.56728
  -3.035   0.12436   0.00580  -0.08584  21.42353
  -2.950   0.13407   0.00575  -0.08579  23.31575
  -2.864   0.14382   0.00570  -0.08576  25.24323
  -2.779   0.15362   0.00565  -0.08573  27.20443
  -2.693   0.16344   0.00560  -0.08570  29.19693
  -2.608   0.17328   0.00555  -0.08568  31.21721
  -2.523   0.18312   0.00551  -0.08566  33.26032
  -2.437   0.19294   0.00546  -0.08564  35.31946
  -2.352   0.20273   0.00542  -0.08561  37.38559
  -2.266   0.21245   0.00539  -0.08557  39.44713
  -2.181   0.22208   0.00535  -0.08550  41.49001
  -2.095   0.23161   0.00532  -0.08542  43.49813
  -2.010   0.24100   0.00530  -0.08530  45.45442
  -1.925   0.25024   0.00529  -0.08516  47.34247
  -1.839   0.25933   0.00528  -0.08498  49.14858
  -1.754   0.26828   0.00527  -0.08478  50.86358
  -1.668   0.27710   0.00528  -0.08455  52.48393
  -1.583   0.28582   0.00529  -0.08431  54.01203
  -1.497   0.29447   0.00531  -0.08406  55.45612
  -1.412   0.30308   0.00533  -0.08380  56.82968
  -1.327   0.31169   0.00536  -0.08354  58.15012
  -1.241   0.32031   0.00539  -0.08329  59.43621
  -1.156   0.32896   0.00542  -0.08304  60.70489
  -1.070   0.33766   0.00545  -0.08281  61.96833
  -0.985   0.34640   0.00548  -0.08258  63.23215
  -0.899   0.35519   0.00551  -0.08236  64.49539
  -0.814   0.36401   0.00554  -0.08215  65.75200
  -0.729   0.37286   0.00557  -0.08194  66.99335
  -0.643   0.38173   0.00560  -0.08174  68.21082
  -0.558   0.39061   0.00563  -0.08154  69.39769
  -0.472   0.39951   0.00566  -0.08135  70.55004
  -0.387   0.40842   0.00570  -0.08116  71.66648
  -0.302   0.41733   0.00574  -0.08097  72.74692
  -0.216   0.42625   0.00578  -0.08079  73.79105
  -0.131   0.43516   0.00582  -0.08061  74.79688
  -0.045   0.44405   0.00586  -0.08043  75.75995
   0.040   0.45292   0.00591  -0.08024  76.67341
   0.126   0.46176   0.00596  -0.08006  77.52924
   0.211   0.47056   0.00601  -0.07987  78.32023
   0.296   0.47934   0.00606  -0.07967  79.04226
   0.382   0.48810   0.00612  -0.07947  79.69598
   0.467   0.49684   0.00619  -0.07927  80.28721
   0.553   0.50559   0.00626  -0.07907  80.82572
   0.638   0.51435   0.00632  -0.07887  81.32305
   0.724   0.52313   0.00640  -0.07867  81.79006
   0.809   0.53193   0.00647  -0.07848  82.23501
   0.894   0.54073   0.00654  -0.07830  82.66284
   0.980   0.54955   0.00662  -0.07812  83.07546
   1.065   0.55838   0.00669  -0.07794  83.47270
   1.151   0.56721   0.00676  -0.07777  83.85342
   1.236   0.57604   0.00684  -0.07761  84.21668
   1.322   0.58486   0.00692  -0.07744  84.56294
   1.407   0.59369   0.00699  -0.07728  84.89540
   1.492   0.60251   0.00707  -0.07713  85.22050
   1.578   0.61134   0.00715  -0.07698  85.54723
   1.663   0.62017   0.00722  -0.07683  85.88506
   1.749   0.62901   0.00729  -0.07668  86.24158
   1.834   0.63787   0.00736  -0.07654  86.62104
   1.920   0.64672   0.00743  -0.07640  87.02424
   2.005   0.65557   0.00750  -0.07626  87.44912
   2.090   0.66440   0.00756  -0.07611  87.89166
   2.176   0.67322   0.00762  -0.07597  88.34669
   2.261   0.68202   0.00768  -0.07581  88.80896
   2.347   0.69080   0.00774  -0.07565  89.27412
   2.432   0.69956   0.00780  -0.07549  89.73929
   2.518   0.70830   0.00785  -0.07531  90.20304
   2.603   0.71702   0.00791  -0.07513  90.66510
   2.688   0.72573   0.00796  -0.07494  91.12583
   2.774   0.73443   0.00802  -0.07474  91.58571
   2.859   0.74311   0.00807  -0.07453  92.04518
   2.945   0.75180   0.00813  -0.07432  92.50493
   3.030   0.76050   0.00818  -0.07411  92.96653
   3.116   0.76923   0.00823  -0.07390  93.43240
   3.201   0.77801   0.00829  -0.07371  93.90483
   3.286   0.78689   0.00834  -0.07353  94.38436
   3.372   0.79587   0.00839  -0.07337  94.86844
   3.457   0.80499   0.00844  -0.07324  95.35087
   3.543   0.81425   0.00850  -0.07315  95.82187
   3.628   0.82362   0.00856  -0.07310  96.26885
   3.714   0.83310   0.00862  -0.07307  96.67801
   3.799   0.84263   0.00868  -0.07306  97.03684
   3.884   0.85217   0.00875  -0.07307  97.33640
   3.970   0.86168   0.00883  -0.07308  97.57158
   4.055   0.87110   0.00891  -0.07308  97.73784
   4.141   0.88040   0.00900  -0.07306  97.82743
   4.226   0.88952   0.00909  -0.07301  97.83064
   4.312   0.89844   0.00919  -0.07294  97.74262
   4.397   0.90718   0.00930  -0.07284  97.56799
   4.482   0.91576   0.00941  -0.07272  97.31865
   4.568   0.92422   0.00953  -0.07257  97.00790
   4.653   0.93261   0.00965  -0.07241  96.64702
   4.739   0.94095   0.00978  -0.07224  96.24534
   4.824   0.94925   0.00991  -0.07205  95.81107
   4.910   0.95754   0.01004  -0.07187  95.35132
   4.995   0.96581   0.01018  -0.07167  94.87231
   5.080   0.97407   0.01032  -0.07148  94.38051
   5.166   0.98233   0.01046  -0.07128  93.88345
   5.251   0.99059   0.01061  -0.07108  93.38908
   5.337   0.99886   0.01075  -0.07088  92.90480
   5.422   1.00715   0.01090  -0.07068  92.43702
   5.508   1.01546   0.01104  -0.07049  91.99161
   5.593   1.02378   0.01118  -0.07029  91.57403
   5.678   1.03212   0.01132  -0.07009  91.18886
   5.764   1.04048   0.01145  -0.06990  90.83882
   5.849   1.04885   0.01159  -0.06970  90.52407
   5.935   1.05723   0.01172  -0.06951  90.24190
   6.020   1.06562   0.01184  -0.06931  89.98724
   6.106   1.07401   0.01197  -0.06911  89.75357
   6.191   1.08239   0.01209  -0.06891  89.53397
   6.276   1.09075   0.01221  -0.06870  89.32192
   6.362   1.09908   0.01233  -0.06849  89.11187
   6.447   1.10738   0.01246  -0.06828  88.89942
   6.533   1.11564   0.01258  -0.06806  88.68148
   6.618   1.12385   0.01271  -0.06783  88.45618
   6.704   1.13201   0.01283  -0.06760  88.22278
   6.789   1.14013   0.01296  -0.06737  87.98146
   6.874   1.14820   0.01309  -0.06713  87.73310
   6.960   1.15623   0.01322  -0.06689  87.47899
   7.045   1.16423   0.01335  -0.06664  87.22058
   7.131   1.17221   0.01348  -0.06638  86.95930
   7.216   1.18015   0.01361  -0.06612  86.69641
   7.302   1.18808   0.01375  -0.06586  86.43287
   7.387   1.19598   0.01388  -0.06559  86.16929
   7.472   1.20387   0.01401  -0.06531  85.90594
   7.558   1.21173   0.01415  -0.06503  85.64274
   7.643   1.21956   0.01428  -0.06475  85.37936
   7.729   1.22736   0.01442  -0.06446  85.11528
   7.814   1.23514   0.01456  -0.06416  84.84989
   7.899   1.24287   0.01469  -0.06386  84.58250
   7.985   1.25057   0.01483  -0.06355  84.31246
   8.070   1.25823   0.01497  -0.06324  84.03914
   8.156   1.26585   0.01511  -0.06292  83.76197
   8.241   1.27342   0.01525  -0.06259  83.48043
   8.327   1.28094   0.01540  -0.06225  83.19406
   8.412   1.28841   0.01554  -0.06191  82.90245
   8.497   1.29582   0.01569  -0.06156  82.60523
   8.583   1.30318   0.01583  -0.06120  82.30207
   8.668   1.31048   0.01598  -0.06083  81.99269
   8.754   1.31772   0.01613  -0.06045  81.67684
   8.839   1.32490   0.01629  -0.06006  81.35428
   8.925   1.33201   0.01644  -0.05966  81.02484
   9.010   1.33904   0.01660  -0.05925  80.68832
   9.095   1.34600   0.01675  -0.05883  80.34460
   9.181   1.35289   0.01691  -0.05840  79.99353
   9.266   1.35969   0.01707  -0.05796  79.63501
   9.352   1.36642   0.01724  -0.05751  79.26891
   9.437   1.37305   0.01740  -0.05704  78.89514
   9.523   1.37960   0.01757  -0.05656  78.51360
   9.608   1.38606   0.01774  -0.05607  78.12420
   9.693   1.39242   0.01791  -0.05557  77.72686
   9.779   1.39868   0.01809  -0.05505  77.32148
   9.864   1.40485   0.01827  -0.05452  76.90798
   9.950   1.41092   0.01845  -0.05398  76.48629
  10.035   1.41689   0.01863  -0.05342  76.05636
  10.121   1.42276   0.01882  -0.05285  75.61813
  10.206   1.42852   0.01900  -0.05227  75.17156
  10.291   1.43419   0.01920  -0.05167  74.71665
  10.377   1.43975   0.01939  -0.05107  74.25340
  10.462   1.44522   0.01959  -0.05045  73.78183
  10.548   1.45059   0.01979  -0.04982  73.30199
  10.633   1.45588   0.01999  -0.04919  72.81396
  10.719   1.46107   0.02020  -0.04854  72.31781
  10.804   1.46617   0.02042  -0.04789  71.81364
  10.889   1.47119   0.02063  -0.04723  71.30155
  10.975   1.47614   0.02085  -0.04656  70.78165
  11.060   1.48100   0.02108  -0.04589  70.25402
  11.146   1.48579   0.02131  -0.04522  69.71875
  11.231   1.49052   0.02155  -0.04455  69.17591
  11.317   1.49517   0.02179  -0.04387  68.62554
  11.402   1.49975   0.02203  -0.04319  68.06766
  11.487   1.50426   0.02228  -0.04251  67.50228
  11.573   1.50870   0.02254  -0.04183  66.92938
  11.658   1.51306   0.02280  -0.04115  66.34893
  11.744   1.51735   0.02307  -0.04047  65.76089
  11.829   1.52157   0.02335  -0.03978  65.16522
  11.915   1.52570   0.02363  -0.03910  64.56186
  12.000   1.52976   0.02392  -0.03842  63.95077
