--------------------------------------------------------------
  XFOIL-like Polar Output (Generated by NeuralFoil)
--------------------------------------------------------------
  alpha     CL        CD       Cm        CL/CD
--------------------------------------------------------------
  -5.000  -0.54493   0.00978   0.02496  -55.69508
  -4.915  -0.53529   0.00974   0.02493  -54.94892
  -4.829  -0.52565   0.00970   0.02490  -54.19255
  -4.744  -0.51602   0.00966   0.02488  -53.42559
  -4.658  -0.50640   0.00962   0.02486  -52.64723
  -4.573  -0.49678   0.00958   0.02485  -51.85666
  -4.487  -0.48716   0.00954   0.02484  -51.05340
  -4.402  -0.47754   0.00951   0.02484  -50.23741
  -4.317  -0.46793   0.00947   0.02484  -49.40915
  -4.231  -0.45831   0.00944   0.02484  -48.56947
  -4.146  -0.44870   0.00940   0.02485  -47.71946
  -4.060  -0.43910   0.00937   0.02486  -46.86033
  -3.975  -0.42951   0.00934   0.02487  -45.99325
  -3.889  -0.41994   0.00931   0.02489  -45.11915
  -3.804  -0.41038   0.00928   0.02491  -44.23870
  -3.719  -0.40083   0.00925   0.02493  -43.35222
  -3.633  -0.39129   0.00922   0.02496  -42.45974
  -3.548  -0.38176   0.00919   0.02499  -41.56109
  -3.462  -0.37224   0.00916   0.02502  -40.65601
  -3.377  -0.36273   0.00913   0.02505  -39.74423
  -3.291  -0.35321   0.00910   0.02509  -38.82554
  -3.206  -0.34370   0.00907   0.02512  -37.89984
  -3.121  -0.33418   0.00904   0.02516  -36.96714
  -3.035  -0.32466   0.00901   0.02520  -36.02754
  -2.950  -0.31513   0.00898   0.02525  -35.08122
  -2.864  -0.30561   0.00895   0.02529  -34.12838
  -2.779  -0.29607   0.00893   0.02534  -33.16925
  -2.693  -0.28654   0.00890   0.02538  -32.20403
  -2.608  -0.27699   0.00887   0.02543  -31.23288
  -2.523  -0.26745   0.00884   0.02548  -30.25593
  -2.437  -0.25790   0.00881   0.02553  -29.27322
  -2.352  -0.24834   0.00878   0.02558  -28.28475
  -2.266  -0.23879   0.00875   0.02564  -27.29042
  -2.181  -0.22922   0.00872   0.02569  -26.29008
  -2.095  -0.21965   0.00869   0.02574  -25.28349
  -2.010  -0.21008   0.00866   0.02580  -24.27037
  -1.925  -0.20050   0.00862   0.02585  -23.25036
  -1.839  -0.19091   0.00859   0.02591  -22.22307
  -1.754  -0.18131   0.00856   0.02596  -21.18807
  -1.668  -0.17171   0.00852   0.02601  -20.14492
  -1.583  -0.16209   0.00849   0.02607  -19.09318
  -1.497  -0.15246   0.00845   0.02612  -18.03241
  -1.412  -0.14283   0.00842   0.02617  -16.96219
  -1.327  -0.13318   0.00839   0.02622  -15.88215
  -1.241  -0.12352   0.00835   0.02626  -14.79192
  -1.156  -0.11384   0.00831   0.02631  -13.69120
  -1.070  -0.10415   0.00828   0.02636  -12.57971
  -0.985  -0.09445   0.00824   0.02640  -11.45727
  -0.899  -0.08474   0.00821   0.02645  -10.32375
  -0.814  -0.07502   0.00817   0.02649  -9.17912
  -0.729  -0.06528   0.00814   0.02653  -8.02342
  -0.643  -0.05554   0.00810   0.02658  -6.85673
  -0.558  -0.04580   0.00806   0.02662  -5.67916
  -0.472  -0.03605   0.00803   0.02666  -4.49083
  -0.387  -0.02630   0.00799   0.02671  -3.29184
  -0.302  -0.01656   0.00795   0.02675  -2.08230
  -0.216  -0.00682   0.00791   0.02679  -0.86229
  -0.131   0.00290   0.00788   0.02684   0.36807
  -0.045   0.01261   0.00784   0.02689   1.60865
   0.040   0.02230   0.00780   0.02694   2.85926
   0.126   0.03198   0.00776   0.02700   4.11963
   0.211   0.04163   0.00772   0.02706   5.38946
   0.296   0.05125   0.00769   0.02712   6.66841
   0.382   0.06085   0.00765   0.02719   7.95611
   0.467   0.07042   0.00761   0.02726   9.25219
   0.553   0.07995   0.00757   0.02734  10.55634
   0.638   0.08945   0.00754   0.02743  11.86832
   0.724   0.09892   0.00750   0.02752  13.18802
   0.809   0.10837   0.00747   0.02761  14.51557
   0.894   0.11778   0.00743   0.02771  15.85133
   0.980   0.12718   0.00740   0.02781  17.19607
   1.065   0.13656   0.00736   0.02792  18.55104
   1.151   0.14594   0.00733   0.02802  19.91813
   1.236   0.15532   0.00729   0.02813  21.30003
   1.322   0.16473   0.00726   0.02823  22.70037
   1.407   0.17418   0.00722   0.02833  24.12379
   1.492   0.18370   0.00718   0.02842  25.57588
   1.578   0.19329   0.00714   0.02850  27.06264
   1.663   0.20298   0.00710   0.02856  28.58905
   1.749   0.21280   0.00706   0.02860  30.15593
   1.834   0.22273   0.00701   0.02862  31.75328
   1.920   0.23276   0.00698   0.02859  33.34715
   2.005   0.24280   0.00697   0.02853  34.85577
   2.090   0.25271   0.00700   0.02843  36.11255
   2.176   0.26225   0.00712   0.02829  36.83166
   2.261   0.27121   0.00740   0.02815  36.65041
   2.347   0.27954   0.00790   0.02804  35.39762
   2.432   0.28751   0.00858   0.02795  33.50524
   2.518   0.29575   0.00928   0.02778  31.87595
   2.603   0.30479   0.00980   0.02751  31.11482
   2.688   0.31461   0.01009   0.02718  31.16975
   2.774   0.32479   0.01025   0.02685  31.68353
   2.859   0.33499   0.01035   0.02660  32.38088
   2.945   0.34507   0.01041   0.02642  33.13833
   3.030   0.35497   0.01047   0.02633  33.91453
   3.116   0.36469   0.01051   0.02629  34.69406
   3.201   0.37422   0.01055   0.02630  35.46658
   3.286   0.38354   0.01059   0.02634  36.22404
   3.372   0.39266   0.01062   0.02641  36.96146
   3.457   0.40160   0.01066   0.02649  37.67681
   3.543   0.41037   0.01070   0.02659  38.37007
   3.628   0.41899   0.01073   0.02671  39.04232
   3.714   0.42747   0.01077   0.02684  39.69523
   3.799   0.43582   0.01081   0.02698  40.33084
   3.884   0.44407   0.01084   0.02713  40.95152
   3.970   0.45222   0.01088   0.02729  41.56004
   4.055   0.46027   0.01092   0.02747  42.15966
   4.141   0.46822   0.01095   0.02767  42.75423
   4.226   0.47608   0.01098   0.02788  43.34833
   4.312   0.48384   0.01101   0.02810  43.94725
   4.397   0.49149   0.01103   0.02836  44.55684
   4.482   0.49903   0.01104   0.02863  45.18281
   4.568   0.50647   0.01105   0.02893  45.82964
   4.653   0.51381   0.01105   0.02927  46.49941
   4.739   0.52106   0.01104   0.02962  47.19087
   4.824   0.52823   0.01103   0.03001  47.89929
   4.910   0.53531   0.01101   0.03041  48.61670
   4.995   0.54230   0.01099   0.03084  49.33210
   5.080   0.54917   0.01098   0.03129  50.03173
   5.166   0.55591   0.01096   0.03176  50.69982
   5.251   0.56252   0.01096   0.03226  51.32050
   5.337   0.56903   0.01097   0.03278  51.88044
   5.422   0.57552   0.01099   0.03332  52.37132
   5.508   0.58208   0.01103   0.03385  52.79098
   5.593   0.58883   0.01108   0.03436  53.14290
   5.678   0.59588   0.01115   0.03483  53.43478
   5.764   0.60331   0.01124   0.03523  53.67690
   5.849   0.61115   0.01134   0.03555  53.88065
   5.935   0.61936   0.01146   0.03580  54.05724
   6.020   0.62790   0.01158   0.03598  54.21654
   6.106   0.63668   0.01171   0.03611  54.36623
   6.191   0.64561   0.01184   0.03620  54.51156
   6.276   0.65463   0.01198   0.03628  54.65544
   6.362   0.66367   0.01211   0.03634  54.79901
   6.447   0.67269   0.01224   0.03641  54.94220
   6.533   0.68166   0.01237   0.03648  55.08425
   6.618   0.69055   0.01250   0.03656  55.22410
   6.704   0.69937   0.01263   0.03665  55.36060
   6.789   0.70809   0.01276   0.03676  55.49271
   6.874   0.71673   0.01289   0.03688  55.61948
   6.960   0.72527   0.01301   0.03701  55.74014
   7.045   0.73373   0.01314   0.03716  55.85405
   7.131   0.74209   0.01326   0.03732  55.96068
   7.216   0.75036   0.01339   0.03750  56.05957
   7.302   0.75855   0.01351   0.03769  56.15036
   7.387   0.76664   0.01363   0.03789  56.23267
   7.472   0.77464   0.01376   0.03810  56.30622
   7.558   0.78255   0.01388   0.03832  56.37075
   7.643   0.79035   0.01401   0.03856  56.42613
   7.729   0.79806   0.01413   0.03880  56.47236
   7.814   0.80567   0.01426   0.03906  56.50959
   7.899   0.81319   0.01438   0.03932  56.53811
   7.985   0.82062   0.01451   0.03960  56.55832
   8.070   0.82797   0.01464   0.03988  56.57063
   8.156   0.83524   0.01476   0.04016  56.57540
   8.241   0.84244   0.01489   0.04046  56.57293
   8.327   0.84959   0.01502   0.04075  56.56341
   8.412   0.85668   0.01515   0.04105  56.54694
   8.497   0.86372   0.01528   0.04135  56.52350
   8.583   0.87071   0.01541   0.04166  56.49304
   8.668   0.87767   0.01555   0.04196  56.45542
   8.754   0.88458   0.01568   0.04226  56.41048
   8.839   0.89146   0.01582   0.04256  56.35805
   8.925   0.89831   0.01596   0.04285  56.29789
   9.010   0.90512   0.01610   0.04314  56.22980
   9.095   0.91191   0.01624   0.04343  56.15351
   9.181   0.91866   0.01638   0.04371  56.06877
   9.266   0.92539   0.01653   0.04399  55.97530
   9.352   0.93209   0.01668   0.04426  55.87277
   9.437   0.93876   0.01684   0.04452  55.76087
   9.523   0.94539   0.01699   0.04478  55.63922
   9.608   0.95200   0.01715   0.04504  55.50746
   9.693   0.95856   0.01731   0.04528  55.36519
   9.779   0.96508   0.01748   0.04553  55.21205
   9.864   0.97155   0.01765   0.04577  55.04768
   9.950   0.97796   0.01782   0.04602  54.87178
  10.035   0.98432   0.01800   0.04626  54.68418
  10.121   0.99062   0.01818   0.04650  54.48480
  10.206   0.99685   0.01837   0.04675  54.27377
  10.291   1.00302   0.01856   0.04699  54.05145
  10.377   1.00913   0.01875   0.04724  53.81844
  10.462   1.01518   0.01895   0.04749  53.57561
  10.548   1.02119   0.01915   0.04774  53.32411
  10.633   1.02718   0.01936   0.04798  53.06537
  10.719   1.03315   0.01957   0.04821  52.80098
  10.804   1.03914   0.01978   0.04843  52.53271
  10.889   1.04517   0.02000   0.04864  52.26238
  10.975   1.05125   0.02022   0.04882  51.99176
  11.060   1.05743   0.02044   0.04898  51.72252
  11.146   1.06370   0.02067   0.04910  51.45612
  11.231   1.07010   0.02090   0.04919  51.19372
  11.317   1.07664   0.02114   0.04925  50.93621
  11.402   1.08333   0.02137   0.04927  50.68412
  11.487   1.09018   0.02161   0.04924  50.43766
  11.573   1.09718   0.02186   0.04918  50.19676
  11.658   1.10433   0.02210   0.04908  49.96107
  11.744   1.11162   0.02235   0.04895  49.73003
  11.829   1.11905   0.02261   0.04877  49.50294
  11.915   1.12659   0.02286   0.04857  49.27899
  12.000   1.13424   0.02312   0.04834  49.05731
