--------------------------------------------------------------
  XFOIL-like Polar Output (Generated by NeuralFoil)
--------------------------------------------------------------
  alpha     CL        CD       Cm        CL/CD
--------------------------------------------------------------
  -5.000  -0.10603   0.00837  -0.10391  -12.66501
  -4.915  -0.09631   0.00830  -0.10394  -11.60750
  -4.829  -0.08657   0.00823  -0.10396  -10.52429
  -4.744  -0.07682   0.00816  -0.10398  -9.41582
  -4.658  -0.06706   0.00810  -0.10401  -8.28303
  -4.573  -0.05728   0.00804  -0.10404  -7.12712
  -4.487  -0.04749   0.00798  -0.10407  -5.94937
  -4.402  -0.03768   0.00793  -0.10410  -4.75106
  -4.317  -0.02786   0.00788  -0.10413  -3.53363
  -4.231  -0.01803   0.00784  -0.10417  -2.29885
  -4.146  -0.00818   0.00780  -0.10420  -1.04887
  -4.060   0.00166   0.00777  -0.10423   0.21399
  -3.975   0.01150   0.00773  -0.10427   1.48755
  -3.889   0.02134   0.00770  -0.10430   2.77007
  -3.804   0.03116   0.00767  -0.10433   4.06025
  -3.719   0.04097   0.00765  -0.10436   5.35720
  -3.633   0.05076   0.00762  -0.10439   6.66029
  -3.548   0.06055   0.00760  -0.10442   7.96892
  -3.462   0.07032   0.00758  -0.10445   9.28246
  -3.377   0.08009   0.00756  -0.10447  10.60020
  -3.291   0.08985   0.00754  -0.10450  11.92134
  -3.206   0.09959   0.00752  -0.10453  13.24503
  -3.121   0.10933   0.00750  -0.10455  14.57040
  -3.035   0.11906   0.00749  -0.10458  15.89663
  -2.950   0.12878   0.00748  -0.10461  17.22291
  -2.864   0.13849   0.00747  -0.10464  18.54853
  -2.779   0.14820   0.00746  -0.10467  19.87281
  -2.693   0.15790   0.00745  -0.10470  21.19514
  -2.608   0.16761   0.00744  -0.10473  22.51492
  -2.523   0.17731   0.00744  -0.10476  23.83160
  -2.437   0.18701   0.00744  -0.10480  25.14459
  -2.352   0.19671   0.00744  -0.10484  26.45334
  -2.266   0.20641   0.00744  -0.10488  27.75721
  -2.181   0.21612   0.00744  -0.10492  29.05560
  -2.095   0.22583   0.00744  -0.10496  30.34787
  -2.010   0.23554   0.00745  -0.10500  31.63337
  -1.925   0.24525   0.00745  -0.10505  32.91151
  -1.839   0.25497   0.00746  -0.10509  34.18173
  -1.754   0.26468   0.00747  -0.10513  35.44357
  -1.668   0.27440   0.00748  -0.10518  36.69665
  -1.583   0.28412   0.00749  -0.10522  37.94072
  -1.497   0.29383   0.00750  -0.10526  39.17566
  -1.412   0.30354   0.00751  -0.10530  40.40149
  -1.327   0.31325   0.00753  -0.10534  41.61834
  -1.241   0.32295   0.00754  -0.10538  42.82648
  -1.156   0.33264   0.00756  -0.10542  44.02627
  -1.070   0.34233   0.00757  -0.10545  45.21818
  -0.985   0.35201   0.00759  -0.10549  46.40270
  -0.899   0.36168   0.00760  -0.10552  47.58039
  -0.814   0.37134   0.00762  -0.10556  48.75180
  -0.729   0.38099   0.00763  -0.10559  49.91747
  -0.643   0.39063   0.00765  -0.10562  51.07788
  -0.558   0.40027   0.00766  -0.10565  52.23347
  -0.472   0.40989   0.00768  -0.10568  53.38460
  -0.387   0.41951   0.00769  -0.10571  54.53155
  -0.302   0.42912   0.00771  -0.10574  55.67453
  -0.216   0.43873   0.00772  -0.10577  56.81370
  -0.131   0.44833   0.00774  -0.10579  57.94915
  -0.045   0.45793   0.00775  -0.10582  59.08094
   0.040   0.46753   0.00777  -0.10584  60.20908
   0.126   0.47712   0.00778  -0.10586  61.33358
   0.211   0.48671   0.00779  -0.10588  62.45444
   0.296   0.49630   0.00781  -0.10590  63.57166
   0.382   0.50588   0.00782  -0.10592  64.68526
   0.467   0.51547   0.00783  -0.10594  65.79526
   0.553   0.52504   0.00785  -0.10596  66.90171
   0.638   0.53462   0.00786  -0.10597  68.00469
   0.724   0.54419   0.00787  -0.10599  69.10429
   0.809   0.55375   0.00789  -0.10600  70.20062
   0.894   0.56331   0.00790  -0.10601  71.29381
   0.980   0.57287   0.00791  -0.10602  72.38399
   1.065   0.58242   0.00793  -0.10603  73.47129
   1.151   0.59197   0.00794  -0.10604  74.55585
   1.236   0.60151   0.00795  -0.10604  75.63774
   1.322   0.61104   0.00796  -0.10605  76.71705
   1.407   0.62058   0.00798  -0.10605  77.79378
   1.492   0.63010   0.00799  -0.10605  78.86790
   1.578   0.63962   0.00800  -0.10606  79.93929
   1.663   0.64914   0.00801  -0.10606  81.00775
   1.749   0.65864   0.00803  -0.10606  82.07299
   1.834   0.66815   0.00804  -0.10606  83.13463
   1.920   0.67764   0.00805  -0.10605  84.19216
   2.005   0.68712   0.00806  -0.10605  85.24497
   2.090   0.69660   0.00807  -0.10605  86.29238
   2.176   0.70607   0.00808  -0.10605  87.33360
   2.261   0.71552   0.00810  -0.10605  88.36780
   2.347   0.72496   0.00811  -0.10605  89.39414
   2.432   0.73439   0.00812  -0.10604  90.41181
   2.518   0.74380   0.00814  -0.10604  91.42007
   2.603   0.75319   0.00815  -0.10604  92.41832
   2.688   0.76257   0.00816  -0.10604  93.40612
   2.774   0.77192   0.00818  -0.10604  94.38325
   2.859   0.78126   0.00819  -0.10603  95.34969
   2.945   0.79058   0.00821  -0.10603  96.30564
   3.030   0.79989   0.00822  -0.10603  97.25149
   3.116   0.80917   0.00824  -0.10602  98.18776
   3.201   0.81844   0.00826  -0.10601  99.11506
   3.286   0.82770   0.00827  -0.10600  100.03397
   3.372   0.83694   0.00829  -0.10598  100.94497
   3.457   0.84618   0.00831  -0.10597  101.84837
   3.543   0.85542   0.00833  -0.10595  102.74418
   3.628   0.86466   0.00834  -0.10593  103.63205
   3.714   0.87393   0.00836  -0.10592  104.51117
   3.799   0.88322   0.00838  -0.10590  105.38027
   3.884   0.89257   0.00840  -0.10589  106.23753
   3.970   0.90196   0.00842  -0.10589  107.08071
   4.055   0.91143   0.00845  -0.10589  107.90717
   4.141   0.92096   0.00847  -0.10589  108.71415
   4.226   0.93055   0.00850  -0.10591  109.49914
   4.312   0.94016   0.00853  -0.10592  110.26031
   4.397   0.94973   0.00856  -0.10592  110.99720
   4.482   0.95919   0.00859  -0.10590  111.71111
   4.568   0.96842   0.00862  -0.10583  112.40492
   4.653   0.97729   0.00864  -0.10569  113.08148
   4.739   0.98569   0.00867  -0.10545  113.74057
   4.824   0.99354   0.00869  -0.10508  114.37444
   4.910   1.00086   0.00871  -0.10460  114.95883
   4.995   1.00776   0.00873  -0.10403  115.42068
   5.080   1.01442   0.00878  -0.10343  115.55294
   5.166   1.02110   0.00889  -0.10289  114.92083
   5.251   1.02792   0.00910  -0.10248  112.96624
   5.337   1.03481   0.00945  -0.10224  109.45434
   5.422   1.04154   0.00993  -0.10208  104.90852
   5.508   1.04788   0.01044  -0.10191  100.38113
   5.593   1.05369   0.01090  -0.10161  96.67242
   5.678   1.05900   0.01127  -0.10114  93.93850
   5.764   1.06404   0.01157  -0.10055  91.96044
   5.849   1.06914   0.01181  -0.09990  90.49743
   5.935   1.07458   0.01202  -0.09925  89.39833
   6.020   1.08048   0.01220  -0.09865  88.57271
   6.106   1.08681   0.01236  -0.09809  87.95287
   6.191   1.09347   0.01250  -0.09758  87.48040
   6.276   1.10034   0.01263  -0.09710  87.10638
   6.362   1.10731   0.01276  -0.09664  86.79318
   6.447   1.11431   0.01288  -0.09619  86.51401
   6.533   1.12128   0.01300  -0.09574  86.25078
   6.618   1.12819   0.01312  -0.09529  85.99155
   6.704   1.13502   0.01324  -0.09482  85.72844
   6.789   1.14174   0.01336  -0.09434  85.45613
   6.874   1.14834   0.01348  -0.09385  85.17096
   6.960   1.15483   0.01361  -0.09333  84.87031
   7.045   1.16118   0.01373  -0.09280  84.55233
   7.131   1.16740   0.01386  -0.09225  84.21577
   7.216   1.17350   0.01399  -0.09167  83.85985
   7.302   1.17948   0.01413  -0.09108  83.48431
   7.387   1.18536   0.01427  -0.09047  83.08928
   7.472   1.19114   0.01441  -0.08985  82.67532
   7.558   1.19684   0.01455  -0.08923  82.24330
   7.643   1.20249   0.01470  -0.08859  81.79436
   7.729   1.20809   0.01485  -0.08795  81.32979
   7.814   1.21367   0.01501  -0.08732  80.85095
   7.899   1.21924   0.01517  -0.08669  80.35912
   7.985   1.22482   0.01534  -0.08607  79.85549
   8.070   1.23041   0.01551  -0.08547  79.34103
   8.156   1.23602   0.01568  -0.08487  78.81650
   8.241   1.24166   0.01586  -0.08430  78.28245
   8.327   1.24730   0.01604  -0.08373  77.73924
   8.412   1.25297   0.01623  -0.08319  77.18710
   8.497   1.25863   0.01643  -0.08265  76.62615
   8.583   1.26430   0.01662  -0.08213  76.05650
   8.668   1.26995   0.01683  -0.08162  75.47823
   8.754   1.27559   0.01703  -0.08112  74.89144
   8.839   1.28119   0.01724  -0.08063  74.29623
   8.925   1.28676   0.01746  -0.08015  73.69275
   9.010   1.29228   0.01768  -0.07967  73.08115
   9.095   1.29775   0.01791  -0.07919  72.46165
   9.181   1.30317   0.01814  -0.07872  71.83451
   9.266   1.30853   0.01838  -0.07824  71.20004
   9.352   1.31383   0.01862  -0.07777  70.55863
   9.437   1.31906   0.01887  -0.07730  69.91070
   9.523   1.32423   0.01912  -0.07682  69.25672
   9.608   1.32933   0.01938  -0.07635  68.59721
   9.693   1.33436   0.01964  -0.07587  67.93266
   9.779   1.33933   0.01991  -0.07539  67.26360
   9.864   1.34423   0.02019  -0.07492  66.59050
   9.950   1.34906   0.02047  -0.07444  65.91384
  10.035   1.35382   0.02075  -0.07396  65.23405
  10.121   1.35852   0.02105  -0.07348  64.55154
  10.206   1.36315   0.02134  -0.07300  63.86667
  10.291   1.36771   0.02165  -0.07252  63.17982
  10.377   1.37221   0.02196  -0.07204  62.49131
  10.462   1.37663   0.02228  -0.07156  61.80149
  10.548   1.38100   0.02260  -0.07107  61.11067
  10.633   1.38529   0.02293  -0.07059  60.41920
  10.719   1.38952   0.02326  -0.07011  59.72741
  10.804   1.39368   0.02361  -0.06963  59.03565
  10.889   1.39778   0.02396  -0.06916  58.34428
  10.975   1.40181   0.02431  -0.06868  57.65369
  11.060   1.40578   0.02468  -0.06821  56.96426
  11.146   1.40968   0.02505  -0.06773  56.27640
  11.231   1.41352   0.02543  -0.06726  55.59054
  11.317   1.41730   0.02581  -0.06679  54.90711
  11.402   1.42102   0.02621  -0.06633  54.22656
  11.487   1.42468   0.02661  -0.06586  53.54934
  11.573   1.42828   0.02701  -0.06540  52.87593
  11.658   1.43183   0.02743  -0.06495  52.20679
  11.744   1.43532   0.02785  -0.06449  51.54237
  11.829   1.43875   0.02828  -0.06405  50.88315
  11.915   1.44213   0.02871  -0.06360  50.22955
  12.000   1.44546   0.02915  -0.06316  49.58199
