--------------------------------------------------------------
  XFOIL-like Polar Output (Generated by NeuralFoil)
--------------------------------------------------------------
  alpha     CL        CD       Cm        CL/CD
--------------------------------------------------------------
  -5.000  -0.23811   0.00872  -0.06103  -27.31972
  -4.915  -0.22856   0.00867  -0.06104  -26.35584
  -4.829  -0.21901   0.00863  -0.06105  -25.37825
  -4.744  -0.20945   0.00859  -0.06106  -24.38722
  -4.658  -0.19988   0.00855  -0.06107  -23.38312
  -4.573  -0.19030   0.00851  -0.06108  -22.36640
  -4.487  -0.18071   0.00847  -0.06109  -21.33761
  -4.402  -0.17113   0.00843  -0.06111  -20.29726
  -4.317  -0.16153   0.00839  -0.06112  -19.24581
  -4.231  -0.15194   0.00836  -0.06114  -18.18357
  -4.146  -0.14234   0.00832  -0.06116  -17.11072
  -4.060  -0.13274   0.00828  -0.06118  -16.02724
  -3.975  -0.12313   0.00825  -0.06119  -14.93300
  -3.889  -0.11352   0.00821  -0.06122  -13.82773
  -3.804  -0.10389   0.00817  -0.06124  -12.71112
  -3.719  -0.09426   0.00814  -0.06126  -11.58284
  -3.633  -0.08461   0.00810  -0.06128  -10.44265
  -3.548  -0.07495   0.00807  -0.06131  -9.29039
  -3.462  -0.06528   0.00803  -0.06133  -8.12605
  -3.377  -0.05559   0.00800  -0.06136  -6.94979
  -3.291  -0.04590   0.00797  -0.06138  -5.76186
  -3.206  -0.03619   0.00793  -0.06141  -4.56258
  -3.121  -0.02648   0.00790  -0.06144  -3.35227
  -3.035  -0.01677   0.00787  -0.06146  -2.13120
  -2.950  -0.00705   0.00783  -0.06149  -0.89955
  -2.864   0.00267   0.00780  -0.06152   0.34257
  -2.779   0.01240   0.00777  -0.06155   1.59513
  -2.693   0.02213   0.00774  -0.06157   2.85812
  -2.608   0.03186   0.00771  -0.06160   4.13150
  -2.523   0.04160   0.00768  -0.06162   5.41519
  -2.437   0.05135   0.00765  -0.06165   6.70909
  -2.352   0.06110   0.00762  -0.06167   8.01312
  -2.266   0.07085   0.00760  -0.06170   9.32740
  -2.181   0.08062   0.00757  -0.06173  10.65239
  -2.095   0.09039   0.00754  -0.06175  11.98900
  -2.010   0.10017   0.00751  -0.06178  13.33863
  -1.925   0.10998   0.00748  -0.06181  14.70296
  -1.839   0.11981   0.00745  -0.06184  16.08365
  -1.754   0.12969   0.00742  -0.06188  17.48180
  -1.668   0.13959   0.00739  -0.06191  18.89759
  -1.583   0.14953   0.00735  -0.06194  20.33020
  -1.497   0.15947   0.00732  -0.06198  21.77819
  -1.412   0.16940   0.00729  -0.06201  23.24036
  -1.327   0.17929   0.00725  -0.06204  24.71676
  -1.241   0.18915   0.00722  -0.06206  26.20940
  -1.156   0.19895   0.00718  -0.06208  27.72238
  -1.070   0.20872   0.00713  -0.06210  29.26132
  -0.985   0.21845   0.00709  -0.06212  30.83214
  -0.899   0.22814   0.00703  -0.06214  32.43953
  -0.814   0.23779   0.00698  -0.06215  34.08602
  -0.729   0.24741   0.00692  -0.06217  35.77155
  -0.643   0.25700   0.00685  -0.06219  37.49225
  -0.558   0.26657   0.00679  -0.06220  39.23906
  -0.472   0.27615   0.00674  -0.06221  40.99988
  -0.387   0.28574   0.00668  -0.06221  42.76661
  -0.302   0.29534   0.00663  -0.06221  44.54046
  -0.216   0.30492   0.00658  -0.06220  46.32983
  -0.131   0.31449   0.00653  -0.06218  48.14251
  -0.045   0.32405   0.00648  -0.06216  49.97720
   0.040   0.33361   0.00644  -0.06213  51.82159
   0.126   0.34316   0.00640  -0.06210  53.66061
   0.211   0.35270   0.00636  -0.06207  55.48722
   0.296   0.36223   0.00632  -0.06204  57.30621
   0.382   0.37174   0.00629  -0.06202  59.13152
   0.467   0.38124   0.00625  -0.06200  60.98314
   0.553   0.39074   0.00621  -0.06199  62.88727
   0.638   0.40025   0.00617  -0.06200  64.87972
   0.724   0.40974   0.00611  -0.06201  67.01009
   0.809   0.41911   0.00604  -0.06198  69.33960
   0.894   0.42814   0.00595  -0.06185  71.91959
   0.980   0.43651   0.00584  -0.06152  74.74559
   1.065   0.44398   0.00571  -0.06095  77.72365
   1.151   0.45074   0.00559  -0.06019  80.70139
   1.236   0.45748   0.00548  -0.05941  83.53395
   1.322   0.46489   0.00540  -0.05878  86.11015
   1.407   0.47324   0.00536  -0.05835  88.35115
   1.492   0.48232   0.00535  -0.05809  90.22867
   1.578   0.49181   0.00536  -0.05793  91.78178
   1.663   0.50147   0.00539  -0.05783  93.09909
   1.749   0.51122   0.00542  -0.05775  94.28098
   1.834   0.52111   0.00546  -0.05772  95.41114
   1.920   0.53124   0.00550  -0.05776  96.54654
   2.005   0.54176   0.00554  -0.05789  97.71905
   2.090   0.55280   0.00559  -0.05814  98.94024
   2.176   0.56445   0.00563  -0.05854  100.20541
   2.261   0.57675   0.00568  -0.05909  101.49709
   2.347   0.58966   0.00574  -0.05980  102.78915
   2.432   0.60310   0.00580  -0.06063  104.05199
   2.518   0.61692   0.00586  -0.06157  105.25791
   2.603   0.63096   0.00593  -0.06257  106.38525
   2.688   0.64508   0.00601  -0.06360  107.42026
   2.774   0.65912   0.00608  -0.06463  108.35666
   2.859   0.67297   0.00616  -0.06563  109.19369
   2.945   0.68653   0.00624  -0.06657  109.93366
   3.030   0.69971   0.00633  -0.06744  110.58006
   3.116   0.71245   0.00641  -0.06821  111.13638
   3.201   0.72472   0.00649  -0.06888  111.60556
   3.286   0.73648   0.00658  -0.06945  111.99003
   3.372   0.74773   0.00666  -0.06990  112.29224
   3.457   0.75847   0.00674  -0.07024  112.51555
   3.543   0.76872   0.00682  -0.07047  112.66529
   3.628   0.77851   0.00690  -0.07060  112.74929
   3.714   0.78787   0.00699  -0.07063  112.77785
   3.799   0.79684   0.00707  -0.07058  112.76268
   3.884   0.80547   0.00715  -0.07045  112.71557
   3.970   0.81381   0.00722  -0.07025  112.64696
   4.055   0.82190   0.00730  -0.07000  112.56510
   4.141   0.82978   0.00738  -0.06969  112.47588
   4.226   0.83749   0.00745  -0.06935  112.38320
   4.312   0.84507   0.00753  -0.06897  112.28954
   4.397   0.85255   0.00760  -0.06857  112.19635
   4.482   0.85995   0.00767  -0.06815  112.10414
   4.568   0.86729   0.00774  -0.06772  112.01243
   4.653   0.87461   0.00781  -0.06728  111.91967
   4.739   0.88192   0.00789  -0.06683  111.82341
   4.824   0.88925   0.00796  -0.06639  111.72016
   4.910   0.89660   0.00803  -0.06595  111.60453
   4.995   0.90398   0.00811  -0.06552  111.46754
   5.080   0.91140   0.00819  -0.06510  111.29401
   5.166   0.91881   0.00827  -0.06468  111.05943
   5.251   0.92617   0.00836  -0.06427  110.72713
   5.337   0.93343   0.00847  -0.06385  110.24748
   5.422   0.94051   0.00858  -0.06341  109.55955
   5.508   0.94735   0.00872  -0.06294  108.59482
   5.593   0.95388   0.00889  -0.06243  107.28573
   5.678   0.96008   0.00909  -0.06189  105.58487
   5.764   0.96600   0.00933  -0.06130  103.49658
   5.849   0.97172   0.00961  -0.06069  101.10805
   5.935   0.97734   0.00991  -0.06006  98.59931
   6.020   0.98299   0.01022  -0.05945  96.20775
   6.106   0.98877   0.01050  -0.05886  94.13140
   6.191   0.99477   0.01076  -0.05830  92.44703
   6.276   1.00105   0.01098  -0.05777  91.13048
   6.362   1.00762   0.01118  -0.05728  90.12111
   6.447   1.01445   0.01135  -0.05683  89.35493
   6.533   1.02152   0.01151  -0.05641  88.77137
   6.618   1.02875   0.01165  -0.05602  88.31570
   6.704   1.03610   0.01178  -0.05564  87.94279
   6.789   1.04353   0.01191  -0.05529  87.61957
   6.874   1.05102   0.01204  -0.05494  87.32460
   6.960   1.05855   0.01216  -0.05461  87.04541
   7.045   1.06611   0.01229  -0.05428  86.77537
   7.131   1.07370   0.01241  -0.05396  86.51111
   7.216   1.08131   0.01254  -0.05364  86.25080
   7.302   1.08893   0.01266  -0.05332  85.99324
   7.387   1.09656   0.01279  -0.05301  85.73746
   7.472   1.10419   0.01292  -0.05269  85.48256
   7.558   1.11182   0.01305  -0.05238  85.22773
   7.643   1.11943   0.01317  -0.05207  84.97227
   7.729   1.12703   0.01330  -0.05176  84.71562
   7.814   1.13460   0.01343  -0.05145  84.45743
   7.899   1.14215   0.01357  -0.05114  84.19750
   7.985   1.14967   0.01370  -0.05083  83.93572
   8.070   1.15717   0.01383  -0.05052  83.67201
   8.156   1.16463   0.01396  -0.05021  83.40621
   8.241   1.17207   0.01410  -0.04989  83.13805
   8.327   1.17947   0.01423  -0.04958  82.86709
   8.412   1.18683   0.01437  -0.04925  82.59276
   8.497   1.19415   0.01451  -0.04893  82.31435
   8.583   1.20142   0.01465  -0.04859  82.03107
   8.668   1.20864   0.01479  -0.04825  81.74209
   8.754   1.21579   0.01493  -0.04790  81.44655
   8.839   1.22288   0.01507  -0.04754  81.14363
   8.925   1.22989   0.01522  -0.04717  80.83250
   9.010   1.23681   0.01536  -0.04679  80.51237
   9.095   1.24365   0.01551  -0.04640  80.18248
   9.181   1.25039   0.01566  -0.04599  79.84210
   9.266   1.25703   0.01581  -0.04557  79.49050
   9.352   1.26356   0.01597  -0.04513  79.12702
   9.437   1.26997   0.01613  -0.04468  78.75099
   9.523   1.27628   0.01629  -0.04422  78.36184
   9.608   1.28246   0.01645  -0.04374  77.95904
   9.693   1.28853   0.01662  -0.04325  77.54215
   9.779   1.29449   0.01679  -0.04274  77.11084
   9.864   1.30033   0.01696  -0.04223  76.66489
   9.950   1.30607   0.01714  -0.04170  76.20421
  10.035   1.31170   0.01732  -0.04116  75.72882
  10.121   1.31724   0.01751  -0.04062  75.23888
  10.206   1.32269   0.01770  -0.04007  74.73461
  10.291   1.32807   0.01789  -0.03952  74.21636
  10.377   1.33338   0.01810  -0.03897  73.68448
  10.462   1.33863   0.01830  -0.03842  73.13940
  10.548   1.34382   0.01851  -0.03787  72.58151
  10.633   1.34897   0.01873  -0.03733  72.01123
  10.719   1.35407   0.01896  -0.03679  71.42893
  10.804   1.35913   0.01919  -0.03627  70.83496
  10.889   1.36415   0.01942  -0.03575  70.22964
  10.975   1.36914   0.01967  -0.03524  69.61327
  11.060   1.37408   0.01992  -0.03473  68.98615
  11.146   1.37897   0.02018  -0.03424  68.34856
  11.231   1.38382   0.02044  -0.03375  67.70084
  11.317   1.38862   0.02071  -0.03327  67.04333
  11.402   1.39336   0.02099  -0.03279  66.37641
  11.487   1.39805   0.02128  -0.03232  65.70053
  11.573   1.40268   0.02157  -0.03186  65.01617
  11.658   1.40724   0.02188  -0.03140  64.32388
  11.744   1.41173   0.02219  -0.03095  63.62426
  11.829   1.41616   0.02251  -0.03050  62.91796
  11.915   1.42052   0.02284  -0.03005  62.20565
  12.000   1.42480   0.02317  -0.02961  61.48806
