--------------------------------------------------------------
  XFOIL-like Polar Output (Generated by NeuralFoil)
--------------------------------------------------------------
  alpha     CL        CD       Cm        CL/CD
--------------------------------------------------------------
  -5.000   0.14636   0.00808  -0.14475  18.11417
  -4.915   0.15635   0.00806  -0.14484  19.40868
  -4.829   0.16633   0.00803  -0.14492  20.71031
  -4.744   0.17631   0.00801  -0.14501  22.01924
  -4.658   0.18628   0.00798  -0.14509  23.33564
  -4.573   0.19624   0.00796  -0.14517  24.65967
  -4.487   0.20620   0.00793  -0.14524  25.99147
  -4.402   0.21615   0.00791  -0.14532  27.33114
  -4.317   0.22609   0.00788  -0.14540  28.67878
  -4.231   0.23602   0.00786  -0.14547  30.03444
  -4.146   0.24595   0.00783  -0.14554  31.39811
  -4.060   0.25588   0.00781  -0.14561  32.76976
  -3.975   0.26580   0.00778  -0.14568  34.14928
  -3.889   0.27571   0.00776  -0.14575  35.53652
  -3.804   0.28562   0.00773  -0.14582  36.93125
  -3.719   0.29553   0.00771  -0.14588  38.33318
  -3.633   0.30542   0.00769  -0.14595  39.74192
  -3.548   0.31532   0.00766  -0.14601  41.15701
  -3.462   0.32521   0.00764  -0.14607  42.57791
  -3.377   0.33509   0.00761  -0.14613  44.00395
  -3.291   0.34497   0.00759  -0.14619  45.43438
  -3.206   0.35484   0.00757  -0.14625  46.86831
  -3.121   0.36470   0.00755  -0.14630  48.30475
  -3.035   0.37455   0.00753  -0.14635  49.74255
  -2.950   0.38440   0.00751  -0.14641  51.18043
  -2.864   0.39424   0.00749  -0.14646  52.61693
  -2.779   0.40406   0.00748  -0.14650  54.05040
  -2.693   0.41387   0.00746  -0.14655  55.47900
  -2.608   0.42367   0.00745  -0.14659  56.90066
  -2.523   0.43346   0.00743  -0.14663  58.31304
  -2.437   0.44322   0.00742  -0.14666  59.71354
  -2.352   0.45297   0.00741  -0.14669  61.09928
  -2.266   0.46269   0.00741  -0.14672  62.46708
  -2.181   0.47239   0.00740  -0.14675  63.81349
  -2.095   0.48207   0.00740  -0.14677  65.13481
  -2.010   0.49171   0.00740  -0.14678  66.42723
  -1.925   0.50132   0.00741  -0.14679  67.68691
  -1.839   0.51090   0.00741  -0.14679  68.91016
  -1.754   0.52045   0.00742  -0.14679  70.09369
  -1.668   0.52995   0.00744  -0.14679  71.23483
  -1.583   0.53942   0.00746  -0.14677  72.33172
  -1.497   0.54884   0.00748  -0.14676  73.38357
  -1.412   0.55823   0.00750  -0.14674  74.39061
  -1.327   0.56758   0.00753  -0.14671  75.35412
  -1.241   0.57689   0.00756  -0.14668  76.27614
  -1.156   0.58617   0.00760  -0.14665  77.15919
  -1.070   0.59541   0.00763  -0.14661  78.00581
  -0.985   0.60462   0.00767  -0.14657  78.81825
  -0.899   0.61379   0.00771  -0.14653  79.59814
  -0.814   0.62293   0.00775  -0.14648  80.34642
  -0.729   0.63203   0.00780  -0.14643  81.06349
  -0.643   0.64110   0.00784  -0.14637  81.74945
  -0.558   0.65014   0.00789  -0.14631  82.40463
  -0.472   0.65914   0.00794  -0.14624  83.02996
  -0.387   0.66813   0.00799  -0.14617  83.62739
  -0.302   0.67709   0.00804  -0.14610  84.19992
  -0.216   0.68604   0.00809  -0.14602  84.75159
  -0.131   0.69498   0.00815  -0.14594  85.28707
  -0.045   0.70392   0.00820  -0.14586  85.81133
   0.040   0.71287   0.00826  -0.14578  86.32919
   0.126   0.72184   0.00831  -0.14569  86.84502
   0.211   0.73081   0.00837  -0.14561  87.36244
   0.296   0.73981   0.00842  -0.14552  87.88426
   0.382   0.74883   0.00847  -0.14544  88.41232
   0.467   0.75787   0.00852  -0.14536  88.94757
   0.553   0.76693   0.00857  -0.14527  89.49001
   0.638   0.77601   0.00862  -0.14519  90.03885
   0.724   0.78511   0.00867  -0.14510  90.59245
   0.809   0.79422   0.00871  -0.14502  91.14839
   0.894   0.80336   0.00876  -0.14493  91.70328
   0.980   0.81250   0.00881  -0.14483  92.25257
   1.065   0.82165   0.00885  -0.14474  92.79013
   1.151   0.83079   0.00890  -0.14463  93.30781
   1.236   0.83991   0.00895  -0.14452  93.79476
   1.322   0.84899   0.00901  -0.14439  94.23691
   1.407   0.85798   0.00907  -0.14424  94.61614
   1.492   0.86685   0.00913  -0.14407  94.90940
   1.578   0.87553   0.00921  -0.14387  95.08697
   1.663   0.88396   0.00929  -0.14362  95.10895
   1.749   0.89202   0.00940  -0.14333  94.91873
   1.834   0.89962   0.00953  -0.14297  94.43281
   1.920   0.90661   0.00969  -0.14253  93.53009
   2.005   0.91285   0.00992  -0.14199  92.05234
   2.090   0.91819   0.01022  -0.14135  89.83945
   2.176   0.92255   0.01063  -0.14059  86.81988
   2.261   0.92594   0.01114  -0.13971  83.13201
   2.347   0.92856   0.01173  -0.13873  79.17643
   2.432   0.93079   0.01233  -0.13768  75.49423
   2.518   0.93306   0.01287  -0.13661  72.51239
   2.603   0.93576   0.01330  -0.13557  70.36818
   2.688   0.93910   0.01362  -0.13459  68.95251
   2.774   0.94312   0.01386  -0.13369  68.06525
   2.859   0.94778   0.01404  -0.13287  67.52233
   2.945   0.95297   0.01418  -0.13211  67.18541
   3.030   0.95858   0.01432  -0.13142  66.95849
   3.116   0.96450   0.01444  -0.13079  66.78097
   3.201   0.97066   0.01457  -0.13020  66.62103
   3.286   0.97702   0.01470  -0.12965  66.46743
   3.372   0.98355   0.01483  -0.12914  66.32036
   3.457   0.99021   0.01496  -0.12865  66.18363
   3.543   0.99697   0.01509  -0.12819  66.05991
   3.628   1.00379   0.01522  -0.12774  65.94903
   3.714   1.01063   0.01535  -0.12730  65.84831
   3.799   1.01745   0.01547  -0.12686  65.75375
   3.884   1.02423   0.01560  -0.12642  65.66121
   3.970   1.03095   0.01572  -0.12598  65.56714
   4.055   1.03761   0.01585  -0.12554  65.46879
   4.141   1.04421   0.01598  -0.12509  65.36419
   4.226   1.05073   0.01610  -0.12464  65.25193
   4.312   1.05719   0.01623  -0.12418  65.13098
   4.397   1.06357   0.01636  -0.12372  65.00053
   4.482   1.06990   0.01650  -0.12326  64.85988
   4.568   1.07616   0.01663  -0.12279  64.70839
   4.653   1.08235   0.01677  -0.12232  64.54550
   4.739   1.08849   0.01691  -0.12184  64.37072
   4.824   1.09458   0.01705  -0.12136  64.18363
   4.910   1.10061   0.01720  -0.12087  63.98398
   4.995   1.10660   0.01735  -0.12038  63.77160
   5.080   1.11255   0.01751  -0.11989  63.54652
   5.166   1.11848   0.01767  -0.11940  63.30886
   5.251   1.12438   0.01783  -0.11891  63.05886
   5.337   1.13028   0.01800  -0.11842  62.79682
   5.422   1.13618   0.01817  -0.11794  62.52306
   5.508   1.14209   0.01835  -0.11746  62.23783
   5.593   1.14803   0.01853  -0.11700  61.94134
   5.678   1.15400   0.01872  -0.11655  61.63369
   5.764   1.16000   0.01892  -0.11611  61.31497
   5.849   1.16602   0.01912  -0.11569  60.98543
   5.935   1.17205   0.01933  -0.11528  60.64580
   6.020   1.17807   0.01954  -0.11488  60.29789
   6.106   1.18405   0.01975  -0.11449  59.94572
   6.191   1.18993   0.01997  -0.11408  59.59721
   6.276   1.19569   0.02017  -0.11365  59.26696
   6.362   1.20128   0.02037  -0.11318  58.97955
   6.447   1.20668   0.02053  -0.11266  58.77151
   6.533   1.21192   0.02065  -0.11208  58.68685
   6.618   1.21705   0.02071  -0.11145  58.76067
   6.704   1.22219   0.02072  -0.11080  58.99366
   6.789   1.22747   0.02069  -0.11016  59.33306
   6.874   1.23300   0.02066  -0.10959  59.67783
   6.960   1.23883   0.02068  -0.10912  59.91207
   7.045   1.24489   0.02076  -0.10875  59.95254
   7.131   1.25104   0.02093  -0.10844  59.78052
   7.216   1.25708   0.02115  -0.10815  59.43580
   7.302   1.26291   0.02141  -0.10784  58.98353
   7.387   1.26848   0.02169  -0.10749  58.48265
   7.472   1.27383   0.02197  -0.10708  57.97170
   7.558   1.27900   0.02226  -0.10663  57.46914
   7.643   1.28405   0.02254  -0.10615  56.97985
   7.729   1.28899   0.02281  -0.10565  56.50185
   7.814   1.29385   0.02309  -0.10514  56.03098
   7.899   1.29865   0.02337  -0.10462  55.56325
   7.985   1.30338   0.02366  -0.10410  55.09572
   8.070   1.30805   0.02395  -0.10357  54.62656
   8.156   1.31267   0.02424  -0.10305  54.15471
   8.241   1.31725   0.02454  -0.10252  53.67967
   8.327   1.32177   0.02484  -0.10200  53.20125
   8.412   1.32623   0.02516  -0.10147  52.71942
   8.497   1.33065   0.02547  -0.10095  52.23420
   8.583   1.33502   0.02580  -0.10043  51.74566
   8.668   1.33933   0.02613  -0.09991  51.25388
   8.754   1.34359   0.02647  -0.09939  50.75895
   8.839   1.34779   0.02682  -0.09887  50.26099
   8.925   1.35193   0.02717  -0.09836  49.76010
   9.010   1.35601   0.02753  -0.09784  49.25643
   9.095   1.36002   0.02790  -0.09733  48.75014
   9.181   1.36398   0.02827  -0.09681  48.24142
   9.266   1.36787   0.02866  -0.09630  47.73049
   9.352   1.37170   0.02905  -0.09579  47.21760
   9.437   1.37547   0.02945  -0.09529  46.70301
   9.523   1.37917   0.02986  -0.09478  46.18703
   9.608   1.38281   0.03028  -0.09428  45.66999
   9.693   1.38638   0.03070  -0.09378  45.15224
   9.779   1.38989   0.03114  -0.09328  44.63416
   9.864   1.39334   0.03158  -0.09279  44.11614
   9.950   1.39672   0.03204  -0.09230  43.59859
  10.035   1.40005   0.03250  -0.09181  43.08196
  10.121   1.40332   0.03297  -0.09132  42.56667
  10.206   1.40653   0.03345  -0.09084  42.05317
  10.291   1.40969   0.03393  -0.09036  41.54193
  10.377   1.41280   0.03443  -0.08989  41.03339
  10.462   1.41585   0.03494  -0.08942  40.52801
  10.548   1.41886   0.03545  -0.08895  40.02624
  10.633   1.42181   0.03597  -0.08848  39.52851
  10.719   1.42473   0.03650  -0.08802  39.03525
  10.804   1.42760   0.03704  -0.08757  38.54686
  10.889   1.43043   0.03758  -0.08711  38.06375
  10.975   1.43322   0.03813  -0.08666  37.58627
  11.060   1.43597   0.03869  -0.08622  37.11477
  11.146   1.43869   0.03926  -0.08578  36.64957
  11.231   1.44138   0.03983  -0.08534  36.19096
  11.317   1.44404   0.04040  -0.08490  35.73920
  11.402   1.44667   0.04099  -0.08447  35.29451
  11.487   1.44928   0.04158  -0.08405  34.85709
  11.573   1.45186   0.04217  -0.08362  34.42711
  11.658   1.45442   0.04277  -0.08320  34.00468
  11.744   1.45696   0.04338  -0.08279  33.58989
  11.829   1.45948   0.04398  -0.08237  33.18282
  11.915   1.46199   0.04460  -0.08196  32.78348
  12.000   1.46448   0.04521  -0.08156  32.39187
