--------------------------------------------------------------
  XFOIL-like Polar Output (Generated by NeuralFoil)
--------------------------------------------------------------
  alpha     CL        CD       Cm        CL/CD
--------------------------------------------------------------
  -5.000  -0.53065   0.01073   0.01369  -49.47766
  -4.915  -0.52132   0.01066   0.01376  -48.88304
  -4.829  -0.51199   0.01061   0.01384  -48.27534
  -4.744  -0.50266   0.01055   0.01391  -47.65563
  -4.658  -0.49334   0.01049   0.01398  -47.02482
  -4.573  -0.48402   0.01044   0.01405  -46.38369
  -4.487  -0.47470   0.01038   0.01412  -45.73290
  -4.402  -0.46539   0.01033   0.01420  -45.07297
  -4.317  -0.45608   0.01027   0.01427  -44.40434
  -4.231  -0.44678   0.01022   0.01435  -43.72733
  -4.146  -0.43748   0.01016   0.01442  -43.04220
  -4.060  -0.42819   0.01011   0.01450  -42.34909
  -3.975  -0.41890   0.01006   0.01457  -41.64807
  -3.889  -0.40962   0.01001   0.01465  -40.93914
  -3.804  -0.40033   0.00995   0.01473  -40.22223
  -3.719  -0.39105   0.00990   0.01481  -39.49722
  -3.633  -0.38177   0.00985   0.01489  -38.76397
  -3.548  -0.37249   0.00980   0.01497  -38.02235
  -3.462  -0.36320   0.00974   0.01505  -37.27222
  -3.377  -0.35391   0.00969   0.01513  -36.51352
  -3.291  -0.34462   0.00964   0.01522  -35.74622
  -3.206  -0.33532   0.00959   0.01530  -34.97037
  -3.121  -0.32602   0.00954   0.01539  -34.18606
  -3.035  -0.31671   0.00948   0.01547  -33.39344
  -2.950  -0.30739   0.00943   0.01556  -32.59267
  -2.864  -0.29807   0.00938   0.01564  -31.78389
  -2.779  -0.28874   0.00932   0.01573  -30.96713
  -2.693  -0.27942   0.00927   0.01581  -30.14214
  -2.608  -0.27009   0.00922   0.01588  -29.30823
  -2.523  -0.26076   0.00916   0.01595  -28.46401
  -2.437  -0.25144   0.00911   0.01602  -27.60709
  -2.352  -0.24214   0.00906   0.01609  -26.73385
  -2.266  -0.23286   0.00901   0.01615  -25.83934
  -2.181  -0.22359   0.00897   0.01621  -24.91757
  -2.095  -0.21436   0.00895   0.01628  -23.96219
  -2.010  -0.20515   0.00893   0.01636  -22.96784
  -1.925  -0.19598   0.00894   0.01644  -21.93192
  -1.839  -0.18682   0.00896   0.01655  -20.85629
  -1.754  -0.17768   0.00900   0.01667  -19.74809
  -1.668  -0.16856   0.00905   0.01680  -18.61908
  -1.583  -0.15944   0.00912   0.01694  -17.48344
  -1.497  -0.15032   0.00919   0.01709  -16.35470
  -1.412  -0.14119   0.00926   0.01723  -15.24304
  -1.327  -0.13203   0.00933   0.01737  -14.15386
  -1.241  -0.12284   0.00939   0.01750  -13.08790
  -1.156  -0.11360   0.00943   0.01761  -12.04260
  -1.070  -0.10432   0.00947   0.01771  -11.01370
  -0.985  -0.09499   0.00950   0.01780  -9.99662
  -0.899  -0.08561   0.00953   0.01786  -8.98726
  -0.814  -0.07618   0.00954   0.01792  -7.98232
  -0.729  -0.06669   0.00956   0.01796  -6.97942
  -0.643  -0.05716   0.00956   0.01799  -5.97702
  -0.558  -0.04760   0.00957   0.01802  -4.97439
  -0.472  -0.03801   0.00957   0.01804  -3.97162
  -0.387  -0.02841   0.00957   0.01806  -2.96956
  -0.302  -0.01883   0.00956   0.01808  -1.96989
  -0.216  -0.00931   0.00955   0.01811  -0.97498
  -0.131   0.00012   0.00954   0.01816   0.01235
  -0.045   0.00942   0.00952   0.01823   0.98920
   0.040   0.01856   0.00950   0.01832   1.95336
   0.126   0.02752   0.00947   0.01845   2.90444
   0.211   0.03628   0.00943   0.01860   3.84577
   0.296   0.04480   0.00936   0.01879   4.78663
   0.382   0.05308   0.00924   0.01901   5.74220
   0.467   0.06120   0.00909   0.01924   6.72898
   0.553   0.06931   0.00893   0.01948   7.75809
   0.638   0.07759   0.00879   0.01970   8.83160
   0.724   0.08614   0.00866   0.01990   9.94266
   0.809   0.09499   0.00857   0.02006  11.07800
   0.894   0.10413   0.00852   0.02018  12.22271
   0.980   0.11350   0.00849   0.02026  13.36570
   1.065   0.12304   0.00848   0.02032  14.50195
   1.151   0.13270   0.00849   0.02036  15.63085
   1.236   0.14245   0.00850   0.02037  16.75364
   1.322   0.15224   0.00852   0.02038  17.87168
   1.407   0.16206   0.00854   0.02036  18.98598
   1.492   0.17188   0.00855   0.02034  20.09711
   1.578   0.18170   0.00857   0.02031  21.20546
   1.663   0.19151   0.00858   0.02028  22.31140
   1.749   0.20128   0.00860   0.02024  23.41541
   1.834   0.21103   0.00861   0.02020  24.51822
   1.920   0.22073   0.00862   0.02016  25.62089
   2.005   0.23039   0.00862   0.02013  26.72485
   2.090   0.23999   0.00862   0.02010  27.83204
   2.176   0.24954   0.00862   0.02007  28.94489
   2.261   0.25903   0.00862   0.02005  30.06637
   2.347   0.26846   0.00860   0.02004  31.19988
   2.432   0.27782   0.00859   0.02004  32.34904
   2.518   0.28713   0.00857   0.02006  33.51735
   2.603   0.29637   0.00854   0.02008  34.70774
   2.688   0.30555   0.00851   0.02013  35.92209
   2.774   0.31468   0.00847   0.02019  37.16092
   2.859   0.32376   0.00843   0.02026  38.42313
   2.945   0.33278   0.00838   0.02035  39.70606
   3.030   0.34176   0.00833   0.02045  41.00560
   3.116   0.35071   0.00829   0.02057  42.31650
   3.201   0.35963   0.00824   0.02069  43.63282
   3.286   0.36853   0.00820   0.02082  44.94841
   3.372   0.37744   0.00816   0.02096  46.25748
   3.457   0.38635   0.00812   0.02109  47.55497
   3.543   0.39528   0.00809   0.02123  48.83681
   3.628   0.40425   0.00807   0.02137  50.09995
   3.714   0.41324   0.00805   0.02151  51.34219
   3.799   0.42228   0.00803   0.02164  52.56193
   3.884   0.43136   0.00802   0.02177  53.75784
   3.970   0.44048   0.00802   0.02189  54.92868
   4.055   0.44966   0.00802   0.02201  56.07311
   4.141   0.45888   0.00802   0.02213  57.18977
   4.226   0.46815   0.00803   0.02224  58.27734
   4.312   0.47748   0.00805   0.02234  59.33483
   4.397   0.48686   0.00807   0.02243  60.36177
   4.482   0.49629   0.00809   0.02251  61.35846
   4.568   0.50577   0.00811   0.02259  62.32606
   4.653   0.51529   0.00814   0.02265  63.26654
   4.739   0.52484   0.00818   0.02271  64.18255
   4.824   0.53443   0.00821   0.02275  65.07712
   4.910   0.54405   0.00825   0.02279  65.95345
   4.995   0.55368   0.00829   0.02283  66.81453
   5.080   0.56333   0.00833   0.02285  67.66303
   5.166   0.57298   0.00836   0.02287  68.50109
   5.251   0.58264   0.00840   0.02289  69.33028
   5.337   0.59230   0.00844   0.02291  70.15161
   5.422   0.60195   0.00848   0.02292  70.96554
   5.508   0.61159   0.00852   0.02293  71.77204
   5.593   0.62123   0.00856   0.02294  72.57064
   5.678   0.63085   0.00860   0.02295  73.36056
   5.764   0.64046   0.00864   0.02296  74.14070
   5.849   0.65005   0.00868   0.02297  74.90977
   5.935   0.65962   0.00872   0.02298  75.66633
   6.020   0.66917   0.00876   0.02300  76.40889
   6.106   0.67870   0.00880   0.02301  77.13599
   6.191   0.68821   0.00884   0.02303  77.84630
   6.276   0.69770   0.00888   0.02304  78.53876
   6.362   0.70717   0.00893   0.02306  79.21269
   6.447   0.71662   0.00897   0.02308  79.86774
   6.533   0.72606   0.00902   0.02310  80.50358
   6.618   0.73550   0.00907   0.02312  81.11878
   6.704   0.74493   0.00912   0.02314  81.70833
   6.789   0.75434   0.00917   0.02316  82.25960
   6.874   0.76371   0.00923   0.02318  82.74748
   6.960   0.77299   0.00930   0.02321  83.13078
   7.045   0.78213   0.00938   0.02324  83.35296
   7.131   0.79106   0.00949   0.02329  83.35029
   7.216   0.79972   0.00963   0.02336  83.06847
   7.302   0.80808   0.00980   0.02345  82.48217
   7.387   0.81613   0.01000   0.02357  81.60643
   7.472   0.82389   0.01024   0.02372  80.49421
   7.558   0.83141   0.01049   0.02390  79.22626
   7.643   0.83877   0.01077   0.02410  77.90028
   7.729   0.84607   0.01104   0.02431  76.61878
   7.814   0.85341   0.01131   0.02452  75.47318
   7.899   0.86089   0.01155   0.02474  74.52674
   7.985   0.86856   0.01177   0.02495  73.80370
   8.070   0.87644   0.01196   0.02515  73.29046
   8.156   0.88448   0.01212   0.02535  72.94773
   8.241   0.89263   0.01227   0.02555  72.72686
   8.327   0.90085   0.01241   0.02574  72.58319
   8.412   0.90908   0.01254   0.02594  72.48282
   8.497   0.91731   0.01267   0.02614  72.40362
   8.583   0.92552   0.01280   0.02633  72.33294
   8.668   0.93368   0.01292   0.02653  72.26443
   8.754   0.94181   0.01305   0.02673  72.19530
   8.839   0.94991   0.01317   0.02692  72.12442
   8.925   0.95796   0.01330   0.02711  72.05125
   9.010   0.96598   0.01342   0.02731  71.97534
   9.095   0.97396   0.01355   0.02750  71.89615
   9.181   0.98192   0.01367   0.02769  71.81304
   9.266   0.98985   0.01380   0.02788  71.72531
   9.352   0.99775   0.01393   0.02807  71.63225
   9.437   1.00562   0.01406   0.02826  71.53320
   9.523   1.01347   0.01419   0.02845  71.42751
   9.608   1.02127   0.01432   0.02864  71.31463
   9.693   1.02905   0.01445   0.02883  71.19405
   9.779   1.03678   0.01459   0.02903  71.06532
   9.864   1.04447   0.01473   0.02922  70.92808
   9.950   1.05211   0.01486   0.02942  70.78205
  10.035   1.05971   0.01500   0.02963  70.62703
  10.121   1.06725   0.01515   0.02983  70.46291
  10.206   1.07474   0.01529   0.03004  70.28963
  10.291   1.08218   0.01544   0.03024  70.10720
  10.377   1.08957   0.01558   0.03046  69.91570
  10.462   1.09690   0.01573   0.03067  69.71522
  10.548   1.10418   0.01589   0.03088  69.50588
  10.633   1.11142   0.01604   0.03109  69.28781
  10.719   1.11860   0.01620   0.03131  69.06114
  10.804   1.12575   0.01636   0.03151  68.82592
  10.889   1.13285   0.01652   0.03172  68.58216
  10.975   1.13992   0.01668   0.03192  68.32977
  11.060   1.14696   0.01685   0.03212  68.06850
  11.146   1.15397   0.01702   0.03231  67.79793
  11.231   1.16095   0.01719   0.03249  67.51739
  11.317   1.16790   0.01737   0.03267  67.22594
  11.402   1.17482   0.01755   0.03283  66.92231
  11.487   1.18169   0.01774   0.03299  66.60488
  11.573   1.18852   0.01793   0.03314  66.27167
  11.658   1.19528   0.01813   0.03328  65.92032
  11.744   1.20195   0.01834   0.03342  65.54819
  11.829   1.20852   0.01855   0.03356  65.15242
  11.915   1.21496   0.01877   0.03370  64.73007
  12.000   1.22124   0.01900   0.03384  64.27833
