--------------------------------------------------------------
  XFOIL-like Polar Output (Generated by NeuralFoil)
--------------------------------------------------------------
  alpha     CL        CD       Cm        CL/CD
--------------------------------------------------------------
  -5.000  -0.57138   0.01324   0.02063  -43.15954
  -4.915  -0.56246   0.01317   0.02071  -42.71217
  -4.829  -0.55351   0.01310   0.02079  -42.25570
  -4.744  -0.54452   0.01303   0.02087  -41.79019
  -4.658  -0.53551   0.01296   0.02094  -41.31566
  -4.573  -0.52647   0.01289   0.02101  -40.83210
  -4.487  -0.51741   0.01283   0.02108  -40.33949
  -4.402  -0.50833   0.01276   0.02115  -39.83775
  -4.317  -0.49923   0.01269   0.02121  -39.32679
  -4.231  -0.49011   0.01263   0.02127  -38.80648
  -4.146  -0.48097   0.01257   0.02133  -38.27666
  -4.060  -0.47182   0.01250   0.02139  -37.73714
  -3.975  -0.46265   0.01244   0.02144  -37.18767
  -3.889  -0.45347   0.01238   0.02150  -36.62801
  -3.804  -0.44427   0.01232   0.02155  -36.05787
  -3.719  -0.43505   0.01226   0.02160  -35.47698
  -3.633  -0.42581   0.01221   0.02164  -34.88507
  -3.548  -0.41656   0.01215   0.02169  -34.28191
  -3.462  -0.40728   0.01210   0.02173  -33.66730
  -3.377  -0.39799   0.01205   0.02177  -33.04110
  -3.291  -0.38867   0.01199   0.02180  -32.40325
  -3.206  -0.37933   0.01195   0.02183  -31.75377
  -3.121  -0.36997   0.01190   0.02186  -31.09275
  -3.035  -0.36058   0.01185   0.02189  -30.42037
  -2.950  -0.35116   0.01181   0.02191  -29.73686
  -2.864  -0.34172   0.01177   0.02193  -29.04252
  -2.779  -0.33225   0.01172   0.02195  -28.33773
  -2.693  -0.32275   0.01168   0.02196  -27.62293
  -2.608  -0.31323   0.01164   0.02198  -26.89872
  -2.523  -0.30368   0.01161   0.02199  -26.16586
  -2.437  -0.29412   0.01157   0.02199  -25.42550
  -2.352  -0.28453   0.01153   0.02200  -24.67926
  -2.266  -0.27494   0.01149   0.02201  -23.92941
  -2.181  -0.26537   0.01145   0.02202  -23.17882
  -2.095  -0.25581   0.01140   0.02203  -22.43060
  -2.010  -0.24631   0.01136   0.02205  -21.68720
  -1.925  -0.23686   0.01131   0.02207  -20.94922
  -1.839  -0.22747   0.01125   0.02210  -20.21404
  -1.754  -0.21813   0.01120   0.02214  -19.47503
  -1.668  -0.20883   0.01115   0.02218  -18.72233
  -1.583  -0.19955   0.01112   0.02222  -17.94736
  -1.497  -0.19030   0.01109   0.02226  -17.15331
  -1.412  -0.18115   0.01107   0.02230  -16.37105
  -1.327  -0.17224   0.01099   0.02233  -15.67158
  -1.241  -0.16376   0.01081   0.02239  -15.15276
  -1.156  -0.15580   0.01047   0.02247  -14.87904
  -1.070  -0.14819   0.01001   0.02257  -14.80005
  -0.985  -0.14054   0.00953   0.02266  -14.74431
  -0.899  -0.13247   0.00912   0.02274  -14.52404
  -0.814  -0.12384   0.00882   0.02278  -14.04393
  -0.729  -0.11468   0.00861   0.02281  -13.31519
  -0.643  -0.10513   0.00848   0.02281  -12.39796
  -0.558  -0.09531   0.00840   0.02279  -11.35253
  -0.472  -0.08534   0.00834   0.02276  -10.22732
  -0.387  -0.07531   0.00831   0.02273  -9.05884
  -0.302  -0.06528   0.00829   0.02271  -7.87103
  -0.216  -0.05528   0.00828   0.02270  -6.67690
  -0.131  -0.04532   0.00827   0.02270  -5.48225
  -0.045  -0.03541   0.00826   0.02269  -4.28914
   0.040  -0.02555   0.00825   0.02269  -3.09804
   0.126  -0.01572   0.00824   0.02268  -1.90887
   0.211  -0.00594   0.00823   0.02268  -0.72147
   0.296   0.00382   0.00823   0.02267   0.46426
   0.382   0.01355   0.00822   0.02265   1.64831
   0.467   0.02327   0.00822   0.02264   2.83059
   0.553   0.03297   0.00822   0.02262   4.01096
   0.638   0.04266   0.00822   0.02261   5.18930
   0.724   0.05234   0.00822   0.02259   6.36551
   0.809   0.06202   0.00823   0.02258   7.53943
   0.894   0.07170   0.00823   0.02256   8.71087
   0.980   0.08138   0.00824   0.02255   9.87944
   1.065   0.09106   0.00825   0.02254  11.04461
   1.151   0.10075   0.00825   0.02252  12.20567
   1.236   0.11044   0.00827   0.02251  13.36179
   1.322   0.12014   0.00828   0.02250  14.51205
   1.407   0.12984   0.00829   0.02250  15.65552
   1.492   0.13954   0.00831   0.02249  16.79135
   1.578   0.14925   0.00833   0.02248  17.91882
   1.663   0.15897   0.00835   0.02247  19.03737
   1.749   0.16868   0.00837   0.02246  20.14664
   1.834   0.17840   0.00840   0.02244  21.24642
   1.920   0.18812   0.00842   0.02243  22.33663
   2.005   0.19784   0.00845   0.02241  23.41727
   2.090   0.20756   0.00848   0.02239  24.48838
   2.176   0.21728   0.00850   0.02237  25.55002
   2.261   0.22700   0.00853   0.02235  26.60223
   2.347   0.23672   0.00856   0.02233  27.64506
   2.432   0.24644   0.00859   0.02231  28.67851
   2.518   0.25615   0.00862   0.02228  29.70260
   2.603   0.26587   0.00866   0.02226  30.71731
   2.688   0.27559   0.00869   0.02223  31.72262
   2.774   0.28530   0.00872   0.02221  32.71852
   2.859   0.29502   0.00875   0.02218  33.70500
   2.945   0.30474   0.00879   0.02215  34.68205
   3.030   0.31446   0.00882   0.02213  35.64968
   3.116   0.32418   0.00886   0.02210  36.60792
   3.201   0.33390   0.00889   0.02207  37.55679
   3.286   0.34362   0.00893   0.02205  38.49635
   3.372   0.35335   0.00896   0.02202  39.42667
   3.457   0.36307   0.00900   0.02200  40.34785
   3.543   0.37280   0.00904   0.02197  41.25997
   3.628   0.38254   0.00907   0.02195  42.16318
   3.714   0.39227   0.00911   0.02192  43.05761
   3.799   0.40201   0.00915   0.02190  43.94343
   3.884   0.41176   0.00919   0.02187  44.82082
   3.970   0.42150   0.00923   0.02185  45.68999
   4.055   0.43125   0.00926   0.02183  46.55115
   4.141   0.44101   0.00930   0.02180  47.40456
   4.226   0.45077   0.00934   0.02178  48.25046
   4.312   0.46053   0.00938   0.02175  49.08914
   4.397   0.47030   0.00942   0.02173  49.92089
   4.482   0.48007   0.00946   0.02170  50.74601
   4.568   0.48984   0.00950   0.02168  51.56483
   4.653   0.49963   0.00954   0.02165  52.37766
   4.739   0.50941   0.00958   0.02163  53.18482
   4.824   0.51920   0.00962   0.02160  53.98665
   4.910   0.52900   0.00966   0.02158  54.78343
   4.995   0.53880   0.00969   0.02155  55.57546
   5.080   0.54860   0.00973   0.02152  56.36300
   5.166   0.55841   0.00977   0.02149  57.14627
   5.251   0.56822   0.00981   0.02147  57.92546
   5.337   0.57804   0.00985   0.02144  58.70071
   5.422   0.58786   0.00988   0.02141  59.47212
   5.508   0.59768   0.00992   0.02138  60.23971
   5.593   0.60751   0.00996   0.02135  61.00347
   5.678   0.61733   0.01000   0.02132  61.76330
   5.764   0.62716   0.01003   0.02129  62.51908
   5.849   0.63699   0.01007   0.02126  63.27059
   5.935   0.64682   0.01010   0.02123  64.01757
   6.020   0.65664   0.01014   0.02120  64.75973
   6.106   0.66647   0.01018   0.02116  65.49669
   6.191   0.67630   0.01021   0.02114  66.22805
   6.276   0.68612   0.01025   0.02111  66.95338
   6.362   0.69595   0.01028   0.02108  67.67221
   6.447   0.70577   0.01032   0.02105  68.38404
   6.533   0.71560   0.01036   0.02103  69.08837
   6.618   0.72542   0.01040   0.02100  69.78466
   6.704   0.73525   0.01043   0.02099  70.47238
   6.789   0.74509   0.01047   0.02097  71.15098
   6.874   0.75492   0.01051   0.02096  71.81992
   6.960   0.76476   0.01055   0.02095  72.47868
   7.045   0.77460   0.01059   0.02095  73.12678
   7.131   0.78445   0.01063   0.02094  73.76376
   7.216   0.79429   0.01068   0.02095  74.38921
   7.302   0.80413   0.01072   0.02095  75.00283
   7.387   0.81396   0.01077   0.02096  75.60442
   7.472   0.82377   0.01081   0.02097  76.19399
   7.558   0.83356   0.01086   0.02097  76.77186
   7.643   0.84332   0.01090   0.02097  77.33873
   7.729   0.85307   0.01095   0.02097  77.89571
   7.814   0.86280   0.01100   0.02097  78.44426
   7.899   0.87252   0.01105   0.02097  78.98607
   7.985   0.88223   0.01109   0.02097  79.52286
   8.070   0.89194   0.01114   0.02097  80.05614
   8.156   0.90166   0.01119   0.02097  80.58702
   8.241   0.91138   0.01124   0.02097  81.11594
   8.327   0.92112   0.01128   0.02098  81.64239
   8.412   0.93088   0.01133   0.02099  82.16459
   8.497   0.94064   0.01138   0.02100  82.67907
   8.583   0.95042   0.01143   0.02101  83.18021
   8.668   0.96019   0.01148   0.02103  83.65969
   8.754   0.96995   0.01153   0.02105  84.10594
   8.839   0.97969   0.01159   0.02108  84.50368
   8.925   0.98937   0.01166   0.02112  84.83357
   9.010   0.99899   0.01174   0.02117  85.07216
   9.095   1.00849   0.01184   0.02122  85.19241
   9.181   1.01785   0.01195   0.02129  85.16489
   9.266   1.02702   0.01209   0.02138  84.96040
   9.352   1.03597   0.01225   0.02149  84.55417
   9.437   1.04467   0.01245   0.02162  83.93177
   9.523   1.05308   0.01267   0.02176  83.09571
   9.608   1.06121   0.01293   0.02194  82.07004
   9.693   1.06909   0.01321   0.02213  80.90003
   9.779   1.07677   0.01352   0.02233  79.64515
   9.864   1.08431   0.01384   0.02255  78.36684
   9.950   1.09178   0.01416   0.02278  77.11594
  10.035   1.09923   0.01448   0.02301  75.92453
  10.121   1.10668   0.01479   0.02324  74.80483
  10.206   1.11414   0.01511   0.02348  73.75364
  10.291   1.12159   0.01542   0.02371  72.75915
  10.377   1.12904   0.01572   0.02395  71.80718
  10.462   1.13645   0.01603   0.02419  70.88530
  10.548   1.14383   0.01634   0.02443  69.98462
  10.633   1.15115   0.01666   0.02467  69.10001
  10.719   1.15842   0.01698   0.02492  68.22937
  10.804   1.16563   0.01730   0.02516  67.37262
  10.889   1.17279   0.01763   0.02541  66.53062
  10.975   1.17989   0.01796   0.02566  65.70436
  11.060   1.18692   0.01829   0.02591  64.89429
  11.146   1.19390   0.01863   0.02616  64.10004
  11.231   1.20082   0.01896   0.02641  63.32024
  11.317   1.20766   0.01931   0.02665  62.55264
  11.402   1.21443   0.01965   0.02690  61.79429
  11.487   1.22111   0.02000   0.02714  61.04181
  11.573   1.22770   0.02036   0.02738  60.29173
  11.658   1.23418   0.02073   0.02761  59.54068
  11.744   1.24054   0.02110   0.02785  58.78563
  11.829   1.24678   0.02149   0.02808  58.02402
  11.915   1.25288   0.02188   0.02831  57.25386
  12.000   1.25884   0.02229   0.02853  56.47368
