--------------------------------------------------------------
  XFOIL-like Polar Output (Generated by NeuralFoil)
--------------------------------------------------------------
  alpha     CL        CD       Cm        CL/CD
--------------------------------------------------------------
  -5.000  -0.36562   0.00897  -0.08034  -40.74331
  -4.915  -0.35668   0.00893  -0.08020  -39.93449
  -4.829  -0.34777   0.00890  -0.08005  -39.09252
  -4.744  -0.33889   0.00887  -0.07990  -38.21762
  -4.658  -0.33002   0.00885  -0.07975  -37.31082
  -4.573  -0.32117   0.00883  -0.07960  -36.37397
  -4.487  -0.31231   0.00882  -0.07944  -35.40977
  -4.402  -0.30345   0.00882  -0.07929  -34.42169
  -4.317  -0.29457   0.00882  -0.07914  -33.41364
  -4.231  -0.28566   0.00882  -0.07901  -32.38964
  -4.146  -0.27673   0.00883  -0.07888  -31.35336
  -4.060  -0.26777   0.00883  -0.07876  -30.30785
  -3.975  -0.25876   0.00884  -0.07865  -29.25538
  -3.889  -0.24971   0.00886  -0.07856  -28.19761
  -3.804  -0.24060   0.00887  -0.07848  -27.13578
  -3.719  -0.23145   0.00888  -0.07842  -26.07113
  -3.633  -0.22225   0.00889  -0.07836  -25.00500
  -3.548  -0.21300   0.00890  -0.07832  -23.93884
  -3.462  -0.20372   0.00891  -0.07829  -22.87400
  -3.377  -0.19441   0.00891  -0.07827  -21.81147
  -3.291  -0.18508   0.00892  -0.07826  -20.75176
  -3.206  -0.17572   0.00892  -0.07825  -19.69483
  -3.121  -0.16635   0.00892  -0.07824  -18.64027
  -3.035  -0.15695   0.00892  -0.07824  -17.58735
  -2.950  -0.14754   0.00892  -0.07825  -16.53524
  -2.864  -0.13810   0.00892  -0.07826  -15.48312
  -2.779  -0.12865   0.00892  -0.07827  -14.43025
  -2.693  -0.11918   0.00891  -0.07828  -13.37602
  -2.608  -0.10969   0.00890  -0.07830  -12.31998
  -2.523  -0.10019   0.00890  -0.07831  -11.26179
  -2.437  -0.09068   0.00889  -0.07833  -10.20124
  -2.352  -0.08116   0.00888  -0.07835  -9.13816
  -2.266  -0.07163   0.00887  -0.07838  -8.07248
  -2.181  -0.06209   0.00886  -0.07840  -7.00415
  -2.095  -0.05255   0.00886  -0.07842  -5.93317
  -2.010  -0.04300   0.00885  -0.07845  -4.85952
  -1.925  -0.03344   0.00884  -0.07847  -3.78322
  -1.839  -0.02388   0.00883  -0.07850  -2.70427
  -1.754  -0.01432   0.00882  -0.07852  -1.62266
  -1.668  -0.00475   0.00882  -0.07855  -0.53839
  -1.583   0.00483   0.00881  -0.07858   0.54855
  -1.497   0.01441   0.00880  -0.07861   1.63817
  -1.412   0.02401   0.00879  -0.07863   2.73043
  -1.327   0.03360   0.00878  -0.07866   3.82527
  -1.241   0.04321   0.00878  -0.07869   4.92254
  -1.156   0.05282   0.00877  -0.07871   6.02204
  -1.070   0.06244   0.00877  -0.07873   7.12349
  -0.985   0.07207   0.00876  -0.07876   8.22655
  -0.899   0.08170   0.00876  -0.07878   9.33087
  -0.814   0.09134   0.00875  -0.07879  10.43605
  -0.729   0.10099   0.00875  -0.07881  11.54170
  -0.643   0.11064   0.00875  -0.07883  12.64745
  -0.558   0.12028   0.00875  -0.07884  13.75297
  -0.472   0.12993   0.00875  -0.07885  14.85798
  -0.387   0.13958   0.00874  -0.07886  15.96227
  -0.302   0.14922   0.00874  -0.07887  17.06569
  -0.216   0.15886   0.00874  -0.07888  18.16817
  -0.131   0.16849   0.00874  -0.07888  19.26970
  -0.045   0.17811   0.00874  -0.07888  20.37034
   0.040   0.18773   0.00874  -0.07889  21.47016
   0.126   0.19734   0.00874  -0.07889  22.56925
   0.211   0.20694   0.00874  -0.07889  23.66773
   0.296   0.21655   0.00874  -0.07888  24.76564
   0.382   0.22615   0.00874  -0.07888  25.86302
   0.467   0.23575   0.00874  -0.07888  26.95987
   0.553   0.24535   0.00874  -0.07887  28.05616
   0.638   0.25495   0.00875  -0.07886  29.15183
   0.724   0.26455   0.00875  -0.07885  30.24679
   0.809   0.27415   0.00875  -0.07884  31.34097
   0.894   0.28375   0.00875  -0.07883  32.43429
   0.980   0.29336   0.00875  -0.07882  33.52668
   1.065   0.30296   0.00875  -0.07881  34.61810
   1.151   0.31256   0.00875  -0.07879  35.70854
   1.236   0.32216   0.00875  -0.07878  36.79803
   1.322   0.33176   0.00876  -0.07876  37.88661
   1.407   0.34137   0.00876  -0.07874  38.97439
   1.492   0.35097   0.00876  -0.07872  40.06148
   1.578   0.36058   0.00876  -0.07870  41.14803
   1.663   0.37019   0.00877  -0.07868  42.23422
   1.749   0.37981   0.00877  -0.07865  43.32025
   1.834   0.38943   0.00877  -0.07863  44.40634
   1.920   0.39905   0.00877  -0.07861  45.49272
   2.005   0.40869   0.00877  -0.07858  46.57961
   2.090   0.41832   0.00878  -0.07856  47.66720
   2.176   0.42796   0.00878  -0.07854  48.75565
   2.261   0.43761   0.00878  -0.07852  49.84504
   2.347   0.44725   0.00878  -0.07850  50.93535
   2.432   0.45689   0.00878  -0.07849  52.02651
   2.518   0.46654   0.00878  -0.07848  53.11848
   2.603   0.47617   0.00878  -0.07847  54.21138
   2.688   0.48581   0.00878  -0.07847  55.30582
   2.774   0.49543   0.00878  -0.07848  56.40335
   2.859   0.50505   0.00878  -0.07848  57.50708
   2.945   0.51465   0.00878  -0.07849  58.62239
   3.030   0.52424   0.00877  -0.07850  59.75790
   3.116   0.53380   0.00876  -0.07851  60.92651
   3.201   0.54335   0.00874  -0.07850  62.14695
   3.286   0.55286   0.00871  -0.07849  63.44577
   3.372   0.56233   0.00867  -0.07847  64.85897
   3.457   0.57176   0.00861  -0.07843  66.42948
   3.543   0.58115   0.00852  -0.07837  68.19476
   3.628   0.59049   0.00842  -0.07831  70.16171
   3.714   0.59980   0.00830  -0.07824  72.27854
   3.799   0.60907   0.00818  -0.07818  74.42629
   3.884   0.61831   0.00809  -0.07814  76.45210
   3.970   0.62753   0.00802  -0.07813  78.23672
   4.055   0.63675   0.00798  -0.07813  79.74739
   4.141   0.64597   0.00797  -0.07815  81.03209
   4.226   0.65521   0.00797  -0.07815  82.17138
   4.312   0.66447   0.00798  -0.07815  83.23523
   4.397   0.67374   0.00800  -0.07812  84.26698
   4.482   0.68303   0.00801  -0.07809  85.28663
   4.568   0.69233   0.00802  -0.07804  86.30040
   4.653   0.70164   0.00804  -0.07799  87.30890
   4.739   0.71096   0.00805  -0.07793  88.31222
   4.824   0.72030   0.00806  -0.07788  89.31232
   4.910   0.72966   0.00808  -0.07782  90.31387
   4.995   0.73907   0.00809  -0.07777  91.32388
   5.080   0.74852   0.00811  -0.07772  92.35009
   5.166   0.75802   0.00812  -0.07767  93.39697
   5.251   0.76757   0.00813  -0.07763  94.45744
   5.337   0.77710   0.00814  -0.07759  95.49787
   5.422   0.78654   0.00816  -0.07755  96.43571
   5.508   0.79574   0.00819  -0.07747  97.11560
   5.593   0.80451   0.00827  -0.07736  97.30398
   5.678   0.81267   0.00840  -0.07717  96.73042
   5.764   0.82008   0.00862  -0.07689  95.18352
   5.849   0.82673   0.00893  -0.07650  92.62703
   5.935   0.83275   0.00933  -0.07603  89.28792
   6.020   0.83849   0.00979  -0.07551  85.67910
   6.106   0.84443   0.01024  -0.07498  82.46430
   6.191   0.85089   0.01062  -0.07448  80.10222
   6.276   0.85795   0.01092  -0.07405  78.59917
   6.362   0.86555   0.01114  -0.07369  77.69224
   6.447   0.87358   0.01132  -0.07339  77.13990
   6.533   0.88196   0.01148  -0.07316  76.80585
   6.618   0.89059   0.01162  -0.07297  76.62014
   6.704   0.89938   0.01175  -0.07282  76.53879
   6.789   0.90825   0.01187  -0.07270  76.52700
   6.874   0.91714   0.01198  -0.07258  76.55633
   6.960   0.92601   0.01209  -0.07247  76.60523
   7.045   0.93484   0.01219  -0.07235  76.65894
   7.131   0.94360   0.01230  -0.07222  76.70836
   7.216   0.95231   0.01241  -0.07209  76.74857
   7.302   0.96094   0.01252  -0.07195  76.77749
   7.387   0.96951   0.01262  -0.07179  76.79489
   7.472   0.97801   0.01273  -0.07163  76.80158
   7.558   0.98644   0.01284  -0.07145  76.79889
   7.643   0.99482   0.01296  -0.07127  76.78836
   7.729   1.00313   0.01307  -0.07107  76.77142
   7.814   1.01138   0.01318  -0.07087  76.74934
   7.899   1.01959   0.01329  -0.07066  76.72309
   7.985   1.02774   0.01340  -0.07044  76.69336
   8.070   1.03585   0.01351  -0.07022  76.66063
   8.156   1.04391   0.01362  -0.06999  76.62519
   8.241   1.05193   0.01374  -0.06975  76.58722
   8.327   1.05991   0.01385  -0.06951  76.54686
   8.412   1.06786   0.01396  -0.06926  76.50419
   8.497   1.07577   0.01407  -0.06900  76.45925
   8.583   1.08365   0.01418  -0.06873  76.41199
   8.668   1.09149   0.01429  -0.06846  76.36227
   8.754   1.09931   0.01441  -0.06819  76.30986
   8.839   1.10709   0.01452  -0.06790  76.25440
   8.925   1.11483   0.01463  -0.06761  76.19545
   9.010   1.12254   0.01474  -0.06731  76.13255
   9.095   1.13020   0.01486  -0.06700  76.06524
   9.181   1.13781   0.01497  -0.06669  75.99320
   9.266   1.14537   0.01509  -0.06636  75.91621
   9.352   1.15288   0.01520  -0.06603  75.83421
   9.437   1.16033   0.01532  -0.06569  75.74726
   9.523   1.16772   0.01543  -0.06534  75.65544
   9.608   1.17505   0.01555  -0.06498  75.55882
   9.693   1.18233   0.01567  -0.06460  75.45732
   9.779   1.18954   0.01579  -0.06422  75.35066
   9.864   1.19670   0.01591  -0.06382  75.23829
   9.950   1.20379   0.01603  -0.06341  75.11936
  10.035   1.21082   0.01615  -0.06299  74.99273
  10.121   1.21780   0.01627  -0.06256  74.85701
  10.206   1.22471   0.01639  -0.06213  74.71056
  10.291   1.23156   0.01652  -0.06168  74.55165
  10.377   1.23835   0.01665  -0.06123  74.37849
  10.462   1.24508   0.01678  -0.06077  74.18938
  10.548   1.25175   0.01692  -0.06031  73.98278
  10.633   1.25834   0.01706  -0.05984  73.75742
  10.719   1.26486   0.01721  -0.05937  73.51235
  10.804   1.27130   0.01736  -0.05889  73.24698
  10.889   1.27764   0.01751  -0.05840  72.96107
  10.975   1.28390   0.01767  -0.05789  72.65472
  11.060   1.29005   0.01784  -0.05738  72.32834
  11.146   1.29609   0.01801  -0.05685  71.98253
  11.231   1.30202   0.01818  -0.05631  71.61809
  11.317   1.30784   0.01836  -0.05574  71.23591
  11.402   1.31355   0.01854  -0.05517  70.83694
  11.487   1.31914   0.01873  -0.05458  70.42214
  11.573   1.32463   0.01893  -0.05397  69.99241
  11.658   1.33001   0.01912  -0.05335  69.54862
  11.744   1.33530   0.01933  -0.05272  69.09156
  11.829   1.34048   0.01953  -0.05207  68.62193
  11.915   1.34557   0.01975  -0.05142  68.14037
  12.000   1.35058   0.01996  -0.05076  67.64740
