--------------------------------------------------------------
  XFOIL-like Polar Output (Generated by NeuralFoil)
--------------------------------------------------------------
  alpha     CL        CD       Cm        CL/CD
--------------------------------------------------------------
  -5.000   0.25822   0.00781  -0.17047  33.06758
  -4.915   0.26824   0.00778  -0.17058  34.48131
  -4.829   0.27824   0.00775  -0.17068  35.90166
  -4.744   0.28822   0.00772  -0.17079  37.32811
  -4.658   0.29818   0.00769  -0.17088  38.75996
  -4.573   0.30812   0.00767  -0.17098  40.19627
  -4.487   0.31804   0.00764  -0.17107  41.63581
  -4.402   0.32793   0.00761  -0.17115  43.07700
  -4.317   0.33780   0.00759  -0.17123  44.51781
  -4.231   0.34764   0.00756  -0.17130  45.95568
  -4.146   0.35745   0.00754  -0.17137  47.38746
  -4.060   0.36723   0.00752  -0.17144  48.80940
  -3.975   0.37698   0.00751  -0.17149  50.21714
  -3.889   0.38669   0.00749  -0.17154  51.60584
  -3.804   0.39636   0.00748  -0.17158  52.97035
  -3.719   0.40598   0.00748  -0.17161  54.30545
  -3.633   0.41557   0.00747  -0.17164  55.60617
  -3.548   0.42511   0.00748  -0.17166  56.86817
  -3.462   0.43460   0.00748  -0.17167  58.08803
  -3.377   0.44406   0.00749  -0.17168  59.26347
  -3.291   0.45347   0.00751  -0.17168  60.39358
  -3.206   0.46285   0.00753  -0.17168  61.47876
  -3.121   0.47220   0.00755  -0.17167  62.52071
  -3.035   0.48152   0.00758  -0.17166  63.52218
  -2.950   0.49082   0.00761  -0.17165  64.48674
  -2.864   0.50010   0.00764  -0.17163  65.41848
  -2.779   0.50937   0.00768  -0.17162  66.32170
  -2.693   0.51863   0.00772  -0.17160  67.20061
  -2.608   0.52788   0.00776  -0.17159  68.05912
  -2.523   0.53713   0.00780  -0.17157  68.90069
  -2.437   0.54638   0.00784  -0.17156  69.72821
  -2.352   0.55563   0.00788  -0.17154  70.54400
  -2.266   0.56488   0.00792  -0.17153  71.34980
  -2.181   0.57413   0.00796  -0.17152  72.14689
  -2.095   0.58338   0.00800  -0.17150  72.93610
  -2.010   0.59263   0.00804  -0.17149  73.71788
  -1.925   0.60188   0.00808  -0.17148  74.49241
  -1.839   0.61112   0.00812  -0.17146  75.25962
  -1.754   0.62036   0.00816  -0.17145  76.01927
  -1.668   0.62960   0.00820  -0.17143  76.77095
  -1.583   0.63883   0.00824  -0.17141  77.51417
  -1.497   0.64805   0.00828  -0.17140  78.24838
  -1.412   0.65726   0.00832  -0.17138  78.97298
  -1.327   0.66647   0.00836  -0.17136  79.68738
  -1.241   0.67566   0.00840  -0.17133  80.39098
  -1.156   0.68484   0.00845  -0.17131  81.08325
  -1.070   0.69401   0.00849  -0.17128  81.76368
  -0.985   0.70316   0.00853  -0.17125  82.43181
  -0.899   0.71229   0.00857  -0.17121  83.08725
  -0.814   0.72141   0.00862  -0.17117  83.72964
  -0.729   0.73051   0.00866  -0.17113  84.35872
  -0.643   0.73959   0.00870  -0.17109  84.97427
  -0.558   0.74865   0.00875  -0.17104  85.57617
  -0.472   0.75769   0.00879  -0.17099  86.16437
  -0.387   0.76670   0.00884  -0.17093  86.73893
  -0.302   0.77569   0.00889  -0.17087  87.30006
  -0.216   0.78466   0.00893  -0.17081  87.84808
  -0.131   0.79360   0.00898  -0.17074  88.38348
  -0.045   0.80251   0.00903  -0.17066  88.90691
   0.040   0.81140   0.00907  -0.17058  89.41920
   0.126   0.82026   0.00912  -0.17050  89.92133
   0.211   0.82909   0.00917  -0.17041  90.41443
   0.296   0.83790   0.00922  -0.17032  90.89975
   0.382   0.84667   0.00927  -0.17023  91.37861
   0.467   0.85542   0.00931  -0.17013  91.85237
   0.553   0.86415   0.00936  -0.17002  92.32239
   0.638   0.87284   0.00941  -0.16992  92.78995
   0.724   0.88151   0.00945  -0.16981  93.25624
   0.809   0.89016   0.00950  -0.16969  93.72228
   0.894   0.89878   0.00954  -0.16957  94.18896
   0.980   0.90738   0.00959  -0.16945  94.65693
   1.065   0.91596   0.00963  -0.16933  95.12667
   1.151   0.92453   0.00967  -0.16920  95.59845
   1.236   0.93307   0.00971  -0.16906  96.07231
   1.322   0.94159   0.00975  -0.16893  96.54813
   1.407   0.95010   0.00979  -0.16879  97.02559
   1.492   0.95860   0.00983  -0.16864  97.50421
   1.578   0.96708   0.00987  -0.16849  97.98336
   1.663   0.97556   0.00991  -0.16833  98.46230
   1.749   0.98402   0.00995  -0.16817  98.94021
   1.834   0.99247   0.00998  -0.16801  99.41628
   1.920   1.00093   0.01002  -0.16784  99.88973
   2.005   1.00938   0.01006  -0.16766  100.35996
   2.090   1.01784   0.01009  -0.16749  100.82668
   2.176   1.02632   0.01013  -0.16731  101.29005
   2.261   1.03483   0.01017  -0.16712  101.75091
   2.347   1.04337   0.01021  -0.16693  102.21098
   2.432   1.05198   0.01025  -0.16674  102.67295
   2.518   1.06065   0.01028  -0.16655  103.14048
   2.603   1.06942   0.01032  -0.16635  103.61772
   2.688   1.07829   0.01036  -0.16615  104.10808
   2.774   1.08726   0.01039  -0.16593  104.61157
   2.859   1.09630   0.01043  -0.16569  105.11976
   2.945   1.10535   0.01047  -0.16541  105.60767
   3.030   1.11424   0.01051  -0.16507  106.02198
   3.116   1.12273   0.01057  -0.16464  106.26725
   3.201   1.13047   0.01065  -0.16407  106.19405
   3.286   1.13701   0.01077  -0.16330  105.59416
   3.372   1.14188   0.01096  -0.16230  104.20558
   3.457   1.14469   0.01125  -0.16102  101.73202
   3.543   1.14520   0.01170  -0.15946  97.91319
   3.628   1.14345   0.01233  -0.15764  92.72744
   3.714   1.13987   0.01315  -0.15562  86.68776
   3.799   1.13535   0.01405  -0.15352  80.82659
   3.884   1.13092   0.01487  -0.15147  76.06447
   3.970   1.12738   0.01552  -0.14957  72.61880
   4.055   1.12514   0.01603  -0.14789  70.17017
   4.141   1.12438   0.01645  -0.14646  68.34001
   4.226   1.12518   0.01682  -0.14529  66.89923
   4.312   1.12752   0.01715  -0.14436  65.74250
   4.397   1.13127   0.01745  -0.14364  64.81859
   4.482   1.13616   0.01773  -0.14308  64.08903
   4.568   1.14188   0.01798  -0.14264  63.51461
   4.653   1.14812   0.01821  -0.14226  63.05561
   4.739   1.15461   0.01842  -0.14191  62.67588
   4.824   1.16117   0.01862  -0.14156  62.34611
   4.910   1.16767   0.01882  -0.14121  62.04473
   4.995   1.17406   0.01901  -0.14083  61.75696
   5.080   1.18030   0.01920  -0.14043  61.47328
   5.166   1.18638   0.01939  -0.14000  61.18783
   5.251   1.19231   0.01958  -0.13955  60.89724
   5.337   1.19809   0.01977  -0.13908  60.59969
   5.422   1.20375   0.01996  -0.13859  60.29436
   5.508   1.20929   0.02016  -0.13809  59.98104
   5.593   1.21473   0.02036  -0.13757  59.65992
   5.678   1.22007   0.02056  -0.13704  59.33141
   5.764   1.22535   0.02077  -0.13650  58.99609
   5.849   1.23056   0.02098  -0.13596  58.65466
   5.935   1.23571   0.02119  -0.13540  58.30786
   6.020   1.24082   0.02141  -0.13485  57.95649
   6.106   1.24590   0.02163  -0.13429  57.60139
   6.191   1.25095   0.02185  -0.13372  57.24340
   6.276   1.25598   0.02208  -0.13316  56.88333
   6.362   1.26100   0.02231  -0.13260  56.52199
   6.447   1.26601   0.02254  -0.13204  56.16012
   6.533   1.27102   0.02278  -0.13148  55.79842
   6.618   1.27603   0.02302  -0.13093  55.43745
   6.704   1.28105   0.02326  -0.13038  55.07771
   6.789   1.28608   0.02350  -0.12983  54.71952
   6.874   1.29113   0.02375  -0.12929  54.36308
   6.960   1.29619   0.02400  -0.12875  54.00839
   7.045   1.30126   0.02425  -0.12822  53.65530
   7.131   1.30634   0.02451  -0.12770  53.30344
   7.216   1.31144   0.02477  -0.12718  52.95227
   7.302   1.31656   0.02503  -0.12668  52.60106
   7.387   1.32168   0.02530  -0.12618  52.24894
   7.472   1.32682   0.02557  -0.12569  51.89488
   7.558   1.33195   0.02584  -0.12521  51.53778
   7.643   1.33709   0.02613  -0.12475  51.17648
   7.729   1.34223   0.02642  -0.12429  50.80986
   7.814   1.34735   0.02671  -0.12384  50.43690
   7.899   1.35246   0.02702  -0.12340  50.05684
   7.985   1.35755   0.02733  -0.12297  49.66929
   8.070   1.36260   0.02765  -0.12255  49.27448
   8.156   1.36760   0.02798  -0.12213  48.87352
   8.241   1.37254   0.02832  -0.12171  48.46878
   8.327   1.37740   0.02866  -0.12129  48.06430
   8.412   1.38215   0.02900  -0.12084  47.66636
   8.497   1.38677   0.02933  -0.12038  47.28377
   8.583   1.39123   0.02965  -0.11989  46.92782
   8.668   1.39551   0.02994  -0.11935  46.61090
   8.754   1.39960   0.03020  -0.11878  46.34355
   8.839   1.40348   0.03042  -0.11816  46.13009
   8.925   1.40718   0.03061  -0.11751  45.96454
   9.010   1.41072   0.03078  -0.11683  45.82904
   9.095   1.41415   0.03095  -0.11614  45.69659
   9.181   1.41754   0.03113  -0.11546  45.53738
   9.266   1.42093   0.03135  -0.11482  45.32636
   9.352   1.42436   0.03162  -0.11421  45.04918
   9.437   1.42785   0.03194  -0.11365  44.70400
   9.523   1.43139   0.03231  -0.11314  44.29938
   9.608   1.43494   0.03272  -0.11265  43.84969
   9.693   1.43849   0.03317  -0.11218  43.37050
   9.779   1.44198   0.03363  -0.11172  42.87538
   9.864   1.44541   0.03411  -0.11126  42.37450
   9.950   1.44874   0.03460  -0.11080  41.87449
  10.035   1.45199   0.03509  -0.11032  41.37909
  10.121   1.45514   0.03559  -0.10985  40.88995
  10.206   1.45820   0.03609  -0.10936  40.40746
  10.291   1.46117   0.03659  -0.10887  39.93131
  10.377   1.46407   0.03710  -0.10837  39.46093
  10.462   1.46691   0.03762  -0.10788  38.99569
  10.548   1.46968   0.03814  -0.10738  38.53511
  10.633   1.47239   0.03867  -0.10688  38.07882
  10.719   1.47505   0.03920  -0.10639  37.62662
  10.804   1.47766   0.03975  -0.10590  37.17845
  10.889   1.48023   0.04030  -0.10541  36.73437
  10.975   1.48276   0.04085  -0.10493  36.29448
  11.060   1.48525   0.04142  -0.10445  35.85896
  11.146   1.48770   0.04199  -0.10398  35.42804
  11.231   1.49012   0.04257  -0.10351  35.00194
  11.317   1.49251   0.04316  -0.10305  34.58089
  11.402   1.49487   0.04375  -0.10259  34.16511
  11.487   1.49721   0.04436  -0.10214  33.75482
  11.573   1.49952   0.04496  -0.10169  33.35022
  11.658   1.50181   0.04558  -0.10125  32.95148
  11.744   1.50407   0.04620  -0.10081  32.55876
  11.829   1.50632   0.04682  -0.10038  32.17218
  11.915   1.50855   0.04745  -0.09995  31.79184
  12.000   1.51076   0.04809  -0.09953  31.41783
