--------------------------------------------------------------
  XFOIL-like Polar Output (Generated by NeuralFoil)
--------------------------------------------------------------
  alpha     CL        CD       Cm        CL/CD
--------------------------------------------------------------
  -5.000  -0.18110   0.00716  -0.06756  -25.29447
  -4.915  -0.17190   0.00710  -0.06746  -24.20729
  -4.829  -0.16267   0.00705  -0.06738  -23.08388
  -4.744  -0.15341   0.00700  -0.06730  -21.92647
  -4.658  -0.14410   0.00695  -0.06723  -20.73765
  -4.573  -0.13475   0.00690  -0.06716  -19.51977
  -4.487  -0.12534   0.00686  -0.06710  -18.27441
  -4.402  -0.11588   0.00682  -0.06705  -17.00234
  -4.317  -0.10637   0.00677  -0.06701  -15.70389
  -4.231  -0.09681   0.00673  -0.06697  -14.37942
  -4.146  -0.08720   0.00669  -0.06693  -13.02951
  -4.060  -0.07754   0.00665  -0.06691  -11.65521
  -3.975  -0.06785   0.00661  -0.06688  -10.25803
  -3.889  -0.05814   0.00658  -0.06687  -8.83985
  -3.804  -0.04841   0.00654  -0.06685  -7.40272
  -3.719  -0.03868   0.00650  -0.06684  -5.94851
  -3.633  -0.02896   0.00647  -0.06682  -4.47862
  -3.548  -0.01925   0.00643  -0.06681  -2.99395
  -3.462  -0.00956   0.00639  -0.06680  -1.49483
  -3.377   0.00012   0.00636  -0.06678   0.01882
  -3.291   0.00978   0.00632  -0.06677   1.54744
  -3.206   0.01942   0.00628  -0.06675   3.09181
  -3.121   0.02906   0.00625  -0.06673   4.65300
  -3.035   0.03869   0.00621  -0.06672   6.23221
  -2.950   0.04832   0.00617  -0.06670   7.83063
  -2.864   0.05796   0.00613  -0.06669   9.44921
  -2.779   0.06759   0.00610  -0.06667  11.08858
  -2.693   0.07722   0.00606  -0.06666  12.74894
  -2.608   0.08683   0.00602  -0.06664  14.43018
  -2.523   0.09643   0.00598  -0.06663  16.13210
  -2.437   0.10601   0.00594  -0.06661  17.85462
  -2.352   0.11557   0.00590  -0.06658  19.59801
  -2.266   0.12510   0.00586  -0.06656  21.36285
  -2.181   0.13461   0.00581  -0.06652  23.14973
  -2.095   0.14410   0.00577  -0.06648  24.95894
  -2.010   0.15358   0.00573  -0.06644  26.79003
  -1.925   0.16304   0.00569  -0.06639  28.64173
  -1.839   0.17247   0.00565  -0.06633  30.51190
  -1.754   0.18189   0.00561  -0.06626  32.39759
  -1.668   0.19127   0.00558  -0.06618  34.29516
  -1.583   0.20062   0.00554  -0.06608  36.20037
  -1.497   0.20992   0.00551  -0.06598  38.10847
  -1.412   0.21917   0.00548  -0.06586  40.01409
  -1.327   0.22837   0.00545  -0.06572  41.91075
  -1.241   0.23751   0.00542  -0.06557  43.79007
  -1.156   0.24658   0.00540  -0.06541  45.64096
  -1.070   0.25558   0.00539  -0.06523  47.44941
  -0.985   0.26452   0.00538  -0.06504  49.19911
  -0.899   0.27340   0.00537  -0.06485  50.87314
  -0.814   0.28223   0.00538  -0.06464  52.45610
  -0.729   0.29102   0.00540  -0.06443  53.93608
  -0.643   0.29979   0.00542  -0.06422  55.30594
  -0.558   0.30853   0.00545  -0.06400  56.56445
  -0.472   0.31726   0.00550  -0.06378  57.71768
  -0.387   0.32598   0.00555  -0.06356  58.78012
  -0.302   0.33471   0.00560  -0.06335  59.77411
  -0.216   0.34347   0.00566  -0.06315  60.72629
  -0.131   0.35226   0.00571  -0.06297  61.66191
  -0.045   0.36112   0.00577  -0.06280  62.59976
   0.040   0.37004   0.00582  -0.06265  63.54991
   0.126   0.37901   0.00587  -0.06250  64.51454
   0.211   0.38804   0.00593  -0.06237  65.49024
   0.296   0.39710   0.00597  -0.06225  66.47092
   0.382   0.40619   0.00602  -0.06213  67.45033
   0.467   0.41531   0.00607  -0.06202  68.42385
   0.553   0.42443   0.00612  -0.06191  69.38936
   0.638   0.43357   0.00616  -0.06181  70.34719
   0.724   0.44272   0.00621  -0.06171  71.29934
   0.809   0.45188   0.00625  -0.06161  72.24840
   0.894   0.46104   0.00630  -0.06151  73.19660
   0.980   0.47020   0.00634  -0.06141  74.14516
   1.065   0.47935   0.00638  -0.06131  75.09393
   1.151   0.48850   0.00642  -0.06121  76.04150
   1.236   0.49763   0.00646  -0.06110  76.98550
   1.322   0.50675   0.00650  -0.06099  77.92308
   1.407   0.51584   0.00654  -0.06087  78.85148
   1.492   0.52488   0.00658  -0.06075  79.76808
   1.578   0.53387   0.00662  -0.06061  80.67004
   1.663   0.54278   0.00666  -0.06046  81.55316
   1.749   0.55156   0.00669  -0.06027  82.41012
   1.834   0.56017   0.00673  -0.06005  83.22827
   1.920   0.56855   0.00677  -0.05977  83.98745
   2.005   0.57668   0.00681  -0.05944  84.65897
   2.090   0.58455   0.00686  -0.05905  85.20748
   2.176   0.59223   0.00692  -0.05862  85.59859
   2.261   0.59990   0.00699  -0.05819  85.81317
   2.347   0.60783   0.00708  -0.05783  85.86249
   2.432   0.61633   0.00718  -0.05761  85.79166
   2.518   0.62566   0.00730  -0.05759  85.66375
   2.603   0.63590   0.00743  -0.05778  85.53265
   2.688   0.64693   0.00757  -0.05815  85.42471
   2.774   0.65844   0.00772  -0.05863  85.34346
   2.859   0.67005   0.00786  -0.05914  85.28692
   2.945   0.68143   0.00799  -0.05959  85.25498
   3.030   0.69235   0.00812  -0.05995  85.24443
   3.116   0.70269   0.00824  -0.06017  85.24397
   3.201   0.71244   0.00836  -0.06026  85.23690
   3.286   0.72162   0.00847  -0.06023  85.21338
   3.372   0.73034   0.00857  -0.06010  85.17964
   3.457   0.73873   0.00868  -0.05991  85.15183
   3.543   0.74691   0.00877  -0.05966  85.14306
   3.628   0.75498   0.00887  -0.05939  85.15729
   3.714   0.76303   0.00896  -0.05910  85.19163
   3.799   0.77109   0.00905  -0.05881  85.24098
   3.884   0.77919   0.00913  -0.05852  85.30085
   3.970   0.78737   0.00922  -0.05825  85.36798
   4.055   0.79562   0.00931  -0.05799  85.44005
   4.141   0.80395   0.00940  -0.05775  85.51536
   4.226   0.81235   0.00949  -0.05752  85.59281
   4.312   0.82082   0.00958  -0.05731  85.67186
   4.397   0.82934   0.00967  -0.05711  85.75236
   4.482   0.83792   0.00976  -0.05692  85.83423
   4.568   0.84654   0.00985  -0.05675  85.91714
   4.653   0.85519   0.00994  -0.05658  86.00034
   4.739   0.86387   0.01004  -0.05641  86.08262
   4.824   0.87256   0.01013  -0.05626  86.16250
   4.910   0.88125   0.01022  -0.05610  86.23841
   4.995   0.88994   0.01031  -0.05595  86.30896
   5.080   0.89862   0.01040  -0.05580  86.37314
   5.166   0.90729   0.01050  -0.05565  86.43037
   5.251   0.91594   0.01059  -0.05550  86.48055
   5.337   0.92458   0.01069  -0.05535  86.52394
   5.422   0.93319   0.01078  -0.05520  86.56106
   5.508   0.94179   0.01088  -0.05505  86.59255
   5.593   0.95037   0.01097  -0.05489  86.61904
   5.678   0.95894   0.01107  -0.05473  86.64101
   5.764   0.96749   0.01116  -0.05457  86.65870
   5.849   0.97603   0.01126  -0.05440  86.67203
   5.935   0.98455   0.01136  -0.05423  86.68053
   6.020   0.99305   0.01146  -0.05406  86.68337
   6.106   1.00154   0.01155  -0.05388  86.67934
   6.191   1.01001   0.01165  -0.05370  86.66697
   6.276   1.01846   0.01175  -0.05351  86.64451
   6.362   1.02689   0.01186  -0.05332  86.61008
   6.447   1.03528   0.01196  -0.05312  86.56179
   6.533   1.04363   0.01207  -0.05292  86.49786
   6.618   1.05194   0.01217  -0.05271  86.41678
   6.704   1.06020   0.01228  -0.05250  86.31752
   6.789   1.06841   0.01239  -0.05228  86.19956
   6.874   1.07657   0.01251  -0.05206  86.06299
   6.960   1.08469   0.01263  -0.05183  85.90843
   7.045   1.09276   0.01275  -0.05160  85.73692
   7.131   1.10080   0.01287  -0.05136  85.54982
   7.216   1.10881   0.01299  -0.05111  85.34867
   7.302   1.11678   0.01312  -0.05087  85.13508
   7.387   1.12474   0.01325  -0.05061  84.91069
   7.472   1.13267   0.01338  -0.05035  84.67700
   7.558   1.14058   0.01351  -0.05009  84.43539
   7.643   1.14848   0.01364  -0.04982  84.18701
   7.729   1.15635   0.01378  -0.04955  83.93284
   7.814   1.16420   0.01391  -0.04927  83.67365
   7.899   1.17202   0.01405  -0.04899  83.41010
   7.985   1.17981   0.01419  -0.04871  83.14275
   8.070   1.18758   0.01433  -0.04842  82.87201
   8.156   1.19531   0.01447  -0.04812  82.59818
   8.241   1.20301   0.01461  -0.04783  82.32142
   8.327   1.21067   0.01476  -0.04753  82.04174
   8.412   1.21830   0.01490  -0.04722  81.75900
   8.497   1.22588   0.01505  -0.04691  81.47296
   8.583   1.23343   0.01519  -0.04659  81.18327
   8.668   1.24093   0.01534  -0.04627  80.88954
   8.754   1.24838   0.01549  -0.04594  80.59134
   8.839   1.25578   0.01564  -0.04561  80.28825
   8.925   1.26313   0.01579  -0.04527  79.97988
   9.010   1.27043   0.01595  -0.04492  79.66584
   9.095   1.27766   0.01610  -0.04456  79.34580
   9.181   1.28483   0.01626  -0.04420  79.01946
   9.266   1.29194   0.01642  -0.04382  78.68653
   9.352   1.29898   0.01658  -0.04344  78.34677
   9.437   1.30594   0.01674  -0.04304  77.99995
   9.523   1.31282   0.01691  -0.04264  77.64584
   9.608   1.31962   0.01707  -0.04222  77.28425
   9.693   1.32634   0.01724  -0.04180  76.91494
   9.779   1.33296   0.01742  -0.04136  76.53773
   9.864   1.33949   0.01759  -0.04091  76.15240
   9.950   1.34592   0.01777  -0.04044  75.75875
  10.035   1.35224   0.01794  -0.03996  75.35657
  10.121   1.35847   0.01813  -0.03947  74.94569
  10.206   1.36458   0.01831  -0.03896  74.52593
  10.291   1.37058   0.01850  -0.03843  74.09716
  10.377   1.37647   0.01869  -0.03790  73.65926
  10.462   1.38224   0.01888  -0.03734  73.21220
  10.548   1.38791   0.01908  -0.03678  72.75596
  10.633   1.39346   0.01928  -0.03620  72.29061
  10.719   1.39891   0.01948  -0.03561  71.81627
  10.804   1.40426   0.01969  -0.03500  71.33314
  10.889   1.40951   0.01990  -0.03439  70.84144
  10.975   1.41468   0.02011  -0.03377  70.34147
  11.060   1.41975   0.02033  -0.03314  69.83355
  11.146   1.42475   0.02055  -0.03251  69.31801
  11.231   1.42968   0.02078  -0.03188  68.79517
  11.317   1.43455   0.02101  -0.03124  68.26534
  11.402   1.43935   0.02125  -0.03061  67.72878
  11.487   1.44410   0.02149  -0.02997  67.18571
  11.573   1.44880   0.02174  -0.02934  66.63631
  11.658   1.45344   0.02199  -0.02871  66.08067
  11.744   1.45802   0.02225  -0.02808  65.51886
  11.829   1.46255   0.02252  -0.02746  64.95090
  11.915   1.46702   0.02279  -0.02684  64.37677
  12.000   1.47144   0.02306  -0.02622  63.79643
