--------------------------------------------------------------
  XFOIL-like Polar Output (Generated by NeuralFoil)
--------------------------------------------------------------
  alpha     CL        CD       Cm        CL/CD
--------------------------------------------------------------
  -5.000  -0.82345   0.01748   0.02440  -47.10209
  -4.915  -0.81624   0.01735   0.02472  -47.04936
  -4.829  -0.80896   0.01722   0.02504  -46.98362
  -4.744  -0.80161   0.01709   0.02535  -46.90424
  -4.658  -0.79418   0.01697   0.02565  -46.81071
  -4.573  -0.78669   0.01684   0.02595  -46.70277
  -4.487  -0.77914   0.01673   0.02624  -46.58040
  -4.402  -0.77153   0.01661   0.02652  -46.44380
  -4.317  -0.76388   0.01650   0.02679  -46.29336
  -4.231  -0.75619   0.01639   0.02706  -46.12955
  -4.146  -0.74847   0.01629   0.02733  -45.95293
  -4.060  -0.74072   0.01619   0.02759  -45.76404
  -3.975  -0.73295   0.01609   0.02785  -45.56342
  -3.889  -0.72516   0.01599   0.02810  -45.35158
  -3.804  -0.71735   0.01590   0.02835  -45.12901
  -3.719  -0.70952   0.01580   0.02860  -44.89615
  -3.633  -0.70167   0.01571   0.02885  -44.65344
  -3.548  -0.69379   0.01563   0.02909  -44.40128
  -3.462  -0.68590   0.01554   0.02932  -44.14002
  -3.377  -0.67797   0.01545   0.02956  -43.87003
  -3.291  -0.67003   0.01537   0.02979  -43.59158
  -3.206  -0.66205   0.01529   0.03002  -43.30495
  -3.121  -0.65405   0.01521   0.03024  -43.01035
  -3.035  -0.64601   0.01513   0.03046  -42.70795
  -2.950  -0.63794   0.01505   0.03067  -42.39788
  -2.864  -0.62984   0.01497   0.03088  -42.08022
  -2.779  -0.62171   0.01489   0.03109  -41.75498
  -2.693  -0.61354   0.01481   0.03129  -41.42216
  -2.608  -0.60533   0.01473   0.03148  -41.08169
  -2.523  -0.59708   0.01466   0.03167  -40.73347
  -2.437  -0.58880   0.01458   0.03186  -40.37737
  -2.352  -0.58047   0.01451   0.03203  -40.01322
  -2.266  -0.57211   0.01443   0.03221  -39.64086
  -2.181  -0.56370   0.01436   0.03237  -39.26010
  -2.095  -0.55525   0.01428   0.03253  -38.87075
  -2.010  -0.54676   0.01421   0.03269  -38.47262
  -1.925  -0.53823   0.01414   0.03284  -38.06555
  -1.839  -0.52966   0.01407   0.03298  -37.64938
  -1.754  -0.52104   0.01400   0.03312  -37.22396
  -1.668  -0.51239   0.01393   0.03325  -36.78916
  -1.583  -0.50370   0.01386   0.03338  -36.34487
  -1.497  -0.49498   0.01379   0.03350  -35.89098
  -1.412  -0.48622   0.01372   0.03362  -35.42740
  -1.327  -0.47743   0.01366   0.03374  -34.95406
  -1.241  -0.46861   0.01359   0.03385  -34.47087
  -1.156  -0.45975   0.01353   0.03395  -33.97778
  -1.070  -0.45086   0.01347   0.03406  -33.47475
  -0.985  -0.44195   0.01341   0.03416  -32.96172
  -0.899  -0.43301   0.01335   0.03425  -32.43869
  -0.814  -0.42404   0.01329   0.03434  -31.90565
  -0.729  -0.41505   0.01323   0.03443  -31.36262
  -0.643  -0.40603   0.01318   0.03451  -30.80966
  -0.558  -0.39698   0.01312   0.03459  -30.24683
  -0.472  -0.38792   0.01307   0.03467  -29.67423
  -0.387  -0.37883   0.01302   0.03474  -29.09199
  -0.302  -0.36972   0.01297   0.03481  -28.50026
  -0.216  -0.36058   0.01292   0.03488  -27.89922
  -0.131  -0.35143   0.01288   0.03495  -27.28909
  -0.045  -0.34226   0.01283   0.03501  -26.67009
   0.040  -0.33306   0.01279   0.03506  -26.04248
   0.126  -0.32385   0.01275   0.03512  -25.40653
   0.211  -0.31462   0.01271   0.03517  -24.76256
   0.296  -0.30538   0.01267   0.03521  -24.11085
   0.382  -0.29612   0.01263   0.03526  -23.45175
   0.467  -0.28685   0.01259   0.03530  -22.78558
   0.553  -0.27756   0.01255   0.03534  -22.11267
   0.638  -0.26826   0.01252   0.03537  -21.43335
   0.724  -0.25895   0.01248   0.03540  -20.74795
   0.809  -0.24964   0.01245   0.03543  -20.05679
   0.894  -0.24031   0.01241   0.03546  -19.36016
   0.980  -0.23098   0.01238   0.03548  -18.65835
   1.065  -0.22165   0.01235   0.03550  -17.95161
   1.151  -0.21231   0.01231   0.03552  -17.24019
   1.236  -0.20297   0.01228   0.03554  -16.52432
   1.322  -0.19363   0.01225   0.03555  -15.80420
   1.407  -0.18429   0.01222   0.03557  -15.08000
   1.492  -0.17495   0.01219   0.03558  -14.35192
   1.578  -0.16562   0.01216   0.03559  -13.62010
   1.663  -0.15629   0.01213   0.03560  -12.88470
   1.749  -0.14697   0.01210   0.03562  -12.14588
   1.834  -0.13766   0.01207   0.03563  -11.40377
   1.920  -0.12835   0.01204   0.03564  -10.65853
   2.005  -0.11906   0.01201   0.03565  -9.91032
   2.090  -0.10979   0.01199   0.03566  -9.15928
   2.176  -0.10052   0.01196   0.03568  -8.40559
   2.261  -0.09127   0.01193   0.03570  -7.64940
   2.347  -0.08204   0.01191   0.03572  -6.89086
   2.432  -0.07283   0.01188   0.03574  -6.13014
   2.518  -0.06363   0.01186   0.03576  -5.36736
   2.603  -0.05445   0.01183   0.03579  -4.60261
   2.688  -0.04529   0.01181   0.03582  -3.83595
   2.774  -0.03615   0.01178   0.03586  -3.06735
   2.859  -0.02701   0.01176   0.03590  -2.29672
   2.945  -0.01789   0.01174   0.03594  -1.52388
   3.030  -0.00877   0.01172   0.03598  -0.74850
   3.116   0.00035   0.01169   0.03603   0.02986
   3.201   0.00947   0.01167   0.03607   0.81182
   3.286   0.01861   0.01165   0.03612   1.59818
   3.372   0.02777   0.01162   0.03616   2.38998
   3.457   0.03697   0.01159   0.03620   3.18840
   3.543   0.04621   0.01157   0.03623   3.99465
   3.628   0.05552   0.01154   0.03624   4.80949
   3.714   0.06493   0.01153   0.03623   5.63256
   3.799   0.07447   0.01153   0.03619   6.46163
   3.884   0.08419   0.01154   0.03611   7.29276
   3.970   0.09409   0.01158   0.03597   8.12239
   4.055   0.10418   0.01164   0.03577   8.95201
   4.141   0.11438   0.01168   0.03552   9.79555
   4.226   0.12455   0.01165   0.03523  10.68766
   4.312   0.13449   0.01151   0.03494  11.68596
   4.397   0.14407   0.01121   0.03468  12.85528
   4.482   0.15334   0.01077   0.03445  14.23892
   4.568   0.16250   0.01025   0.03427  15.84983
   4.653   0.17176   0.00971   0.03411  17.68178
   4.739   0.18124   0.00921   0.03397  19.68040
   4.824   0.19095   0.00880   0.03381  21.68892
   4.910   0.20091   0.00855   0.03360  23.50844
   4.995   0.21110   0.00843   0.03335  25.04999
   5.080   0.22150   0.00840   0.03310  26.35913
   5.166   0.23205   0.00843   0.03287  27.52098
   5.251   0.24270   0.00849   0.03267  28.59840
   5.337   0.25336   0.00855   0.03249  29.62591
   5.422   0.26400   0.00862   0.03232  30.62054
   5.508   0.27459   0.00869   0.03218  31.59078
   5.593   0.28511   0.00876   0.03204  32.54120
   5.678   0.29558   0.00883   0.03192  33.47449
   5.764   0.30598   0.00890   0.03180  34.39238
   5.849   0.31632   0.00896   0.03169  35.29602
   5.935   0.32661   0.00903   0.03159  36.18621
   6.020   0.33684   0.00909   0.03149  37.06353
   6.106   0.34702   0.00915   0.03141  37.92842
   6.191   0.35715   0.00921   0.03133  38.78127
   6.276   0.36724   0.00927   0.03125  39.62246
   6.362   0.37728   0.00933   0.03119  40.45241
   6.447   0.38729   0.00938   0.03112  41.27157
   6.533   0.39725   0.00944   0.03107  42.08050
   6.618   0.40718   0.00950   0.03102  42.87977
   6.704   0.41708   0.00955   0.03097  43.67004
   6.789   0.42696   0.00960   0.03093  44.45195
   6.874   0.43681   0.00966   0.03089  45.22617
   6.960   0.44665   0.00971   0.03086  45.99335
   7.045   0.45647   0.00976   0.03082  46.75410
   7.131   0.46628   0.00981   0.03079  47.50901
   7.216   0.47609   0.00987   0.03076  48.25863
   7.302   0.48589   0.00992   0.03074  49.00347
   7.387   0.49568   0.00996   0.03071  49.74404
   7.472   0.50548   0.01001   0.03068  50.48079
   7.558   0.51528   0.01006   0.03066  51.21417
   7.643   0.52508   0.01011   0.03063  51.94465
   7.729   0.53488   0.01015   0.03060  52.67266
   7.814   0.54470   0.01020   0.03058  53.39866
   7.899   0.55452   0.01025   0.03055  54.12310
   7.985   0.56435   0.01029   0.03052  54.84645
   8.070   0.57419   0.01033   0.03050  55.56916
   8.156   0.58405   0.01038   0.03047  56.29169
   8.241   0.59391   0.01042   0.03044  57.01444
   8.327   0.60379   0.01046   0.03041  57.73780
   8.412   0.61368   0.01050   0.03037  58.46209
   8.497   0.62358   0.01054   0.03034  59.18752
   8.583   0.63350   0.01057   0.03030  59.91421
   8.668   0.64343   0.01061   0.03026  60.64216
   8.754   0.65337   0.01065   0.03022  61.37122
   8.839   0.66331   0.01068   0.03017  62.10112
   8.925   0.67327   0.01072   0.03013  62.83145
   9.010   0.68323   0.01075   0.03008  63.56166
   9.095   0.69319   0.01078   0.03003  64.29113
   9.181   0.70316   0.01081   0.02998  65.01914
   9.266   0.71313   0.01085   0.02993  65.74490
   9.352   0.72309   0.01088   0.02988  66.46762
   9.437   0.73305   0.01091   0.02983  67.18649
   9.523   0.74300   0.01094   0.02978  67.90074
   9.608   0.75295   0.01097   0.02973  68.60966
   9.693   0.76289   0.01101   0.02969  69.31265
   9.779   0.77282   0.01104   0.02964  70.00921
   9.864   0.78275   0.01107   0.02960  70.69902
   9.950   0.79267   0.01110   0.02956  71.38197
  10.035   0.80258   0.01114   0.02953  72.05813
  10.121   0.81250   0.01117   0.02950  72.72786
  10.206   0.82241   0.01121   0.02947  73.39172
  10.291   0.83233   0.01124   0.02945  74.05053
  10.377   0.84225   0.01127   0.02943  74.70531
  10.462   0.85218   0.01131   0.02942  75.35723
  10.548   0.86212   0.01134   0.02941  76.00753
  10.633   0.87207   0.01138   0.02941  76.65736
  10.719   0.88204   0.01141   0.02941  77.30767
  10.804   0.89201   0.01144   0.02941  77.95905
  10.889   0.90198   0.01147   0.02941  78.61150
  10.975   0.91196   0.01151   0.02941  79.26431
  11.060   0.92194   0.01154   0.02940  79.91574
  11.146   0.93192   0.01157   0.02940  80.56265
  11.231   0.94191   0.01160   0.02938  81.19983
  11.317   0.95190   0.01163   0.02937  81.81903
  11.402   0.96188   0.01167   0.02936  82.40772
  11.487   0.97185   0.01172   0.02934  82.94753
  11.573   0.98178   0.01177   0.02934  83.41263
  11.658   0.99163   0.01184   0.02934  83.76842
  11.744   1.00135   0.01192   0.02935  83.97088
  11.829   1.01087   0.01204   0.02937  83.96783
  11.915   1.02012   0.01219   0.02942  83.70302
  12.000   1.02901   0.01238   0.02949  83.12426
