--------------------------------------------------------------
  XFOIL-like Polar Output (Generated by NeuralFoil)
--------------------------------------------------------------
  alpha     CL        CD       Cm        CL/CD
--------------------------------------------------------------
  -5.000  -0.53398   0.00935   0.00246  -57.12102
  -4.915  -0.52549   0.00932   0.00271  -56.40086
  -4.829  -0.51691   0.00928   0.00292  -55.68832
  -4.744  -0.50818   0.00924   0.00310  -54.97922
  -4.658  -0.49931   0.00920   0.00324  -54.27069
  -4.573  -0.49029   0.00915   0.00335  -53.56072
  -4.487  -0.48116   0.00910   0.00343  -52.84778
  -4.402  -0.47194   0.00905   0.00350  -52.13058
  -4.317  -0.46267   0.00900   0.00355  -51.40807
  -4.231  -0.45336   0.00895   0.00359  -50.67936
  -4.146  -0.44403   0.00889   0.00364  -49.94360
  -4.060  -0.43469   0.00884   0.00367  -49.19978
  -3.975  -0.42535   0.00878   0.00371  -48.44650
  -3.889  -0.41601   0.00872   0.00375  -47.68196
  -3.804  -0.40668   0.00867   0.00380  -46.90426
  -3.719  -0.39733   0.00862   0.00384  -46.11226
  -3.633  -0.38798   0.00856   0.00389  -45.30679
  -3.548  -0.37864   0.00851   0.00394  -44.49219
  -3.462  -0.36931   0.00846   0.00399  -43.67757
  -3.377  -0.36002   0.00840   0.00406  -42.87747
  -3.291  -0.35079   0.00833   0.00413  -42.11220
  -3.206  -0.34165   0.00825   0.00421  -41.40925
  -3.121  -0.33263   0.00815   0.00432  -40.80622
  -3.035  -0.32380   0.00803   0.00444  -40.34854
  -2.950  -0.31521   0.00787   0.00458  -40.07030
  -2.864  -0.30688   0.00768   0.00473  -39.96295
  -2.779  -0.29871   0.00748   0.00488  -39.96114
  -2.693  -0.29055   0.00727   0.00503  -39.95712
  -2.608  -0.28224   0.00709   0.00516  -39.82768
  -2.523  -0.27365   0.00693   0.00527  -39.47063
  -2.437  -0.26477   0.00682   0.00536  -38.84273
  -2.352  -0.25562   0.00673   0.00543  -37.96728
  -2.266  -0.24628   0.00667   0.00550  -36.90468
  -2.181  -0.23681   0.00663   0.00556  -35.71720
  -2.095  -0.22726   0.00660   0.00561  -34.45157
  -2.010  -0.21766   0.00657   0.00566  -33.13764
  -1.925  -0.20802   0.00654   0.00570  -31.79301
  -1.839  -0.19837   0.00652   0.00575  -30.42760
  -1.754  -0.18870   0.00650   0.00578  -29.04692
  -1.668  -0.17903   0.00647   0.00582  -27.65403
  -1.583  -0.16936   0.00645   0.00585  -26.25063
  -1.497  -0.15969   0.00643   0.00588  -24.83772
  -1.412  -0.15001   0.00641   0.00591  -23.41590
  -1.327  -0.14034   0.00638   0.00594  -21.98557
  -1.241  -0.13066   0.00636   0.00597  -20.54706
  -1.156  -0.12099   0.00633   0.00600  -19.10065
  -1.070  -0.11132   0.00631   0.00603  -17.64664
  -0.985  -0.10166   0.00628   0.00605  -16.18532
  -0.899  -0.09200   0.00625   0.00609  -14.71701
  -0.814  -0.08236   0.00622   0.00612  -13.24196
  -0.729  -0.07275   0.00619   0.00616  -11.76043
  -0.643  -0.06317   0.00615   0.00620  -10.27267
  -0.558  -0.05364   0.00611   0.00625  -8.77910
  -0.472  -0.04418   0.00607   0.00630  -7.28057
  -0.387  -0.03481   0.00602   0.00637  -5.77864
  -0.302  -0.02556   0.00598   0.00645  -4.27579
  -0.216  -0.01646   0.00593   0.00655  -2.77530
  -0.131  -0.00754   0.00589   0.00667  -1.28066
  -0.045   0.00120   0.00584   0.00683   0.20548
   0.040   0.00975   0.00579   0.00702   1.68238
   0.126   0.01812   0.00575   0.00726   3.15093
   0.211   0.02634   0.00571   0.00754   4.61078
   0.296   0.03444   0.00569   0.00786   6.05697
   0.382   0.04246   0.00568   0.00822   7.48112
   0.467   0.05045   0.00568   0.00860   8.87721
   0.553   0.05850   0.00571   0.00897  10.24576
   0.638   0.06670   0.00575   0.00930  11.59313
   0.724   0.07510   0.00581   0.00959  12.92771
   0.809   0.08372   0.00587   0.00983  14.25596
   0.894   0.09254   0.00594   0.01002  15.58049
   0.980   0.10152   0.00601   0.01017  16.90061
   1.065   0.11061   0.00607   0.01030  18.21408
   1.151   0.11978   0.00614   0.01040  19.51844
   1.236   0.12900   0.00620   0.01051  20.81163
   1.322   0.13825   0.00626   0.01060  22.09218
   1.407   0.14753   0.00632   0.01070  23.35920
   1.492   0.15681   0.00637   0.01079  24.61238
   1.578   0.16610   0.00643   0.01089  25.85186
   1.663   0.17540   0.00648   0.01099  27.07813
   1.749   0.18470   0.00653   0.01109  28.29194
   1.834   0.19401   0.00658   0.01119  29.49412
   1.920   0.20333   0.00663   0.01129  30.68560
   2.005   0.21266   0.00667   0.01138  31.86726
   2.090   0.22200   0.00672   0.01147  33.03990
   2.176   0.23137   0.00676   0.01156  34.20416
   2.261   0.24075   0.00681   0.01165  35.36056
   2.347   0.25015   0.00685   0.01174  36.50951
   2.432   0.25957   0.00689   0.01182  37.65135
   2.518   0.26899   0.00694   0.01190  38.78635
   2.603   0.27842   0.00698   0.01198  39.91459
   2.688   0.28786   0.00701   0.01207  41.03598
   2.774   0.29729   0.00705   0.01215  42.15018
   2.859   0.30671   0.00709   0.01224  43.25666
   2.945   0.31611   0.00713   0.01234  44.35485
   3.030   0.32548   0.00716   0.01244  45.44427
   3.116   0.33483   0.00720   0.01254  46.52467
   3.201   0.34413   0.00723   0.01265  47.59605
   3.286   0.35340   0.00726   0.01277  48.65852
   3.372   0.36263   0.00729   0.01290  49.71220
   3.457   0.37181   0.00733   0.01303  50.75705
   3.543   0.38094   0.00736   0.01317  51.79283
   3.628   0.39003   0.00738   0.01333  52.81910
   3.714   0.39906   0.00741   0.01349  53.83525
   3.799   0.40805   0.00744   0.01366  54.84056
   3.884   0.41698   0.00747   0.01383  55.83421
   3.970   0.42587   0.00750   0.01402  56.81525
   4.055   0.43471   0.00752   0.01421  57.78257
   4.141   0.44350   0.00755   0.01441  58.73492
   4.226   0.45226   0.00758   0.01461  59.67083
   4.312   0.46097   0.00761   0.01483  60.58868
   4.397   0.46966   0.00764   0.01504  61.48665
   4.482   0.47831   0.00767   0.01526  62.36278
   4.568   0.48694   0.00770   0.01547  63.21509
   4.653   0.49555   0.00774   0.01569  64.04178
   4.739   0.50416   0.00778   0.01591  64.84153
   4.824   0.51277   0.00781   0.01612  65.61396
   4.910   0.52140   0.00786   0.01633  66.35989
   4.995   0.53007   0.00790   0.01653  67.08094
   5.080   0.53878   0.00795   0.01672  67.77792
   5.166   0.54754   0.00800   0.01690  68.44856
   5.251   0.55634   0.00805   0.01706  69.08660
   5.337   0.56516   0.00811   0.01722  69.68387
   5.422   0.57398   0.00817   0.01736  70.23369
   5.508   0.58280   0.00824   0.01750  70.73207
   5.593   0.59161   0.00831   0.01762  71.17556
   5.678   0.60044   0.00839   0.01774  71.55831
   5.764   0.60928   0.00848   0.01785  71.87200
   5.849   0.61813   0.00857   0.01795  72.10881
   5.935   0.62700   0.00868   0.01804  72.26478
   6.020   0.63590   0.00879   0.01811  72.34091
   6.106   0.64482   0.00891   0.01818  72.34277
   6.191   0.65377   0.00904   0.01823  72.28030
   6.276   0.66276   0.00918   0.01826  72.16776
   6.362   0.67181   0.00933   0.01828  72.02300
   6.447   0.68093   0.00947   0.01829  71.86655
   6.533   0.69014   0.00962   0.01828  71.72077
   6.618   0.69945   0.00977   0.01825  71.60769
   6.704   0.70886   0.00991   0.01821  71.54476
   6.789   0.71837   0.01004   0.01814  71.54050
   6.874   0.72799   0.01017   0.01806  71.59301
   6.960   0.73769   0.01029   0.01796  71.69239
   7.045   0.74747   0.01041   0.01785  71.82524
   7.131   0.75733   0.01052   0.01771  71.97878
   7.216   0.76725   0.01064   0.01757  72.14302
   7.302   0.77724   0.01075   0.01740  72.31120
   7.387   0.78730   0.01086   0.01723  72.47928
   7.472   0.79742   0.01098   0.01703  72.64511
   7.558   0.80761   0.01109   0.01683  72.80771
   7.643   0.81787   0.01121   0.01661  72.96675
   7.729   0.82818   0.01133   0.01637  73.12214
   7.814   0.83855   0.01144   0.01613  73.27383
   7.899   0.84897   0.01156   0.01587  73.42170
   7.985   0.85944   0.01168   0.01559  73.56547
   8.070   0.86994   0.01180   0.01530  73.70476
   8.156   0.88046   0.01192   0.01500  73.83905
   8.241   0.89100   0.01205   0.01470  73.96772
   8.327   0.90155   0.01217   0.01438  74.08999
   8.412   0.91210   0.01229   0.01406  74.20490
   8.497   0.92264   0.01242   0.01374  74.31133
   8.583   0.93315   0.01254   0.01343  74.40803
   8.668   0.94363   0.01267   0.01312  74.49367
   8.754   0.95404   0.01279   0.01282  74.56696
   8.839   0.96437   0.01292   0.01254  74.62664
   8.925   0.97462   0.01305   0.01227  74.67158
   9.010   0.98475   0.01318   0.01203  74.70082
   9.095   0.99474   0.01331   0.01181  74.71351
   9.181   1.00459   0.01345   0.01162  74.70901
   9.266   1.01428   0.01358   0.01147  74.68681
   9.352   1.02379   0.01372   0.01134  74.64659
   9.437   1.03312   0.01385   0.01126  74.58818
   9.523   1.04225   0.01399   0.01121  74.51157
   9.608   1.05117   0.01413   0.01120  74.41689
   9.693   1.05989   0.01426   0.01124  74.30441
   9.779   1.06840   0.01440   0.01131  74.17453
   9.864   1.07670   0.01454   0.01142  74.02777
   9.950   1.08481   0.01469   0.01157  73.86474
  10.035   1.09272   0.01483   0.01176  73.68613
  10.121   1.10044   0.01497   0.01198  73.49269
  10.206   1.10800   0.01512   0.01224  73.28522
  10.291   1.11539   0.01527   0.01252  73.06456
  10.377   1.12265   0.01541   0.01283  72.83155
  10.462   1.12977   0.01556   0.01316  72.58700
  10.548   1.13679   0.01572   0.01350  72.33175
  10.633   1.14371   0.01587   0.01386  72.06655
  10.719   1.15056   0.01603   0.01423  71.79215
  10.804   1.15735   0.01618   0.01461  71.50919
  10.889   1.16409   0.01635   0.01499  71.21830
  10.975   1.17080   0.01651   0.01537  70.91999
  11.060   1.17750   0.01668   0.01574  70.61472
  11.146   1.18419   0.01684   0.01611  70.30287
  11.231   1.19088   0.01702   0.01647  69.98476
  11.317   1.19757   0.01719   0.01683  69.66061
  11.402   1.20427   0.01737   0.01717  69.33059
  11.487   1.21098   0.01755   0.01751  68.99482
  11.573   1.21770   0.01774   0.01783  68.65335
  11.658   1.22443   0.01793   0.01814  68.30619
  11.744   1.23115   0.01812   0.01845  67.95332
  11.829   1.23787   0.01831   0.01875  67.59468
  11.915   1.24457   0.01851   0.01904  67.23015
  12.000   1.25125   0.01871   0.01932  66.85961
