--------------------------------------------------------------
  XFOIL-like Polar Output (Generated by NeuralFoil)
--------------------------------------------------------------
  alpha     CL        CD       Cm        CL/CD
--------------------------------------------------------------
  -5.000  -0.82641   0.01488   0.01015  -55.54009
  -4.915  -0.81774   0.01475   0.01031  -55.42426
  -4.829  -0.80904   0.01463   0.01047  -55.29562
  -4.744  -0.80032   0.01451   0.01063  -55.15433
  -4.658  -0.79158   0.01439   0.01078  -55.00057
  -4.573  -0.78283   0.01428   0.01094  -54.83458
  -4.487  -0.77406   0.01416   0.01109  -54.65660
  -4.402  -0.76528   0.01405   0.01124  -54.46686
  -4.317  -0.75649   0.01394   0.01139  -54.26558
  -4.231  -0.74769   0.01383   0.01154  -54.05288
  -4.146  -0.73888   0.01373   0.01169  -53.82885
  -4.060  -0.73005   0.01362   0.01185  -53.59345
  -3.975  -0.72121   0.01352   0.01200  -53.34654
  -3.889  -0.71236   0.01342   0.01215  -53.08794
  -3.804  -0.70348   0.01332   0.01230  -52.81743
  -3.719  -0.69458   0.01322   0.01245  -52.53487
  -3.633  -0.68566   0.01313   0.01260  -52.24027
  -3.548  -0.67672   0.01303   0.01275  -51.93383
  -3.462  -0.66776   0.01294   0.01290  -51.61593
  -3.377  -0.65879   0.01285   0.01304  -51.28712
  -3.291  -0.64981   0.01275   0.01319  -50.94800
  -3.206  -0.64083   0.01266   0.01333  -50.59915
  -3.121  -0.63183   0.01258   0.01348  -50.24112
  -3.035  -0.62284   0.01249   0.01362  -49.87435
  -2.950  -0.61385   0.01240   0.01376  -49.49915
  -2.864  -0.60485   0.01231   0.01390  -49.11576
  -2.779  -0.59584   0.01223   0.01404  -48.72431
  -2.693  -0.58684   0.01214   0.01419  -48.32485
  -2.608  -0.57783   0.01206   0.01433  -47.91736
  -2.523  -0.56881   0.01197   0.01447  -47.50175
  -2.437  -0.55979   0.01189   0.01461  -47.07792
  -2.352  -0.55076   0.01181   0.01475  -46.64567
  -2.266  -0.54172   0.01172   0.01489  -46.20478
  -2.181  -0.53268   0.01164   0.01503  -45.75494
  -2.095  -0.52364   0.01156   0.01517  -45.29571
  -2.010  -0.51460   0.01148   0.01531  -44.82647
  -1.925  -0.50555   0.01140   0.01545  -44.34626
  -1.839  -0.49651   0.01132   0.01559  -43.85359
  -1.754  -0.48748   0.01125   0.01573  -43.34619
  -1.668  -0.47845   0.01117   0.01587  -42.82064
  -1.583  -0.46944   0.01111   0.01600  -42.27200
  -1.497  -0.46043   0.01104   0.01613  -41.69357
  -1.412  -0.45142   0.01099   0.01626  -41.07707
  -1.327  -0.44241   0.01095   0.01639  -40.41385
  -1.241  -0.43339   0.01092   0.01652  -39.69734
  -1.156  -0.42436   0.01090   0.01665  -38.92665
  -1.070  -0.41531   0.01090   0.01679  -38.10958
  -0.985  -0.40625   0.01090   0.01692  -37.26254
  -0.899  -0.39718   0.01091   0.01705  -36.40608
  -0.814  -0.38809   0.01091   0.01718  -35.55812
  -0.729  -0.37900   0.01091   0.01729  -34.72900
  -0.643  -0.36990   0.01090   0.01740  -33.92093
  -0.558  -0.36080   0.01089   0.01749  -33.13061
  -0.472  -0.35169   0.01087   0.01758  -32.35242
  -0.387  -0.34257   0.01085   0.01766  -31.58071
  -0.302  -0.33346   0.01082   0.01773  -30.81083
  -0.216  -0.32434   0.01080   0.01780  -30.03937
  -0.131  -0.31522   0.01077   0.01787  -29.26403
  -0.045  -0.30609   0.01075   0.01794  -28.48341
   0.040  -0.29696   0.01072   0.01801  -27.69671
   0.126  -0.28782   0.01070   0.01808  -26.90363
   0.211  -0.27868   0.01068   0.01815  -26.10414
   0.296  -0.26953   0.01065   0.01822  -25.29845
   0.382  -0.26037   0.01063   0.01830  -24.48690
   0.467  -0.25120   0.01061   0.01837  -23.66988
   0.553  -0.24203   0.01059   0.01845  -22.84784
   0.638  -0.23286   0.01057   0.01852  -22.02123
   0.724  -0.22369   0.01056   0.01860  -21.19045
   0.809  -0.21451   0.01054   0.01868  -20.35591
   0.894  -0.20533   0.01052   0.01876  -19.51792
   0.980  -0.19616   0.01050   0.01884  -18.67676
   1.065  -0.18699   0.01049   0.01893  -17.83265
   1.151  -0.17782   0.01047   0.01901  -16.98575
   1.236  -0.16865   0.01045   0.01910  -16.13616
   1.322  -0.15949   0.01043   0.01919  -15.28392
   1.407  -0.15032   0.01042   0.01927  -14.42903
   1.492  -0.14116   0.01040   0.01936  -13.57148
   1.578  -0.13201   0.01039   0.01945  -12.71120
   1.663  -0.12285   0.01037   0.01954  -11.84813
   1.749  -0.11370   0.01035   0.01962  -10.98218
   1.834  -0.10454   0.01034   0.01971  -10.11330
   1.920  -0.09539   0.01032   0.01980  -9.24143
   2.005  -0.08623   0.01031   0.01988  -8.36652
   2.090  -0.07707   0.01029   0.01997  -7.48854
   2.176  -0.06791   0.01028   0.02005  -6.60747
   2.261  -0.05874   0.01026   0.02013  -5.72332
   2.347  -0.04957   0.01025   0.02022  -4.83606
   2.432  -0.04039   0.01024   0.02030  -3.94571
   2.518  -0.03120   0.01022   0.02039  -3.05227
   2.603  -0.02201   0.01021   0.02047  -2.15571
   2.688  -0.01281   0.01020   0.02055  -1.25605
   2.774  -0.00360   0.01019   0.02063  -0.35326
   2.859   0.00562   0.01018   0.02072   0.55268
   2.945   0.01486   0.01016   0.02080   1.46178
   3.030   0.02410   0.01015   0.02088   2.37409
   3.116   0.03337   0.01014   0.02096   3.28965
   3.201   0.04265   0.01013   0.02105   4.20854
   3.286   0.05194   0.01012   0.02113   5.13085
   3.372   0.06126   0.01011   0.02121   6.05676
   3.457   0.07061   0.01011   0.02129   6.98650
   3.543   0.07998   0.01010   0.02137   7.92038
   3.628   0.08940   0.01009   0.02144   8.85882
   3.714   0.09885   0.01008   0.02152   9.80233
   3.799   0.10836   0.01008   0.02158  10.75147
   3.884   0.11793   0.01007   0.02165  11.70687
   3.970   0.12758   0.01007   0.02170  12.66914
   4.055   0.13730   0.01007   0.02175  13.63878
   4.141   0.14712   0.01007   0.02179  14.61607
   4.226   0.15704   0.01007   0.02181  15.60092
   4.312   0.16706   0.01007   0.02182  16.59257
   4.397   0.17718   0.01007   0.02181  17.58927
   4.482   0.18740   0.01008   0.02178  18.58775
   4.568   0.19771   0.01010   0.02173  19.58288
   4.653   0.20807   0.01012   0.02166  20.56790
   4.739   0.21844   0.01014   0.02157  21.53652
   4.824   0.22878   0.01017   0.02147  22.48784
   4.910   0.23900   0.01020   0.02135  23.43443
   4.995   0.24901   0.01020   0.02125  24.41110
   5.080   0.25869   0.01015   0.02118  25.48044
   5.166   0.26794   0.01002   0.02117  26.73179
   5.251   0.27665   0.00979   0.02127  28.27124
   5.337   0.28475   0.00943   0.02151  30.18836
   5.422   0.29223   0.00900   0.02191  32.47651
   5.508   0.29916   0.00856   0.02244  34.94354
   5.593   0.30583   0.00821   0.02302  37.25603
   5.678   0.31269   0.00798   0.02353  39.18092
   5.764   0.32019   0.00786   0.02392  40.73465
   5.849   0.32850   0.00781   0.02418  42.05165
   5.935   0.33752   0.00781   0.02434  43.23638
   6.020   0.34698   0.00783   0.02442  44.33941
   6.106   0.35667   0.00786   0.02448  45.38288
   6.191   0.36644   0.00790   0.02452  46.37914
   6.276   0.37619   0.00795   0.02455  47.33729
   6.362   0.38591   0.00800   0.02460  48.26452
   6.447   0.39557   0.00805   0.02464  49.16638
   6.533   0.40517   0.00810   0.02470  50.04701
   6.618   0.41473   0.00815   0.02476  50.90950
   6.704   0.42423   0.00820   0.02482  51.75616
   6.789   0.43370   0.00825   0.02488  52.58875
   6.874   0.44313   0.00830   0.02495  53.40862
   6.960   0.45252   0.00835   0.02502  54.21689
   7.045   0.46190   0.00840   0.02509  55.01446
   7.131   0.47125   0.00844   0.02515  55.80214
   7.216   0.48058   0.00849   0.02522  56.58063
   7.302   0.48990   0.00854   0.02529  57.35055
   7.387   0.49920   0.00859   0.02536  58.11249
   7.472   0.50850   0.00864   0.02543  58.86698
   7.558   0.51778   0.00869   0.02550  59.61451
   7.643   0.52706   0.00873   0.02556  60.35558
   7.729   0.53634   0.00878   0.02563  61.09066
   7.814   0.54560   0.00883   0.02570  61.82020
   7.899   0.55487   0.00887   0.02576  62.54471
   7.985   0.56413   0.00892   0.02582  63.26470
   8.070   0.57339   0.00896   0.02588  63.98070
   8.156   0.58264   0.00901   0.02594  64.69332
   8.241   0.59190   0.00905   0.02600  65.40316
   8.327   0.60116   0.00909   0.02605  66.11092
   8.412   0.61043   0.00914   0.02611  66.81730
   8.497   0.61970   0.00918   0.02615  67.52304
   8.583   0.62898   0.00922   0.02620  68.22892
   8.668   0.63826   0.00926   0.02624  68.93571
   8.754   0.64756   0.00930   0.02627  69.64416
   8.839   0.65688   0.00934   0.02630  70.35502
   8.925   0.66620   0.00937   0.02633  71.06896
   9.010   0.67555   0.00941   0.02634  71.78661
   9.095   0.68492   0.00945   0.02636  72.50849
   9.181   0.69430   0.00948   0.02636  73.23501
   9.266   0.70371   0.00951   0.02636  73.96646
   9.352   0.71314   0.00955   0.02635  74.70298
   9.437   0.72260   0.00958   0.02633  75.44456
   9.523   0.73207   0.00961   0.02631  76.19102
   9.608   0.74157   0.00964   0.02628  76.94202
   9.693   0.75109   0.00967   0.02624  77.69709
   9.779   0.76062   0.00969   0.02620  78.45558
   9.864   0.77018   0.00972   0.02615  79.21675
   9.950   0.77975   0.00975   0.02610  79.97972
  10.035   0.78933   0.00978   0.02604  80.74357
  10.121   0.79893   0.00980   0.02598  81.50727
  10.206   0.80853   0.00983   0.02591  82.26978
  10.291   0.81814   0.00985   0.02585  83.03003
  10.377   0.82776   0.00988   0.02578  83.78693
  10.462   0.83738   0.00991   0.02571  84.53945
  10.548   0.84700   0.00993   0.02564  85.28654
  10.633   0.85662   0.00996   0.02557  86.02724
  10.719   0.86624   0.00998   0.02550  86.76064
  10.804   0.87586   0.01001   0.02543  87.48594
  10.889   0.88548   0.01004   0.02535  88.20245
  10.975   0.89509   0.01007   0.02528  88.90958
  11.060   0.90471   0.01010   0.02521  89.60692
  11.146   0.91433   0.01013   0.02515  90.29419
  11.231   0.92394   0.01016   0.02508  90.97123
  11.317   0.93357   0.01019   0.02502  91.63802
  11.402   0.94320   0.01022   0.02495  92.29457
  11.487   0.95284   0.01025   0.02489  92.94091
  11.573   0.96250   0.01029   0.02483  93.57706
  11.658   0.97216   0.01032   0.02477  94.20299
  11.744   0.98184   0.01035   0.02472  94.81875
  11.829   0.99154   0.01039   0.02466  95.42440
  11.915   1.00125   0.01043   0.02461  96.02006
  12.000   1.01097   0.01046   0.02456  96.60555
