--------------------------------------------------------------
  XFOIL-like Polar Output (Generated by NeuralFoil)
--------------------------------------------------------------
  alpha     CL        CD       Cm        CL/CD
--------------------------------------------------------------
  -5.000  -1.28293   0.02107   0.06150  -60.88902
  -4.915  -1.27550   0.02088   0.06179  -61.09247
  -4.829  -1.26799   0.02069   0.06206  -61.28577
  -4.744  -1.26039   0.02050   0.06233  -61.46881
  -4.658  -1.25272   0.02032   0.06258  -61.64149
  -4.573  -1.24497   0.02014   0.06283  -61.80372
  -4.487  -1.23715   0.01997   0.06306  -61.95547
  -4.402  -1.22926   0.01980   0.06328  -62.09670
  -4.317  -1.22130   0.01963   0.06349  -62.22741
  -4.231  -1.21327   0.01946   0.06369  -62.34762
  -4.146  -1.20518   0.01930   0.06388  -62.45737
  -4.060  -1.19702   0.01913   0.06406  -62.55674
  -3.975  -1.18881   0.01898   0.06424  -62.64579
  -3.889  -1.18055   0.01882   0.06440  -62.72465
  -3.804  -1.17223   0.01867   0.06456  -62.79341
  -3.719  -1.16387   0.01852   0.06470  -62.85222
  -3.633  -1.15546   0.01837   0.06484  -62.90123
  -3.548  -1.14701   0.01822   0.06498  -62.94059
  -3.462  -1.13852   0.01808   0.06510  -62.97048
  -3.377  -1.13000   0.01794   0.06523  -62.99109
  -3.291  -1.12146   0.01780   0.06535  -63.00264
  -3.206  -1.11288   0.01766   0.06546  -63.00535
  -3.121  -1.10429   0.01753   0.06557  -62.99951
  -3.035  -1.09568   0.01740   0.06568  -62.98543
  -2.950  -1.08705   0.01726   0.06579  -62.96350
  -2.864  -1.07841   0.01714   0.06589  -62.93418
  -2.779  -1.06977   0.01701   0.06600  -62.89799
  -2.693  -1.06113   0.01688   0.06611  -62.85560
  -2.608  -1.05249   0.01676   0.06622  -62.80776
  -2.523  -1.04385   0.01663   0.06633  -62.75534
  -2.437  -1.03521   0.01651   0.06645  -62.69928
  -2.352  -1.02658   0.01639   0.06657  -62.64063
  -2.266  -1.01796   0.01627   0.06670  -62.58049
  -2.181  -1.00935   0.01614   0.06684  -62.51999
  -2.095  -1.00075   0.01602   0.06699  -62.46032
  -2.010  -0.99217   0.01590   0.06715  -62.40273
  -1.925  -0.98361   0.01578   0.06732  -62.34853
  -1.839  -0.97508   0.01565   0.06751  -62.29922
  -1.754  -0.96659   0.01553   0.06770  -62.25655
  -1.668  -0.95815   0.01540   0.06791  -62.22294
  -1.583  -0.94978   0.01527   0.06814  -62.20225
  -1.497  -0.94150   0.01514   0.06838  -62.20120
  -1.412  -0.93334   0.01500   0.06864  -62.23144
  -1.327  -0.92534   0.01485   0.06893  -62.31140
  -1.241  -0.91754   0.01469   0.06925  -62.46575
  -1.156  -0.90996   0.01451   0.06961  -62.71917
  -1.070  -0.90259   0.01431   0.06999  -63.08328
  -0.985  -0.89534   0.01409   0.07039  -63.54258
  -0.899  -0.88808   0.01387   0.07079  -64.05124
  -0.814  -0.88068   0.01364   0.07117  -64.54674
  -0.729  -0.87306   0.01344   0.07151  -64.97131
  -0.643  -0.86519   0.01325   0.07180  -65.28592
  -0.558  -0.85708   0.01309   0.07206  -65.47174
  -0.472  -0.84874   0.01295   0.07227  -65.52520
  -0.387  -0.84021   0.01284   0.07246  -65.45297
  -0.302  -0.83151   0.01274   0.07262  -65.26857
  -0.216  -0.82270   0.01266   0.07276  -64.98987
  -0.131  -0.81382   0.01259   0.07289  -64.63668
  -0.045  -0.80491   0.01253   0.07301  -64.22827
   0.040  -0.79600   0.01248   0.07314  -63.78147
   0.126  -0.78712   0.01243   0.07326  -63.30966
   0.211  -0.77828   0.01239   0.07340  -62.82266
   0.296  -0.76948   0.01235   0.07354  -62.32709
   0.382  -0.76074   0.01230   0.07369  -61.82706
   0.467  -0.75204   0.01226   0.07385  -61.32484
   0.553  -0.74340   0.01222   0.07402  -60.82151
   0.638  -0.73479   0.01218   0.07419  -60.31732
   0.724  -0.72622   0.01214   0.07438  -59.81214
   0.809  -0.71769   0.01210   0.07457  -59.30557
   0.894  -0.70919   0.01206   0.07476  -58.79712
   0.980  -0.70071   0.01202   0.07495  -58.28628
   1.065  -0.69226   0.01198   0.07515  -57.77258
   1.151  -0.68382   0.01194   0.07535  -57.25558
   1.236  -0.67540   0.01190   0.07555  -56.73492
   1.322  -0.66699   0.01187   0.07575  -56.21032
   1.407  -0.65860   0.01183   0.07595  -55.68161
   1.492  -0.65022   0.01179   0.07615  -55.14869
   1.578  -0.64185   0.01175   0.07636  -54.61159
   1.663  -0.63350   0.01172   0.07656  -54.07039
   1.749  -0.62516   0.01168   0.07676  -53.52529
   1.834  -0.61683   0.01164   0.07697  -52.97653
   1.920  -0.60851   0.01161   0.07717  -52.42440
   2.005  -0.60021   0.01157   0.07738  -51.86920
   2.090  -0.59193   0.01154   0.07760  -51.31122
   2.176  -0.58366   0.01150   0.07781  -50.75074
   2.261  -0.57541   0.01147   0.07803  -50.18800
   2.347  -0.56717   0.01143   0.07825  -49.62318
   2.432  -0.55894   0.01139   0.07848  -49.05641
   2.518  -0.55073   0.01136   0.07871  -48.48779
   2.603  -0.54252   0.01132   0.07895  -47.91735
   2.688  -0.53433   0.01129   0.07919  -47.34512
   2.774  -0.52614   0.01125   0.07943  -46.77109
   2.859  -0.51796   0.01121   0.07968  -46.19525
   2.945  -0.50978   0.01118   0.07993  -45.61758
   3.030  -0.50161   0.01114   0.08019  -45.03808
   3.116  -0.49344   0.01110   0.08044  -44.45678
   3.201  -0.48528   0.01106   0.08071  -43.87370
   3.286  -0.47711   0.01102   0.08097  -43.28890
   3.372  -0.46895   0.01098   0.08124  -42.70247
   3.457  -0.46079   0.01094   0.08151  -42.11452
   3.543  -0.45263   0.01090   0.08178  -41.52516
   3.628  -0.44447   0.01086   0.08206  -40.93454
   3.714  -0.43631   0.01082   0.08233  -40.34280
   3.799  -0.42815   0.01077   0.08261  -39.75008
   3.884  -0.42000   0.01073   0.08289  -39.15650
   3.970  -0.41184   0.01068   0.08317  -38.56214
   4.055  -0.40369   0.01063   0.08345  -37.96705
   4.141  -0.39553   0.01058   0.08373  -37.37119
   4.226  -0.38738   0.01053   0.08401  -36.77443
   4.312  -0.37922   0.01048   0.08429  -36.17655
   4.397  -0.37106   0.01043   0.08457  -35.57716
   4.482  -0.36289   0.01038   0.08485  -34.97573
   4.568  -0.35471   0.01032   0.08513  -34.37157
   4.653  -0.34652   0.01026   0.08540  -33.76377
   4.739  -0.33831   0.01021   0.08567  -33.15127
   4.824  -0.33008   0.01015   0.08594  -32.53277
   4.910  -0.32182   0.01009   0.08621  -31.90685
   4.995  -0.31353   0.01003   0.08646  -31.27189
   5.080  -0.30519   0.00997   0.08672  -30.62615
   5.166  -0.29681   0.00990   0.08696  -29.96782
   5.251  -0.28838   0.00984   0.08720  -29.29502
   5.337  -0.27988   0.00978   0.08743  -28.60589
   5.422  -0.27132   0.00973   0.08765  -27.89864
   5.508  -0.26268   0.00967   0.08786  -27.17162
   5.593  -0.25396   0.00961   0.08806  -26.42344
   5.678  -0.24517   0.00956   0.08824  -25.65306
   5.764  -0.23629   0.00951   0.08842  -24.85986
   5.849  -0.22734   0.00946   0.08859  -24.04367
   5.935  -0.21831   0.00941   0.08875  -23.20477
   6.020  -0.20920   0.00936   0.08890  -22.34372
   6.106  -0.20003   0.00932   0.08904  -21.46123
   6.191  -0.19079   0.00928   0.08918  -20.55797
   6.276  -0.18149   0.00924   0.08930  -19.63452
   6.362  -0.17212   0.00921   0.08941  -18.69134
   6.447  -0.16269   0.00918   0.08952  -17.72886
   6.533  -0.15320   0.00915   0.08961  -16.74753
   6.618  -0.14365   0.00912   0.08969  -15.74794
   6.704  -0.13403   0.00910   0.08975  -14.73093
   6.789  -0.12435   0.00908   0.08980  -13.69767
   6.874  -0.11461   0.00906   0.08983  -12.64983
   6.960  -0.10481   0.00904   0.08985  -11.58973
   7.045  -0.09499   0.00903   0.08986  -10.52052
   7.131  -0.08514   0.00901   0.08986  -9.44633
   7.216  -0.07530   0.00899   0.08985  -8.37231
   7.302  -0.06552   0.00897   0.08985  -7.30442
   7.387  -0.05584   0.00894   0.08986  -6.24900
   7.472  -0.04632   0.00889   0.08989  -5.21189
   7.558  -0.03703   0.00882   0.08996  -4.19744
   7.643  -0.02800   0.00873   0.09008  -3.20737
   7.729  -0.01929   0.00861   0.09025  -2.24019
   7.814  -0.01093   0.00846   0.09049  -1.29149
   7.899  -0.00295   0.00829   0.09080  -0.35587
   7.985   0.00461   0.00810   0.09118   0.56907
   8.070   0.01169   0.00792   0.09164   1.47679
   8.156   0.01821   0.00776   0.09217   2.34683
   8.241   0.02408   0.00765   0.09279   3.14733
   8.327   0.02930   0.00761   0.09349   3.85031
   8.412   0.03404   0.00764   0.09424   4.45430
   8.497   0.03860   0.00773   0.09501   4.99549
   8.583   0.04339   0.00784   0.09574   5.53482
   8.668   0.04878   0.00796   0.09636   6.12865
   8.754   0.05498   0.00808   0.09686   6.80695
   8.839   0.06203   0.00819   0.09723   7.57364
   8.925   0.06988   0.00830   0.09747   8.41885
   9.010   0.07842   0.00841   0.09760   9.32782
   9.095   0.08749   0.00851   0.09766  10.28404
   9.181   0.09695   0.00860   0.09765  11.27072
   9.266   0.10664   0.00869   0.09762  12.27233
   9.352   0.11647   0.00877   0.09756  13.27602
   9.437   0.12636   0.00885   0.09750  14.27233
   9.523   0.13625   0.00893   0.09744  15.25508
   9.608   0.14612   0.00901   0.09737  16.22083
   9.693   0.15596   0.00908   0.09732  17.16810
   9.779   0.16577   0.00916   0.09726  18.09662
   9.864   0.17554   0.00924   0.09720  19.00675
   9.950   0.18529   0.00931   0.09715  19.89910
  10.035   0.19501   0.00939   0.09710  20.77426
  10.121   0.20472   0.00946   0.09705  21.63272
  10.206   0.21441   0.00954   0.09700  22.47482
  10.291   0.22410   0.00962   0.09695  23.30075
  10.377   0.23377   0.00970   0.09690  24.11060
  10.462   0.24343   0.00977   0.09685  24.90438
  10.548   0.25309   0.00985   0.09680  25.68205
  10.633   0.26274   0.00994   0.09675  26.44353
  10.719   0.27238   0.01002   0.09670  27.18871
  10.804   0.28201   0.01010   0.09665  27.91749
  10.889   0.29164   0.01019   0.09660  28.62976
  10.975   0.30125   0.01027   0.09656  29.32541
  11.060   0.31085   0.01036   0.09651  30.00435
  11.146   0.32043   0.01045   0.09647  30.66653
  11.231   0.33001   0.01054   0.09643  31.31189
  11.317   0.33956   0.01063   0.09639  31.94044
  11.402   0.34910   0.01072   0.09635  32.55222
  11.487   0.35862   0.01082   0.09632  33.14731
  11.573   0.36812   0.01091   0.09629  33.72584
  11.658   0.37759   0.01101   0.09626  34.28799
  11.744   0.38705   0.01111   0.09623  34.83401
  11.829   0.39648   0.01121   0.09620  35.36419
  11.915   0.40589   0.01131   0.09618  35.87888
  12.000   0.41527   0.01142   0.09616  36.37848
