--------------------------------------------------------------
  XFOIL-like Polar Output (Generated by NeuralFoil)
--------------------------------------------------------------
  alpha     CL        CD       Cm        CL/CD
--------------------------------------------------------------
  -5.000  -0.36307   0.00761  -0.03285  -47.68046
  -4.915  -0.35356   0.00758  -0.03282  -46.64739
  -4.829  -0.34405   0.00755  -0.03280  -45.59433
  -4.744  -0.33456   0.00751  -0.03277  -44.52242
  -4.658  -0.32507   0.00748  -0.03275  -43.43186
  -4.573  -0.31558   0.00746  -0.03272  -42.32265
  -4.487  -0.30608   0.00743  -0.03270  -41.19505
  -4.402  -0.29658   0.00741  -0.03268  -40.04971
  -4.317  -0.28706   0.00738  -0.03267  -38.88760
  -4.231  -0.27753   0.00736  -0.03265  -37.70987
  -4.146  -0.26800   0.00734  -0.03264  -36.51776
  -4.060  -0.25845   0.00732  -0.03263  -35.31244
  -3.975  -0.24888   0.00730  -0.03262  -34.09501
  -3.889  -0.23931   0.00728  -0.03262  -32.86642
  -3.804  -0.22972   0.00726  -0.03261  -31.62751
  -3.719  -0.22013   0.00725  -0.03261  -30.37898
  -3.633  -0.21052   0.00723  -0.03261  -29.12141
  -3.548  -0.20089   0.00721  -0.03261  -27.85526
  -3.462  -0.19126   0.00720  -0.03261  -26.58090
  -3.377  -0.18162   0.00718  -0.03262  -25.29859
  -3.291  -0.17196   0.00716  -0.03262  -24.00854
  -3.206  -0.16229   0.00715  -0.03262  -22.71087
  -3.121  -0.15261   0.00713  -0.03263  -21.40567
  -3.035  -0.14292   0.00711  -0.03263  -20.09301
  -2.950  -0.13322   0.00710  -0.03264  -18.77294
  -2.864  -0.12351   0.00708  -0.03264  -17.44550
  -2.779  -0.11379   0.00706  -0.03264  -16.11075
  -2.693  -0.10407   0.00705  -0.03264  -14.76870
  -2.608  -0.09433   0.00703  -0.03265  -13.41938
  -2.523  -0.08460   0.00701  -0.03265  -12.06279
  -2.437  -0.07486   0.00700  -0.03265  -10.69899
  -2.352  -0.06511   0.00698  -0.03264  -9.32806
  -2.266  -0.05537   0.00696  -0.03264  -7.95019
  -2.181  -0.04562   0.00695  -0.03264  -6.56570
  -2.095  -0.03588   0.00693  -0.03263  -5.17496
  -2.010  -0.02614   0.00692  -0.03263  -3.77843
  -1.925  -0.01640   0.00690  -0.03262  -2.37657
  -1.839  -0.00668   0.00689  -0.03261  -0.96980
  -1.754   0.00303   0.00687  -0.03260   0.44152
  -1.668   0.01274   0.00686  -0.03258   1.85709
  -1.583   0.02243   0.00685  -0.03257   3.27670
  -1.497   0.03211   0.00683  -0.03256   4.70018
  -1.412   0.04178   0.00682  -0.03254   6.12741
  -1.327   0.05143   0.00681  -0.03252   7.55831
  -1.241   0.06108   0.00679  -0.03250   8.99280
  -1.156   0.07072   0.00678  -0.03248  10.43087
  -1.070   0.08035   0.00677  -0.03246  11.87251
  -0.985   0.08997   0.00676  -0.03243  13.31774
  -0.899   0.09959   0.00674  -0.03241  14.76652
  -0.814   0.10920   0.00673  -0.03238  16.21876
  -0.729   0.11881   0.00672  -0.03235  17.67416
  -0.643   0.12842   0.00671  -0.03232  19.13214
  -0.558   0.13804   0.00670  -0.03229  20.59172
  -0.472   0.14765   0.00670  -0.03227  22.05147
  -0.387   0.15725   0.00669  -0.03224  23.50952
  -0.302   0.16684   0.00668  -0.03221  24.96368
  -0.216   0.17643   0.00668  -0.03219  26.41166
  -0.131   0.18599   0.00668  -0.03216  27.85140
  -0.045   0.19552   0.00668  -0.03214  29.28135
   0.040   0.20503   0.00668  -0.03212  30.70075
   0.126   0.21452   0.00668  -0.03210  32.10976
   0.211   0.22398   0.00668  -0.03208  33.50953
   0.296   0.23341   0.00669  -0.03206  34.90215
   0.382   0.24283   0.00669  -0.03205  36.29079
   0.467   0.25224   0.00669  -0.03204  37.68011
   0.553   0.26163   0.00670  -0.03203  39.07717
   0.638   0.27101   0.00669  -0.03202  40.49306
   0.724   0.28037   0.00668  -0.03202  41.94527
   0.809   0.28971   0.00667  -0.03201  43.46033
   0.894   0.29902   0.00663  -0.03201  45.07565
   0.980   0.30831   0.00658  -0.03200  46.83630
   1.065   0.31756   0.00651  -0.03198  48.78134
   1.151   0.32671   0.00642  -0.03194  50.92186
   1.236   0.33564   0.00631  -0.03185  53.22865
   1.322   0.34414   0.00618  -0.03165  55.64174
   1.407   0.35201   0.00606  -0.03128  58.08285
   1.492   0.35915   0.00594  -0.03070  60.45786
   1.578   0.36569   0.00583  -0.02995  62.67264
   1.663   0.37208   0.00575  -0.02913  64.66579
   1.749   0.37888   0.00570  -0.02839  66.42042
   1.834   0.38641   0.00569  -0.02780  67.94039
   1.920   0.39466   0.00570  -0.02737  69.21957
   2.005   0.40336   0.00574  -0.02706  70.22449
   2.090   0.41213   0.00581  -0.02680  70.88235
   2.176   0.42067   0.00592  -0.02653  71.07052
   2.261   0.42874   0.00607  -0.02621  70.63031
   2.347   0.43619   0.00628  -0.02582  69.44196
   2.432   0.44304   0.00656  -0.02537  67.55126
   2.518   0.44948   0.00689  -0.02490  65.24342
   2.603   0.45592   0.00724  -0.02444  62.97076
   2.688   0.46286   0.00757  -0.02406  61.16645
   2.774   0.47067   0.00784  -0.02380  60.05928
   2.859   0.47950   0.00804  -0.02368  59.62929
   2.945   0.48930   0.00819  -0.02372  59.71653
   3.030   0.50000   0.00831  -0.02392  60.14686
   3.116   0.51148   0.00841  -0.02428  60.78902
   3.201   0.52367   0.00851  -0.02479  61.55843
   3.286   0.53649   0.00860  -0.02544  62.40366
   3.372   0.54984   0.00869  -0.02621  63.29359
   3.457   0.56363   0.00878  -0.02709  64.20853
   3.543   0.57775   0.00887  -0.02804  65.13462
   3.628   0.59207   0.00896  -0.02906  66.06061
   3.714   0.60648   0.00906  -0.03010  66.97656
   3.799   0.62085   0.00915  -0.03116  67.87355
   3.884   0.63507   0.00924  -0.03219  68.74384
   3.970   0.64905   0.00933  -0.03318  69.58092
   4.055   0.66269   0.00942  -0.03412  70.37968
   4.141   0.67594   0.00950  -0.03498  71.13627
   4.226   0.68874   0.00959  -0.03575  71.84807
   4.312   0.70107   0.00967  -0.03643  72.51360
   4.397   0.71290   0.00975  -0.03701  73.13239
   4.482   0.72422   0.00983  -0.03748  73.70486
   4.568   0.73505   0.00990  -0.03784  74.23223
   4.653   0.74538   0.00998  -0.03810  74.71630
   4.739   0.75526   0.01005  -0.03825  75.15939
   4.824   0.76470   0.01012  -0.03831  75.56411
   4.910   0.77374   0.01019  -0.03827  75.93328
   4.995   0.78242   0.01026  -0.03816  76.26980
   5.080   0.79077   0.01033  -0.03797  76.57654
   5.166   0.79885   0.01039  -0.03771  76.85630
   5.251   0.80669   0.01046  -0.03740  77.11169
   5.337   0.81433   0.01053  -0.03704  77.34514
   5.422   0.82181   0.01060  -0.03664  77.55888
   5.508   0.82917   0.01066  -0.03622  77.75490
   5.593   0.83643   0.01073  -0.03577  77.93494
   5.678   0.84363   0.01080  -0.03530  78.10054
   5.764   0.85078   0.01087  -0.03482  78.25302
   5.849   0.85792   0.01094  -0.03434  78.39351
   5.935   0.86506   0.01102  -0.03386  78.52296
   6.020   0.87220   0.01109  -0.03339  78.64216
   6.106   0.87937   0.01117  -0.03291  78.75178
   6.191   0.88657   0.01124  -0.03245  78.85237
   6.276   0.89380   0.01132  -0.03199  78.94439
   6.362   0.90107   0.01140  -0.03155  79.02820
   6.447   0.90838   0.01148  -0.03111  79.10407
   6.533   0.91574   0.01157  -0.03068  79.17218
   6.618   0.92313   0.01165  -0.03026  79.23261
   6.704   0.93056   0.01174  -0.02985  79.28532
   6.789   0.93802   0.01182  -0.02945  79.33014
   6.874   0.94550   0.01191  -0.02906  79.36678
   6.960   0.95301   0.01200  -0.02867  79.39484
   7.045   0.96053   0.01210  -0.02829  79.41390
   7.131   0.96806   0.01219  -0.02791  79.42356
   7.216   0.97558   0.01228  -0.02754  79.42352
   7.302   0.98311   0.01238  -0.02718  79.41362
   7.387   0.99063   0.01248  -0.02682  79.39390
   7.472   0.99815   0.01258  -0.02646  79.36450
   7.558   1.00566   0.01268  -0.02611  79.32566
   7.643   1.01317   0.01278  -0.02575  79.27763
   7.729   1.02069   0.01288  -0.02541  79.22063
   7.814   1.02820   0.01299  -0.02506  79.15484
   7.899   1.03572   0.01310  -0.02472  79.08035
   7.985   1.04324   0.01321  -0.02437  78.99721
   8.070   1.05076   0.01332  -0.02403  78.90542
   8.156   1.05829   0.01343  -0.02369  78.80496
   8.241   1.06581   0.01354  -0.02335  78.69582
   8.327   1.07332   0.01366  -0.02302  78.57799
   8.412   1.08084   0.01378  -0.02268  78.45152
   8.497   1.08834   0.01390  -0.02235  78.31648
   8.583   1.09584   0.01402  -0.02201  78.17298
   8.668   1.10333   0.01414  -0.02168  78.02117
   8.754   1.11081   0.01427  -0.02135  77.86123
   8.839   1.11829   0.01439  -0.02102  77.69334
   8.925   1.12575   0.01452  -0.02070  77.51769
   9.010   1.13319   0.01465  -0.02037  77.33448
   9.095   1.14063   0.01479  -0.02004  77.14388
   9.181   1.14805   0.01492  -0.01972  76.94604
   9.266   1.15546   0.01506  -0.01940  76.74110
   9.352   1.16285   0.01519  -0.01907  76.52917
   9.437   1.17022   0.01533  -0.01875  76.31033
   9.523   1.17757   0.01548  -0.01843  76.08463
   9.608   1.18489   0.01562  -0.01811  75.85209
   9.693   1.19220   0.01577  -0.01779  75.61269
   9.779   1.19947   0.01592  -0.01747  75.36639
   9.864   1.20671   0.01607  -0.01714  75.11309
   9.950   1.21391   0.01622  -0.01682  74.85269
  10.035   1.22107   0.01637  -0.01649  74.58501
  10.121   1.22818   0.01653  -0.01615  74.30984
  10.206   1.23524   0.01669  -0.01581  74.02693
  10.291   1.24224   0.01685  -0.01547  73.73599
  10.377   1.24917   0.01701  -0.01512  73.43665
  10.462   1.25602   0.01718  -0.01476  73.12852
  10.548   1.26280   0.01734  -0.01439  72.81115
  10.633   1.26948   0.01751  -0.01401  72.48405
  10.719   1.27607   0.01769  -0.01362  72.14672
  10.804   1.28254   0.01786  -0.01321  71.79862
  10.889   1.28891   0.01804  -0.01279  71.43920
  10.975   1.29515   0.01822  -0.01236  71.06797
  11.060   1.30127   0.01841  -0.01190  70.68447
  11.146   1.30725   0.01860  -0.01144  70.28830
  11.231   1.31310   0.01879  -0.01095  69.87920
  11.317   1.31882   0.01899  -0.01045  69.45704
  11.402   1.32440   0.01919  -0.00993  69.02182
  11.487   1.32987   0.01939  -0.00940  68.57375
  11.573   1.33522   0.01960  -0.00886  68.11317
  11.658   1.34046   0.01982  -0.00831  67.64059
  11.744   1.34561   0.02004  -0.00776  67.15666
  11.829   1.35068   0.02026  -0.00720  66.66211
  11.915   1.35569   0.02049  -0.00664  66.15772
  12.000   1.36065   0.02073  -0.00609  65.64425
