--------------------------------------------------------------
  XFOIL-like Polar Output (Generated by NeuralFoil)
--------------------------------------------------------------
  alpha     CL        CD       Cm        CL/CD
--------------------------------------------------------------
  -5.000  -0.47282   0.01068  -0.08192  -44.25820
  -4.915  -0.46370   0.01058  -0.08190  -43.83896
  -4.829  -0.45455   0.01047  -0.08188  -43.39717
  -4.744  -0.44538   0.01038  -0.08186  -42.92731
  -4.658  -0.43617   0.01028  -0.08185  -42.42501
  -4.573  -0.42693   0.01019  -0.08183  -41.88728
  -4.487  -0.41765   0.01011  -0.08182  -41.31232
  -4.402  -0.40833   0.01003  -0.08182  -40.69909
  -4.317  -0.39897   0.00996  -0.08181  -40.04712
  -4.231  -0.38954   0.00990  -0.08181  -39.35647
  -4.146  -0.38006   0.00984  -0.08181  -38.62775
  -4.060  -0.37053   0.00979  -0.08182  -37.86218
  -3.975  -0.36094   0.00974  -0.08183  -37.06152
  -3.889  -0.35129   0.00970  -0.08184  -36.22796
  -3.804  -0.34161   0.00966  -0.08186  -35.36397
  -3.719  -0.33188   0.00963  -0.08188  -34.47231
  -3.633  -0.32212   0.00960  -0.08190  -33.55600
  -3.548  -0.31233   0.00958  -0.08192  -32.61835
  -3.462  -0.30251   0.00955  -0.08194  -31.66293
  -3.377  -0.29269   0.00954  -0.08197  -30.69342
  -3.291  -0.28285   0.00952  -0.08200  -29.71338
  -3.206  -0.27301   0.00950  -0.08202  -28.72604
  -3.121  -0.26318   0.00949  -0.08205  -27.73401
  -3.035  -0.25337   0.00948  -0.08207  -26.73922
  -2.950  -0.24357   0.00946  -0.08210  -25.74292
  -2.864  -0.23379   0.00945  -0.08212  -24.74579
  -2.779  -0.22403   0.00943  -0.08215  -23.74804
  -2.693  -0.21428   0.00942  -0.08217  -22.74963
  -2.608  -0.20456   0.00940  -0.08220  -21.75033
  -2.523  -0.19485   0.00939  -0.08223  -20.74985
  -2.437  -0.18516   0.00938  -0.08225  -19.74791
  -2.352  -0.17548   0.00936  -0.08228  -18.74425
  -2.266  -0.16582   0.00935  -0.08231  -17.73870
  -2.181  -0.15618   0.00933  -0.08234  -16.73112
  -2.095  -0.14654   0.00932  -0.08237  -15.72144
  -2.010  -0.13692   0.00931  -0.08240  -14.70965
  -1.925  -0.12731   0.00930  -0.08243  -13.69576
  -1.839  -0.11772   0.00928  -0.08246  -12.67982
  -1.754  -0.10813   0.00927  -0.08249  -11.66190
  -1.668  -0.09856   0.00926  -0.08252  -10.64205
  -1.583  -0.08899   0.00925  -0.08255  -9.62035
  -1.497  -0.07944   0.00924  -0.08258  -8.59686
  -1.412  -0.06989   0.00923  -0.08262  -7.57163
  -1.327  -0.06035   0.00922  -0.08265  -6.54469
  -1.241  -0.05082   0.00921  -0.08268  -5.51606
  -1.156  -0.04129   0.00920  -0.08271  -4.48576
  -1.070  -0.03176   0.00920  -0.08274  -3.45376
  -0.985  -0.02224   0.00919  -0.08277  -2.42004
  -0.899  -0.01271   0.00918  -0.08281  -1.38454
  -0.814  -0.00319   0.00917  -0.08284  -0.34720
  -0.729   0.00634   0.00917  -0.08287   0.69204
  -0.643   0.01588   0.00916  -0.08290   1.73329
  -0.558   0.02542   0.00915  -0.08293   2.77665
  -0.472   0.03496   0.00915  -0.08297   3.82220
  -0.387   0.04452   0.00914  -0.08300   4.87007
  -0.302   0.05408   0.00913  -0.08303   5.92034
  -0.216   0.06365   0.00913  -0.08306   6.97312
  -0.131   0.07323   0.00912  -0.08309   8.02847
  -0.045   0.08282   0.00912  -0.08313   9.08646
   0.040   0.09243   0.00911  -0.08316  10.14713
   0.126   0.10204   0.00910  -0.08319  11.21049
   0.211   0.11167   0.00910  -0.08322  12.27651
   0.296   0.12130   0.00909  -0.08325  13.34514
   0.382   0.13095   0.00908  -0.08329  14.41631
   0.467   0.14062   0.00908  -0.08332  15.48989
   0.553   0.15029   0.00907  -0.08335  16.56574
   0.638   0.15998   0.00907  -0.08338  17.64369
   0.724   0.16968   0.00906  -0.08341  18.72355
   0.809   0.17939   0.00906  -0.08344  19.80511
   0.894   0.18912   0.00905  -0.08347  20.88815
   0.980   0.19885   0.00905  -0.08350  21.97244
   1.065   0.20860   0.00905  -0.08353  23.05777
   1.151   0.21835   0.00904  -0.08356  24.14393
   1.236   0.22812   0.00904  -0.08359  25.23071
   1.322   0.23789   0.00904  -0.08362  26.31795
   1.407   0.24767   0.00904  -0.08366  27.40550
   1.492   0.25746   0.00904  -0.08369  28.49325
   1.578   0.26725   0.00903  -0.08372  29.58113
   1.663   0.27705   0.00903  -0.08375  30.66911
   1.749   0.28685   0.00903  -0.08378  31.75721
   1.834   0.29666   0.00903  -0.08381  32.84550
   1.920   0.30646   0.00903  -0.08385  33.93410
   2.005   0.31626   0.00903  -0.08388  35.02317
   2.090   0.32606   0.00903  -0.08391  36.11294
   2.176   0.33585   0.00903  -0.08394  37.20363
   2.261   0.34564   0.00903  -0.08397  38.29552
   2.347   0.35542   0.00902  -0.08400  39.38889
   2.432   0.36520   0.00902  -0.08403  40.48402
   2.518   0.37497   0.00902  -0.08406  41.58117
   2.603   0.38473   0.00901  -0.08409  42.68061
   2.688   0.39449   0.00901  -0.08412  43.78256
   2.774   0.40424   0.00901  -0.08415  44.88719
   2.859   0.41399   0.00900  -0.08418  45.99465
   2.945   0.42373   0.00900  -0.08420  47.10506
   3.030   0.43347   0.00899  -0.08423  48.21846
   3.116   0.44321   0.00898  -0.08425  49.33489
   3.201   0.45294   0.00898  -0.08428  50.45429
   3.286   0.46267   0.00897  -0.08430  51.57660
   3.372   0.47239   0.00896  -0.08432  52.70166
   3.457   0.48211   0.00896  -0.08434  53.82929
   3.543   0.49183   0.00895  -0.08436  54.95923
   3.628   0.50155   0.00894  -0.08438  56.09118
   3.714   0.51127   0.00893  -0.08439  57.22478
   3.799   0.52098   0.00893  -0.08441  58.35961
   3.884   0.53069   0.00892  -0.08442  59.49523
   3.970   0.54040   0.00891  -0.08443  60.63116
   4.055   0.55010   0.00891  -0.08444  61.76690
   4.141   0.55980   0.00890  -0.08445  62.90193
   4.226   0.56949   0.00889  -0.08446  64.03570
   4.312   0.57918   0.00889  -0.08447  65.16767
   4.397   0.58886   0.00888  -0.08447  66.29726
   4.482   0.59853   0.00888  -0.08448  67.42393
   4.568   0.60819   0.00887  -0.08448  68.54715
   4.653   0.61784   0.00887  -0.08448  69.66655
   4.739   0.62748   0.00886  -0.08448  70.78196
   4.824   0.63711   0.00886  -0.08449  71.89365
   4.910   0.64674   0.00886  -0.08449  73.00256
   4.995   0.65637   0.00886  -0.08450  74.11069
   5.080   0.66601   0.00885  -0.08451  75.22161
   5.166   0.67567   0.00885  -0.08452  76.34099
   5.251   0.68537   0.00885  -0.08454  77.47721
   5.337   0.69511   0.00884  -0.08456  78.64169
   5.422   0.70491   0.00883  -0.08459  79.84836
   5.508   0.71478   0.00881  -0.08463  81.11092
   5.593   0.72470   0.00879  -0.08467  82.43537
   5.678   0.73464   0.00877  -0.08470  83.80289
   5.764   0.74449   0.00874  -0.08473  85.13739
   5.849   0.75408   0.00874  -0.08472  86.25758
   5.935   0.76318   0.00879  -0.08465  86.83963
   6.020   0.77154   0.00892  -0.08450  86.46503
   6.106   0.77897   0.00918  -0.08425  84.82659
   6.191   0.78548   0.00958  -0.08388  82.00627
   6.276   0.79129   0.01007  -0.08341  78.56959
   6.362   0.79682   0.01058  -0.08288  75.34520
   6.447   0.80250   0.01099  -0.08232  73.02782
   6.533   0.80868   0.01125  -0.08179  71.87556
   6.618   0.81544   0.01137  -0.08130  71.71361
   6.704   0.82276   0.01140  -0.08089  72.17175
   6.789   0.83062   0.01140  -0.08058  72.89213
   6.874   0.83896   0.01140  -0.08038  73.60970
   6.960   0.84771   0.01143  -0.08029  74.17827
   7.045   0.85675   0.01149  -0.08027  74.57002
   7.131   0.86598   0.01157  -0.08029  74.83312
   7.216   0.87531   0.01167  -0.08030  75.03341
   7.302   0.88467   0.01176  -0.08030  75.21902
   7.387   0.89405   0.01186  -0.08028  75.41328
   7.472   0.90340   0.01195  -0.08024  75.62171
   7.558   0.91271   0.01203  -0.08019  75.84094
   7.643   0.92198   0.01212  -0.08011  76.06491
   7.729   0.93121   0.01221  -0.08003  76.28796
   7.814   0.94038   0.01229  -0.07994  76.50584
   7.899   0.94949   0.01238  -0.07984  76.71565
   7.985   0.95856   0.01246  -0.07973  76.91548
   8.070   0.96757   0.01255  -0.07962  77.10408
   8.156   0.97654   0.01264  -0.07950  77.28060
   8.241   0.98544   0.01272  -0.07937  77.44449
   8.327   0.99430   0.01281  -0.07924  77.59536
   8.412   1.00310   0.01290  -0.07910  77.73300
   8.497   1.01185   0.01300  -0.07895  77.85729
   8.583   1.02054   0.01309  -0.07879  77.96824
   8.668   1.02917   0.01318  -0.07863  78.06593
   8.754   1.03776   0.01328  -0.07847  78.15053
   8.839   1.04629   0.01338  -0.07829  78.22226
   8.925   1.05476   0.01347  -0.07811  78.28138
   9.010   1.06319   0.01357  -0.07792  78.32819
   9.095   1.07156   0.01367  -0.07773  78.36301
   9.181   1.07988   0.01378  -0.07753  78.38615
   9.266   1.08816   0.01388  -0.07732  78.39791
   9.352   1.09639   0.01398  -0.07710  78.39858
   9.437   1.10458   0.01409  -0.07688  78.38839
   9.523   1.11272   0.01420  -0.07664  78.36757
   9.608   1.12081   0.01431  -0.07640  78.33626
   9.693   1.12886   0.01442  -0.07615  78.29459
   9.779   1.13686   0.01453  -0.07589  78.24262
   9.864   1.14480   0.01464  -0.07563  78.18037
   9.950   1.15268   0.01476  -0.07535  78.10783
  10.035   1.16050   0.01487  -0.07506  78.02498
  10.121   1.16826   0.01499  -0.07476  77.93183
  10.206   1.17594   0.01511  -0.07445  77.82846
  10.291   1.18354   0.01523  -0.07413  77.71506
  10.377   1.19106   0.01535  -0.07380  77.59197
  10.462   1.19850   0.01547  -0.07346  77.45967
  10.548   1.20586   0.01560  -0.07311  77.31876
  10.633   1.21314   0.01572  -0.07274  77.16994
  10.719   1.22033   0.01585  -0.07236  77.01396
  10.804   1.22745   0.01597  -0.07197  76.85153
  10.889   1.23449   0.01610  -0.07157  76.68337
  10.975   1.24145   0.01623  -0.07115  76.51008
  11.060   1.24833   0.01635  -0.07071  76.33218
  11.146   1.25513   0.01648  -0.07027  76.15011
  11.231   1.26185   0.01661  -0.06980  75.96414
  11.317   1.26848   0.01674  -0.06932  75.77445
  11.402   1.27503   0.01687  -0.06882  75.58101
  11.487   1.28148   0.01700  -0.06830  75.38364
  11.573   1.28784   0.01713  -0.06777  75.18193
  11.658   1.29409   0.01726  -0.06721  74.97525
  11.744   1.30024   0.01739  -0.06663  74.76273
  11.829   1.30629   0.01752  -0.06604  74.54327
  11.915   1.31223   0.01766  -0.06542  74.31554
  12.000   1.31806   0.01779  -0.06479  74.07809
