--------------------------------------------------------------
  XFOIL-like Polar Output (Generated by NeuralFoil)
--------------------------------------------------------------
  alpha     CL        CD       Cm        CL/CD
--------------------------------------------------------------
  -5.000  -0.48871   0.00801   0.00675  -60.98036
  -4.915  -0.47575   0.00759   0.00564  -62.64484
  -4.829  -0.46239   0.00729   0.00454  -63.39907
  -4.744  -0.44867   0.00710   0.00348  -63.21444
  -4.658  -0.43486   0.00697   0.00249  -62.39359
  -4.573  -0.42120   0.00688   0.00160  -61.25144
  -4.487  -0.40787   0.00680   0.00081  -59.98918
  -4.402  -0.39490   0.00673   0.00012  -58.70368
  -4.317  -0.38226   0.00666  -0.00048  -57.42739
  -4.231  -0.36983   0.00659  -0.00103  -56.15771
  -4.146  -0.35745   0.00651  -0.00156  -54.87278
  -4.060  -0.34492   0.00644  -0.00211  -53.53964
  -3.975  -0.33204   0.00637  -0.00273  -52.12027
  -3.889  -0.31866   0.00630  -0.00345  -50.57822
  -3.804  -0.30475   0.00623  -0.00427  -48.88698
  -3.719  -0.29042   0.00617  -0.00517  -47.03953
  -3.633  -0.27600   0.00613  -0.00608  -45.05785
  -3.548  -0.26203   0.00609  -0.00688  -43.00015
  -3.462  -0.24928   0.00609  -0.00743  -40.95894
  -3.377  -0.23852   0.00611  -0.00756  -39.03469
  -3.291  -0.23014   0.00617  -0.00722  -37.27439
  -3.206  -0.22372   0.00628  -0.00649  -35.61044
  -3.121  -0.21812   0.00644  -0.00563  -33.88565
  -3.035  -0.21215   0.00663  -0.00488  -31.98668
  -2.950  -0.20520   0.00685  -0.00434  -29.95988
  -2.864  -0.19728   0.00705  -0.00402  -27.97190
  -2.779  -0.18870   0.00721  -0.00385  -26.16158
  -2.693  -0.17973   0.00732  -0.00378  -24.55550
  -2.608  -0.17054   0.00738  -0.00376  -23.10315
  -2.523  -0.16123   0.00742  -0.00377  -21.74218
  -2.437  -0.15184   0.00743  -0.00378  -20.42814
  -2.352  -0.14239   0.00744  -0.00380  -19.13581
  -2.266  -0.13292   0.00745  -0.00382  -17.85258
  -2.181  -0.12342   0.00745  -0.00382  -16.57253
  -2.095  -0.11391   0.00745  -0.00382  -15.29287
  -2.010  -0.10439   0.00745  -0.00382  -14.01218
  -1.925  -0.09485   0.00745  -0.00382  -12.72970
  -1.839  -0.08530   0.00745  -0.00381  -11.44512
  -1.754  -0.07573   0.00745  -0.00381  -10.15845
  -1.668  -0.06614   0.00746  -0.00380  -8.86995
  -1.583  -0.05654   0.00746  -0.00380  -7.58007
  -1.497  -0.04693   0.00746  -0.00380  -6.28926
  -1.412  -0.03730   0.00746  -0.00380  -4.99795
  -1.327  -0.02767   0.00747  -0.00380  -3.70647
  -1.241  -0.01804   0.00747  -0.00381  -2.41499
  -1.156  -0.00839   0.00747  -0.00382  -1.12356
  -1.070   0.00125   0.00747  -0.00383   0.16791
  -0.985   0.01091   0.00747  -0.00384   1.45954
  -0.899   0.02056   0.00747  -0.00385   2.75155
  -0.814   0.03022   0.00747  -0.00386   4.04412
  -0.729   0.03987   0.00747  -0.00387   5.33746
  -0.643   0.04953   0.00747  -0.00388   6.63174
  -0.558   0.05918   0.00747  -0.00390   7.92710
  -0.472   0.06884   0.00746  -0.00391   9.22362
  -0.387   0.07848   0.00746  -0.00391  10.52132
  -0.302   0.08812   0.00746  -0.00392  11.82011
  -0.216   0.09776   0.00745  -0.00393  13.11978
  -0.131   0.10739   0.00745  -0.00393  14.41995
  -0.045   0.11701   0.00744  -0.00393  15.72000
   0.040   0.12663   0.00744  -0.00392  17.01908
   0.126   0.13624   0.00744  -0.00392  18.31602
   0.211   0.14585   0.00744  -0.00391  19.60933
   0.296   0.15546   0.00744  -0.00390  20.89721
   0.382   0.16507   0.00744  -0.00389  22.17762
   0.467   0.17468   0.00745  -0.00388  23.44842
   0.553   0.18430   0.00746  -0.00386  24.70752
   0.638   0.19392   0.00747  -0.00385  25.95307
   0.724   0.20354   0.00749  -0.00383  27.18364
   0.809   0.21318   0.00751  -0.00381  28.39826
   0.894   0.22282   0.00753  -0.00380  29.59649
   0.980   0.23247   0.00755  -0.00379  30.77827
   1.065   0.24213   0.00758  -0.00378  31.94381
   1.151   0.25179   0.00761  -0.00377  33.09339
   1.236   0.26146   0.00764  -0.00376  34.22717
   1.322   0.27113   0.00767  -0.00375  35.34512
   1.407   0.28080   0.00770  -0.00374  36.44701
   1.492   0.29046   0.00774  -0.00373  37.53250
   1.578   0.30010   0.00777  -0.00373  38.60126
   1.663   0.30973   0.00781  -0.00372  39.65309
   1.749   0.31935   0.00785  -0.00371  40.68800
   1.834   0.32894   0.00789  -0.00371  41.70632
   1.920   0.33852   0.00793  -0.00370  42.70868
   2.005   0.34808   0.00797  -0.00369  43.69598
   2.090   0.35763   0.00801  -0.00367  44.66930
   2.176   0.36717   0.00805  -0.00366  45.62977
   2.261   0.37670   0.00809  -0.00364  46.57841
   2.347   0.38623   0.00813  -0.00362  47.51601
   2.432   0.39575   0.00817  -0.00359  48.44309
   2.518   0.40527   0.00821  -0.00357  49.35986
   2.603   0.41479   0.00825  -0.00354  50.26634
   2.688   0.42432   0.00829  -0.00351  51.16237
   2.774   0.43385   0.00834  -0.00347  52.04777
   2.859   0.44338   0.00838  -0.00344  52.92236
   2.945   0.45292   0.00842  -0.00340  53.78596
   3.030   0.46246   0.00846  -0.00337  54.63848
   3.116   0.47201   0.00851  -0.00333  55.47981
   3.201   0.48156   0.00855  -0.00329  56.30985
   3.286   0.49110   0.00860  -0.00325  57.12843
   3.372   0.50065   0.00864  -0.00322  57.93528
   3.457   0.51020   0.00869  -0.00318  58.72998
   3.543   0.51975   0.00873  -0.00314  59.51192
   3.628   0.52930   0.00878  -0.00310  60.28023
   3.714   0.53885   0.00883  -0.00306  61.03378
   3.799   0.54839   0.00888  -0.00302  61.77115
   3.884   0.55793   0.00893  -0.00298  62.49066
   3.970   0.56746   0.00898  -0.00293  63.19045
   4.055   0.57699   0.00903  -0.00289  63.86864
   4.141   0.58650   0.00909  -0.00284  64.52349
   4.226   0.59599   0.00915  -0.00279  65.15363
   4.312   0.60546   0.00921  -0.00274  65.75827
   4.397   0.61492   0.00927  -0.00269  66.33738
   4.482   0.62435   0.00933  -0.00264  66.89167
   4.568   0.63376   0.00940  -0.00258  67.42245
   4.653   0.64315   0.00947  -0.00252  67.93138
   4.739   0.65252   0.00954  -0.00247  68.42009
   4.824   0.66188   0.00961  -0.00240  68.88994
   4.910   0.67123   0.00968  -0.00234  69.34188
   4.995   0.68056   0.00975  -0.00228  69.77641
   5.080   0.68988   0.00983  -0.00221  70.19366
   5.166   0.69918   0.00990  -0.00215  70.59357
   5.251   0.70846   0.00998  -0.00208  70.97609
   5.337   0.71772   0.01006  -0.00201  71.34126
   5.422   0.72696   0.01014  -0.00194  71.68939
   5.508   0.73618   0.01022  -0.00187  72.02102
   5.593   0.74538   0.01030  -0.00180  72.33694
   5.678   0.75457   0.01039  -0.00172  72.63809
   5.764   0.76374   0.01047  -0.00165  72.92549
   5.849   0.77290   0.01056  -0.00157  73.20013
   5.935   0.78206   0.01065  -0.00149  73.46291
   6.020   0.79121   0.01073  -0.00141  73.71450
   6.106   0.80036   0.01082  -0.00132  73.95531
   6.191   0.80950   0.01091  -0.00123  74.18542
   6.276   0.81864   0.01100  -0.00114  74.40449
   6.362   0.82778   0.01109  -0.00105  74.61185
   6.447   0.83690   0.01119  -0.00096  74.80647
   6.533   0.84601   0.01128  -0.00086  74.98715
   6.618   0.85509   0.01138  -0.00077  75.15272
   6.704   0.86414   0.01148  -0.00067  75.30227
   6.789   0.87317   0.01158  -0.00058  75.43530
   6.874   0.88216   0.01168  -0.00049  75.55179
   6.960   0.89113   0.01178  -0.00039  75.65208
   7.045   0.90007   0.01188  -0.00030  75.73674
   7.131   0.90898   0.01199  -0.00020  75.80640
   7.216   0.91788   0.01210  -0.00010  75.86165
   7.302   0.92677   0.01221  -0.00000  75.90300
   7.387   0.93563   0.01232   0.00010  75.93088
   7.472   0.94448   0.01244   0.00021  75.94572
   7.558   0.95332   0.01255   0.00032  75.94790
   7.643   0.96214   0.01267   0.00043  75.93784
   7.729   0.97094   0.01279   0.00054  75.91602
   7.814   0.97973   0.01291   0.00066  75.88289
   7.899   0.98851   0.01303   0.00078  75.83893
   7.985   0.99727   0.01316   0.00090  75.78456
   8.070   1.00602   0.01329   0.00103  75.72014
   8.156   1.01475   0.01341   0.00116  75.64597
   8.241   1.02345   0.01354   0.00129  75.56230
   8.327   1.03213   0.01368   0.00143  75.46939
   8.412   1.04079   0.01381   0.00157  75.36753
   8.497   1.04941   0.01394   0.00172  75.25705
   8.583   1.05799   0.01408   0.00187  75.13834
   8.668   1.06654   0.01422   0.00203  75.01181
   8.754   1.07505   0.01436   0.00219  74.87783
   8.839   1.08352   0.01450   0.00236  74.73675
   8.925   1.09194   0.01464   0.00253  74.58885
   9.010   1.10031   0.01478   0.00271  74.43435
   9.095   1.10863   0.01493   0.00290  74.27345
   9.181   1.11691   0.01507   0.00310  74.10630
   9.266   1.12513   0.01522   0.00330  73.93304
   9.352   1.13329   0.01537   0.00351  73.75382
   9.437   1.14140   0.01551   0.00373  73.56879
   9.523   1.14945   0.01566   0.00396  73.37811
   9.608   1.15744   0.01582   0.00419  73.18195
   9.693   1.16538   0.01597   0.00444  72.98046
   9.779   1.17326   0.01612   0.00469  72.77377
   9.864   1.18109   0.01628   0.00495  72.56200
   9.950   1.18886   0.01643   0.00522  72.34522
  10.035   1.19658   0.01659   0.00549  72.12346
  10.121   1.20425   0.01675   0.00577  71.89669
  10.206   1.21187   0.01691   0.00606  71.66484
  10.291   1.21945   0.01707   0.00635  71.42778
  10.377   1.22699   0.01724   0.00664  71.18532
  10.462   1.23448   0.01740   0.00694  70.93723
  10.548   1.24194   0.01757   0.00724  70.68325
  10.633   1.24936   0.01774   0.00754  70.42308
  10.719   1.25675   0.01791   0.00784  70.15640
  10.804   1.26411   0.01809   0.00815  69.88286
  10.889   1.27143   0.01827   0.00845  69.60213
  10.975   1.27872   0.01845   0.00876  69.31387
  11.060   1.28598   0.01863   0.00906  69.01774
  11.146   1.29320   0.01882   0.00937  68.71342
  11.231   1.30039   0.01901   0.00968  68.40062
  11.317   1.30754   0.01921   0.00999  68.07906
  11.402   1.31465   0.01940   0.01030  67.74851
  11.487   1.32171   0.01961   0.01062  67.40876
  11.573   1.32873   0.01981   0.01094  67.05962
  11.658   1.33570   0.02003   0.01126  66.70098
  11.744   1.34262   0.02024   0.01158  66.33272
  11.829   1.34947   0.02046   0.01191  65.95477
  11.915   1.35626   0.02069   0.01224  65.56712
  12.000   1.36299   0.02091   0.01258  65.16975
