--------------------------------------------------------------
  XFOIL-like Polar Output (Generated by NeuralFoil)
--------------------------------------------------------------
  alpha     CL        CD       Cm        CL/CD
--------------------------------------------------------------
  -5.000  -0.35595   0.01175  -0.01797  -30.29184
  -4.915  -0.34666   0.01170  -0.01795  -29.63721
  -4.829  -0.33737   0.01164  -0.01793  -28.97242
  -4.744  -0.32808   0.01159  -0.01790  -28.29624
  -4.658  -0.31878   0.01155  -0.01787  -27.60825
  -4.573  -0.30948   0.01150  -0.01783  -26.90857
  -4.487  -0.30017   0.01146  -0.01779  -26.19766
  -4.402  -0.29086   0.01142  -0.01775  -25.47614
  -4.317  -0.28153   0.01138  -0.01770  -24.74467
  -4.231  -0.27220   0.01134  -0.01766  -24.00391
  -4.146  -0.26286   0.01130  -0.01762  -23.25445
  -4.060  -0.25351   0.01127  -0.01758  -22.49681
  -3.975  -0.24415   0.01123  -0.01754  -21.73145
  -3.889  -0.23478   0.01120  -0.01749  -20.95876
  -3.804  -0.22541   0.01117  -0.01746  -20.17908
  -3.719  -0.21602   0.01114  -0.01742  -19.39267
  -3.633  -0.20663   0.01111  -0.01738  -18.59978
  -3.548  -0.19723   0.01108  -0.01734  -17.80062
  -3.462  -0.18782   0.01105  -0.01731  -16.99535
  -3.377  -0.17840   0.01102  -0.01728  -16.18414
  -3.291  -0.16898   0.01100  -0.01724  -15.36713
  -3.206  -0.15954   0.01097  -0.01721  -14.54445
  -3.121  -0.15010   0.01094  -0.01718  -13.71624
  -3.035  -0.14065   0.01092  -0.01716  -12.88261
  -2.950  -0.13120   0.01089  -0.01713  -12.04370
  -2.864  -0.12173   0.01087  -0.01711  -11.19966
  -2.779  -0.11227   0.01085  -0.01708  -10.35062
  -2.693  -0.10279   0.01082  -0.01706  -9.49676
  -2.608  -0.09331   0.01080  -0.01704  -8.63826
  -2.523  -0.08383   0.01078  -0.01702  -7.77529
  -2.437  -0.07434   0.01076  -0.01700  -6.90807
  -2.352  -0.06485   0.01074  -0.01698  -6.03682
  -2.266  -0.05535   0.01072  -0.01696  -5.16179
  -2.181  -0.04585   0.01071  -0.01694  -4.28322
  -2.095  -0.03636   0.01069  -0.01692  -3.40140
  -2.010  -0.02686   0.01067  -0.01690  -2.51659
  -1.925  -0.01736   0.01066  -0.01687  -1.62911
  -1.839  -0.00787   0.01064  -0.01685  -0.73925
  -1.754   0.00162   0.01063  -0.01682   0.15265
  -1.668   0.01110   0.01061  -0.01679   1.04627
  -1.583   0.02057   0.01060  -0.01675   1.94130
  -1.497   0.03002   0.01058  -0.01671   2.83745
  -1.412   0.03944   0.01056  -0.01666   3.73449
  -1.327   0.04882   0.01054  -0.01661   4.63237
  -1.241   0.05814   0.01051  -0.01655   5.53128
  -1.156   0.06739   0.01048  -0.01648   6.43176
  -1.070   0.07660   0.01044  -0.01641   7.33448
  -0.985   0.08579   0.01041  -0.01634   8.23957
  -0.899   0.09501   0.01039  -0.01628   9.14593
  -0.814   0.10432   0.01038  -0.01623  10.05223
  -0.729   0.11370   0.01037  -0.01619  10.96374
  -0.643   0.12303   0.01033  -0.01616  11.90704
  -0.558   0.13203   0.01020  -0.01610  12.94162
  -0.472   0.14052   0.00994  -0.01600  14.13434
  -0.387   0.14866   0.00959  -0.01586  15.49430
  -0.302   0.15682   0.00925  -0.01570  16.94996
  -0.216   0.16532   0.00898  -0.01557  18.40303
  -0.131   0.17423   0.00881  -0.01547  19.78354
  -0.045   0.18352   0.00871  -0.01540  21.06607
   0.040   0.19307   0.00867  -0.01536  22.26242
   0.126   0.20276   0.00866  -0.01534  23.40160
   0.211   0.21255   0.00867  -0.01532  24.51038
   0.296   0.22236   0.00868  -0.01531  25.60543
   0.382   0.23219   0.00870  -0.01530  26.69457
   0.467   0.24200   0.00871  -0.01530  27.78026
   0.553   0.25179   0.00872  -0.01529  28.86246
   0.638   0.26156   0.00874  -0.01529  29.94025
   0.724   0.27130   0.00875  -0.01528  31.01257
   0.809   0.28103   0.00876  -0.01528  32.07860
   0.894   0.29072   0.00877  -0.01527  33.13776
   0.980   0.30040   0.00879  -0.01527  34.18977
   1.065   0.31007   0.00880  -0.01526  35.23454
   1.151   0.31971   0.00881  -0.01526  36.27212
   1.236   0.32934   0.00883  -0.01525  37.30266
   1.322   0.33896   0.00884  -0.01525  38.32637
   1.407   0.34856   0.00886  -0.01524  39.34350
   1.492   0.35815   0.00888  -0.01523  40.35430
   1.578   0.36772   0.00889  -0.01522  41.35903
   1.663   0.37729   0.00891  -0.01522  42.35796
   1.749   0.38684   0.00892  -0.01521  43.35136
   1.834   0.39638   0.00894  -0.01520  44.33951
   1.920   0.40591   0.00896  -0.01519  45.32274
   2.005   0.41543   0.00897  -0.01518  46.30140
   2.090   0.42493   0.00899  -0.01517  47.27596
   2.176   0.43443   0.00900  -0.01516  48.24697
   2.261   0.44391   0.00902  -0.01514  49.21520
   2.347   0.45337   0.00903  -0.01513  50.18162
   2.432   0.46283   0.00905  -0.01512  51.14752
   2.518   0.47226   0.00906  -0.01510  52.11450
   2.603   0.48168   0.00907  -0.01508  53.08453
   2.688   0.49107   0.00908  -0.01507  54.05997
   2.774   0.50045   0.00909  -0.01504  55.04351
   2.859   0.50981   0.00910  -0.01502  56.03824
   2.945   0.51914   0.00910  -0.01499  57.04764
   3.030   0.52846   0.00910  -0.01496  58.07552
   3.116   0.53777   0.00910  -0.01492  59.12577
   3.201   0.54706   0.00909  -0.01488  60.20179
   3.286   0.55635   0.00908  -0.01483  61.30523
   3.372   0.56561   0.00906  -0.01477  62.43448
   3.457   0.57485   0.00904  -0.01470  63.58346
   3.543   0.58405   0.00902  -0.01461  64.74205
   3.628   0.59319   0.00900  -0.01451  65.89781
   3.714   0.60226   0.00898  -0.01440  67.03815
   3.799   0.61125   0.00897  -0.01427  68.15172
   3.884   0.62016   0.00896  -0.01411  69.22909
   3.970   0.62898   0.00895  -0.01393  70.26334
   4.055   0.63772   0.00895  -0.01373  71.25051
   4.141   0.64637   0.00895  -0.01350  72.18978
   4.226   0.65497   0.00896  -0.01325  73.08320
   4.312   0.66354   0.00897  -0.01299  73.93513
   4.397   0.67210   0.00899  -0.01272  74.75147
   4.482   0.68069   0.00901  -0.01246  75.53899
   4.568   0.68936   0.00903  -0.01222  76.30466
   4.653   0.69813   0.00906  -0.01199  77.05514
   4.739   0.70704   0.00909  -0.01179  77.79641
   4.824   0.71612   0.00912  -0.01163  78.53352
   4.910   0.72539   0.00915  -0.01152  79.27037
   4.995   0.73486   0.00918  -0.01145  80.00978
   5.080   0.74455   0.00922  -0.01142  80.75344
   5.166   0.75443   0.00926  -0.01144  81.50215
   5.251   0.76451   0.00929  -0.01150  82.25588
   5.337   0.77477   0.00933  -0.01161  83.01390
   5.422   0.78518   0.00937  -0.01174  83.77486
   5.508   0.79573   0.00941  -0.01191  84.53677
   5.593   0.80637   0.00945  -0.01211  85.29700
   5.678   0.81709   0.00950  -0.01232  86.05239
   5.764   0.82785   0.00954  -0.01255  86.79931
   5.849   0.83860   0.00958  -0.01278  87.53391
   5.935   0.84933   0.00962  -0.01302  88.25240
   6.020   0.85998   0.00967  -0.01325  88.95133
   6.106   0.87054   0.00971  -0.01346  89.62787
   6.191   0.88097   0.00976  -0.01365  90.27999
   6.276   0.89127   0.00980  -0.01383  90.90656
   6.362   0.90142   0.00985  -0.01397  91.50728
   6.447   0.91143   0.00990  -0.01409  92.08265
   6.533   0.92129   0.00995  -0.01417  92.63375
   6.618   0.93102   0.00999  -0.01423  93.16213
   6.704   0.94063   0.01004  -0.01427  93.66963
   6.789   0.95013   0.01009  -0.01427  94.15828
   6.874   0.95954   0.01014  -0.01426  94.63017
   6.960   0.96887   0.01019  -0.01422  95.08745
   7.045   0.97814   0.01024  -0.01417  95.53222
   7.131   0.98736   0.01029  -0.01410  95.96656
   7.216   0.99655   0.01034  -0.01402  96.39241
   7.302   1.00571   0.01039  -0.01393  96.81154
   7.387   1.01485   0.01044  -0.01384  97.22547
   7.472   1.02398   0.01049  -0.01375  97.63539
   7.558   1.03310   0.01054  -0.01366  98.04204
   7.643   1.04222   0.01059  -0.01357  98.44565
   7.729   1.05134   0.01064  -0.01349  98.84562
   7.814   1.06048   0.01069  -0.01341  99.24016
   7.899   1.06964   0.01074  -0.01334  99.62552
   7.985   1.07881   0.01079  -0.01327  99.99495
   8.070   1.08801   0.01084  -0.01320  100.33728
   8.156   1.09720   0.01090  -0.01314  100.63531
   8.241   1.10638   0.01097  -0.01307  100.86397
   8.327   1.11550   0.01105  -0.01299  100.98869
   8.412   1.12451   0.01114  -0.01290  100.96436
   8.497   1.13335   0.01125  -0.01279  100.73567
   8.583   1.14194   0.01139  -0.01265  100.24022
   8.668   1.15021   0.01157  -0.01249  99.41600
   8.754   1.15807   0.01179  -0.01229  98.21534
   8.839   1.16548   0.01206  -0.01205  96.62555
   8.925   1.17243   0.01238  -0.01177  94.69133
   9.010   1.17901   0.01274  -0.01145  92.52651
   9.095   1.18536   0.01313  -0.01111  90.29953
   9.181   1.19169   0.01351  -0.01075  88.18915
   9.266   1.19817   0.01388  -0.01041  86.33068
   9.352   1.20494   0.01421  -0.01008  84.78352
   9.437   1.21201   0.01451  -0.00977  83.53477
   9.523   1.21934   0.01477  -0.00949  82.52801
   9.608   1.22687   0.01502  -0.00922  81.69548
   9.693   1.23452   0.01524  -0.00896  80.97888
   9.779   1.24223   0.01546  -0.00871  80.33676
   9.864   1.24997   0.01567  -0.00846  79.74312
   9.950   1.25772   0.01588  -0.00821  79.18281
  10.035   1.26546   0.01609  -0.00797  78.64699
  10.121   1.27318   0.01630  -0.00773  78.12998
  10.206   1.28087   0.01650  -0.00749  77.62747
  10.291   1.28853   0.01670  -0.00725  77.13569
  10.377   1.29614   0.01691  -0.00700  76.65114
  10.462   1.30371   0.01712  -0.00676  76.17065
  10.548   1.31121   0.01732  -0.00651  75.69140
  10.633   1.31865   0.01753  -0.00625  75.21101
  10.719   1.32602   0.01774  -0.00600  74.72756
  10.804   1.33332   0.01796  -0.00573  74.23957
  10.889   1.34054   0.01818  -0.00546  73.74599
  10.975   1.34767   0.01840  -0.00518  73.24610
  11.060   1.35471   0.01862  -0.00490  72.73947
  11.146   1.36166   0.01885  -0.00461  72.22590
  11.231   1.36852   0.01909  -0.00431  71.70537
  11.317   1.37527   0.01932  -0.00400  71.17799
  11.402   1.38192   0.01956  -0.00368  70.64392
  11.487   1.38846   0.01981  -0.00335  70.10341
  11.573   1.39489   0.02005  -0.00301  69.55670
  11.658   1.40120   0.02031  -0.00266  69.00403
  11.744   1.40740   0.02056  -0.00229  68.44563
  11.829   1.41348   0.02082  -0.00192  67.88167
  11.915   1.41943   0.02109  -0.00153  67.31229
  12.000   1.42524   0.02136  -0.00113  66.73753
