--------------------------------------------------------------
  XFOIL-like Polar Output (Generated by NeuralFoil)
--------------------------------------------------------------
  alpha     CL        CD       Cm        CL/CD
--------------------------------------------------------------
  -5.000  -0.03523   0.00752  -0.09792  -4.68564
  -4.915  -0.02551   0.00749  -0.09793  -3.40606
  -4.829  -0.01578   0.00746  -0.09795  -2.11518
  -4.744  -0.00604   0.00743  -0.09796  -0.81295
  -4.658   0.00371   0.00740  -0.09798   0.50076
  -4.573   0.01347   0.00737  -0.09799   1.82615
  -4.487   0.02324   0.00734  -0.09801   3.16351
  -4.402   0.03301   0.00731  -0.09803   4.51319
  -4.317   0.04279   0.00728  -0.09805   5.87563
  -4.231   0.05258   0.00725  -0.09807   7.25134
  -4.146   0.06238   0.00722  -0.09809   8.64088
  -4.060   0.07218   0.00719  -0.09811  10.04489
  -3.975   0.08199   0.00715  -0.09812  11.46404
  -3.889   0.09180   0.00712  -0.09814  12.89905
  -3.804   0.10162   0.00708  -0.09816  14.35065
  -3.719   0.11145   0.00705  -0.09818  15.81958
  -3.633   0.12128   0.00701  -0.09819  17.30658
  -3.548   0.13111   0.00697  -0.09821  18.81233
  -3.462   0.14095   0.00693  -0.09823  20.33750
  -3.377   0.15079   0.00689  -0.09824  21.88270
  -3.291   0.16063   0.00685  -0.09826  23.44850
  -3.206   0.17047   0.00681  -0.09827  25.03547
  -3.121   0.18030   0.00677  -0.09827  26.64419
  -3.035   0.19012   0.00672  -0.09828  28.27530
  -2.950   0.19992   0.00668  -0.09828  29.92950
  -2.864   0.20971   0.00663  -0.09828  31.60758
  -2.779   0.21948   0.00659  -0.09827  33.31040
  -2.693   0.22922   0.00654  -0.09826  35.03886
  -2.608   0.23894   0.00649  -0.09825  36.79395
  -2.523   0.24863   0.00645  -0.09823  38.57667
  -2.437   0.25829   0.00640  -0.09820  40.38813
  -2.352   0.26792   0.00634  -0.09817  42.22949
  -2.266   0.27753   0.00629  -0.09813  44.10192
  -2.181   0.28711   0.00624  -0.09809  46.00639
  -2.095   0.29666   0.00619  -0.09804  47.94321
  -2.010   0.30618   0.00613  -0.09798  49.91108
  -1.925   0.31568   0.00608  -0.09792  51.90553
  -1.839   0.32513   0.00603  -0.09785  53.91630
  -1.754   0.33452   0.00598  -0.09776  55.92360
  -1.668   0.34381   0.00594  -0.09765  57.89367
  -1.583   0.35294   0.00590  -0.09751  59.77490
  -1.497   0.36185   0.00588  -0.09731  61.49783
  -1.412   0.37045   0.00588  -0.09705  62.98347
  -1.327   0.37870   0.00590  -0.09672  64.16236
  -1.241   0.38660   0.00595  -0.09632  65.00044
  -1.156   0.39420   0.00602  -0.09586  65.51929
  -1.070   0.40163   0.00610  -0.09539  65.79758
  -0.985   0.40900   0.00620  -0.09492  65.95240
  -0.899   0.41640   0.00630  -0.09447  66.11126
  -0.814   0.42387   0.00638  -0.09405  66.38653
  -0.729   0.43144   0.00645  -0.09366  66.85615
  -0.643   0.43912   0.00650  -0.09330  67.54903
  -0.558   0.44695   0.00653  -0.09296  68.43676
  -0.472   0.45492   0.00655  -0.09265  69.44372
  -0.387   0.46303   0.00657  -0.09238  70.48115
  -0.302   0.47129   0.00659  -0.09213  71.48417
  -0.216   0.47968   0.00662  -0.09192  72.42599
  -0.131   0.48821   0.00666  -0.09172  73.30845
  -0.045   0.49687   0.00670  -0.09155  74.14595
   0.040   0.50567   0.00675  -0.09138  74.95429
   0.126   0.51457   0.00679  -0.09123  75.74615
   0.211   0.52357   0.00684  -0.09108  76.53031
   0.296   0.53264   0.00689  -0.09093  77.31216
   0.382   0.54177   0.00694  -0.09079  78.09447
   0.467   0.55094   0.00698  -0.09065  78.87806
   0.553   0.56013   0.00703  -0.09051  79.66230
   0.638   0.56933   0.00708  -0.09037  80.44551
   0.724   0.57854   0.00712  -0.09023  81.22495
   0.809   0.58775   0.00717  -0.09008  81.99656
   0.894   0.59695   0.00721  -0.08993  82.75394
   0.980   0.60612   0.00726  -0.08976  83.48659
   1.065   0.61524   0.00731  -0.08959  84.17695
   1.151   0.62428   0.00736  -0.08941  84.79602
   1.236   0.63319   0.00742  -0.08921  85.29779
   1.322   0.64190   0.00750  -0.08898  85.61383
   1.407   0.65033   0.00759  -0.08871  85.65196
   1.492   0.65839   0.00772  -0.08840  85.30539
   1.578   0.66598   0.00788  -0.08804  84.47953
   1.663   0.67306   0.00810  -0.08763  83.13798
   1.749   0.67965   0.00835  -0.08716  81.35335
   1.834   0.68595   0.00865  -0.08667  79.32679
   1.920   0.69221   0.00895  -0.08617  77.34038
   2.005   0.69875   0.00924  -0.08570  75.65941
   2.090   0.70577   0.00948  -0.08527  74.44556
   2.176   0.71337   0.00968  -0.08491  73.72408
   2.261   0.72150   0.00983  -0.08461  73.41366
   2.347   0.73002   0.00995  -0.08438  73.39010
   2.432   0.73881   0.01005  -0.08418  73.53932
   2.518   0.74774   0.01013  -0.08401  73.77891
   2.603   0.75673   0.01022  -0.08385  74.05695
   2.688   0.76572   0.01030  -0.08369  74.34406
   2.774   0.77467   0.01038  -0.08354  74.62586
   2.859   0.78359   0.01046  -0.08338  74.89673
   2.945   0.79247   0.01054  -0.08321  75.15545
   3.030   0.80129   0.01063  -0.08305  75.40262
   3.116   0.81007   0.01071  -0.08288  75.63968
   3.201   0.81880   0.01079  -0.08270  75.86847
   3.286   0.82748   0.01087  -0.08253  76.09118
   3.372   0.83611   0.01096  -0.08235  76.31020
   3.457   0.84470   0.01104  -0.08217  76.52802
   3.543   0.85325   0.01112  -0.08199  76.74715
   3.628   0.86178   0.01120  -0.08180  76.97014
   3.714   0.87028   0.01127  -0.08162  77.19956
   3.799   0.87877   0.01135  -0.08143  77.43811
   3.884   0.88726   0.01142  -0.08125  77.68859
   3.970   0.89576   0.01149  -0.08106  77.95380
   4.055   0.90427   0.01156  -0.08088  78.23634
   4.141   0.91279   0.01162  -0.08069  78.53832
   4.226   0.92133   0.01168  -0.08050  78.86094
   4.312   0.92989   0.01174  -0.08031  79.20407
   4.397   0.93846   0.01179  -0.08011  79.56583
   4.482   0.94704   0.01185  -0.07991  79.94236
   4.568   0.95562   0.01190  -0.07971  80.32781
   4.653   0.96421   0.01195  -0.07950  80.71461
   4.739   0.97281   0.01200  -0.07931  81.09411
   4.824   0.98143   0.01205  -0.07912  81.45734
   4.910   0.99005   0.01210  -0.07894  81.79584
   4.995   0.99869   0.01216  -0.07877  82.10241
   5.080   1.00733   0.01223  -0.07862  82.37157
   5.166   1.01596   0.01230  -0.07847  82.59981
   5.251   1.02458   0.01238  -0.07832  82.78555
   5.337   1.03315   0.01246  -0.07817  82.92895
   5.422   1.04167   0.01255  -0.07801  83.03154
   5.508   1.05014   0.01264  -0.07784  83.09579
   5.593   1.05853   0.01273  -0.07764  83.12480
   5.678   1.06685   0.01283  -0.07744  83.12188
   5.764   1.07510   0.01294  -0.07721  83.09034
   5.849   1.08327   0.01305  -0.07697  83.03334
   5.935   1.09138   0.01316  -0.07672  82.95378
   6.020   1.09942   0.01327  -0.07646  82.85432
   6.106   1.10740   0.01338  -0.07618  82.73737
   6.191   1.11532   0.01350  -0.07590  82.60511
   6.276   1.12319   0.01362  -0.07561  82.45949
   6.362   1.13100   0.01374  -0.07531  82.30221
   6.447   1.13876   0.01386  -0.07501  82.13472
   6.533   1.14648   0.01399  -0.07470  81.95821
   6.618   1.15416   0.01411  -0.07438  81.77362
   6.704   1.16179   0.01424  -0.07406  81.58163
   6.789   1.16938   0.01437  -0.07373  81.38272
   6.874   1.17693   0.01450  -0.07339  81.17717
   6.960   1.18443   0.01463  -0.07305  80.96512
   7.045   1.19188   0.01476  -0.07269  80.74659
   7.131   1.19930   0.01489  -0.07233  80.52153
   7.216   1.20666   0.01503  -0.07196  80.28980
   7.302   1.21397   0.01516  -0.07159  80.05127
   7.387   1.22124   0.01530  -0.07120  79.80576
   7.472   1.22845   0.01544  -0.07081  79.55313
   7.558   1.23561   0.01558  -0.07040  79.29322
   7.643   1.24271   0.01573  -0.06999  79.02591
   7.729   1.24976   0.01587  -0.06957  78.75108
   7.814   1.25675   0.01602  -0.06914  78.46865
   7.899   1.26368   0.01616  -0.06870  78.17858
   7.985   1.27055   0.01631  -0.06825  77.88082
   8.070   1.27736   0.01647  -0.06779  77.57538
   8.156   1.28410   0.01662  -0.06732  77.26228
   8.241   1.29078   0.01678  -0.06684  76.94156
   8.327   1.29740   0.01693  -0.06635  76.61328
   8.412   1.30396   0.01709  -0.06585  76.27754
   8.497   1.31045   0.01726  -0.06534  75.93445
   8.583   1.31688   0.01742  -0.06483  75.58414
   8.668   1.32324   0.01759  -0.06431  75.22675
   8.754   1.32955   0.01776  -0.06378  74.86245
   8.839   1.33579   0.01793  -0.06324  74.49142
   8.925   1.34197   0.01811  -0.06269  74.11385
   9.010   1.34810   0.01828  -0.06214  73.72992
   9.095   1.35417   0.01846  -0.06159  73.33983
   9.181   1.36018   0.01865  -0.06103  72.94378
   9.266   1.36614   0.01883  -0.06046  72.54196
   9.352   1.37205   0.01902  -0.05989  72.13453
   9.437   1.37790   0.01921  -0.05932  71.72168
   9.523   1.38371   0.01941  -0.05874  71.30354
   9.608   1.38947   0.01960  -0.05816  70.88026
   9.693   1.39518   0.01980  -0.05758  70.45192
   9.779   1.40084   0.02001  -0.05700  70.01863
   9.864   1.40645   0.02021  -0.05641  69.58045
   9.950   1.41201   0.02042  -0.05582  69.13743
  10.035   1.41753   0.02064  -0.05523  68.68958
  10.121   1.42299   0.02085  -0.05464  68.23692
  10.206   1.42840   0.02107  -0.05405  67.77945
  10.291   1.43375   0.02130  -0.05345  67.31714
  10.377   1.43904   0.02153  -0.05285  66.84998
  10.462   1.44428   0.02176  -0.05225  66.37792
  10.548   1.44946   0.02199  -0.05165  65.90095
  10.633   1.45457   0.02223  -0.05104  65.41902
  10.719   1.45961   0.02248  -0.05043  64.93210
  10.804   1.46459   0.02273  -0.04982  64.44017
  10.889   1.46950   0.02298  -0.04920  63.94319
  10.975   1.47433   0.02324  -0.04858  63.44117
  11.060   1.47910   0.02350  -0.04796  62.93406
  11.146   1.48378   0.02377  -0.04733  62.42189
  11.231   1.48839   0.02404  -0.04670  61.90463
  11.317   1.49292   0.02432  -0.04607  61.38230
  11.402   1.49737   0.02461  -0.04543  60.85490
  11.487   1.50174   0.02490  -0.04479  60.32246
  11.573   1.50602   0.02519  -0.04415  59.78499
  11.658   1.51023   0.02549  -0.04350  59.24253
  11.744   1.51434   0.02580  -0.04285  58.69511
  11.829   1.51837   0.02611  -0.04220  58.14277
  11.915   1.52232   0.02644  -0.04155  57.58557
  12.000   1.52617   0.02676  -0.04089  57.02355
