--------------------------------------------------------------
  XFOIL-like Polar Output (Generated by NeuralFoil)
--------------------------------------------------------------
  alpha     CL        CD       Cm        CL/CD
--------------------------------------------------------------
  -5.000  -0.52083   0.00907  -0.03585  -57.40904
  -4.915  -0.51320   0.00885  -0.03562  -57.99684
  -4.829  -0.50540   0.00867  -0.03538  -58.27727
  -4.744  -0.49740   0.00855  -0.03513  -58.19533
  -4.658  -0.48922   0.00847  -0.03488  -57.78512
  -4.573  -0.48086   0.00842  -0.03463  -57.12038
  -4.487  -0.47234   0.00839  -0.03439  -56.27686
  -4.402  -0.46369   0.00838  -0.03416  -55.31602
  -4.317  -0.45491   0.00838  -0.03395  -54.28238
  -4.231  -0.44603   0.00838  -0.03377  -53.20632
  -4.146  -0.43704   0.00839  -0.03361  -52.10787
  -4.060  -0.42796   0.00839  -0.03347  -50.99989
  -3.975  -0.41881   0.00839  -0.03336  -49.89024
  -3.889  -0.40958   0.00840  -0.03328  -48.78336
  -3.804  -0.40029   0.00840  -0.03322  -47.68126
  -3.719  -0.39095   0.00839  -0.03317  -46.58428
  -3.633  -0.38157   0.00839  -0.03315  -45.49173
  -3.548  -0.37216   0.00838  -0.03313  -44.40238
  -3.462  -0.36273   0.00837  -0.03313  -43.31493
  -3.377  -0.35328   0.00837  -0.03313  -42.22821
  -3.291  -0.34382   0.00836  -0.03314  -41.14143
  -3.206  -0.33436   0.00835  -0.03315  -40.05412
  -3.121  -0.32490   0.00834  -0.03316  -38.96611
  -3.035  -0.31544   0.00833  -0.03317  -37.87734
  -2.950  -0.30600   0.00832  -0.03318  -36.78771
  -2.864  -0.29656   0.00831  -0.03319  -35.69697
  -2.779  -0.28714   0.00830  -0.03320  -34.60461
  -2.693  -0.27772   0.00829  -0.03320  -33.50994
  -2.608  -0.26829   0.00828  -0.03320  -32.41216
  -2.523  -0.25886   0.00827  -0.03320  -31.31048
  -2.437  -0.24942   0.00826  -0.03320  -30.20430
  -2.352  -0.23996   0.00825  -0.03320  -29.09334
  -2.266  -0.23048   0.00824  -0.03321  -27.97779
  -2.181  -0.22096   0.00823  -0.03322  -26.85843
  -2.095  -0.21142   0.00821  -0.03325  -25.73678
  -2.010  -0.20185   0.00820  -0.03329  -24.61514
  -1.925  -0.19226   0.00818  -0.03333  -23.49660
  -1.839  -0.18265   0.00816  -0.03339  -22.38493
  -1.754  -0.17303   0.00813  -0.03345  -21.28432
  -1.668  -0.16343   0.00809  -0.03352  -20.19904
  -1.583  -0.15386   0.00804  -0.03358  -19.13302
  -1.497  -0.14433   0.00798  -0.03364  -18.08938
  -1.412  -0.13485   0.00790  -0.03368  -17.06987
  -1.327  -0.12545   0.00780  -0.03370  -16.07423
  -1.241  -0.11611   0.00769  -0.03369  -15.09913
  -1.156  -0.10683   0.00756  -0.03365  -14.13641
  -1.070  -0.09760   0.00741  -0.03358  -13.17069
  -0.985  -0.08838   0.00726  -0.03348  -12.17847
  -0.899  -0.07915   0.00711  -0.03338  -11.13181
  -0.814  -0.06990   0.00698  -0.03329  -10.00730
  -0.729  -0.06059   0.00689  -0.03321  -8.79505
  -0.643  -0.05119   0.00682  -0.03316  -7.50084
  -0.558  -0.04169   0.00679  -0.03313  -6.14099
  -0.472  -0.03209   0.00678  -0.03312  -4.73502
  -0.387  -0.02238   0.00678  -0.03311  -3.30071
  -0.302  -0.01259   0.00680  -0.03311  -1.85228
  -0.216  -0.00273   0.00682  -0.03311  -0.40042
  -0.131   0.00716   0.00684  -0.03310   1.04687
  -0.045   0.01706   0.00687  -0.03308   2.48336
   0.040   0.02694   0.00690  -0.03305   3.90351
   0.126   0.03677   0.00694  -0.03301   5.30133
   0.211   0.04651   0.00697  -0.03295   6.66910
   0.296   0.05613   0.00702  -0.03287   7.99609
   0.382   0.06561   0.00708  -0.03278   9.26776
   0.467   0.07489   0.00716  -0.03266  10.46630
   0.553   0.08397   0.00726  -0.03252  11.57424
   0.638   0.09285   0.00738  -0.03236  12.58200
   0.724   0.10158   0.00753  -0.03219  13.49754
   0.809   0.11023   0.00768  -0.03203  14.35051
   0.894   0.11894   0.00783  -0.03189  15.18349
   0.980   0.12780   0.00797  -0.03177  16.03408
   1.065   0.13687   0.00809  -0.03168  16.92218
   1.151   0.14617   0.00819  -0.03162  17.85014
   1.236   0.15566   0.00828  -0.03158  18.81041
   1.322   0.16529   0.00835  -0.03157  19.79266
   1.407   0.17503   0.00842  -0.03157  20.78774
   1.492   0.18483   0.00848  -0.03158  21.78854
   1.578   0.19467   0.00854  -0.03160  22.78981
   1.663   0.20454   0.00860  -0.03162  23.78784
   1.749   0.21441   0.00865  -0.03164  24.78003
   1.834   0.22429   0.00871  -0.03166  25.76447
   1.920   0.23417   0.00876  -0.03169  26.73969
   2.005   0.24403   0.00881  -0.03171  27.70463
   2.090   0.25389   0.00886  -0.03174  28.65857
   2.176   0.26373   0.00891  -0.03176  29.60110
   2.261   0.27356   0.00896  -0.03178  30.53199
   2.347   0.28336   0.00901  -0.03179  31.45114
   2.432   0.29315   0.00906  -0.03181  32.35852
   2.518   0.30291   0.00911  -0.03182  33.25414
   2.603   0.31266   0.00916  -0.03182  34.13809
   2.688   0.32237   0.00921  -0.03182  35.01051
   2.774   0.33207   0.00926  -0.03182  35.87162
   2.859   0.34174   0.00931  -0.03182  36.72170
   2.945   0.35139   0.00936  -0.03181  37.56109
   3.030   0.36101   0.00940  -0.03180  38.39017
   3.116   0.37062   0.00945  -0.03179  39.20932
   3.201   0.38021   0.00950  -0.03177  40.01891
   3.286   0.38978   0.00955  -0.03175  40.81929
   3.372   0.39933   0.00960  -0.03172  41.61076
   3.457   0.40887   0.00964  -0.03170  42.39358
   3.543   0.41840   0.00969  -0.03167  43.16797
   3.628   0.42791   0.00974  -0.03164  43.93409
   3.714   0.43741   0.00979  -0.03161  44.69207
   3.799   0.44690   0.00983  -0.03157  45.44198
   3.884   0.45638   0.00988  -0.03154  46.18386
   3.970   0.46585   0.00993  -0.03150  46.91770
   4.055   0.47532   0.00998  -0.03146  47.64347
   4.141   0.48477   0.01002  -0.03143  48.36108
   4.226   0.49421   0.01007  -0.03139  49.07045
   4.312   0.50365   0.01012  -0.03135  49.77143
   4.397   0.51308   0.01017  -0.03131  50.46388
   4.482   0.52251   0.01022  -0.03127  51.14763
   4.568   0.53193   0.01026  -0.03122  51.82251
   4.653   0.54134   0.01031  -0.03118  52.48834
   4.739   0.55075   0.01036  -0.03114  53.14496
   4.824   0.56016   0.01041  -0.03110  53.79220
   4.910   0.56956   0.01046  -0.03106  54.42992
   4.995   0.57895   0.01052  -0.03102  55.05800
   5.080   0.58834   0.01057  -0.03097  55.67635
   5.166   0.59773   0.01062  -0.03093  56.28493
   5.251   0.60711   0.01067  -0.03089  56.88372
   5.337   0.61649   0.01073  -0.03084  57.47276
   5.422   0.62587   0.01078  -0.03080  58.05216
   5.508   0.63523   0.01084  -0.03075  58.62205
   5.593   0.64460   0.01089  -0.03071  59.18262
   5.678   0.65395   0.01095  -0.03066  59.73410
   5.764   0.66331   0.01100  -0.03061  60.27675
   5.849   0.67265   0.01106  -0.03056  60.81079
   5.935   0.68199   0.01112  -0.03051  61.33646
   6.020   0.69132   0.01118  -0.03045  61.85394
   6.106   0.70064   0.01123  -0.03040  62.36338
   6.191   0.70996   0.01129  -0.03035  62.86487
   6.276   0.71927   0.01135  -0.03029  63.35846
   6.362   0.72857   0.01141  -0.03023  63.84414
   6.447   0.73787   0.01147  -0.03017  64.32188
   6.533   0.74715   0.01153  -0.03011  64.79163
   6.618   0.75643   0.01159  -0.03005  65.25329
   6.704   0.76570   0.01165  -0.02999  65.70674
   6.789   0.77496   0.01171  -0.02992  66.15180
   6.874   0.78421   0.01178  -0.02986  66.58823
   6.960   0.79345   0.01184  -0.02979  67.01574
   7.045   0.80269   0.01190  -0.02972  67.43390
   7.131   0.81192   0.01197  -0.02965  67.84219
   7.216   0.82114   0.01203  -0.02957  68.23997
   7.302   0.83035   0.01210  -0.02950  68.62646
   7.387   0.83957   0.01217  -0.02942  69.00072
   7.472   0.84877   0.01224  -0.02933  69.36172
   7.558   0.85796   0.01231  -0.02925  69.70827
   7.643   0.86714   0.01238  -0.02917  70.03909
   7.729   0.87629   0.01246  -0.02908  70.35290
   7.814   0.88543   0.01253  -0.02899  70.64839
   7.899   0.89453   0.01261  -0.02890  70.92437
   7.985   0.90362   0.01269  -0.02881  71.17978
   8.070   0.91267   0.01278  -0.02871  71.41373
   8.156   0.92169   0.01287  -0.02862  71.62557
   8.241   0.93069   0.01296  -0.02852  71.81486
   8.327   0.93967   0.01305  -0.02841  71.98150
   8.412   0.94862   0.01315  -0.02830  72.12564
   8.497   0.95754   0.01325  -0.02819  72.24779
   8.583   0.96645   0.01336  -0.02807  72.34876
   8.668   0.97533   0.01347  -0.02794  72.42961
   8.754   0.98419   0.01358  -0.02781  72.49157
   8.839   0.99302   0.01369  -0.02768  72.53600
   8.925   1.00183   0.01381  -0.02754  72.56431
   9.010   1.01061   0.01392  -0.02739  72.57789
   9.095   1.01936   0.01405  -0.02724  72.57809
   9.181   1.02809   0.01417  -0.02709  72.56618
   9.266   1.03678   0.01429  -0.02693  72.54331
   9.352   1.04544   0.01442  -0.02676  72.51043
   9.437   1.05407   0.01455  -0.02660  72.46833
   9.523   1.06267   0.01467  -0.02642  72.41756
   9.608   1.07125   0.01480  -0.02625  72.35844
   9.693   1.07979   0.01494  -0.02606  72.29114
   9.779   1.08830   0.01507  -0.02588  72.21567
   9.864   1.09678   0.01521  -0.02569  72.13192
   9.950   1.10523   0.01534  -0.02549  72.03974
  10.035   1.11364   0.01548  -0.02529  71.93894
  10.121   1.12203   0.01562  -0.02509  71.82934
  10.206   1.13038   0.01576  -0.02488  71.71078
  10.291   1.13870   0.01591  -0.02466  71.58313
  10.377   1.14699   0.01605  -0.02444  71.44631
  10.462   1.15524   0.01620  -0.02422  71.30027
  10.548   1.16345   0.01635  -0.02399  71.14501
  10.633   1.17162   0.01651  -0.02375  70.98056
  10.719   1.17975   0.01666  -0.02351  70.80697
  10.804   1.18784   0.01682  -0.02326  70.62434
  10.889   1.19589   0.01698  -0.02300  70.43274
  10.975   1.20390   0.01714  -0.02274  70.23229
  11.060   1.21186   0.01731  -0.02248  70.02309
  11.146   1.21978   0.01747  -0.02220  69.80528
  11.231   1.22765   0.01764  -0.02192  69.57894
  11.317   1.23548   0.01782  -0.02163  69.34420
  11.402   1.24325   0.01799  -0.02134  69.10116
  11.487   1.25097   0.01817  -0.02104  68.84990
  11.573   1.25864   0.01835  -0.02073  68.59053
  11.658   1.26626   0.01853  -0.02042  68.32311
  11.744   1.27383   0.01872  -0.02009  68.04771
  11.829   1.28134   0.01891  -0.01976  67.76441
  11.915   1.28879   0.01910  -0.01943  67.47326
  12.000   1.29619   0.01930  -0.01908  67.17432
