--------------------------------------------------------------
  XFOIL-like Polar Output (Generated by NeuralFoil)
--------------------------------------------------------------
  alpha     CL        CD       Cm        CL/CD
--------------------------------------------------------------
  -5.000  -0.26833   0.00928  -0.07759  -28.91623
  -4.915  -0.25888   0.00921  -0.07756  -28.10999
  -4.829  -0.24943   0.00914  -0.07752  -27.28792
  -4.744  -0.23998   0.00907  -0.07749  -26.44997
  -4.658  -0.23052   0.00901  -0.07745  -25.59608
  -4.573  -0.22105   0.00894  -0.07742  -24.72623
  -4.487  -0.21157   0.00887  -0.07739  -23.84040
  -4.402  -0.20209   0.00881  -0.07736  -22.93858
  -4.317  -0.19261   0.00875  -0.07733  -22.02077
  -4.231  -0.18311   0.00868  -0.07730  -21.08698
  -4.146  -0.17362   0.00862  -0.07727  -20.13723
  -4.060  -0.16412   0.00856  -0.07724  -19.17155
  -3.975  -0.15461   0.00850  -0.07721  -18.18997
  -3.889  -0.14510   0.00844  -0.07718  -17.19255
  -3.804  -0.13559   0.00838  -0.07715  -16.17934
  -3.719  -0.12608   0.00832  -0.07712  -15.15040
  -3.633  -0.11657   0.00826  -0.07709  -14.10581
  -3.548  -0.10706   0.00821  -0.07705  -13.04564
  -3.462  -0.09755   0.00815  -0.07702  -11.96999
  -3.377  -0.08805   0.00809  -0.07699  -10.87895
  -3.291  -0.07855   0.00804  -0.07695  -9.77263
  -3.206  -0.06905   0.00798  -0.07691  -8.65111
  -3.121  -0.05957   0.00793  -0.07687  -7.51450
  -3.035  -0.05009   0.00787  -0.07683  -6.36286
  -2.950  -0.04063   0.00782  -0.07678  -5.19624
  -2.864  -0.03117   0.00777  -0.07673  -4.01466
  -2.779  -0.02173   0.00771  -0.07668  -2.81813
  -2.693  -0.01231   0.00766  -0.07662  -1.60667
  -2.608  -0.00289   0.00761  -0.07656  -0.38042
  -2.523   0.00650   0.00756  -0.07650   0.86026
  -2.437   0.01587   0.00751  -0.07643   2.11466
  -2.352   0.02522   0.00746  -0.07636   3.38159
  -2.266   0.03453   0.00741  -0.07629   4.65927
  -2.181   0.04381   0.00737  -0.07621   5.94532
  -2.095   0.05305   0.00733  -0.07612   7.23686
  -2.010   0.06224   0.00730  -0.07603   8.53092
  -1.925   0.07140   0.00727  -0.07594   9.82481
  -1.839   0.08052   0.00724  -0.07584  11.11635
  -1.754   0.08962   0.00723  -0.07575  12.40365
  -1.668   0.09871   0.00721  -0.07565  13.68478
  -1.583   0.10780   0.00721  -0.07555  14.95782
  -1.497   0.11686   0.00720  -0.07545  16.22173
  -1.412   0.12592   0.00721  -0.07535  17.47691
  -1.327   0.13498   0.00721  -0.07525  18.72531
  -1.241   0.14404   0.00721  -0.07516  19.97020
  -1.156   0.15314   0.00722  -0.07507  21.21609
  -1.070   0.16231   0.00722  -0.07500  22.46746
  -0.985   0.17158   0.00723  -0.07493  23.72682
  -0.899   0.18092   0.00724  -0.07486  24.99360
  -0.814   0.19032   0.00725  -0.07481  26.26524
  -0.729   0.19972   0.00725  -0.07475  27.53953
  -0.643   0.20912   0.00726  -0.07471  28.81601
  -0.558   0.21850   0.00726  -0.07467  30.09558
  -0.472   0.22789   0.00726  -0.07463  31.37969
  -0.387   0.23728   0.00726  -0.07460  32.66997
  -0.302   0.24668   0.00726  -0.07457  33.96792
  -0.216   0.25609   0.00726  -0.07454  35.27443
  -0.131   0.26550   0.00726  -0.07451  36.58953
  -0.045   0.27492   0.00725  -0.07448  37.91247
   0.040   0.28433   0.00725  -0.07446  39.24236
   0.126   0.29372   0.00724  -0.07443  40.57877
   0.211   0.30309   0.00723  -0.07440  41.92189
   0.296   0.31244   0.00722  -0.07437  43.27232
   0.382   0.32177   0.00721  -0.07435  44.63132
   0.467   0.33111   0.00720  -0.07434  46.00374
   0.553   0.34045   0.00718  -0.07433  47.40507
   0.638   0.34978   0.00716  -0.07433  48.87402
   0.724   0.35908   0.00711  -0.07432  50.49103
   0.809   0.36832   0.00703  -0.07428  52.38698
   0.894   0.37750   0.00691  -0.07421  54.66959
   0.980   0.38660   0.00676  -0.07411  57.22740
   1.065   0.39562   0.00663  -0.07403  59.71320
   1.151   0.40454   0.00654  -0.07399  61.87710
   1.236   0.41345   0.00649  -0.07396  63.72285
   1.322   0.42246   0.00646  -0.07393  65.35817
   1.407   0.43160   0.00645  -0.07389  66.87456
   1.492   0.44086   0.00645  -0.07385  68.32980
   1.578   0.45016   0.00645  -0.07378  69.76092
   1.663   0.45937   0.00645  -0.07368  71.19393
   1.749   0.46836   0.00645  -0.07350  72.64827
   1.834   0.47705   0.00643  -0.07324  74.14067
   1.920   0.48546   0.00641  -0.07289  75.69199
   2.005   0.49385   0.00639  -0.07250  77.33656
   2.090   0.50277   0.00635  -0.07219  79.12785
   2.176   0.51304   0.00632  -0.07216  81.12953
   2.261   0.52545   0.00630  -0.07258  83.38376
   2.347   0.54029   0.00629  -0.07355  85.86738
   2.432   0.55707   0.00630  -0.07498  88.47004
   2.518   0.57467   0.00631  -0.07664  91.02297
   2.603   0.59182   0.00634  -0.07825  93.36549
   2.688   0.60758   0.00637  -0.07961  95.40332
   2.774   0.62159   0.00640  -0.08062  97.12461
   2.859   0.63395   0.00643  -0.08131  98.57637
   2.945   0.64500   0.00646  -0.08171  99.82827
   3.030   0.65512   0.00649  -0.08191  100.94583
   3.116   0.66463   0.00652  -0.08198  101.97889
   3.201   0.67375   0.00654  -0.08195  102.96078
   3.286   0.68264   0.00657  -0.08186  103.91192
   3.372   0.69140   0.00659  -0.08173  104.84399
   3.457   0.70009   0.00662  -0.08159  105.76324
   3.543   0.70876   0.00664  -0.08142  106.67266
   3.628   0.71742   0.00667  -0.08125  107.57326
   3.714   0.72610   0.00669  -0.08108  108.46483
   3.799   0.73480   0.00672  -0.08090  109.34643
   3.884   0.74353   0.00675  -0.08073  110.21659
   3.970   0.75230   0.00677  -0.08056  111.07353
   4.055   0.76109   0.00680  -0.08040  111.91527
   4.141   0.76991   0.00683  -0.08024  112.73975
   4.226   0.77875   0.00686  -0.08008  113.54486
   4.312   0.78760   0.00689  -0.07992  114.32854
   4.397   0.79647   0.00692  -0.07977  115.08884
   4.482   0.80534   0.00695  -0.07962  115.82389
   4.568   0.81421   0.00699  -0.07946  116.53201
   4.653   0.82308   0.00702  -0.07931  117.21168
   4.739   0.83194   0.00706  -0.07916  117.86160
   4.824   0.84079   0.00710  -0.07900  118.48070
   4.910   0.84963   0.00714  -0.07885  119.06815
   4.995   0.85846   0.00718  -0.07869  119.62333
   5.080   0.86727   0.00722  -0.07853  120.14581
   5.166   0.87607   0.00726  -0.07837  120.63524
   5.251   0.88486   0.00731  -0.07821  121.09117
   5.337   0.89364   0.00735  -0.07805  121.51288
   5.422   0.90241   0.00740  -0.07788  121.89901
   5.508   0.91117   0.00745  -0.07771  122.24714
   5.593   0.91991   0.00751  -0.07755  122.55347
   5.678   0.92863   0.00756  -0.07738  122.81238
   5.764   0.93732   0.00762  -0.07720  123.01632
   5.849   0.94598   0.00768  -0.07703  123.15587
   5.935   0.95458   0.00775  -0.07685  123.22002
   6.020   0.96313   0.00782  -0.07667  123.19676
   6.106   0.97161   0.00789  -0.07648  123.07395
   6.191   0.98002   0.00798  -0.07628  122.84058
   6.276   0.98834   0.00807  -0.07607  122.48835
   6.362   0.99657   0.00817  -0.07586  122.01336
   6.447   1.00472   0.00827  -0.07563  121.41697
   6.533   1.01279   0.00839  -0.07539  120.70529
   6.618   1.02077   0.00851  -0.07514  119.88717
   6.704   1.02866   0.00865  -0.07489  118.97172
   6.789   1.03646   0.00879  -0.07462  117.96715
   6.874   1.04415   0.00893  -0.07434  116.88222
   6.960   1.05173   0.00909  -0.07405  115.72915
   7.045   1.05920   0.00925  -0.07374  114.52456
   7.131   1.06656   0.00941  -0.07342  113.28611
   7.216   1.07383   0.00959  -0.07308  112.02809
   7.302   1.08102   0.00976  -0.07273  110.76076
   7.387   1.08817   0.00994  -0.07236  109.49172
   7.472   1.09528   0.01012  -0.07199  108.22516
   7.558   1.10234   0.01031  -0.07161  106.96494
   7.643   1.10936   0.01049  -0.07122  105.72508
   7.729   1.11635   0.01068  -0.07084  104.53144
   7.814   1.12335   0.01086  -0.07046  103.40649
   7.899   1.13039   0.01104  -0.07008  102.35477
   7.985   1.13744   0.01122  -0.06970  101.36314
   8.070   1.14451   0.01140  -0.06932  100.41046
   8.156   1.15156   0.01158  -0.06894  99.47692
   8.241   1.15858   0.01176  -0.06854  98.54802
   8.327   1.16557   0.01194  -0.06814  97.61367
   8.412   1.17252   0.01213  -0.06773  96.66551
   8.497   1.17941   0.01232  -0.06730  95.69652
   8.583   1.18623   0.01253  -0.06686  94.70386
   8.668   1.19297   0.01273  -0.06641  93.69360
   8.754   1.19964   0.01294  -0.06596  92.68370
   8.839   1.20624   0.01315  -0.06550  91.70115
   8.925   1.21283   0.01336  -0.06504  90.77264
   9.010   1.21941   0.01356  -0.06458  89.91407
   9.095   1.22600   0.01376  -0.06413  89.12638
   9.181   1.23259   0.01394  -0.06368  88.39921
   9.266   1.23918   0.01413  -0.06323  87.71802
   9.352   1.24574   0.01431  -0.06278  87.06971
   9.437   1.25227   0.01449  -0.06232  86.44499
   9.523   1.25876   0.01466  -0.06185  85.83837
   9.608   1.26521   0.01484  -0.06137  85.24706
   9.693   1.27161   0.01502  -0.06089  84.66973
   9.779   1.27795   0.01519  -0.06039  84.10555
   9.864   1.28424   0.01537  -0.05989  83.55367
   9.950   1.29047   0.01555  -0.05937  83.01289
  10.035   1.29663   0.01572  -0.05885  82.48156
  10.121   1.30272   0.01590  -0.05832  81.95771
  10.206   1.30874   0.01607  -0.05777  81.43905
  10.291   1.31467   0.01625  -0.05722  80.92320
  10.377   1.32053   0.01642  -0.05666  80.40778
  10.462   1.32629   0.01660  -0.05608  79.89054
  10.548   1.33197   0.01678  -0.05549  79.36945
  10.633   1.33756   0.01696  -0.05490  78.84275
  10.719   1.34306   0.01715  -0.05429  78.30896
  10.804   1.34847   0.01734  -0.05368  77.76694
  10.889   1.35380   0.01753  -0.05305  77.21582
  10.975   1.35906   0.01773  -0.05243  76.65499
  11.060   1.36424   0.01793  -0.05180  76.08409
  11.146   1.36936   0.01814  -0.05116  75.50293
  11.231   1.37441   0.01835  -0.05053  74.91148
  11.317   1.37941   0.01856  -0.04990  74.30980
  11.402   1.38435   0.01878  -0.04926  73.69804
  11.487   1.38924   0.01901  -0.04864  73.07638
  11.573   1.39408   0.01924  -0.04801  72.44505
  11.658   1.39887   0.01948  -0.04739  71.80427
  11.744   1.40361   0.01973  -0.04678  71.15428
  11.829   1.40830   0.01998  -0.04617  70.49535
  11.915   1.41293   0.02023  -0.04556  69.82772
  12.000   1.41751   0.02050  -0.04496  69.15170
