--------------------------------------------------------------
  XFOIL-like Polar Output (Generated by NeuralFoil)
--------------------------------------------------------------
  alpha     CL        CD       Cm        CL/CD
--------------------------------------------------------------
  -5.000  -0.16838   0.01093  -0.03721  -15.39928
  -4.915  -0.15886   0.01090  -0.03724  -14.57145
  -4.829  -0.14929   0.01087  -0.03726  -13.73406
  -4.744  -0.13969   0.01084  -0.03729  -12.88671
  -4.658  -0.13007   0.01081  -0.03731  -12.02985
  -4.573  -0.12043   0.01079  -0.03733  -11.16454
  -4.487  -0.11079   0.01076  -0.03734  -10.29238
  -4.402  -0.10117   0.01074  -0.03735  -9.41545
  -4.317  -0.09156   0.01073  -0.03735  -8.53648
  -4.231  -0.08200   0.01071  -0.03734  -7.65898
  -4.146  -0.07251   0.01068  -0.03731  -6.78722
  -4.060  -0.06313   0.01065  -0.03727  -5.92534
  -3.975  -0.05387   0.01061  -0.03721  -5.07557
  -3.889  -0.04475   0.01056  -0.03713  -4.23613
  -3.804  -0.03573   0.01050  -0.03704  -3.40104
  -3.719  -0.02676   0.01044  -0.03695  -2.56421
  -3.633  -0.01787   0.01034  -0.03686  -1.72791
  -3.548  -0.00923   0.01017  -0.03678  -0.90726
  -3.462  -0.00110   0.00986  -0.03667  -0.11153
  -3.377   0.00653   0.00942  -0.03653   0.69357
  -3.291   0.01414   0.00895  -0.03638   1.57979
  -3.206   0.02225   0.00860  -0.03626   2.58845
  -3.121   0.03104   0.00840  -0.03617   3.69682
  -3.035   0.04037   0.00832  -0.03612   4.85460
  -2.950   0.05005   0.00831  -0.03607   6.02488
  -2.864   0.05988   0.00833  -0.03604   7.19210
  -2.779   0.06975   0.00835  -0.03600   8.35271
  -2.693   0.07960   0.00837  -0.03595   9.50692
  -2.608   0.08941   0.00839  -0.03591  10.65533
  -2.523   0.09917   0.00841  -0.03586  11.79810
  -2.437   0.10889   0.00842  -0.03582  12.93498
  -2.352   0.11858   0.00843  -0.03577  14.06553
  -2.266   0.12826   0.00844  -0.03573  15.18921
  -2.181   0.13792   0.00846  -0.03570  16.30552
  -2.095   0.14758   0.00847  -0.03566  17.41406
  -2.010   0.15724   0.00849  -0.03563  18.51455
  -1.925   0.16690   0.00851  -0.03560  19.60690
  -1.839   0.17655   0.00853  -0.03557  20.69113
  -1.754   0.18620   0.00855  -0.03554  21.76740
  -1.668   0.19584   0.00858  -0.03551  22.83593
  -1.583   0.20548   0.00860  -0.03548  23.89701
  -1.497   0.21512   0.00862  -0.03545  24.95096
  -1.412   0.22475   0.00864  -0.03542  25.99804
  -1.327   0.23438   0.00867  -0.03539  27.03854
  -1.241   0.24399   0.00869  -0.03536  28.07263
  -1.156   0.25360   0.00871  -0.03532  29.10045
  -1.070   0.26321   0.00874  -0.03529  30.12208
  -0.985   0.27280   0.00876  -0.03526  31.13752
  -0.899   0.28238   0.00878  -0.03523  32.14671
  -0.814   0.29196   0.00881  -0.03520  33.14958
  -0.729   0.30152   0.00883  -0.03517  34.14601
  -0.643   0.31108   0.00885  -0.03513  35.13587
  -0.558   0.32062   0.00888  -0.03510  36.11904
  -0.472   0.33014   0.00890  -0.03507  37.09541
  -0.387   0.33966   0.00892  -0.03504  38.06489
  -0.302   0.34916   0.00895  -0.03500  39.02741
  -0.216   0.35865   0.00897  -0.03497  39.98294
  -0.131   0.36813   0.00899  -0.03494  40.93148
  -0.045   0.37759   0.00902  -0.03490  41.87305
   0.040   0.38705   0.00904  -0.03487  42.80770
   0.126   0.39649   0.00907  -0.03484  43.73547
   0.211   0.40592   0.00909  -0.03480  44.65645
   0.296   0.41534   0.00911  -0.03477  45.57069
   0.382   0.42476   0.00914  -0.03474  46.47826
   0.467   0.43416   0.00916  -0.03470  47.37922
   0.553   0.44356   0.00919  -0.03467  48.27359
   0.638   0.45295   0.00921  -0.03464  49.16139
   0.724   0.46234   0.00924  -0.03460  50.04265
   0.809   0.47173   0.00926  -0.03457  50.91735
   0.894   0.48111   0.00929  -0.03453  51.78548
   0.980   0.49049   0.00932  -0.03450  52.64704
   1.065   0.49986   0.00934  -0.03446  53.50201
   1.151   0.50924   0.00937  -0.03443  54.35037
   1.236   0.51861   0.00940  -0.03439  55.19214
   1.322   0.52798   0.00942  -0.03435  56.02731
   1.407   0.53735   0.00945  -0.03432  56.85591
   1.492   0.54672   0.00948  -0.03428  57.67799
   1.578   0.55609   0.00951  -0.03424  58.49359
   1.663   0.56546   0.00954  -0.03420  59.30280
   1.749   0.57482   0.00956  -0.03416  60.10573
   1.834   0.58419   0.00959  -0.03412  60.90252
   1.920   0.59356   0.00962  -0.03407  61.69335
   2.005   0.60294   0.00965  -0.03403  62.47841
   2.090   0.61231   0.00968  -0.03399  63.25796
   2.176   0.62168   0.00971  -0.03395  64.03225
   2.261   0.63106   0.00974  -0.03391  64.80158
   2.347   0.64044   0.00977  -0.03386  65.56627
   2.432   0.64982   0.00980  -0.03382  66.32664
   2.518   0.65921   0.00983  -0.03378  67.08300
   2.603   0.66860   0.00986  -0.03373  67.83568
   2.688   0.67799   0.00989  -0.03369  68.58495
   2.774   0.68738   0.00991  -0.03365  69.33108
   2.859   0.69678   0.00994  -0.03361  70.07426
   2.945   0.70617   0.00997  -0.03357  70.81466
   3.030   0.71557   0.01000  -0.03353  71.55236
   3.116   0.72497   0.01003  -0.03349  72.28737
   3.201   0.73438   0.01006  -0.03345  73.01961
   3.286   0.74378   0.01009  -0.03341  73.74890
   3.372   0.75318   0.01011  -0.03337  74.47491
   3.457   0.76258   0.01014  -0.03333  75.19725
   3.543   0.77198   0.01017  -0.03329  75.91536
   3.628   0.78137   0.01020  -0.03326  76.62864
   3.714   0.79076   0.01022  -0.03322  77.33644
   3.799   0.80014   0.01025  -0.03319  78.03824
   3.884   0.80951   0.01028  -0.03316  78.73375
   3.970   0.81887   0.01031  -0.03312  79.42316
   4.055   0.82821   0.01034  -0.03309  80.10736
   4.141   0.83753   0.01037  -0.03305  80.78808
   4.226   0.84681   0.01039  -0.03300  81.46796
   4.312   0.85605   0.01042  -0.03295  82.15046
   4.397   0.86522   0.01044  -0.03288  82.83965
   4.482   0.87433   0.01047  -0.03279  83.54009
   4.568   0.88335   0.01048  -0.03268  84.25683
   4.653   0.89231   0.01050  -0.03255  84.99533
   4.739   0.90120   0.01051  -0.03238  85.76089
   4.824   0.91008   0.01051  -0.03220  86.55732
   4.910   0.91903   0.01052  -0.03202  87.38496
   4.995   0.92815   0.01052  -0.03185  88.23888
   5.080   0.93758   0.01052  -0.03175  89.10796
   5.166   0.94741   0.01053  -0.03173  89.97522
   5.251   0.95767   0.01054  -0.03181  90.81959
   5.337   0.96827   0.01057  -0.03199  91.61885
   5.422   0.97906   0.01060  -0.03222  92.35335
   5.508   0.98982   0.01064  -0.03247  93.00974
   5.593   1.00037   0.01069  -0.03269  93.58336
   5.678   1.01059   0.01074  -0.03285  94.07841
   5.764   1.02044   0.01080  -0.03294  94.50574
   5.849   1.02994   0.01086  -0.03295  94.87960
   5.935   1.03918   0.01091  -0.03291  95.21439
   6.020   1.04824   0.01097  -0.03282  95.52234
   6.106   1.05720   0.01103  -0.03271  95.81206
   6.191   1.06613   0.01110  -0.03259  96.08789
   6.276   1.07507   0.01116  -0.03246  96.34964
   6.362   1.08404   0.01122  -0.03234  96.59251
   6.447   1.09304   0.01129  -0.03223  96.80714
   6.533   1.10206   0.01136  -0.03212  96.98008
   6.618   1.11107   0.01144  -0.03202  97.09437
   6.704   1.12006   0.01153  -0.03191  97.13059
   6.789   1.12899   0.01163  -0.03180  97.06817
   6.874   1.13782   0.01174  -0.03168  96.88673
   6.960   1.14653   0.01187  -0.03155  96.56744
   7.045   1.15508   0.01202  -0.03139  96.09409
   7.131   1.16346   0.01219  -0.03122  95.45401
   7.216   1.17165   0.01238  -0.03102  94.63946
   7.302   1.17962   0.01260  -0.03079  93.65056
   7.387   1.18738   0.01284  -0.03054  92.50049
   7.472   1.19493   0.01310  -0.03027  91.22143
   7.558   1.20230   0.01338  -0.02997  89.86645
   7.643   1.20955   0.01367  -0.02966  88.50249
   7.729   1.21675   0.01395  -0.02933  87.19512
   7.814   1.22398   0.01423  -0.02901  85.99242
   7.899   1.23128   0.01450  -0.02869  84.91653
   7.985   1.23866   0.01475  -0.02837  83.96592
   8.070   1.24611   0.01499  -0.02806  83.12432
   8.156   1.25363   0.01522  -0.02775  82.37030
   8.241   1.26120   0.01544  -0.02745  81.68397
   8.327   1.26879   0.01565  -0.02715  81.04975
   8.412   1.27639   0.01586  -0.02686  80.45661
   8.497   1.28399   0.01607  -0.02656  79.89699
   8.583   1.29160   0.01627  -0.02626  79.36557
   8.668   1.29919   0.01648  -0.02597  78.85813
   8.754   1.30677   0.01667  -0.02567  78.37092
   8.839   1.31433   0.01687  -0.02538  77.90035
   8.925   1.32186   0.01707  -0.02508  77.44285
   9.010   1.32935   0.01727  -0.02478  76.99495
   9.095   1.33681   0.01746  -0.02447  76.55338
   9.181   1.34422   0.01766  -0.02416  76.11518
   9.266   1.35157   0.01786  -0.02385  75.67775
   9.352   1.35886   0.01806  -0.02353  75.23895
   9.437   1.36609   0.01826  -0.02320  74.79704
   9.523   1.37325   0.01847  -0.02287  74.35067
   9.608   1.38034   0.01868  -0.02253  73.89888
   9.693   1.38734   0.01889  -0.02218  73.44099
   9.779   1.39426   0.01911  -0.02182  72.97658
   9.864   1.40110   0.01932  -0.02145  72.50544
   9.950   1.40785   0.01955  -0.02108  72.02749
  10.035   1.41451   0.01977  -0.02069  71.54278
  10.121   1.42108   0.02000  -0.02029  71.05142
  10.206   1.42754   0.02023  -0.01989  70.55355
  10.291   1.43391   0.02047  -0.01947  70.04933
  10.377   1.44017   0.02071  -0.01905  69.53892
  10.462   1.44632   0.02095  -0.01861  69.02244
  10.548   1.45236   0.02120  -0.01816  68.49995
  10.633   1.45828   0.02145  -0.01769  67.97148
  10.719   1.46408   0.02171  -0.01722  67.43695
  10.804   1.46975   0.02197  -0.01673  66.89621
  10.889   1.47528   0.02224  -0.01622  66.34902
  10.975   1.48066   0.02250  -0.01569  65.79501
  11.060   1.48588   0.02278  -0.01515  65.23372
  11.146   1.49093   0.02306  -0.01459  64.66454
  11.231   1.49580   0.02334  -0.01400  64.08677
  11.317   1.50046   0.02363  -0.01339  63.49958
  11.402   1.50491   0.02392  -0.01275  62.90205
  11.487   1.50913   0.02423  -0.01208  62.29323
  11.573   1.51309   0.02453  -0.01138  61.67213
  11.658   1.51680   0.02485  -0.01064  61.03781
  11.744   1.52024   0.02517  -0.00988  60.38946
  11.829   1.52340   0.02551  -0.00908  59.72643
  11.915   1.52628   0.02585  -0.00824  59.04832
  12.000   1.52888   0.02620  -0.00738  58.35498
