--------------------------------------------------------------
  XFOIL-like Polar Output (Generated by NeuralFoil)
--------------------------------------------------------------
  alpha     CL        CD       Cm        CL/CD
--------------------------------------------------------------
  -5.000  -0.31906   0.00952  -0.03884  -33.52314
  -4.915  -0.31018   0.00949  -0.03865  -32.69528
  -4.829  -0.30120   0.00946  -0.03849  -31.85576
  -4.744  -0.29213   0.00942  -0.03836  -31.00656
  -4.658  -0.28298   0.00939  -0.03825  -30.14929
  -4.573  -0.27376   0.00935  -0.03815  -29.28507
  -4.487  -0.26451   0.00931  -0.03807  -28.41460
  -4.402  -0.25524   0.00927  -0.03799  -27.53836
  -4.317  -0.24598   0.00923  -0.03791  -26.65680
  -4.231  -0.23677   0.00919  -0.03784  -25.77042
  -4.146  -0.22765   0.00915  -0.03775  -24.87948
  -4.060  -0.21869   0.00912  -0.03765  -23.98309
  -3.975  -0.20993   0.00910  -0.03753  -23.07752
  -3.889  -0.20139   0.00909  -0.03738  -22.15427
  -3.804  -0.19310   0.00911  -0.03719  -21.19895
  -3.719  -0.18500   0.00916  -0.03696  -20.19368
  -3.633  -0.17703   0.00926  -0.03670  -19.12499
  -3.548  -0.16911   0.00940  -0.03640  -17.99545
  -3.462  -0.16113   0.00957  -0.03609  -16.83039
  -3.377  -0.15303   0.00977  -0.03578  -15.67064
  -3.291  -0.14475   0.00995  -0.03551  -14.55398
  -3.206  -0.13626   0.01009  -0.03528  -13.49937
  -3.121  -0.12757   0.01020  -0.03511  -12.50463
  -3.035  -0.11870   0.01027  -0.03499  -11.55530
  -2.950  -0.10965   0.01031  -0.03492  -10.63475
  -2.864  -0.10048   0.01033  -0.03488  -9.72941
  -2.779  -0.09120   0.01033  -0.03486  -8.83004
  -2.693  -0.08185   0.01032  -0.03486  -7.93121
  -2.608  -0.07245   0.01031  -0.03485  -7.03022
  -2.523  -0.06303   0.01029  -0.03485  -6.12604
  -2.437  -0.05359   0.01027  -0.03484  -5.21842
  -2.352  -0.04416   0.01025  -0.03483  -4.30741
  -2.266  -0.03472   0.01023  -0.03481  -3.39312
  -2.181  -0.02529   0.01022  -0.03479  -2.47562
  -2.095  -0.01586   0.01020  -0.03476  -1.55496
  -2.010  -0.00643   0.01018  -0.03473  -0.63115
  -1.925   0.00301   0.01017  -0.03470   0.29577
  -1.839   0.01245   0.01016  -0.03466   1.22578
  -1.754   0.02190   0.01014  -0.03463   2.15880
  -1.668   0.03136   0.01013  -0.03460   3.09475
  -1.583   0.04083   0.01012  -0.03456   4.03350
  -1.497   0.05031   0.01011  -0.03453   4.97493
  -1.412   0.05981   0.01010  -0.03450   5.91887
  -1.327   0.06931   0.01010  -0.03447   6.86515
  -1.241   0.07883   0.01009  -0.03443   7.81358
  -1.156   0.08835   0.01008  -0.03440   8.76396
  -1.070   0.09789   0.01007  -0.03437   9.71611
  -0.985   0.10743   0.01007  -0.03434  10.66987
  -0.899   0.11697   0.01006  -0.03430  11.62519
  -0.814   0.12652   0.01006  -0.03426  12.58213
  -0.729   0.13606   0.01005  -0.03422  13.54097
  -0.643   0.14561   0.01004  -0.03418  14.50224
  -0.558   0.15516   0.01003  -0.03414  15.46677
  -0.472   0.16470   0.01002  -0.03409  16.43558
  -0.387   0.17424   0.01001  -0.03404  17.40961
  -0.302   0.18379   0.00999  -0.03398  18.38931
  -0.216   0.19335   0.00998  -0.03393  19.37405
  -0.131   0.20293   0.00997  -0.03387  20.36166
  -0.045   0.21253   0.00996  -0.03383  21.34841
   0.040   0.22217   0.00995  -0.03380  22.33063
   0.126   0.23186   0.00995  -0.03378  23.31087
   0.211   0.24154   0.00994  -0.03376  24.31132
   0.296   0.25108   0.00989  -0.03375  25.38808
   0.382   0.26032   0.00978  -0.03370  26.62085
   0.467   0.26915   0.00959  -0.03363  28.05855
   0.553   0.27768   0.00936  -0.03352  29.66840
   0.638   0.28614   0.00912  -0.03339  31.35820
   0.724   0.29474   0.00892  -0.03326  33.03907
   0.809   0.30357   0.00876  -0.03314  34.65194
   0.894   0.31265   0.00865  -0.03306  36.15920
   0.980   0.32193   0.00858  -0.03300  37.54279
   1.065   0.33135   0.00854  -0.03295  38.81000
   1.151   0.34087   0.00852  -0.03291  39.98683
   1.236   0.35044   0.00853  -0.03288  41.10292
   1.322   0.36004   0.00854  -0.03284  42.18213
   1.407   0.36965   0.00855  -0.03281  43.24064
   1.492   0.37927   0.00856  -0.03278  44.28862
   1.578   0.38887   0.00858  -0.03274  45.33224
   1.663   0.39846   0.00859  -0.03271  46.37523
   1.749   0.40801   0.00860  -0.03268  47.41999
   1.834   0.41752   0.00861  -0.03265  48.46837
   1.920   0.42698   0.00862  -0.03262  49.52235
   2.005   0.43637   0.00863  -0.03259  50.58491
   2.090   0.44570   0.00863  -0.03256  51.66102
   2.176   0.45495   0.00862  -0.03252  52.75898
   2.261   0.46413   0.00861  -0.03248  53.89186
   2.347   0.47324   0.00859  -0.03243  55.07824
   2.432   0.48230   0.00856  -0.03237  56.33999
   2.518   0.49128   0.00852  -0.03228  57.69457
   2.603   0.50015   0.00846  -0.03216  59.14397
   2.688   0.50880   0.00839  -0.03198  60.66870
   2.774   0.51711   0.00831  -0.03171  62.23137
   2.859   0.52502   0.00823  -0.03133  63.78600
   2.945   0.53260   0.00816  -0.03085  65.28909
   3.030   0.54012   0.00810  -0.03035  66.70948
   3.116   0.54796   0.00805  -0.02990  68.03260
   3.201   0.55636   0.00803  -0.02957  69.25768
   3.286   0.56539   0.00803  -0.02939  70.39256
   3.372   0.57495   0.00805  -0.02932  71.45053
   3.457   0.58490   0.00807  -0.02935  72.44834
   3.543   0.59511   0.00811  -0.02944  73.40411
   3.628   0.60551   0.00815  -0.02958  74.33502
   3.714   0.61608   0.00819  -0.02975  75.25569
   3.799   0.62683   0.00823  -0.02995  76.17730
   3.884   0.63776   0.00827  -0.03020  77.10731
   3.970   0.64891   0.00831  -0.03050  78.04949
   4.055   0.66028   0.00836  -0.03084  79.00411
   4.141   0.67185   0.00840  -0.03123  79.96829
   4.226   0.68360   0.00845  -0.03166  80.93653
   4.312   0.69547   0.00849  -0.03213  81.90154
   4.397   0.70738   0.00854  -0.03261  82.85522
   4.482   0.71928   0.00858  -0.03309  83.78966
   4.568   0.73107   0.00863  -0.03356  84.69811
   4.653   0.74269   0.00868  -0.03401  85.57558
   4.739   0.75410   0.00873  -0.03441  86.41909
   4.824   0.76524   0.00877  -0.03477  87.22767
   4.910   0.77610   0.00882  -0.03507  88.00198
   4.995   0.78667   0.00886  -0.03531  88.74395
   5.080   0.79696   0.00891  -0.03550  89.45630
   5.166   0.80698   0.00895  -0.03563  90.14211
   5.251   0.81675   0.00899  -0.03570  90.80453
   5.337   0.82629   0.00904  -0.03572  91.44655
   5.422   0.83564   0.00908  -0.03570  92.07088
   5.508   0.84481   0.00912  -0.03564  92.67986
   5.593   0.85383   0.00915  -0.03555  93.27546
   5.678   0.86274   0.00919  -0.03543  93.85928
   5.764   0.87155   0.00923  -0.03529  94.43256
   5.849   0.88029   0.00927  -0.03513  94.99623
   5.935   0.88898   0.00930  -0.03497  95.55092
   6.020   0.89764   0.00934  -0.03479  96.09698
   6.106   0.90627   0.00938  -0.03461  96.63453
   6.191   0.91490   0.00942  -0.03443  97.16347
   6.276   0.92354   0.00945  -0.03425  97.68351
   6.362   0.93218   0.00949  -0.03408  98.19418
   6.447   0.94083   0.00953  -0.03391  98.69489
   6.533   0.94951   0.00957  -0.03375  99.18494
   6.618   0.95820   0.00961  -0.03359  99.66357
   6.704   0.96691   0.00966  -0.03344  100.12997
   6.789   0.97564   0.00970  -0.03330  100.58333
   6.874   0.98438   0.00974  -0.03317  101.02288
   6.960   0.99315   0.00979  -0.03304  101.44794
   7.045   1.00192   0.00984  -0.03291  101.85792
   7.131   1.01071   0.00988  -0.03279  102.25239
   7.216   1.01951   0.00993  -0.03268  102.63111
   7.302   1.02831   0.00998  -0.03256  102.99403
   7.387   1.03712   0.01004  -0.03245  103.34133
   7.472   1.04594   0.01009  -0.03234  103.67342
   7.558   1.05477   0.01014  -0.03223  103.99086
   7.643   1.06360   0.01020  -0.03212  104.29436
   7.729   1.07243   0.01025  -0.03201  104.58467
   7.814   1.08128   0.01031  -0.03189  104.86241
   7.899   1.09012   0.01037  -0.03178  105.12799
   7.985   1.09898   0.01043  -0.03167  105.38130
   8.070   1.10783   0.01049  -0.03155  105.62158
   8.156   1.11668   0.01055  -0.03144  105.84706
   8.241   1.12552   0.01061  -0.03133  106.05463
   8.327   1.13435   0.01068  -0.03122  106.23936
   8.412   1.14317   0.01074  -0.03111  106.39384
   8.497   1.15196   0.01082  -0.03100  106.50714
   8.583   1.16071   0.01089  -0.03088  106.56356
   8.668   1.16941   0.01098  -0.03076  106.54110
   8.754   1.17802   0.01107  -0.03063  106.40993
   8.839   1.18650   0.01118  -0.03048  106.13137
   8.925   1.19480   0.01131  -0.03031  105.65802
   9.010   1.20286   0.01146  -0.03012  104.93590
   9.095   1.21059   0.01165  -0.02988  103.91012
   9.181   1.21791   0.01188  -0.02961  102.53514
   9.266   1.22477   0.01215  -0.02928  100.79033
   9.352   1.23114   0.01247  -0.02891  98.69869
   9.437   1.23707   0.01284  -0.02850  96.34225
   9.523   1.24268   0.01324  -0.02805  93.86277
   9.608   1.24816   0.01365  -0.02757  91.43748
   9.693   1.25375   0.01405  -0.02710  89.23308
   9.779   1.25963   0.01442  -0.02665  87.35949
   9.864   1.26591   0.01475  -0.02624  85.84847
   9.950   1.27260   0.01503  -0.02586  84.66488
  10.035   1.27963   0.01528  -0.02551  83.73742
  10.121   1.28689   0.01551  -0.02519  82.98918
  10.206   1.29429   0.01572  -0.02488  82.35630
  10.291   1.30176   0.01592  -0.02459  81.79379
  10.377   1.30925   0.01611  -0.02430  81.27336
  10.462   1.31673   0.01630  -0.02401  80.77846
  10.548   1.32419   0.01649  -0.02373  80.29960
  10.633   1.33160   0.01668  -0.02344  79.83100
  10.719   1.33896   0.01687  -0.02315  79.36868
  10.804   1.34625   0.01706  -0.02286  78.90947
  10.889   1.35347   0.01725  -0.02256  78.45067
  10.975   1.36062   0.01745  -0.02226  77.98989
  11.060   1.36768   0.01764  -0.02195  77.52515
  11.146   1.37464   0.01784  -0.02163  77.05479
  11.231   1.38150   0.01804  -0.02131  76.57757
  11.317   1.38825   0.01824  -0.02097  76.09254
  11.402   1.39489   0.01845  -0.02062  75.59905
  11.487   1.40140   0.01866  -0.02025  75.09669
  11.573   1.40778   0.01887  -0.01987  74.58516
  11.658   1.41401   0.01909  -0.01948  74.06426
  11.744   1.42010   0.01931  -0.01906  73.53382
  11.829   1.42603   0.01954  -0.01863  72.99362
  11.915   1.43179   0.01976  -0.01817  72.44340
  12.000   1.43737   0.02000  -0.01769  71.88280
