--------------------------------------------------------------
  XFOIL-like Polar Output (Generated by NeuralFoil)
--------------------------------------------------------------
  alpha     CL        CD       Cm        CL/CD
--------------------------------------------------------------
  -5.000  -0.07796   0.00816  -0.08177  -9.55425
  -4.915  -0.06832   0.00818  -0.08178  -8.35425
  -4.829  -0.05869   0.00820  -0.08179  -7.15561
  -4.744  -0.04904   0.00823  -0.08180  -5.96046
  -4.658  -0.03938   0.00825  -0.08181  -4.77014
  -4.573  -0.02969   0.00828  -0.08181  -3.58534
  -4.487  -0.01999   0.00831  -0.08182  -2.40636
  -4.402  -0.01028   0.00833  -0.08182  -1.23358
  -4.317  -0.00057   0.00836  -0.08181  -0.06793
  -4.231   0.00912   0.00838  -0.08180   1.08837
  -4.146   0.01877   0.00841  -0.08178   2.23105
  -4.060   0.02834   0.00845  -0.08175   3.35282
  -3.975   0.03780   0.00851  -0.08172   4.44239
  -3.889   0.04713   0.00859  -0.08168   5.48397
  -3.804   0.05630   0.00872  -0.08161   6.45868
  -3.719   0.06531   0.00889  -0.08152   7.35031
  -3.633   0.07415   0.00909  -0.08140   8.15374
  -3.548   0.08280   0.00933  -0.08125   8.87528
  -3.462   0.09125   0.00958  -0.08108   9.52148
  -3.377   0.09948   0.00986  -0.08090  10.09139
  -3.291   0.10749   0.01016  -0.08070  10.58494
  -3.206   0.11536   0.01047  -0.08049  11.02009
  -3.121   0.12321   0.01077  -0.08027  11.44337
  -3.035   0.13123   0.01101  -0.08008  11.91932
  -2.950   0.13954   0.01116  -0.07991  12.49930
  -2.864   0.14814   0.01123  -0.07976  13.19352
  -2.779   0.15694   0.01123  -0.07963  13.97235
  -2.693   0.16582   0.01121  -0.07950  14.79071
  -2.608   0.17470   0.01119  -0.07937  15.61069
  -2.523   0.18355   0.01119  -0.07924  16.41047
  -2.437   0.19238   0.01120  -0.07911  17.18331
  -2.352   0.20121   0.01122  -0.07899  17.93254
  -2.266   0.21006   0.01125  -0.07887  18.66607
  -2.181   0.21895   0.01129  -0.07876  19.39203
  -2.095   0.22788   0.01133  -0.07866  20.11648
  -2.010   0.23686   0.01136  -0.07857  20.84280
  -1.925   0.24589   0.01140  -0.07849  21.57218
  -1.839   0.25496   0.01143  -0.07841  22.30432
  -1.754   0.26405   0.01146  -0.07833  23.03824
  -1.668   0.27318   0.01149  -0.07826  23.77269
  -1.583   0.28232   0.01152  -0.07818  24.50646
  -1.497   0.29148   0.01155  -0.07812  25.23849
  -1.412   0.30066   0.01158  -0.07805  25.96789
  -1.327   0.30985   0.01161  -0.07798  26.69393
  -1.241   0.31904   0.01164  -0.07792  27.41602
  -1.156   0.32825   0.01167  -0.07785  28.13366
  -1.070   0.33746   0.01170  -0.07779  28.84643
  -0.985   0.34668   0.01173  -0.07773  29.55397
  -0.899   0.35590   0.01176  -0.07766  30.25598
  -0.814   0.36513   0.01180  -0.07760  30.95218
  -0.729   0.37435   0.01183  -0.07753  31.64231
  -0.643   0.38357   0.01187  -0.07747  32.32613
  -0.558   0.39279   0.01190  -0.07740  33.00346
  -0.472   0.40200   0.01194  -0.07733  33.67408
  -0.387   0.41121   0.01198  -0.07726  34.33782
  -0.302   0.42041   0.01201  -0.07719  34.99453
  -0.216   0.42960   0.01205  -0.07711  35.64403
  -0.131   0.43878   0.01209  -0.07704  36.28620
  -0.045   0.44795   0.01213  -0.07696  36.92089
   0.040   0.45711   0.01217  -0.07688  37.54797
   0.126   0.46625   0.01222  -0.07679  38.16731
   0.211   0.47539   0.01226  -0.07670  38.77877
   0.296   0.48450   0.01230  -0.07662  39.38223
   0.382   0.49361   0.01235  -0.07652  39.97753
   0.467   0.50270   0.01239  -0.07643  40.56453
   0.553   0.51177   0.01244  -0.07633  41.14307
   0.638   0.52082   0.01249  -0.07623  41.71297
   0.724   0.52986   0.01253  -0.07612  42.27404
   0.809   0.53887   0.01258  -0.07601  42.82610
   0.894   0.54787   0.01263  -0.07590  43.36893
   0.980   0.55684   0.01268  -0.07578  43.90232
   1.065   0.56580   0.01274  -0.07566  44.42605
   1.151   0.57472   0.01279  -0.07554  44.93989
   1.236   0.58363   0.01284  -0.07541  45.44362
   1.322   0.59250   0.01290  -0.07528  45.93704
   1.407   0.60135   0.01295  -0.07514  46.41993
   1.492   0.61018   0.01301  -0.07500  46.89213
   1.578   0.61897   0.01307  -0.07485  47.35346
   1.663   0.62773   0.01313  -0.07470  47.80379
   1.749   0.63646   0.01319  -0.07454  48.24302
   1.834   0.64516   0.01326  -0.07438  48.67106
   1.920   0.65382   0.01332  -0.07421  49.08787
   2.005   0.66244   0.01338  -0.07404  49.49343
   2.090   0.67103   0.01345  -0.07386  49.88776
   2.176   0.67959   0.01352  -0.07368  50.27092
   2.261   0.68810   0.01359  -0.07349  50.64297
   2.347   0.69657   0.01366  -0.07330  51.00404
   2.432   0.70500   0.01373  -0.07310  51.35425
   2.518   0.71339   0.01380  -0.07289  51.69376
   2.603   0.72174   0.01387  -0.07268  52.02276
   2.688   0.73004   0.01395  -0.07247  52.34147
   2.774   0.73830   0.01402  -0.07225  52.65012
   2.859   0.74652   0.01410  -0.07202  52.94898
   2.945   0.75469   0.01418  -0.07179  53.23832
   3.030   0.76282   0.01425  -0.07155  53.51845
   3.116   0.77090   0.01433  -0.07131  53.78970
   3.201   0.77894   0.01441  -0.07107  54.05239
   3.286   0.78694   0.01449  -0.07081  54.30686
   3.372   0.79490   0.01457  -0.07056  54.55345
   3.457   0.80281   0.01465  -0.07030  54.79246
   3.543   0.81068   0.01473  -0.07003  55.02419
   3.628   0.81850   0.01481  -0.06977  55.24886
   3.714   0.82629   0.01490  -0.06949  55.46667
   3.799   0.83404   0.01498  -0.06922  55.67772
   3.884   0.84175   0.01506  -0.06894  55.88204
   3.970   0.84942   0.01515  -0.06865  56.07959
   4.055   0.85705   0.01523  -0.06836  56.27023
   4.141   0.86464   0.01532  -0.06807  56.45375
   4.226   0.87218   0.01540  -0.06777  56.62988
   4.312   0.87969   0.01549  -0.06746  56.79828
   4.397   0.88716   0.01558  -0.06716  56.95859
   4.482   0.89458   0.01566  -0.06684  57.11042
   4.568   0.90196   0.01575  -0.06652  57.25336
   4.653   0.90929   0.01584  -0.06619  57.38699
   4.739   0.91658   0.01594  -0.06586  57.51089
   4.824   0.92380   0.01603  -0.06551  57.62463
   4.910   0.93097   0.01613  -0.06516  57.72779
   4.995   0.93808   0.01622  -0.06480  57.81993
   5.080   0.94511   0.01632  -0.06443  57.90065
   5.166   0.95207   0.01642  -0.06404  57.96956
   5.251   0.95894   0.01653  -0.06365  58.02638
   5.337   0.96573   0.01663  -0.06325  58.07090
   5.422   0.97243   0.01674  -0.06283  58.10309
   5.508   0.97904   0.01684  -0.06240  58.12306
   5.593   0.98556   0.01695  -0.06196  58.13108
   5.678   0.99198   0.01707  -0.06151  58.12756
   5.764   0.99833   0.01718  -0.06105  58.11302
   5.849   1.00459   0.01729  -0.06058  58.08800
   5.935   1.01079   0.01741  -0.06010  58.05308
   6.020   1.01692   0.01753  -0.05961  58.00878
   6.106   1.02300   0.01765  -0.05911  57.95562
   6.191   1.02903   0.01777  -0.05861  57.89403
   6.276   1.03503   0.01790  -0.05811  57.82439
   6.362   1.04100   0.01803  -0.05760  57.74703
   6.447   1.04696   0.01816  -0.05709  57.66219
   6.533   1.05291   0.01829  -0.05659  57.57007
   6.618   1.05887   0.01842  -0.05609  57.47079
   6.704   1.06485   0.01856  -0.05559  57.36439
   6.789   1.07086   0.01870  -0.05511  57.25083
   6.874   1.07691   0.01885  -0.05463  57.12997
   6.960   1.08301   0.01900  -0.05417  57.00163
   7.045   1.08917   0.01915  -0.05373  56.86557
   7.131   1.09538   0.01931  -0.05330  56.72158
   7.216   1.10165   0.01947  -0.05289  56.56960
   7.302   1.10797   0.01964  -0.05249  56.40991
   7.387   1.11433   0.01981  -0.05211  56.24344
   7.472   1.12070   0.01999  -0.05174  56.07213
   7.558   1.12706   0.02016  -0.05138  55.89961
   7.643   1.13338   0.02034  -0.05101  55.73193
   7.729   1.13962   0.02050  -0.05062  55.57858
   7.814   1.14576   0.02066  -0.05021  55.45347
   7.899   1.15179   0.02080  -0.04977  55.37519
   7.985   1.15772   0.02091  -0.04929  55.36500
   8.070   1.16359   0.02099  -0.04878  55.44113
   8.156   1.16945   0.02103  -0.04826  55.60944
   8.241   1.17537   0.02104  -0.04774  55.85454
   8.327   1.18142   0.02105  -0.04724  56.13769
   8.412   1.18764   0.02106  -0.04679  56.40507
   8.497   1.19404   0.02109  -0.04640  56.60341
   8.583   1.20061   0.02118  -0.04608  56.69549
   8.668   1.20728   0.02130  -0.04581  56.66800
   8.754   1.21401   0.02148  -0.04558  56.52971
   8.839   1.22071   0.02168  -0.04538  56.30306
   8.925   1.22734   0.02191  -0.04517  56.01478
   9.010   1.23386   0.02216  -0.04495  55.68925
   9.095   1.24027   0.02241  -0.04472  55.34532
   9.181   1.24657   0.02267  -0.04446  54.99582
   9.266   1.25277   0.02292  -0.04418  54.64837
   9.352   1.25889   0.02318  -0.04389  54.30674
   9.437   1.26493   0.02344  -0.04358  53.97216
   9.523   1.27092   0.02369  -0.04327  53.64437
   9.608   1.27686   0.02395  -0.04294  53.32236
   9.693   1.28276   0.02420  -0.04261  53.00492
   9.779   1.28862   0.02446  -0.04227  52.69088
   9.864   1.29446   0.02471  -0.04193  52.37925
   9.950   1.30026   0.02497  -0.04158  52.06926
  10.035   1.30604   0.02523  -0.04123  51.76038
  10.121   1.31180   0.02550  -0.04088  51.45226
  10.206   1.31753   0.02576  -0.04052  51.14467
  10.291   1.32324   0.02603  -0.04017  50.83749
  10.377   1.32893   0.02630  -0.03981  50.53065
  10.462   1.33460   0.02657  -0.03944  50.22415
  10.548   1.34024   0.02685  -0.03908  49.91795
  10.633   1.34586   0.02713  -0.03871  49.61206
  10.719   1.35146   0.02741  -0.03833  49.30646
  10.804   1.35703   0.02769  -0.03796  49.00110
  10.889   1.36258   0.02798  -0.03758  48.69595
  10.975   1.36810   0.02827  -0.03720  48.39095
  11.060   1.37360   0.02857  -0.03681  48.08603
  11.146   1.37906   0.02886  -0.03642  47.78113
  11.231   1.38450   0.02916  -0.03603  47.47619
  11.317   1.38990   0.02947  -0.03564  47.17115
  11.402   1.39527   0.02977  -0.03524  46.86596
  11.487   1.40061   0.03008  -0.03484  46.56063
  11.573   1.40591   0.03039  -0.03444  46.25516
  11.658   1.41118   0.03071  -0.03404  45.94959
  11.744   1.41641   0.03103  -0.03363  45.64403
  11.829   1.42160   0.03136  -0.03322  45.33858
  11.915   1.42676   0.03168  -0.03282  45.03344
  12.000   1.43188   0.03201  -0.03240  44.72881
