--------------------------------------------------------------
  XFOIL-like Polar Output (Generated by NeuralFoil)
--------------------------------------------------------------
  alpha     CL        CD       Cm        CL/CD
--------------------------------------------------------------
  -5.000  -0.40635   0.00955  -0.03543  -42.56876
  -4.915  -0.39320   0.00945  -0.03619  -41.59332
  -4.829  -0.38000   0.00936  -0.03695  -40.59908
  -4.744  -0.36678   0.00926  -0.03772  -39.58725
  -4.658  -0.35354   0.00917  -0.03849  -38.55964
  -4.573  -0.34034   0.00907  -0.03926  -37.51864
  -4.487  -0.32721   0.00897  -0.04001  -36.46729
  -4.402  -0.31419   0.00887  -0.04073  -35.40919
  -4.317  -0.30131   0.00877  -0.04143  -34.34839
  -4.231  -0.28864   0.00867  -0.04208  -33.28914
  -4.146  -0.27620   0.00857  -0.04268  -32.23562
  -4.060  -0.26404   0.00847  -0.04321  -31.19163
  -3.975  -0.25220   0.00836  -0.04368  -30.16022
  -3.889  -0.24069   0.00826  -0.04407  -29.14346
  -3.804  -0.22952   0.00816  -0.04439  -28.14219
  -3.719  -0.21870   0.00805  -0.04463  -27.15604
  -3.633  -0.20821   0.00795  -0.04479  -26.18341
  -3.548  -0.19801   0.00785  -0.04490  -25.22148
  -3.462  -0.18808   0.00775  -0.04494  -24.26608
  -3.377  -0.17836   0.00765  -0.04494  -23.31179
  -3.291  -0.16879   0.00755  -0.04490  -22.35291
  -3.206  -0.15932   0.00745  -0.04485  -21.38544
  -3.121  -0.14990   0.00734  -0.04478  -20.40918
  -3.035  -0.14052   0.00723  -0.04471  -19.42729
  -2.950  -0.13114   0.00711  -0.04465  -18.44288
  -2.864  -0.12174   0.00697  -0.04461  -17.45664
  -2.779  -0.11233   0.00682  -0.04458  -16.46812
  -2.693  -0.10296   0.00665  -0.04456  -15.47328
  -2.608  -0.09368   0.00648  -0.04456  -14.45370
  -2.523  -0.08449   0.00631  -0.04455  -13.38027
  -2.437  -0.07545   0.00617  -0.04451  -12.23455
  -2.352  -0.06663   0.00605  -0.04440  -11.01835
  -2.266  -0.05806   0.00596  -0.04420  -9.74571
  -2.181  -0.04971   0.00590  -0.04390  -8.42963
  -2.095  -0.04147   0.00586  -0.04356  -7.07383
  -2.010  -0.03319   0.00585  -0.04322  -5.67586
  -1.925  -0.02478   0.00585  -0.04290  -4.23609
  -1.839  -0.01617   0.00586  -0.04264  -2.76106
  -1.754  -0.00739   0.00587  -0.04242  -1.26017
  -1.668   0.00152   0.00588  -0.04225   0.25859
  -1.583   0.01053   0.00588  -0.04210   1.79033
  -1.497   0.01960   0.00588  -0.04197   3.33287
  -1.412   0.02869   0.00587  -0.04185   4.88542
  -1.327   0.03780   0.00586  -0.04174   6.44764
  -1.241   0.04689   0.00585  -0.04164   8.01900
  -1.156   0.05596   0.00583  -0.04153   9.59877
  -1.070   0.06499   0.00581  -0.04143  11.18607
  -0.985   0.07400   0.00579  -0.04132  12.78020
  -0.899   0.08298   0.00577  -0.04121  14.38075
  -0.814   0.09196   0.00575  -0.04110  15.98743
  -0.729   0.10093   0.00573  -0.04098  17.59974
  -0.643   0.10992   0.00572  -0.04085  19.21661
  -0.558   0.11893   0.00571  -0.04072  20.83590
  -0.472   0.12798   0.00570  -0.04059  22.45374
  -0.387   0.13707   0.00570  -0.04046  24.06401
  -0.302   0.14621   0.00570  -0.04032  25.65853
  -0.216   0.15540   0.00571  -0.04020  27.22818
  -0.131   0.16463   0.00572  -0.04007  28.76472
  -0.045   0.17390   0.00575  -0.03995  30.26228
   0.040   0.18318   0.00578  -0.03983  31.71793
   0.126   0.19247   0.00581  -0.03971  33.13141
   0.211   0.20177   0.00585  -0.03959  34.50442
   0.296   0.21107   0.00589  -0.03947  35.83980
   0.382   0.22036   0.00593  -0.03936  37.14087
   0.467   0.22966   0.00598  -0.03924  38.41088
   0.553   0.23894   0.00603  -0.03913  39.65266
   0.638   0.24822   0.00607  -0.03902  40.86843
   0.724   0.25750   0.00612  -0.03891  42.05982
   0.809   0.26678   0.00617  -0.03880  43.22806
   0.894   0.27605   0.00622  -0.03870  44.37413
   0.980   0.28533   0.00627  -0.03859  45.49901
   1.065   0.29461   0.00632  -0.03850  46.60380
   1.151   0.30390   0.00637  -0.03840  47.68996
   1.236   0.31320   0.00642  -0.03831  48.75940
   1.322   0.32251   0.00647  -0.03823  49.81456
   1.407   0.33184   0.00652  -0.03815  50.85821
   1.492   0.34118   0.00657  -0.03807  51.89322
   1.578   0.35054   0.00662  -0.03801  52.92209
   1.663   0.35993   0.00667  -0.03795  53.94661
   1.749   0.36934   0.00672  -0.03789  54.96766
   1.834   0.37877   0.00677  -0.03784  55.98527
   1.920   0.38822   0.00681  -0.03779  56.99901
   2.005   0.39767   0.00686  -0.03774  58.00828
   2.090   0.40713   0.00690  -0.03770  59.01257
   2.176   0.41658   0.00694  -0.03766  60.01142
   2.261   0.42603   0.00698  -0.03761  61.00436
   2.347   0.43546   0.00702  -0.03757  61.99086
   2.432   0.44490   0.00707  -0.03753  62.97033
   2.518   0.45432   0.00711  -0.03749  63.94219
   2.603   0.46375   0.00714  -0.03745  64.90592
   2.688   0.47318   0.00718  -0.03741  65.86110
   2.774   0.48261   0.00722  -0.03737  66.80743
   2.859   0.49205   0.00726  -0.03733  67.74482
   2.945   0.50149   0.00730  -0.03730  68.67337
   3.030   0.51093   0.00734  -0.03726  69.59336
   3.116   0.52038   0.00738  -0.03723  70.50502
   3.201   0.52982   0.00742  -0.03719  71.40839
   3.286   0.53925   0.00746  -0.03715  72.30320
   3.372   0.54868   0.00750  -0.03711  73.18890
   3.457   0.55809   0.00754  -0.03706  74.06490
   3.543   0.56747   0.00757  -0.03701  74.93076
   3.628   0.57683   0.00761  -0.03695  75.78639
   3.714   0.58615   0.00765  -0.03689  76.63207
   3.799   0.59544   0.00769  -0.03682  77.46822
   3.884   0.60470   0.00772  -0.03675  78.29514
   3.970   0.61390   0.00776  -0.03666  79.11282
   4.055   0.62307   0.00780  -0.03656  79.92088
   4.141   0.63218   0.00783  -0.03646  80.71855
   4.226   0.64125   0.00787  -0.03634  81.50483
   4.312   0.65026   0.00790  -0.03621  82.27851
   4.397   0.65923   0.00794  -0.03607  83.03819
   4.482   0.66814   0.00797  -0.03593  83.78227
   4.568   0.67701   0.00801  -0.03577  84.50900
   4.653   0.68585   0.00805  -0.03561  85.21655
   4.739   0.69465   0.00809  -0.03544  85.90306
   4.824   0.70342   0.00813  -0.03527  86.56686
   4.910   0.71219   0.00817  -0.03509  87.20660
   4.995   0.72097   0.00821  -0.03492  87.82151
   5.080   0.72977   0.00825  -0.03476  88.41169
   5.166   0.73861   0.00830  -0.03461  88.97822
   5.251   0.74752   0.00835  -0.03447  89.52322
   5.337   0.75652   0.00840  -0.03435  90.04922
   5.422   0.76564   0.00845  -0.03425  90.55809
   5.508   0.77488   0.00851  -0.03418  91.04969
   5.593   0.78426   0.00857  -0.03414  91.52142
   5.678   0.79375   0.00863  -0.03412  91.96925
   5.764   0.80335   0.00870  -0.03414  92.38999
   5.849   0.81305   0.00876  -0.03418  92.78307
   5.935   0.82282   0.00883  -0.03425  93.15025
   6.020   0.83264   0.00891  -0.03433  93.49307
   6.106   0.84251   0.00898  -0.03443  93.80935
   6.191   0.85238   0.00906  -0.03453  94.09135
   6.276   0.86223   0.00914  -0.03463  94.32661
   6.362   0.87201   0.00923  -0.03473  94.50113
   6.447   0.88170   0.00932  -0.03481  94.60261
   6.533   0.89127   0.00942  -0.03488  94.62264
   6.618   0.90069   0.00953  -0.03492  94.55743
   6.704   0.90996   0.00964  -0.03494  94.40748
   6.789   0.91907   0.00976  -0.03493  94.17680
   6.874   0.92803   0.00989  -0.03489  93.87238
   6.960   0.93684   0.01002  -0.03483  93.50354
   7.045   0.94554   0.01016  -0.03475  93.08077
   7.131   0.95413   0.01030  -0.03465  92.61424
   7.216   0.96265   0.01045  -0.03453  92.11293
   7.302   0.97111   0.01060  -0.03439  91.58529
   7.387   0.97952   0.01076  -0.03424  91.04067
   7.472   0.98791   0.01092  -0.03409  90.49036
   7.558   0.99629   0.01108  -0.03392  89.94739
   7.643   1.00467   0.01123  -0.03375  89.42482
   7.729   1.01305   0.01139  -0.03358  88.93324
   7.814   1.02144   0.01154  -0.03341  88.47830
   7.899   1.02982   0.01169  -0.03324  88.05975
   7.985   1.03820   0.01184  -0.03307  87.67239
   8.070   1.04656   0.01199  -0.03290  87.30848
   8.156   1.05490   0.01213  -0.03274  86.96024
   8.241   1.06321   0.01227  -0.03257  86.62160
   8.327   1.07151   0.01242  -0.03240  86.28877
   8.412   1.07980   0.01256  -0.03223  85.96011
   8.497   1.08807   0.01271  -0.03206  85.63552
   8.583   1.09634   0.01285  -0.03189  85.31583
   8.668   1.10460   0.01299  -0.03171  85.00217
   8.754   1.11286   0.01314  -0.03154  84.69556
   8.839   1.12112   0.01328  -0.03136  84.39657
   8.925   1.12938   0.01343  -0.03118  84.10526
   9.010   1.13763   0.01357  -0.03100  83.82112
   9.095   1.14587   0.01372  -0.03081  83.54318
   9.181   1.15409   0.01386  -0.03063  83.27014
   9.266   1.16230   0.01400  -0.03044  83.00054
   9.352   1.17049   0.01415  -0.03024  82.73285
   9.437   1.17865   0.01429  -0.03005  82.46556
   9.523   1.18678   0.01444  -0.02985  82.19732
   9.608   1.19489   0.01458  -0.02964  81.92690
   9.693   1.20296   0.01473  -0.02943  81.65324
   9.779   1.21100   0.01488  -0.02922  81.37545
   9.864   1.21900   0.01503  -0.02900  81.09282
   9.950   1.22696   0.01518  -0.02877  80.80477
  10.035   1.23488   0.01534  -0.02854  80.51087
  10.121   1.24275   0.01549  -0.02831  80.21079
  10.206   1.25058   0.01565  -0.02806  79.90430
  10.291   1.25836   0.01581  -0.02782  79.59127
  10.377   1.26609   0.01597  -0.02756  79.27161
  10.462   1.27377   0.01613  -0.02730  78.94530
  10.548   1.28140   0.01630  -0.02703  78.61234
  10.633   1.28897   0.01647  -0.02676  78.27276
  10.719   1.29648   0.01664  -0.02648  77.92662
  10.804   1.30392   0.01681  -0.02619  77.57394
  10.889   1.31131   0.01698  -0.02590  77.21479
  10.975   1.31863   0.01716  -0.02560  76.84919
  11.060   1.32587   0.01734  -0.02529  76.47716
  11.146   1.33304   0.01752  -0.02497  76.09867
  11.231   1.34014   0.01770  -0.02464  75.71371
  11.317   1.34715   0.01789  -0.02430  75.32219
  11.402   1.35408   0.01807  -0.02396  74.92402
  11.487   1.36092   0.01826  -0.02360  74.51906
  11.573   1.36766   0.01846  -0.02323  74.10711
  11.658   1.37429   0.01865  -0.02285  73.68798
  11.744   1.38082   0.01885  -0.02245  73.26137
  11.829   1.38724   0.01905  -0.02204  72.82698
  11.915   1.39353   0.01925  -0.02162  72.38444
  12.000   1.39969   0.01946  -0.02118  71.93334
