--------------------------------------------------------------
  XFOIL-like Polar Output (Generated by NeuralFoil)
--------------------------------------------------------------
  alpha     CL        CD       Cm        CL/CD
--------------------------------------------------------------
  -5.000  -0.51715   0.01174  -0.03582  -44.03535
  -4.915  -0.50779   0.01166  -0.03575  -43.56737
  -4.829  -0.49842   0.01157  -0.03569  -43.08489
  -4.744  -0.48903   0.01148  -0.03563  -42.58838
  -4.658  -0.47962   0.01140  -0.03557  -42.07826
  -4.573  -0.47020   0.01132  -0.03551  -41.55484
  -4.487  -0.46078   0.01123  -0.03545  -41.01829
  -4.402  -0.45134   0.01115  -0.03540  -40.46871
  -4.317  -0.44189   0.01107  -0.03534  -39.90611
  -4.231  -0.43243   0.01099  -0.03529  -39.33045
  -4.146  -0.42297   0.01092  -0.03523  -38.74168
  -4.060  -0.41349   0.01084  -0.03518  -38.13971
  -3.975  -0.40400   0.01077  -0.03513  -37.52448
  -3.889  -0.39451   0.01069  -0.03508  -36.89589
  -3.804  -0.38501   0.01062  -0.03502  -36.25387
  -3.719  -0.37550   0.01055  -0.03497  -35.59833
  -3.633  -0.36599   0.01048  -0.03492  -34.92920
  -3.548  -0.35647   0.01041  -0.03487  -34.24639
  -3.462  -0.34694   0.01034  -0.03482  -33.54987
  -3.377  -0.33741   0.01027  -0.03478  -32.83960
  -3.291  -0.32788   0.01021  -0.03473  -32.11558
  -3.206  -0.31834   0.01015  -0.03469  -31.37784
  -3.121  -0.30880   0.01008  -0.03464  -30.62642
  -3.035  -0.29925   0.01002  -0.03460  -29.86138
  -2.950  -0.28970   0.00996  -0.03456  -29.08281
  -2.864  -0.28015   0.00990  -0.03452  -28.29083
  -2.779  -0.27060   0.00985  -0.03448  -27.48555
  -2.693  -0.26104   0.00979  -0.03445  -26.66712
  -2.608  -0.25148   0.00973  -0.03441  -25.83569
  -2.523  -0.24192   0.00968  -0.03438  -24.99142
  -2.437  -0.23236   0.00963  -0.03434  -24.13452
  -2.352  -0.22280   0.00958  -0.03431  -23.26518
  -2.266  -0.21323   0.00953  -0.03428  -22.38362
  -2.181  -0.20367   0.00948  -0.03425  -21.49009
  -2.095  -0.19410   0.00943  -0.03422  -20.58482
  -2.010  -0.18453   0.00938  -0.03420  -19.66806
  -1.925  -0.17497   0.00934  -0.03417  -18.74009
  -1.839  -0.16540   0.00929  -0.03414  -17.80114
  -1.754  -0.15583   0.00925  -0.03412  -16.85149
  -1.668  -0.14627   0.00920  -0.03409  -15.89137
  -1.583  -0.13670   0.00916  -0.03406  -14.92103
  -1.497  -0.12713   0.00912  -0.03404  -13.94069
  -1.412  -0.11757   0.00908  -0.03401  -12.95056
  -1.327  -0.10801   0.00904  -0.03399  -11.95081
  -1.241  -0.09845   0.00900  -0.03396  -10.94163
  -1.156  -0.08889   0.00896  -0.03394  -9.92313
  -1.070  -0.07934   0.00892  -0.03391  -8.89544
  -0.985  -0.06979   0.00888  -0.03388  -7.85863
  -0.899  -0.06024   0.00884  -0.03385  -6.81276
  -0.814  -0.05069   0.00880  -0.03382  -5.75785
  -0.729  -0.04115   0.00877  -0.03379  -4.69390
  -0.643  -0.03161   0.00873  -0.03376  -3.62092
  -0.558  -0.02207   0.00869  -0.03373  -2.53893
  -0.472  -0.01253   0.00866  -0.03369  -1.44800
  -0.387  -0.00300   0.00862  -0.03365  -0.34829
  -0.302   0.00652   0.00859  -0.03361   0.75988
  -0.216   0.01604   0.00855  -0.03357   1.87598
  -0.131   0.02555   0.00852  -0.03353   2.99920
  -0.045   0.03505   0.00849  -0.03349   4.12835
   0.040   0.04453   0.00846  -0.03344   5.26188
   0.126   0.05400   0.00844  -0.03339   6.39781
   0.211   0.06344   0.00842  -0.03333   7.53383
   0.296   0.07285   0.00841  -0.03328   8.66740
   0.382   0.08224   0.00840  -0.03321   9.79598
   0.467   0.09161   0.00839  -0.03315  10.91720
   0.553   0.10097   0.00839  -0.03308  12.02911
   0.638   0.11032   0.00840  -0.03300  13.13034
   0.724   0.11966   0.00842  -0.03293  14.22022
   0.809   0.12902   0.00843  -0.03285  15.29872
   0.894   0.13838   0.00846  -0.03277  16.36634
   0.980   0.14776   0.00848  -0.03270  17.42395
   1.065   0.15716   0.00851  -0.03263  18.47255
   1.151   0.16658   0.00854  -0.03256  19.51311
   1.236   0.17602   0.00857  -0.03249  20.54650
   1.322   0.18547   0.00860  -0.03243  21.57347
   1.407   0.19494   0.00863  -0.03238  22.59464
   1.492   0.20443   0.00866  -0.03232  23.61061
   1.578   0.21393   0.00869  -0.03227  24.62201
   1.663   0.22344   0.00872  -0.03223  25.62952
   1.749   0.23296   0.00875  -0.03219  26.63390
   1.834   0.24248   0.00877  -0.03215  27.63601
   1.920   0.25202   0.00880  -0.03211  28.63675
   2.005   0.26156   0.00883  -0.03208  29.63708
   2.090   0.27112   0.00885  -0.03205  30.63793
   2.176   0.28068   0.00887  -0.03203  31.64015
   2.261   0.29025   0.00889  -0.03201  32.64451
   2.347   0.29983   0.00891  -0.03199  33.65160
   2.432   0.30942   0.00893  -0.03198  34.66181
   2.518   0.31903   0.00894  -0.03197  35.67528
   2.603   0.32866   0.00896  -0.03197  36.69183
   2.688   0.33830   0.00897  -0.03197  37.71089
   2.774   0.34795   0.00898  -0.03198  38.73145
   2.859   0.35760   0.00900  -0.03198  39.75188
   2.945   0.36725   0.00901  -0.03199  40.76990
   3.030   0.37688   0.00902  -0.03200  41.78254
   3.116   0.38648   0.00903  -0.03201  42.78616
   3.201   0.39603   0.00905  -0.03202  43.77679
   3.286   0.40552   0.00906  -0.03201  44.75047
   3.372   0.41495   0.00908  -0.03201  45.70387
   3.457   0.42431   0.00910  -0.03199  46.63454
   3.543   0.43363   0.00912  -0.03198  47.54104
   3.628   0.44292   0.00915  -0.03197  48.42385
   3.714   0.45223   0.00917  -0.03197  49.28987
   3.799   0.46158   0.00920  -0.03201  50.16400
   3.884   0.47098   0.00922  -0.03207  51.10809
   3.970   0.48040   0.00920  -0.03215  52.24206
   4.055   0.48972   0.00911  -0.03222  53.76407
   4.141   0.49869   0.00891  -0.03218  55.96406
   4.226   0.50692   0.00857  -0.03191  59.12821
   4.312   0.51398   0.00814  -0.03130  63.11990
   4.397   0.51971   0.00775  -0.03042  67.03594
   4.482   0.52472   0.00750  -0.02942  69.98361
   4.568   0.53024   0.00737  -0.02851  71.94859
   4.653   0.53706   0.00732  -0.02783  73.32626
   4.739   0.54505   0.00733  -0.02738  74.40409
   4.824   0.55370   0.00735  -0.02705  75.32842
   4.910   0.56263   0.00739  -0.02679  76.17391
   4.995   0.57162   0.00743  -0.02655  76.98073
   5.080   0.58063   0.00747  -0.02632  77.77012
   5.166   0.58962   0.00751  -0.02611  78.55232
   5.251   0.59862   0.00755  -0.02590  79.33159
   5.337   0.60765   0.00759  -0.02571  80.10928
   5.422   0.61675   0.00762  -0.02555  80.88575
   5.508   0.62595   0.00767  -0.02542  81.66138
   5.593   0.63530   0.00771  -0.02534  82.43699
   5.678   0.64484   0.00775  -0.02531  83.21389
   5.764   0.65461   0.00779  -0.02533  83.99363
   5.849   0.66464   0.00784  -0.02543  84.77777
   5.935   0.67495   0.00789  -0.02559  85.56755
   6.020   0.68555   0.00794  -0.02582  86.36370
   6.106   0.69643   0.00799  -0.02612  87.16644
   6.191   0.70756   0.00804  -0.02648  87.97549
   6.276   0.71892   0.00810  -0.02689  88.79023
   6.362   0.73048   0.00815  -0.02735  89.60989
   6.447   0.74219   0.00821  -0.02785  90.43368
   6.533   0.75404   0.00826  -0.02838  91.26092
   6.618   0.76599   0.00832  -0.02894  92.09110
   6.704   0.77802   0.00837  -0.02952  92.92386
   6.789   0.79010   0.00843  -0.03011  93.75900
   6.874   0.80224   0.00848  -0.03072  94.59636
   6.960   0.81442   0.00853  -0.03133  95.43579
   7.045   0.82663   0.00859  -0.03196  96.27704
   7.131   0.83887   0.00864  -0.03259  97.11969
   7.216   0.85114   0.00869  -0.03323  97.96309
   7.302   0.86342   0.00874  -0.03388  98.80629
   7.387   0.87571   0.00879  -0.03452  99.64802
   7.472   0.88800   0.00884  -0.03517  100.48669
   7.558   0.90028   0.00889  -0.03582  101.32043
   7.643   0.91253   0.00893  -0.03647  102.14711
   7.729   0.92474   0.00898  -0.03710  102.96448
   7.814   0.93687   0.00903  -0.03772  103.77018
   7.899   0.94892   0.00908  -0.03833  104.56191
   7.985   0.96086   0.00912  -0.03891  105.33747
   8.070   0.97267   0.00917  -0.03947  106.09489
   8.156   0.98433   0.00921  -0.03999  106.83246
   8.241   0.99582   0.00926  -0.04049  107.54876
   8.327   1.00713   0.00930  -0.04094  108.24268
   8.412   1.01826   0.00935  -0.04136  108.91343
   8.497   1.02918   0.00939  -0.04174  109.56045
   8.583   1.03991   0.00944  -0.04207  110.18342
   8.668   1.05043   0.00948  -0.04236  110.78215
   8.754   1.06075   0.00953  -0.04261  111.35659
   8.839   1.07087   0.00957  -0.04282  111.90673
   8.925   1.08079   0.00961  -0.04299  112.43261
   9.010   1.09053   0.00966  -0.04312  112.93423
   9.095   1.10008   0.00970  -0.04321  113.41159
   9.181   1.10946   0.00974  -0.04327  113.86463
   9.266   1.11866   0.00979  -0.04328  114.29323
   9.352   1.12770   0.00983  -0.04327  114.69713
   9.437   1.13658   0.00988  -0.04322  115.07586
   9.523   1.14531   0.00992  -0.04313  115.42858
   9.608   1.15389   0.00997  -0.04302  115.75378
   9.693   1.16232   0.01002  -0.04287  116.04890
   9.779   1.17061   0.01006  -0.04270  116.30967
   9.864   1.17875   0.01012  -0.04249  116.52918
   9.950   1.18674   0.01017  -0.04225  116.69654
  10.035   1.19456   0.01023  -0.04197  116.79502
  10.121   1.20218   0.01029  -0.04166  116.79960
  10.206   1.20957   0.01037  -0.04130  116.67393
  10.291   1.21669   0.01046  -0.04090  116.36682
  10.377   1.22344   0.01056  -0.04044  115.80847
  10.462   1.22975   0.01070  -0.03992  114.90737
  10.548   1.23549   0.01088  -0.03933  113.55102
  10.633   1.24051   0.01111  -0.03866  111.61937
  10.719   1.24469   0.01142  -0.03789  109.02468
  10.804   1.24792   0.01180  -0.03702  105.77777
  10.889   1.25023   0.01225  -0.03606  102.04059
  10.975   1.25181   0.01276  -0.03502  98.10412
  11.060   1.25295   0.01329  -0.03392  94.28977
  11.146   1.25406   0.01380  -0.03281  90.85130
  11.231   1.25550   0.01428  -0.03171  87.93482
  11.317   1.25757   0.01469  -0.03067  85.58432
  11.402   1.26038   0.01505  -0.02970  83.76395
  11.487   1.26392   0.01534  -0.02880  82.38610
  11.573   1.26807   0.01559  -0.02796  81.34191
  11.658   1.27265   0.01580  -0.02717  80.52718
  11.744   1.27752   0.01600  -0.02642  79.85782
  11.829   1.28257   0.01618  -0.02571  79.27414
  11.915   1.28772   0.01635  -0.02501  78.73783
  12.000   1.29293   0.01653  -0.02434  78.22592
