--------------------------------------------------------------
  XFOIL-like Polar Output (Generated by NeuralFoil)
--------------------------------------------------------------
  alpha     CL        CD       Cm        CL/CD
--------------------------------------------------------------
  -5.000  -0.30264   0.01123  -0.08125  -26.95904
  -4.915  -0.29308   0.01114  -0.08122  -26.30551
  -4.829  -0.28352   0.01106  -0.08120  -25.63807
  -4.744  -0.27396   0.01098  -0.08117  -24.95683
  -4.658  -0.26438   0.01090  -0.08115  -24.26185
  -4.573  -0.25480   0.01082  -0.08113  -23.55309
  -4.487  -0.24520   0.01074  -0.08111  -22.83048
  -4.402  -0.23560   0.01066  -0.08109  -22.09395
  -4.317  -0.22599   0.01059  -0.08107  -21.34343
  -4.231  -0.21636   0.01051  -0.08105  -20.57887
  -4.146  -0.20673   0.01044  -0.08103  -19.80026
  -4.060  -0.19709   0.01037  -0.08101  -19.00761
  -3.975  -0.18744   0.01030  -0.08099  -18.20099
  -3.889  -0.17778   0.01023  -0.08098  -17.38045
  -3.804  -0.16811   0.01016  -0.08096  -16.54610
  -3.719  -0.15845   0.01009  -0.08095  -15.69801
  -3.633  -0.14877   0.01003  -0.08093  -14.83631
  -3.548  -0.13910   0.00996  -0.08092  -13.96108
  -3.462  -0.12942   0.00990  -0.08091  -13.07244
  -3.377  -0.11973   0.00984  -0.08090  -12.17050
  -3.291  -0.11004   0.00978  -0.08090  -11.25538
  -3.206  -0.10035   0.00972  -0.08089  -10.32721
  -3.121  -0.09066   0.00966  -0.08089  -9.38611
  -3.035  -0.08097   0.00960  -0.08088  -8.43225
  -2.950  -0.07127   0.00955  -0.08088  -7.46576
  -2.864  -0.06157   0.00949  -0.08088  -6.48682
  -2.779  -0.05186   0.00944  -0.08088  -5.49558
  -2.693  -0.04216   0.00939  -0.08088  -4.49223
  -2.608  -0.03245   0.00933  -0.08089  -3.47694
  -2.523  -0.02274   0.00928  -0.08089  -2.44991
  -2.437  -0.01303   0.00924  -0.08090  -1.41132
  -2.352  -0.00332   0.00919  -0.08090  -0.36140
  -2.266   0.00640   0.00914  -0.08091   0.69966
  -2.181   0.01611   0.00910  -0.08092   1.77162
  -2.095   0.02583   0.00905  -0.08093   2.85425
  -2.010   0.03556   0.00901  -0.08094   3.94730
  -1.925   0.04528   0.00897  -0.08095   5.05051
  -1.839   0.05501   0.00892  -0.08096   6.16361
  -1.754   0.06474   0.00888  -0.08097   7.28631
  -1.668   0.07447   0.00885  -0.08098   8.41833
  -1.583   0.08420   0.00881  -0.08099   9.55937
  -1.497   0.09394   0.00877  -0.08100  10.70912
  -1.412   0.10367   0.00874  -0.08101  11.86728
  -1.327   0.11341   0.00870  -0.08103  13.03354
  -1.241   0.12314   0.00867  -0.08104  14.20759
  -1.156   0.13288   0.00863  -0.08105  15.38913
  -1.070   0.14261   0.00860  -0.08106  16.57784
  -0.985   0.15234   0.00857  -0.08108  17.77345
  -0.899   0.16208   0.00854  -0.08109  18.97564
  -0.814   0.17180   0.00851  -0.08110  20.18415
  -0.729   0.18153   0.00848  -0.08111  21.39870
  -0.643   0.19125   0.00846  -0.08112  22.61901
  -0.558   0.20097   0.00843  -0.08114  23.84483
  -0.472   0.21069   0.00840  -0.08115  25.07590
  -0.387   0.22040   0.00838  -0.08116  26.31196
  -0.302   0.23011   0.00835  -0.08116  27.55276
  -0.216   0.23981   0.00833  -0.08117  28.79802
  -0.131   0.24951   0.00830  -0.08118  30.04744
  -0.045   0.25921   0.00828  -0.08119  31.30068
   0.040   0.26891   0.00826  -0.08119  32.55737
   0.126   0.27860   0.00824  -0.08120  33.81707
   0.211   0.28829   0.00822  -0.08120  35.07926
   0.296   0.29798   0.00820  -0.08120  36.34337
   0.382   0.30767   0.00818  -0.08120  37.60875
   0.467   0.31735   0.00816  -0.08120  38.87469
   0.553   0.32703   0.00815  -0.08121  40.14043
   0.638   0.33671   0.00813  -0.08121  41.40519
   0.724   0.34639   0.00812  -0.08120  42.66820
   0.809   0.35606   0.00811  -0.08120  43.92871
   0.894   0.36573   0.00809  -0.08120  45.18602
   0.980   0.37540   0.00808  -0.08120  46.43950
   1.065   0.38507   0.00807  -0.08119  47.68858
   1.151   0.39474   0.00807  -0.08119  48.93273
   1.236   0.40441   0.00806  -0.08118  50.17144
   1.322   0.41407   0.00806  -0.08118  51.40419
   1.407   0.42374   0.00805  -0.08117  52.63040
   1.492   0.43341   0.00805  -0.08116  53.84943
   1.578   0.44308   0.00805  -0.08115  55.06053
   1.663   0.45274   0.00805  -0.08114  56.26286
   1.749   0.46240   0.00805  -0.08113  57.45548
   1.834   0.47205   0.00805  -0.08112  58.63739
   1.920   0.48170   0.00805  -0.08111  59.80752
   2.005   0.49133   0.00806  -0.08109  60.96480
   2.090   0.50096   0.00807  -0.08108  62.10817
   2.176   0.51058   0.00807  -0.08107  63.23663
   2.261   0.52019   0.00808  -0.08106  64.34928
   2.347   0.52978   0.00810  -0.08105  65.44535
   2.432   0.53937   0.00811  -0.08104  66.52424
   2.518   0.54896   0.00812  -0.08104  67.58555
   2.603   0.55854   0.00814  -0.08104  68.62910
   2.688   0.56811   0.00816  -0.08104  69.65490
   2.774   0.57769   0.00818  -0.08105  70.66317
   2.859   0.58726   0.00820  -0.08107  71.65428
   2.945   0.59683   0.00822  -0.08109  72.62864
   3.030   0.60639   0.00824  -0.08111  73.58667
   3.116   0.61594   0.00826  -0.08114  74.52862
   3.201   0.62547   0.00829  -0.08117  75.45443
   3.286   0.63498   0.00832  -0.08120  76.36359
   3.372   0.64444   0.00834  -0.08122  77.25500
   3.457   0.65387   0.00837  -0.08124  78.12694
   3.543   0.66324   0.00840  -0.08125  78.97703
   3.628   0.67256   0.00843  -0.08125  79.80237
   3.714   0.68183   0.00846  -0.08124  80.59961
   3.799   0.69109   0.00849  -0.08123  81.36522
   3.884   0.70038   0.00853  -0.08121  82.09668
   3.970   0.70977   0.00857  -0.08120  82.79630
   4.055   0.71935   0.00862  -0.08123  83.48002
   4.141   0.72915   0.00866  -0.08131  84.19277
   4.226   0.73908   0.00869  -0.08142  85.03174
   4.312   0.74885   0.00869  -0.08153  86.18219
   4.397   0.75781   0.00861  -0.08149  87.98008
   4.482   0.76499   0.00841  -0.08104  90.95662
   4.568   0.76953   0.00806  -0.07995  95.51116
   4.653   0.77220   0.00765  -0.07844  100.99462
   4.739   0.77682   0.00734  -0.07741  105.78660
   4.824   0.78710   0.00721  -0.07761  109.15339
   4.910   0.80195   0.00720  -0.07873  111.43147
   4.995   0.81815   0.00724  -0.08009  113.00989
   5.080   0.83413   0.00731  -0.08140  114.17514
   5.166   0.84967   0.00738  -0.08263  115.12405
   5.251   0.86486   0.00746  -0.08381  115.96280
   5.337   0.87974   0.00754  -0.08495  116.73759
   5.422   0.89431   0.00761  -0.08604  117.46538
   5.508   0.90852   0.00769  -0.08707  118.15170
   5.593   0.92235   0.00776  -0.08804  118.79827
   5.678   0.93578   0.00784  -0.08894  119.40574
   5.764   0.94879   0.00791  -0.08975  119.97458
   5.849   0.96136   0.00798  -0.09047  120.50536
   5.935   0.97348   0.00805  -0.09110  120.99898
   6.020   0.98516   0.00811  -0.09163  121.45675
   6.106   0.99639   0.00818  -0.09207  121.88041
   6.191   1.00720   0.00824  -0.09242  122.27211
   6.276   1.01760   0.00830  -0.09267  122.63428
   6.362   1.02762   0.00836  -0.09284  122.96950
   6.447   1.03729   0.00841  -0.09294  123.28037
   6.533   1.04665   0.00847  -0.09296  123.56935
   6.618   1.05572   0.00852  -0.09292  123.83869
   6.704   1.06454   0.00858  -0.09283  124.09028
   6.789   1.07313   0.00863  -0.09268  124.32566
   6.874   1.08154   0.00868  -0.09250  124.54600
   6.960   1.08977   0.00874  -0.09227  124.75211
   7.045   1.09786   0.00879  -0.09202  124.94456
   7.131   1.10582   0.00884  -0.09174  125.12370
   7.216   1.11368   0.00889  -0.09143  125.28976
   7.302   1.12145   0.00894  -0.09111  125.44294
   7.387   1.12915   0.00899  -0.09078  125.58337
   7.472   1.13679   0.00904  -0.09043  125.71121
   7.558   1.14437   0.00909  -0.09008  125.82659
   7.643   1.15192   0.00915  -0.08971  125.92965
   7.729   1.15943   0.00920  -0.08935  126.02049
   7.814   1.16691   0.00925  -0.08898  126.09920
   7.899   1.17437   0.00931  -0.08861  126.16585
   7.985   1.18180   0.00936  -0.08824  126.22046
   8.070   1.18922   0.00942  -0.08786  126.26308
   8.156   1.19663   0.00947  -0.08749  126.29373
   8.241   1.20401   0.00953  -0.08711  126.31249
   8.327   1.21138   0.00959  -0.08674  126.31946
   8.412   1.21874   0.00965  -0.08636  126.31482
   8.497   1.22608   0.00971  -0.08599  126.29883
   8.583   1.23340   0.00977  -0.08561  126.27184
   8.668   1.24071   0.00983  -0.08523  126.23431
   8.754   1.24800   0.00989  -0.08485  126.18679
   8.839   1.25528   0.00995  -0.08448  126.12993
   8.925   1.26255   0.01002  -0.08410  126.06441
   9.010   1.26980   0.01008  -0.08372  125.99097
   9.095   1.27705   0.01014  -0.08335  125.91027
   9.181   1.28429   0.01021  -0.08297  125.82282
   9.266   1.29152   0.01027  -0.08259  125.72886
   9.352   1.29875   0.01034  -0.08222  125.62827
   9.437   1.30597   0.01040  -0.08184  125.52044
   9.523   1.31320   0.01047  -0.08147  125.40414
   9.608   1.32043   0.01054  -0.08110  125.27752
   9.693   1.32767   0.01061  -0.08073  125.13798
   9.779   1.33490   0.01068  -0.08036  124.98214
   9.864   1.34214   0.01075  -0.07999  124.80559
   9.950   1.34937   0.01083  -0.07962  124.60258
  10.035   1.35660   0.01091  -0.07925  124.36537
  10.121   1.36379   0.01099  -0.07887  124.08335
  10.206   1.37094   0.01108  -0.07847  123.74173
  10.291   1.37800   0.01117  -0.07807  123.32004
  10.377   1.38493   0.01128  -0.07764  122.79019
  10.462   1.39164   0.01140  -0.07718  122.11461
  10.548   1.39804   0.01153  -0.07667  121.24451
  10.633   1.40399   0.01169  -0.07610  120.11917
  10.719   1.40934   0.01188  -0.07546  118.66702
  10.804   1.41389   0.01210  -0.07471  116.80968
  10.889   1.41744   0.01238  -0.07383  114.46954
  10.975   1.41980   0.01272  -0.07282  111.58222
  11.060   1.42079   0.01314  -0.07164  108.11572
  11.146   1.42033   0.01364  -0.07031  104.09856
  11.231   1.41847   0.01423  -0.06883  99.65096
  11.317   1.41545   0.01490  -0.06725  94.99330
  11.402   1.41171   0.01562  -0.06563  90.40194
  11.487   1.40784   0.01635  -0.06404  86.12620
  11.573   1.40444   0.01706  -0.06255  82.32511
  11.658   1.40201   0.01773  -0.06122  79.05859
  11.744   1.40083   0.01836  -0.06008  76.31292
  11.829   1.40098   0.01892  -0.05913  74.02987
  11.915   1.40234   0.01944  -0.05836  72.12896
  12.000   1.40468   0.01992  -0.05771  70.52426
