--------------------------------------------------------------
  XFOIL-like Polar Output (Generated by NeuralFoil)
--------------------------------------------------------------
  alpha     CL        CD       Cm        CL/CD
--------------------------------------------------------------
  -5.000  -0.72583   0.00751   0.06676  -96.65991
  -4.915  -0.71085   0.00749   0.06554  -94.96259
  -4.829  -0.69541   0.00747   0.06428  -93.09948
  -4.744  -0.68013   0.00746   0.06310  -91.15026
  -4.658  -0.66558   0.00746   0.06211  -89.20656
  -4.573  -0.65213   0.00747   0.06137  -87.34832
  -4.487  -0.63989   0.00747   0.06090  -85.62707
  -4.402  -0.62874   0.00748   0.06065  -84.06191
  -4.317  -0.61844   0.00748   0.06056  -82.64571
  -4.231  -0.60871   0.00748   0.06058  -81.35561
  -4.146  -0.59929   0.00748   0.06065  -80.16260
  -4.060  -0.59001   0.00746   0.06073  -79.03823
  -3.975  -0.58075   0.00745   0.06081  -77.95816
  -3.889  -0.57143   0.00743   0.06088  -76.90352
  -3.804  -0.56205   0.00741   0.06093  -75.86074
  -3.719  -0.55260   0.00739   0.06096  -74.82085
  -3.633  -0.54309   0.00736   0.06099  -73.77844
  -3.548  -0.53354   0.00734   0.06100  -72.73061
  -3.462  -0.52396   0.00731   0.06101  -71.67606
  -3.377  -0.51438   0.00728   0.06102  -70.61433
  -3.291  -0.50479   0.00726   0.06104  -69.54522
  -3.206  -0.49520   0.00723   0.06105  -68.46844
  -3.121  -0.48562   0.00721   0.06107  -67.38343
  -3.035  -0.47604   0.00718   0.06109  -66.28934
  -2.950  -0.46648   0.00716   0.06112  -65.18504
  -2.864  -0.45692   0.00713   0.06115  -64.06925
  -2.779  -0.44738   0.00711   0.06118  -62.94066
  -2.693  -0.43786   0.00709   0.06123  -61.79802
  -2.608  -0.42837   0.00706   0.06128  -60.64019
  -2.523  -0.41892   0.00704   0.06133  -59.46603
  -2.437  -0.40951   0.00703   0.06140  -58.27365
  -2.352  -0.40017   0.00701   0.06148  -57.05886
  -2.266  -0.39093   0.00700   0.06157  -55.81163
  -2.181  -0.38184   0.00701   0.06168  -54.50888
  -2.095  -0.37302   0.00703   0.06180  -53.09544
  -2.010  -0.36458   0.00709   0.06193  -51.43127
  -1.925  -0.35647   0.00724   0.06210  -49.24077
  -1.839  -0.34846   0.00751   0.06233  -46.39797
  -1.754  -0.34029   0.00783   0.06257  -43.44766
  -1.668  -0.33184   0.00809   0.06272  -41.02003
  -1.583  -0.32303   0.00825   0.06279  -39.15424
  -1.497  -0.31388   0.00834   0.06281  -37.65225
  -1.412  -0.30447   0.00837   0.06284  -36.35715
  -1.327  -0.29495   0.00839   0.06287  -35.16733
  -1.241  -0.28541   0.00839   0.06290  -34.02108
  -1.156  -0.27589   0.00839   0.06295  -32.88645
  -1.070  -0.26639   0.00839   0.06299  -31.75020
  -0.985  -0.25690   0.00839   0.06304  -30.60843
  -0.899  -0.24739   0.00840   0.06308  -29.46114
  -0.814  -0.23787   0.00840   0.06311  -28.30976
  -0.729  -0.22835   0.00841   0.06315  -27.15616
  -0.643  -0.21881   0.00842   0.06317  -26.00231
  -0.558  -0.20928   0.00842   0.06320  -24.85008
  -0.472  -0.19975   0.00843   0.06323  -23.70119
  -0.387  -0.19024   0.00843   0.06325  -22.55711
  -0.302  -0.18074   0.00844   0.06328  -21.41900
  -0.216  -0.17125   0.00844   0.06331  -20.28775
  -0.131  -0.16179   0.00844   0.06334  -19.16404
  -0.045  -0.15235   0.00844   0.06337  -18.04840
   0.040  -0.14294   0.00844   0.06341  -16.94127
   0.126  -0.13356   0.00843   0.06345  -15.84304
   0.211  -0.12421   0.00842   0.06349  -14.75404
   0.296  -0.11490   0.00840   0.06354  -13.67453
   0.382  -0.10564   0.00838   0.06359  -12.60469
   0.467  -0.09644   0.00835   0.06365  -11.54459
   0.553  -0.08732   0.00832   0.06372  -10.49411
   0.638  -0.07828   0.00828   0.06381  -9.45282
   0.724  -0.06934   0.00823   0.06391  -8.41979
   0.809  -0.06048   0.00818   0.06403  -7.39328
   0.894  -0.05173   0.00812   0.06417  -6.37055
   0.980  -0.04306   0.00805   0.06433  -5.34778
   1.065  -0.03448   0.00798   0.06453  -4.32058
   1.151  -0.02597   0.00791   0.06475  -3.28462
   1.236  -0.01753   0.00784   0.06499  -2.23579
   1.322  -0.00910   0.00778   0.06524  -1.17004
   1.407  -0.00065   0.00773   0.06550  -0.08382
   1.492   0.00789   0.00770   0.06575   1.02448
   1.578   0.01657   0.00769   0.06597   2.15321
   1.663   0.02540   0.00770   0.06617   3.29729
   1.749   0.03439   0.00773   0.06634   4.44932
   1.834   0.04351   0.00777   0.06648   5.60127
   1.920   0.05274   0.00782   0.06659   6.74605
   2.005   0.06204   0.00787   0.06669   7.87835
   2.090   0.07139   0.00794   0.06678   8.99477
   2.176   0.08076   0.00800   0.06686  10.09357
   2.261   0.09013   0.00807   0.06693  11.17419
   2.347   0.09951   0.00813   0.06701  12.23678
   2.432   0.10888   0.00820   0.06708  13.28189
   2.518   0.11825   0.00826   0.06716  14.31020
   2.603   0.12761   0.00833   0.06723  15.32242
   2.688   0.13696   0.00839   0.06731  16.31920
   2.774   0.14631   0.00846   0.06739  17.30109
   2.859   0.15566   0.00852   0.06746  18.26853
   2.945   0.16501   0.00858   0.06754  19.22187
   3.030   0.17436   0.00865   0.06762  20.16136
   3.116   0.18372   0.00871   0.06770  21.08718
   3.201   0.19307   0.00878   0.06778  21.99945
   3.286   0.20242   0.00884   0.06786  22.89822
   3.372   0.21177   0.00890   0.06794  23.78352
   3.457   0.22113   0.00897   0.06802  24.65534
   3.543   0.23048   0.00903   0.06811  25.51366
   3.628   0.23982   0.00910   0.06820  26.35844
   3.714   0.24917   0.00916   0.06828  27.18967
   3.799   0.25850   0.00923   0.06838  28.00729
   3.884   0.26783   0.00930   0.06847  28.81130
   3.970   0.27715   0.00936   0.06857  29.60169
   4.055   0.28647   0.00943   0.06867  30.37845
   4.141   0.29577   0.00950   0.06877  31.14160
   4.226   0.30506   0.00957   0.06888  31.89117
   4.312   0.31433   0.00963   0.06899  32.62721
   4.397   0.32360   0.00970   0.06910  33.34978
   4.482   0.33284   0.00977   0.06922  34.05895
   4.568   0.34207   0.00984   0.06934  34.75481
   4.653   0.35128   0.00991   0.06946  35.43748
   4.739   0.36046   0.00998   0.06959  36.10708
   4.824   0.36963   0.01005   0.06973  36.76376
   4.910   0.37877   0.01013   0.06986  37.40769
   4.995   0.38789   0.01020   0.07000  38.03908
   5.080   0.39698   0.01027   0.07015  38.65815
   5.166   0.40605   0.01034   0.07029  39.26516
   5.251   0.41510   0.01041   0.07044  39.86040
   5.337   0.42411   0.01049   0.07060  40.44416
   5.422   0.43311   0.01056   0.07075  41.01676
   5.508   0.44208   0.01063   0.07091  41.57852
   5.593   0.45103   0.01071   0.07107  42.12975
   5.678   0.45996   0.01078   0.07124  42.67071
   5.764   0.46887   0.01085   0.07140  43.20163
   5.849   0.47776   0.01093   0.07158  43.72266
   5.935   0.48664   0.01100   0.07175  44.23383
   6.020   0.49550   0.01108   0.07193  44.73504
   6.106   0.50434   0.01115   0.07211  45.22605
   6.191   0.51315   0.01123   0.07229  45.70653
   6.276   0.52193   0.01130   0.07248  46.17613
   6.362   0.53068   0.01138   0.07267  46.63457
   6.447   0.53940   0.01146   0.07286  47.08182
   6.533   0.54808   0.01153   0.07305  47.51810
   6.618   0.55673   0.01161   0.07324  47.94389
   6.704   0.56536   0.01169   0.07344  48.35982
   6.789   0.57396   0.01177   0.07363  48.76658
   6.874   0.58254   0.01185   0.07383  49.16475
   6.960   0.59112   0.01193   0.07403  49.55479
   7.045   0.59968   0.01201   0.07422  49.93699
   7.131   0.60824   0.01209   0.07442  50.31148
   7.216   0.61679   0.01217   0.07462  50.67824
   7.302   0.62534   0.01225   0.07482  51.03717
   7.387   0.63388   0.01234   0.07502  51.38808
   7.472   0.64242   0.01242   0.07522  51.73073
   7.558   0.65095   0.01250   0.07542  52.06484
   7.643   0.65948   0.01259   0.07562  52.39011
   7.729   0.66800   0.01267   0.07582  52.70621
   7.814   0.67652   0.01276   0.07602  53.01280
   7.899   0.68503   0.01285   0.07622  53.30954
   7.985   0.69353   0.01294   0.07641  53.59607
   8.070   0.70203   0.01303   0.07661  53.87204
   8.156   0.71051   0.01312   0.07681  54.13709
   8.241   0.71899   0.01322   0.07700  54.39088
   8.327   0.72746   0.01332   0.07720  54.63306
   8.412   0.73593   0.01341   0.07739  54.86332
   8.497   0.74438   0.01351   0.07758  55.08135
   8.583   0.75282   0.01362   0.07777  55.28686
   8.668   0.76126   0.01372   0.07796  55.47960
   8.754   0.76968   0.01383   0.07815  55.65934
   8.839   0.77810   0.01394   0.07833  55.82589
   8.925   0.78651   0.01405   0.07851  55.97909
   9.010   0.79491   0.01416   0.07869  56.11881
   9.095   0.80329   0.01428   0.07887  56.24495
   9.181   0.81167   0.01440   0.07904  56.35746
   9.266   0.82005   0.01453   0.07921  56.45631
   9.352   0.82841   0.01465   0.07937  56.54151
   9.437   0.83676   0.01478   0.07954  56.61308
   9.523   0.84511   0.01491   0.07969  56.67108
   9.608   0.85346   0.01505   0.07985  56.71557
   9.693   0.86180   0.01519   0.07999  56.74665
   9.779   0.87014   0.01533   0.08014  56.76443
   9.864   0.87847   0.01547   0.08027  56.76902
   9.950   0.88681   0.01562   0.08040  56.76057
  10.035   0.89515   0.01578   0.08053  56.73923
  10.121   0.90350   0.01593   0.08064  56.70519
  10.206   0.91185   0.01609   0.08075  56.65864
  10.291   0.92023   0.01626   0.08085  56.59982
  10.377   0.92862   0.01643   0.08094  56.52901
  10.462   0.93703   0.01660   0.08101  56.44651
  10.548   0.94548   0.01678   0.08107  56.35269
  10.633   0.95397   0.01696   0.08112  56.24797
  10.719   0.96251   0.01715   0.08114  56.13280
  10.804   0.97111   0.01734   0.08115  56.00768
  10.889   0.97977   0.01754   0.08113  55.87316
  10.975   0.98851   0.01774   0.08109  55.72978
  11.060   0.99735   0.01794   0.08103  55.57808
  11.146   1.00628   0.01816   0.08093  55.41855
  11.231   1.01531   0.01838   0.08081  55.25162
  11.317   1.02445   0.01860   0.08065  55.07756
  11.402   1.03369   0.01883   0.08046  54.89651
  11.487   1.04304   0.01907   0.08024  54.70837
  11.573   1.05246   0.01931   0.08000  54.51284
  11.658   1.06195   0.01955   0.07973  54.30937
  11.744   1.07147   0.01981   0.07944  54.09717
  11.829   1.08099   0.02006   0.07914  53.87527
  11.915   1.09046   0.02033   0.07884  53.64253
  12.000   1.09985   0.02060   0.07855  53.39775
