airfoil_points_940
1.000000 0.020651
0.999748 0.020697
0.998993 0.020834
0.997736 0.021061
0.995977 0.021376
0.993719 0.021776
0.990964 0.022258
0.987715 0.022819
0.983974 0.023454
0.979746 0.024157
0.975036 0.024926
0.969846 0.025754
0.964184 0.026638
0.958054 0.027573
0.951463 0.028554
0.944418 0.029580
0.936925 0.030648
0.928992 0.031755
0.920627 0.032903
0.911838 0.034093
0.902635 0.035327
0.893027 0.036610
0.883022 0.037947
0.872632 0.039348
0.861867 0.040822
0.850737 0.042383
0.839255 0.044044
0.827430 0.045825
0.815276 0.047754
0.802805 0.049869
0.790028 0.052216
0.776960 0.054843
0.763613 0.057806
0.750000 0.061163
0.736136 0.064883
0.722033 0.068843
0.707708 0.072912
0.693173 0.076955
0.678443 0.080835
0.663534 0.084429
0.648460 0.087710
0.633237 0.090688
0.617879 0.093377
0.602403 0.095790
0.586824 0.097942
0.571157 0.099851
0.555419 0.101537
0.539625 0.103020
0.523791 0.104320
0.507933 0.105461
0.492067 0.106466
0.476209 0.107359
0.460375 0.108164
0.444581 0.108906
0.428843 0.109609
0.413176 0.110297
0.397597 0.110993
0.382121 0.111721
0.366763 0.112501
0.351540 0.113355
0.336466 0.114300
0.321557 0.115354
0.306827 0.116530
0.292292 0.117841
0.277967 0.119297
0.263864 0.120891
0.250000 0.122484
0.236387 0.123889
0.223040 0.124967
0.209972 0.125613
0.197195 0.125750
0.184724 0.125364
0.172570 0.124541
0.160745 0.123378
0.149263 0.121964
0.138133 0.120387
0.127368 0.118731
0.116978 0.117074
0.106973 0.115415
0.097365 0.113741
0.088162 0.112041
0.079373 0.110305
0.071008 0.108526
0.063075 0.106697
0.055582 0.104813
0.048537 0.102869
0.041946 0.100864
0.035816 0.098795
0.030154 0.096662
0.024964 0.094463
0.020254 0.092199
0.016026 0.089870
0.012285 0.087477
0.009036 0.085021
0.006281 0.082504
0.004023 0.079927
0.002264 0.077292
0.001007 0.074604
0.000252 0.071876
0.000000 0.069582
0.000252 0.066156
0.001007 0.063397
0.002264 0.060644
0.004023 0.057912
0.006281 0.055204
0.009036 0.052526
0.012285 0.049879
0.016026 0.047269
0.020254 0.044700
0.024964 0.042176
0.030154 0.039704
0.035816 0.037288
0.041946 0.034936
0.048537 0.032656
0.055582 0.030455
0.063075 0.028342
0.071008 0.026328
0.079373 0.024423
0.088162 0.022639
0.097365 0.020987
0.106973 0.019483
0.116978 0.018138
0.127368 0.016970
0.138133 0.015991
0.149263 0.015155
0.160745 0.014378
0.172570 0.013551
0.184724 0.012532
0.197195 0.011125
0.209972 0.009246
0.223040 0.007071
0.236387 0.004776
0.250000 0.002529
0.263864 0.000491
0.277967 -0.001251
0.292292 -0.002694
0.306827 -0.003843
0.321557 -0.004709
0.336466 -0.005301
0.351540 -0.005634
0.366763 -0.005723
0.382121 -0.005588
0.397597 -0.005249
0.413176 -0.004730
0.428843 -0.004057
0.444581 -0.003258
0.460375 -0.002361
0.476209 -0.001398
0.492067 -0.000402
0.507933 0.000596
0.523791 0.001560
0.539625 0.002457
0.555419 0.003253
0.571157 0.003916
0.586824 0.004412
0.602403 0.004712
0.617879 0.004787
0.633237 0.004610
0.648460 0.004157
0.663534 0.003406
0.678443 0.002366
0.693173 0.001165
0.707708 -0.000057
0.722033 -0.001178
0.736136 -0.002092
0.750000 -0.002710
0.763613 -0.002977
0.776960 -0.002929
0.790028 -0.002612
0.802805 -0.002072
0.815276 -0.001354
0.827430 -0.000496
0.839255 0.000463
0.850737 0.001493
0.861867 0.002572
0.872632 0.003682
0.883022 0.004804
0.893027 0.005924
0.902635 0.007029
0.911838 0.008106
0.920627 0.009147
0.928992 0.010143
0.936925 0.011089
0.944418 0.011978
0.951463 0.012808
0.958054 0.013577
0.964184 0.014282
0.969846 0.014925
0.975036 0.015504
0.979746 0.016021
0.983974 0.016477
0.987715 0.016874
0.990964 0.017214
0.993719 0.017497
0.995977 0.017727
0.997736 0.017904
0.998993 0.018029
0.999748 0.018104
1.000000 0.018125
