=== Airfoil Parameters ===
m = 0.02
p = 0.4
t = 0.12

=== Control Points ===
0.00000, 0.01325, 0.01325
0.06667, 0.01490, 0.00879
0.13333, 0.01301, 0.00190
0.20000, 0.01372, -0.00128
0.26667, 0.02037, 0.00259
0.66667, 0.02420, 0.00815
0.75000, 0.02202, 0.00883
0.83333, 0.01682, 0.00725
0.91667, 0.01529, 0.01012
1.00000, 0.01549, 0.01549

=== Upper Surface ===
0.00000, 0.01325
-0.00003, 0.01353
-0.00004, 0.01381
-0.00005, 0.01408
-0.00005, 0.01436
-0.00005, 0.01464
-0.00005, 0.01492
-0.00004, 0.01520
-0.00002, 0.01548
-0.00000, 0.01576
0.00002, 0.01604
0.00005, 0.01632
0.00009, 0.01660
0.00013, 0.01688
0.00017, 0.01716
0.00022, 0.01744
0.00028, 0.01772
0.00034, 0.01800
0.00041, 0.01828
0.00048, 0.01856
0.00055, 0.01884
0.00063, 0.01912
0.00072, 0.01939
0.00081, 0.01967
0.00091, 0.01995
0.00101, 0.02023
0.00112, 0.02051
0.00123, 0.02079
0.00134, 0.02107
0.00147, 0.02135
0.00159, 0.02163
0.00173, 0.02191
0.00187, 0.02219
0.00201, 0.02247
0.00216, 0.02275
0.00231, 0.02302
0.00247, 0.02330
0.00263, 0.02358
0.00280, 0.02386
0.00298, 0.02414
0.00316, 0.02442
0.00334, 0.02470
0.00353, 0.02497
0.00373, 0.02525
0.00393, 0.02553
0.00414, 0.02581
0.00435, 0.02609
0.00456, 0.02636
0.00478, 0.02664
0.00501, 0.02692
0.00524, 0.02719
0.00548, 0.02747
0.00573, 0.02775
0.00597, 0.02802
0.00623, 0.02830
0.00649, 0.02857
0.00675, 0.02885
0.00702, 0.02912
0.00730, 0.02940
0.00758, 0.02967
0.00786, 0.02995
0.00815, 0.03022
0.00845, 0.03050
0.00875, 0.03077
0.00906, 0.03104
0.00937, 0.03132
0.00969, 0.03159
0.01001, 0.03186
0.01034, 0.03213
0.01067, 0.03240
0.01101, 0.03267
0.01135, 0.03294
0.01170, 0.03321
0.01205, 0.03348
0.01241, 0.03375
0.01278, 0.03402
0.01315, 0.03429
0.01353, 0.03456
0.01391, 0.03482
0.01429, 0.03509
0.01468, 0.03536
0.01508, 0.03562
0.01548, 0.03589
0.01589, 0.03615
0.01630, 0.03641
0.01672, 0.03668
0.01714, 0.03694
0.01757, 0.03720
0.01801, 0.03746
0.01845, 0.03772
0.01889, 0.03798
0.01934, 0.03824
0.01979, 0.03850
0.02025, 0.03876
0.02072, 0.03902
0.02119, 0.03928
0.02166, 0.03953
0.02215, 0.03979
0.02263, 0.04004
0.02312, 0.04029
0.02362, 0.04055
0.02412, 0.04080
0.02463, 0.04105
0.02514, 0.04130
0.02566, 0.04155
0.02618, 0.04180
0.02671, 0.04205
0.02724, 0.04229
0.02778, 0.04254
0.02832, 0.04279
0.02887, 0.04303
0.02942, 0.04327
0.02998, 0.04352
0.03054, 0.04376
0.03111, 0.04400
0.03168, 0.04424
0.03226, 0.04448
0.03284, 0.04471
0.03343, 0.04495
0.03402, 0.04519
0.03462, 0.04542
0.03522, 0.04566
0.03583, 0.04589
0.03645, 0.04612
0.03706, 0.04635
0.03769, 0.04658
0.03831, 0.04681
0.03895, 0.04703
0.03958, 0.04726
0.04023, 0.04749
0.04087, 0.04771
0.04153, 0.04793
0.04218, 0.04815
0.04284, 0.04837
0.04351, 0.04859
0.04418, 0.04881
0.04486, 0.04903
0.04554, 0.04924
0.04622, 0.04946
0.04691, 0.04967
0.04761, 0.04988
0.04831, 0.05009
0.04901, 0.05030
0.04972, 0.05051
0.05044, 0.05072
0.05115, 0.05092
0.05188, 0.05113
0.05260, 0.05133
0.05334, 0.05153
0.05407, 0.05174
0.05481, 0.05193
0.05556, 0.05213
0.05631, 0.05233
0.05706, 0.05252
0.05782, 0.05272
0.05858, 0.05291
0.05935, 0.05310
0.06012, 0.05329
0.06090, 0.05348
0.06168, 0.05367
0.06246, 0.05386
0.06325, 0.05404
0.06405, 0.05422
0.06484, 0.05441
0.06565, 0.05459
0.06645, 0.05477
0.06726, 0.05495
0.06808, 0.05512
0.06890, 0.05530
0.06972, 0.05547
0.07054, 0.05564
0.07138, 0.05582
0.07221, 0.05599
0.07305, 0.05616
0.07389, 0.05632
0.07474, 0.05649
0.07559, 0.05665
0.07644, 0.05682
0.07730, 0.05698
0.07816, 0.05714
0.07903, 0.05730
0.07990, 0.05746
0.08077, 0.05761
0.08165, 0.05777
0.08253, 0.05792
0.08342, 0.05808
0.08431, 0.05823
0.08520, 0.05838
0.08609, 0.05853
0.08699, 0.05868
0.08790, 0.05882
0.08880, 0.05897
0.08971, 0.05911
0.09063, 0.05925
0.09154, 0.05940
0.09247, 0.05954
0.09339, 0.05968
0.09432, 0.05981
0.09525, 0.05995
0.09618, 0.06009
0.09712, 0.06022
0.09806, 0.06035
0.09900, 0.06049
0.09995, 0.06062
0.10090, 0.06075
0.10185, 0.06088
0.10281, 0.06100
0.10377, 0.06113
0.10473, 0.06126
0.10570, 0.06138
0.10667, 0.06150
0.10764, 0.06163
0.10861, 0.06175
0.10959, 0.06187
0.11057, 0.06199
0.11156, 0.06211
0.11254, 0.06223
0.11353, 0.06234
0.11452, 0.06246
0.11552, 0.06257
0.11652, 0.06269
0.11752, 0.06280
0.11852, 0.06291
0.11952, 0.06303
0.12053, 0.06314
0.12154, 0.06325
0.12255, 0.06336
0.12357, 0.06347
0.12459, 0.06358
0.12561, 0.06368
0.12663, 0.06379
0.12766, 0.06390
0.12868, 0.06400
0.12971, 0.06411
0.13075, 0.06421
0.13178, 0.06432
0.13282, 0.06442
0.13386, 0.06453
0.13490, 0.06463
0.13594, 0.06473
0.13699, 0.06483
0.13803, 0.06494
0.13908, 0.06504
0.14013, 0.06514
0.14119, 0.06524
0.14224, 0.06534
0.14330, 0.06544
0.14435, 0.06555
0.14541, 0.06565
0.14648, 0.06575
0.14754, 0.06585
0.14860, 0.06595
0.14967, 0.06605
0.15074, 0.06615
0.15181, 0.06625
0.15288, 0.06635
0.15395, 0.06645
0.15502, 0.06656
0.15610, 0.06666
0.15717, 0.06676
0.15825, 0.06686
0.15933, 0.06697
0.16041, 0.06707
0.16149, 0.06717
0.16257, 0.06728
0.16366, 0.06738
0.16474, 0.06749
0.16583, 0.06760
0.16691, 0.06770
0.16800, 0.06781
0.16909, 0.06792
0.17018, 0.06803
0.17127, 0.06814
0.17236, 0.06825
0.17345, 0.06836
0.17455, 0.06847
0.17564, 0.06859
0.17674, 0.06870
0.17783, 0.06882
0.17893, 0.06894
0.18002, 0.06905
0.18112, 0.06917
0.18222, 0.06929
0.18332, 0.06942
0.18442, 0.06954
0.18552, 0.06966
0.18662, 0.06979
0.18772, 0.06992
0.18882, 0.07005
0.18992, 0.07018
0.19103, 0.07031
0.19213, 0.07044
0.19323, 0.07058
0.19434, 0.07072
0.19544, 0.07086
0.19655, 0.07100
0.19766, 0.07114
0.19878, 0.07129
0.19990, 0.07144
0.20102, 0.07159
0.20216, 0.07174
0.20330, 0.07189
0.20445, 0.07205
0.20560, 0.07221
0.20676, 0.07237
0.20793, 0.07253
0.20910, 0.07269
0.21028, 0.07286
0.21147, 0.07303
0.21266, 0.07320
0.21386, 0.07337
0.21507, 0.07354
0.21628, 0.07371
0.21750, 0.07389
0.21873, 0.07406
0.21996, 0.07424
0.22120, 0.07442
0.22245, 0.07460
0.22371, 0.07478
0.22497, 0.07497
0.22624, 0.07515
0.22751, 0.07533
0.22879, 0.07552
0.23008, 0.07571
0.23138, 0.07589
0.23269, 0.07608
0.23400, 0.07627
0.23531, 0.07645
0.23664, 0.07664
0.23797, 0.07683
0.23931, 0.07702
0.24066, 0.07721
0.24201, 0.07740
0.24337, 0.07758
0.24474, 0.07777
0.24612, 0.07796
0.24750, 0.07815
0.24889, 0.07833
0.25029, 0.07852
0.25170, 0.07870
0.25311, 0.07888
0.25453, 0.07907
0.25596, 0.07925
0.25739, 0.07943
0.25884, 0.07960
0.26028, 0.07978
0.26174, 0.07995
0.26319, 0.08012
0.26465, 0.08029
0.26612, 0.08046
0.26758, 0.08062
0.26905, 0.08079
0.27052, 0.08095
0.27199, 0.08110
0.27346, 0.08126
0.27494, 0.08141
0.27642, 0.08156
0.27789, 0.08171
0.27938, 0.08185
0.28086, 0.08200
0.28235, 0.08214
0.28383, 0.08228
0.28532, 0.08241
0.28682, 0.08255
0.28831, 0.08268
0.28980, 0.08281
0.29130, 0.08293
0.29280, 0.08306
0.29430, 0.08318
0.29581, 0.08330
0.29731, 0.08341
0.29882, 0.08353
0.30033, 0.08364
0.30184, 0.08375
0.30335, 0.08386
0.30486, 0.08396
0.30638, 0.08406
0.30790, 0.08416
0.30942, 0.08426
0.31094, 0.08436
0.31246, 0.08445
0.31398, 0.08454
0.31551, 0.08463
0.31703, 0.08472
0.31856, 0.08480
0.32009, 0.08488
0.32163, 0.08496
0.32316, 0.08504
0.32469, 0.08511
0.32623, 0.08519
0.32777, 0.08526
0.32931, 0.08532
0.33085, 0.08539
0.33239, 0.08545
0.33393, 0.08551
0.33548, 0.08557
0.33702, 0.08563
0.33857, 0.08568
0.34012, 0.08573
0.34167, 0.08578
0.34322, 0.08583
0.34477, 0.08588
0.34632, 0.08592
0.34788, 0.08596
0.34944, 0.08600
0.35099, 0.08604
0.35255, 0.08607
0.35411, 0.08610
0.35567, 0.08613
0.35723, 0.08616
0.35880, 0.08619
0.36036, 0.08621
0.36192, 0.08623
0.36349, 0.08625
0.36506, 0.08627
0.36662, 0.08628
0.36819, 0.08629
0.36976, 0.08630
0.37133, 0.08631
0.37290, 0.08632
0.37448, 0.08632
0.37605, 0.08633
0.37762, 0.08633
0.37920, 0.08633
0.38077, 0.08632
0.38235, 0.08632
0.38393, 0.08631
0.38551, 0.08630
0.38709, 0.08629
0.38867, 0.08627
0.39025, 0.08626
0.39183, 0.08624
0.39341, 0.08622
0.39499, 0.08620
0.39657, 0.08617
0.39816, 0.08615
0.39974, 0.08612
0.40133, 0.08609
0.40291, 0.08606
0.40450, 0.08603
0.40608, 0.08599
0.40767, 0.08596
0.40926, 0.08592
0.41085, 0.08588
0.41243, 0.08583
0.41402, 0.08579
0.41561, 0.08574
0.41720, 0.08570
0.41879, 0.08565
0.42038, 0.08559
0.42197, 0.08554
0.42357, 0.08549
0.42516, 0.08543
0.42675, 0.08537
0.42834, 0.08531
0.42993, 0.08525
0.43153, 0.08519
0.43312, 0.08512
0.43471, 0.08505
0.43631, 0.08499
0.43790, 0.08492
0.43950, 0.08484
0.44109, 0.08477
0.44268, 0.08470
0.44428, 0.08462
0.44587, 0.08454
0.44747, 0.08446
0.44906, 0.08438
0.45066, 0.08430
0.45225, 0.08421
0.45385, 0.08413
0.45544, 0.08404
0.45704, 0.08395
0.45863, 0.08386
0.46023, 0.08377
0.46182, 0.08368
0.46342, 0.08358
0.46501, 0.08349
0.46661, 0.08339
0.46820, 0.08329
0.46980, 0.08319
0.47139, 0.08309
0.47299, 0.08299
0.47458, 0.08288
0.47617, 0.08278
0.47777, 0.08267
0.47936, 0.08256
0.48096, 0.08245
0.48255, 0.08234
0.48414, 0.08223
0.48573, 0.08212
0.48733, 0.08200
0.48892, 0.08189
0.49051, 0.08177
0.49210, 0.08165
0.49369, 0.08153
0.49529, 0.08141
0.49688, 0.08129
0.49847, 0.08117
0.50006, 0.08105
0.50165, 0.08092
0.50323, 0.08079
0.50482, 0.08067
0.50641, 0.08054
0.50800, 0.08041
0.50959, 0.08028
0.51117, 0.08015
0.51276, 0.08002
0.51434, 0.07988
0.51593, 0.07975
0.51751, 0.07962
0.51910, 0.07948
0.52068, 0.07934
0.52226, 0.07920
0.52385, 0.07907
0.52543, 0.07893
0.52701, 0.07879
0.52859, 0.07864
0.53017, 0.07850
0.53175, 0.07836
0.53333, 0.07821
0.53491, 0.07807
0.53648, 0.07792
0.53806, 0.07778
0.53963, 0.07763
0.54121, 0.07748
0.54278, 0.07734
0.54436, 0.07719
0.54593, 0.07704
0.54750, 0.07689
0.54907, 0.07673
0.55064, 0.07658
0.55221, 0.07643
0.55378, 0.07628
0.55535, 0.07612
0.55691, 0.07597
0.55848, 0.07581
0.56004, 0.07566
0.56161, 0.07550
0.56317, 0.07534
0.56473, 0.07519
0.56629, 0.07503
0.56785, 0.07487
0.56941, 0.07471
0.57097, 0.07455
0.57253, 0.07439
0.57408, 0.07423
0.57564, 0.07407
0.57719, 0.07391
0.57875, 0.07375
0.58030, 0.07359
0.58185, 0.07342
0.58340, 0.07326
0.58495, 0.07310
0.58649, 0.07293
0.58804, 0.07277
0.58959, 0.07261
0.59113, 0.07244
0.59267, 0.07228
0.59421, 0.07211
0.59575, 0.07195
0.59729, 0.07178
0.59883, 0.07161
0.60037, 0.07145
0.60190, 0.07128
0.60344, 0.07111
0.60497, 0.07095
0.60650, 0.07078
0.60803, 0.07061
0.60956, 0.07045
0.61109, 0.07028
0.61261, 0.07011
0.61414, 0.06994
0.61566, 0.06978
0.61719, 0.06961
0.61871, 0.06944
0.62023, 0.06927
0.62174, 0.06910
0.62326, 0.06894
0.62478, 0.06877
0.62629, 0.06860
0.62780, 0.06843
0.62931, 0.06826
0.63082, 0.06809
0.63233, 0.06793
0.63384, 0.06776
0.63534, 0.06759
0.63684, 0.06742
0.63835, 0.06725
0.63985, 0.06709
0.64135, 0.06692
0.64284, 0.06675
0.64434, 0.06658
0.64583, 0.06642
0.64732, 0.06625
0.64881, 0.06608
0.65030, 0.06591
0.65179, 0.06575
0.65328, 0.06558
0.65476, 0.06541
0.65624, 0.06525
0.65772, 0.06508
0.65920, 0.06492
0.66068, 0.06475
0.66216, 0.06458
0.66363, 0.06442
0.66510, 0.06425
0.66657, 0.06409
0.66804, 0.06393
0.66951, 0.06376
0.67098, 0.06360
0.67244, 0.06343
0.67391, 0.06327
0.67538, 0.06311
0.67684, 0.06294
0.67831, 0.06278
0.67977, 0.06262
0.68124, 0.06245
0.68270, 0.06229
0.68416, 0.06212
0.68562, 0.06196
0.68708, 0.06180
0.68855, 0.06163
0.69000, 0.06147
0.69146, 0.06130
0.69292, 0.06114
0.69438, 0.06097
0.69583, 0.06080
0.69729, 0.06064
0.69874, 0.06047
0.70020, 0.06030
0.70165, 0.06013
0.70310, 0.05996
0.70455, 0.05979
0.70600, 0.05962
0.70744, 0.05945
0.70889, 0.05928
0.71034, 0.05910
0.71178, 0.05893
0.71322, 0.05876
0.71466, 0.05858
0.71610, 0.05840
0.71754, 0.05823
0.71898, 0.05805
0.72041, 0.05787
0.72185, 0.05769
0.72328, 0.05750
0.72471, 0.05732
0.72614, 0.05714
0.72757, 0.05695
0.72899, 0.05676
0.73042, 0.05658
0.73184, 0.05639
0.73326, 0.05620
0.73468, 0.05600
0.73610, 0.05581
0.73751, 0.05562
0.73893, 0.05542
0.74034, 0.05522
0.74175, 0.05502
0.74316, 0.05482
0.74457, 0.05462
0.74597, 0.05442
0.74737, 0.05421
0.74877, 0.05400
0.75017, 0.05379
0.75157, 0.05358
0.75296, 0.05337
0.75435, 0.05316
0.75573, 0.05294
0.75711, 0.05273
0.75849, 0.05251
0.75986, 0.05229
0.76123, 0.05207
0.76259, 0.05185
0.76395, 0.05163
0.76531, 0.05141
0.76666, 0.05118
0.76800, 0.05096
0.76935, 0.05073
0.77069, 0.05051
0.77202, 0.05028
0.77335, 0.05005
0.77468, 0.04983
0.77600, 0.04960
0.77732, 0.04937
0.77863, 0.04914
0.77994, 0.04891
0.78125, 0.04868
0.78255, 0.04845
0.78385, 0.04822
0.78515, 0.04800
0.78644, 0.04777
0.78773, 0.04754
0.78901, 0.04731
0.79029, 0.04708
0.79156, 0.04685
0.79283, 0.04662
0.79410, 0.04639
0.79536, 0.04617
0.79662, 0.04594
0.79788, 0.04571
0.79913, 0.04549
0.80038, 0.04526
0.80162, 0.04504
0.80286, 0.04481
0.80410, 0.04459
0.80533, 0.04437
0.80656, 0.04415
0.80779, 0.04393
0.80901, 0.04371
0.81023, 0.04349
0.81144, 0.04327
0.81265, 0.04305
0.81386, 0.04284
0.81506, 0.04262
0.81626, 0.04241
0.81745, 0.04220
0.81864, 0.04198
0.81983, 0.04177
0.82102, 0.04157
0.82220, 0.04136
0.82337, 0.04115
0.82455, 0.04095
0.82572, 0.04075
0.82688, 0.04054
0.82804, 0.04034
0.82920, 0.04014
0.83036, 0.03995
0.83151, 0.03975
0.83266, 0.03956
0.83380, 0.03937
0.83494, 0.03917
0.83608, 0.03899
0.83721, 0.03880
0.83835, 0.03861
0.83947, 0.03843
0.84060, 0.03825
0.84173, 0.03806
0.84285, 0.03788
0.84396, 0.03771
0.84508, 0.03753
0.84619, 0.03735
0.84730, 0.03718
0.84841, 0.03701
0.84951, 0.03684
0.85062, 0.03667
0.85171, 0.03650
0.85281, 0.03633
0.85390, 0.03616
0.85499, 0.03600
0.85608, 0.03584
0.85716, 0.03567
0.85824, 0.03551
0.85932, 0.03535
0.86039, 0.03520
0.86146, 0.03504
0.86253, 0.03488
0.86360, 0.03473
0.86466, 0.03457
0.86572, 0.03442
0.86677, 0.03427
0.86782, 0.03412
0.86887, 0.03397
0.86992, 0.03382
0.87096, 0.03368
0.87200, 0.03353
0.87303, 0.03339
0.87407, 0.03324
0.87510, 0.03310
0.87612, 0.03296
0.87714, 0.03282
0.87816, 0.03268
0.87918, 0.03254
0.88019, 0.03240
0.88120, 0.03226
0.88221, 0.03213
0.88321, 0.03199
0.88421, 0.03186
0.88520, 0.03172
0.88619, 0.03159
0.88718, 0.03146
0.88817, 0.03133
0.88915, 0.03120
0.89012, 0.03107
0.89110, 0.03094
0.89207, 0.03082
0.89304, 0.03069
0.89400, 0.03056
0.89496, 0.03044
0.89591, 0.03031
0.89687, 0.03019
0.89781, 0.03007
0.89876, 0.02995
0.89970, 0.02982
0.90064, 0.02970
0.90157, 0.02958
0.90250, 0.02946
0.90343, 0.02935
0.90435, 0.02923
0.90527, 0.02911
0.90618, 0.02900
0.90709, 0.02888
0.90800, 0.02876
0.90890, 0.02865
0.90980, 0.02854
0.91070, 0.02842
0.91159, 0.02831
0.91247, 0.02820
0.91336, 0.02809
0.91424, 0.02798
0.91511, 0.02787
0.91599, 0.02776
0.91685, 0.02765
0.91772, 0.02754
0.91858, 0.02743
0.91943, 0.02733
0.92028, 0.02722
0.92113, 0.02711
0.92198, 0.02701
0.92281, 0.02690
0.92365, 0.02680
0.92448, 0.02670
0.92531, 0.02659
0.92613, 0.02649
0.92695, 0.02639
0.92777, 0.02629
0.92858, 0.02619
0.92938, 0.02609
0.93019, 0.02599
0.93098, 0.02589
0.93178, 0.02579
0.93257, 0.02569
0.93335, 0.02559
0.93414, 0.02549
0.93491, 0.02540
0.93569, 0.02530
0.93646, 0.02520
0.93722, 0.02511
0.93798, 0.02501
0.93874, 0.02492
0.93949, 0.02483
0.94024, 0.02473
0.94098, 0.02464
0.94172, 0.02455
0.94245, 0.02445
0.94318, 0.02436
0.94391, 0.02427
0.94463, 0.02418
0.94535, 0.02409
0.94606, 0.02400
0.94677, 0.02391
0.94747, 0.02382
0.94817, 0.02374
0.94887, 0.02365
0.94956, 0.02356
0.95025, 0.02347
0.95093, 0.02339
0.95161, 0.02330
0.95228, 0.02322
0.95295, 0.02313
0.95361, 0.02305
0.95427, 0.02296
0.95493, 0.02288
0.95558, 0.02280
0.95622, 0.02271
0.95687, 0.02263
0.95750, 0.02255
0.95814, 0.02247
0.95876, 0.02239
0.95939, 0.02231
0.96001, 0.02223
0.96062, 0.02215
0.96123, 0.02207
0.96184, 0.02199
0.96244, 0.02191
0.96303, 0.02184
0.96363, 0.02176
0.96421, 0.02168
0.96479, 0.02161
0.96537, 0.02153
0.96595, 0.02146
0.96652, 0.02138
0.96708, 0.02131
0.96764, 0.02124
0.96819, 0.02116
0.96874, 0.02109
0.96929, 0.02102
0.96983, 0.02095
0.97037, 0.02088
0.97090, 0.02081
0.97143, 0.02074
0.97195, 0.02067
0.97247, 0.02060
0.97298, 0.02053
0.97349, 0.02046
0.97399, 0.02039
0.97449, 0.02033
0.97498, 0.02026
0.97547, 0.02020
0.97596, 0.02013
0.97644, 0.02007
0.97691, 0.02000
0.97738, 0.01994
0.97785, 0.01988
0.97831, 0.01981
0.97877, 0.01975
0.97922, 0.01969
0.97966, 0.01963
0.98011, 0.01957
0.98054, 0.01951
0.98098, 0.01945
0.98140, 0.01939
0.98183, 0.01933
0.98224, 0.01928
0.98266, 0.01922
0.98307, 0.01916
0.98347, 0.01911
0.98387, 0.01905
0.98426, 0.01900
0.98465, 0.01894
0.98504, 0.01889
0.98542, 0.01884
0.98579, 0.01879
0.98616, 0.01873
0.98653, 0.01868
0.98689, 0.01863
0.98724, 0.01858
0.98759, 0.01853
0.98794, 0.01848
0.98828, 0.01844
0.98862, 0.01839
0.98895, 0.01834
0.98928, 0.01830
0.98960, 0.01825
0.98992, 0.01821
0.99023, 0.01816
0.99053, 0.01812
0.99084, 0.01808
0.99113, 0.01803
0.99143, 0.01799
0.99172, 0.01795
0.99200, 0.01791
0.99228, 0.01787
0.99255, 0.01783
0.99282, 0.01779
0.99308, 0.01776
0.99334, 0.01772
0.99359, 0.01768
0.99384, 0.01765
0.99409, 0.01761
0.99432, 0.01758
0.99456, 0.01754
0.99479, 0.01751
0.99501, 0.01748
0.99523, 0.01745
0.99545, 0.01741
0.99566, 0.01738
0.99586, 0.01735
0.99606, 0.01733
0.99625, 0.01730
0.99644, 0.01727
0.99663, 0.01724
0.99681, 0.01722
0.99698, 0.01719
0.99715, 0.01717
0.99732, 0.01714
0.99748, 0.01712
0.99764, 0.01710
0.99779, 0.01707
0.99793, 0.01705
0.99807, 0.01703
0.99821, 0.01701
0.99834, 0.01699
0.99847, 0.01697
0.99859, 0.01696
0.99870, 0.01694
0.99881, 0.01692
0.99892, 0.01691
0.99902, 0.01689
0.99912, 0.01688
0.99921, 0.01687
0.99930, 0.01685
0.99938, 0.01684
0.99945, 0.01683
0.99952, 0.01682
0.99959, 0.01681
0.99965, 0.01680
0.99971, 0.01679
0.99976, 0.01678
0.99981, 0.01678
0.99985, 0.01677
0.99989, 0.01677
0.99992, 0.01676
0.99995, 0.01676
0.99997, 0.01675
0.99999, 0.01675
1.00000, 0.01675
1.00001, 0.01675
1.00001, 0.01675

=== Lower Surface ===
0.00000, 0.01325
0.00003, 0.01297
0.00006, 0.01269
0.00009, 0.01241
0.00013, 0.01214
0.00017, 0.01186
0.00022, 0.01159
0.00028, 0.01131
0.00034, 0.01104
0.00040, 0.01077
0.00047, 0.01049
0.00055, 0.01022
0.00062, 0.00995
0.00071, 0.00968
0.00080, 0.00941
0.00089, 0.00915
0.00099, 0.00888
0.00109, 0.00861
0.00120, 0.00835
0.00131, 0.00808
0.00143, 0.00782
0.00155, 0.00755
0.00167, 0.00729
0.00180, 0.00703
0.00194, 0.00677
0.00208, 0.00651
0.00223, 0.00625
0.00237, 0.00599
0.00253, 0.00573
0.00269, 0.00547
0.00285, 0.00522
0.00302, 0.00496
0.00319, 0.00470
0.00337, 0.00445
0.00355, 0.00420
0.00374, 0.00394
0.00393, 0.00369
0.00413, 0.00344
0.00433, 0.00319
0.00453, 0.00294
0.00474, 0.00269
0.00496, 0.00244
0.00518, 0.00219
0.00540, 0.00194
0.00563, 0.00169
0.00586, 0.00145
0.00610, 0.00120
0.00634, 0.00096
0.00659, 0.00071
0.00684, 0.00047
0.00709, 0.00022
0.00735, -0.00002
0.00762, -0.00026
0.00788, -0.00050
0.00816, -0.00074
0.00843, -0.00098
0.00872, -0.00122
0.00900, -0.00146
0.00929, -0.00170
0.00959, -0.00194
0.00989, -0.00217
0.01019, -0.00241
0.01050, -0.00265
0.01081, -0.00288
0.01113, -0.00312
0.01145, -0.00335
0.01178, -0.00359
0.01211, -0.00382
0.01244, -0.00405
0.01278, -0.00428
0.01312, -0.00452
0.01347, -0.00475
0.01382, -0.00498
0.01418, -0.00521
0.01454, -0.00544
0.01491, -0.00567
0.01527, -0.00590
0.01565, -0.00612
0.01603, -0.00635
0.01641, -0.00658
0.01680, -0.00681
0.01719, -0.00703
0.01758, -0.00726
0.01798, -0.00748
0.01838, -0.00771
0.01879, -0.00793
0.01920, -0.00816
0.01962, -0.00838
0.02004, -0.00861
0.02047, -0.00883
0.02090, -0.00905
0.02133, -0.00927
0.02177, -0.00949
0.02221, -0.00972
0.02266, -0.00994
0.02311, -0.01016
0.02356, -0.01038
0.02402, -0.01060
0.02448, -0.01082
0.02495, -0.01104
0.02542, -0.01125
0.02590, -0.01147
0.02638, -0.01169
0.02686, -0.01191
0.02735, -0.01213
0.02784, -0.01234
0.02834, -0.01256
0.02884, -0.01278
0.02935, -0.01299
0.02986, -0.01321
0.03037, -0.01343
0.03089, -0.01364
0.03141, -0.01386
0.03194, -0.01407
0.03247, -0.01429
0.03300, -0.01450
0.03354, -0.01471
0.03409, -0.01493
0.03463, -0.01514
0.03519, -0.01535
0.03574, -0.01557
0.03630, -0.01578
0.03687, -0.01599
0.03743, -0.01620
0.03801, -0.01642
0.03858, -0.01663
0.03917, -0.01684
0.03975, -0.01705
0.04034, -0.01726
0.04094, -0.01747
0.04153, -0.01768
0.04214, -0.01789
0.04274, -0.01811
0.04335, -0.01832
0.04397, -0.01853
0.04459, -0.01874
0.04521, -0.01894
0.04584, -0.01915
0.04647, -0.01936
0.04711, -0.01957
0.04775, -0.01978
0.04840, -0.01999
0.04905, -0.02020
0.04970, -0.02041
0.05036, -0.02061
0.05102, -0.02082
0.05169, -0.02103
0.05236, -0.02124
0.05303, -0.02144
0.05371, -0.02165
0.05439, -0.02186
0.05508, -0.02206
0.05578, -0.02227
0.05647, -0.02248
0.05717, -0.02268
0.05788, -0.02289
0.05859, -0.02310
0.05930, -0.02330
0.06002, -0.02351
0.06074, -0.02371
0.06147, -0.02392
0.06220, -0.02412
0.06294, -0.02433
0.06368, -0.02453
0.06442, -0.02474
0.06517, -0.02494
0.06593, -0.02514
0.06668, -0.02535
0.06745, -0.02555
0.06821, -0.02575
0.06899, -0.02596
0.06976, -0.02616
0.07054, -0.02636
0.07133, -0.02656
0.07212, -0.02676
0.07291, -0.02697
0.07371, -0.02717
0.07451, -0.02737
0.07532, -0.02757
0.07613, -0.02777
0.07694, -0.02797
0.07777, -0.02817
0.07859, -0.02837
0.07942, -0.02857
0.08026, -0.02877
0.08109, -0.02897
0.08194, -0.02917
0.08279, -0.02936
0.08364, -0.02956
0.08450, -0.02976
0.08536, -0.02995
0.08622, -0.03015
0.08710, -0.03035
0.08797, -0.03054
0.08885, -0.03074
0.08974, -0.03093
0.09063, -0.03113
0.09152, -0.03132
0.09242, -0.03151
0.09333, -0.03171
0.09423, -0.03190
0.09515, -0.03209
0.09607, -0.03228
0.09699, -0.03247
0.09792, -0.03266
0.09885, -0.03285
0.09979, -0.03304
0.10073, -0.03323
0.10167, -0.03341
0.10263, -0.03360
0.10358, -0.03379
0.10454, -0.03397
0.10551, -0.03416
0.10648, -0.03434
0.10746, -0.03452
0.10844, -0.03470
0.10942, -0.03489
0.11041, -0.03507
0.11141, -0.03525
0.11241, -0.03542
0.11341, -0.03560
0.11442, -0.03578
0.11544, -0.03595
0.11646, -0.03613
0.11748, -0.03630
0.11851, -0.03648
0.11955, -0.03665
0.12059, -0.03682
0.12163, -0.03699
0.12268, -0.03716
0.12374, -0.03732
0.12480, -0.03749
0.12586, -0.03765
0.12693, -0.03782
0.12800, -0.03798
0.12908, -0.03814
0.13017, -0.03830
0.13126, -0.03846
0.13236, -0.03861
0.13346, -0.03877
0.13456, -0.03892
0.13567, -0.03907
0.13679, -0.03922
0.13791, -0.03937
0.13904, -0.03952
0.14017, -0.03967
0.14131, -0.03981
0.14245, -0.03995
0.14360, -0.04009
0.14475, -0.04023
0.14591, -0.04036
0.14708, -0.04050
0.14824, -0.04063
0.14942, -0.04076
0.15060, -0.04089
0.15179, -0.04101
0.15298, -0.04114
0.15418, -0.04126
0.15538, -0.04138
0.15659, -0.04149
0.15780, -0.04161
0.15902, -0.04172
0.16024, -0.04183
0.16147, -0.04193
0.16271, -0.04203
0.16395, -0.04214
0.16519, -0.04223
0.16645, -0.04233
0.16770, -0.04242
0.16897, -0.04251
0.17024, -0.04259
0.17151, -0.04268
0.17279, -0.04276
0.17408, -0.04283
0.17537, -0.04291
0.17666, -0.04298
0.17797, -0.04304
0.17927, -0.04310
0.18059, -0.04316
0.18191, -0.04322
0.18323, -0.04327
0.18456, -0.04332
0.18590, -0.04336
0.18724, -0.04340
0.18859, -0.04344
0.18994, -0.04347
0.19130, -0.04350
0.19266, -0.04352
0.19403, -0.04354
0.19541, -0.04355
0.19679, -0.04356
0.19817, -0.04357
0.19957, -0.04357
0.20096, -0.04357
0.20237, -0.04356
0.20377, -0.04354
0.20518, -0.04352
0.20659, -0.04350
0.20800, -0.04347
0.20941, -0.04344
0.21082, -0.04340
0.21223, -0.04336
0.21364, -0.04332
0.21504, -0.04327
0.21645, -0.04322
0.21785, -0.04316
0.21926, -0.04310
0.22066, -0.04304
0.22206, -0.04297
0.22346, -0.04290
0.22486, -0.04283
0.22626, -0.04275
0.22766, -0.04267
0.22906, -0.04259
0.23045, -0.04251
0.23184, -0.04242
0.23324, -0.04233
0.23463, -0.04224
0.23601, -0.04214
0.23740, -0.04204
0.23879, -0.04194
0.24017, -0.04184
0.24155, -0.04174
0.24293, -0.04163
0.24431, -0.04152
0.24569, -0.04141
0.24706, -0.04130
0.24843, -0.04119
0.24981, -0.04108
0.25117, -0.04097
0.25254, -0.04085
0.25390, -0.04073
0.25527, -0.04062
0.25663, -0.04050
0.25798, -0.04038
0.25934, -0.04026
0.26069, -0.04014
0.26204, -0.04003
0.26339, -0.03991
0.26473, -0.03979
0.26607, -0.03967
0.26741, -0.03955
0.26875, -0.03943
0.27008, -0.03931
0.27142, -0.03919
0.27275, -0.03908
0.27407, -0.03896
0.27541, -0.03884
0.27674, -0.03873
0.27807, -0.03861
0.27941, -0.03850
0.28075, -0.03838
0.28209, -0.03827
0.28343, -0.03815
0.28478, -0.03804
0.28613, -0.03793
0.28748, -0.03781
0.28883, -0.03770
0.29018, -0.03759
0.29154, -0.03748
0.29290, -0.03736
0.29426, -0.03725
0.29562, -0.03714
0.29699, -0.03703
0.29836, -0.03692
0.29973, -0.03681
0.30110, -0.03670
0.30247, -0.03659
0.30385, -0.03648
0.30523, -0.03637
0.30661, -0.03626
0.30799, -0.03615
0.30938, -0.03604
0.31076, -0.03593
0.31215, -0.03583
0.31354, -0.03572
0.31494, -0.03561
0.31633, -0.03551
0.31773, -0.03540
0.31913, -0.03529
0.32053, -0.03519
0.32193, -0.03508
0.32334, -0.03498
0.32474, -0.03487
0.32615, -0.03477
0.32756, -0.03467
0.32898, -0.03456
0.33039, -0.03446
0.33181, -0.03436
0.33323, -0.03426
0.33465, -0.03415
0.33607, -0.03405
0.33750, -0.03395
0.33892, -0.03385
0.34035, -0.03375
0.34178, -0.03365
0.34321, -0.03355
0.34465, -0.03345
0.34608, -0.03335
0.34752, -0.03325
0.34896, -0.03316
0.35040, -0.03306
0.35184, -0.03296
0.35329, -0.03286
0.35474, -0.03277
0.35618, -0.03267
0.35763, -0.03258
0.35909, -0.03248
0.36054, -0.03238
0.36200, -0.03229
0.36345, -0.03219
0.36491, -0.03210
0.36637, -0.03201
0.36783, -0.03191
0.36930, -0.03182
0.37076, -0.03173
0.37223, -0.03163
0.37370, -0.03154
0.37517, -0.03145
0.37664, -0.03136
0.37811, -0.03127
0.37959, -0.03118
0.38106, -0.03109
0.38254, -0.03100
0.38402, -0.03091
0.38550, -0.03082
0.38699, -0.03073
0.38847, -0.03064
0.38996, -0.03055
0.39144, -0.03047
0.39293, -0.03038
0.39442, -0.03029
0.39591, -0.03020
0.39741, -0.03012
0.39890, -0.03003
0.40040, -0.02994
0.40189, -0.02986
0.40339, -0.02977
0.40489, -0.02969
0.40639, -0.02960
0.40789, -0.02952
0.40940, -0.02943
0.41090, -0.02935
0.41241, -0.02927
0.41392, -0.02918
0.41543, -0.02910
0.41694, -0.02902
0.41845, -0.02893
0.41996, -0.02885
0.42147, -0.02877
0.42299, -0.02869
0.42450, -0.02861
0.42602, -0.02853
0.42754, -0.02845
0.42906, -0.02836
0.43058, -0.02828
0.43210, -0.02820
0.43363, -0.02812
0.43515, -0.02804
0.43667, -0.02797
0.43820, -0.02789
0.43973, -0.02781
0.44126, -0.02773
0.44278, -0.02765
0.44432, -0.02757
0.44585, -0.02749
0.44738, -0.02741
0.44891, -0.02734
0.45045, -0.02726
0.45198, -0.02718
0.45352, -0.02710
0.45505, -0.02703
0.45659, -0.02695
0.45813, -0.02687
0.45967, -0.02680
0.46121, -0.02672
0.46275, -0.02665
0.46429, -0.02657
0.46583, -0.02649
0.46738, -0.02642
0.46892, -0.02634
0.47046, -0.02627
0.47201, -0.02619
0.47355, -0.02612
0.47510, -0.02604
0.47665, -0.02596
0.47820, -0.02589
0.47975, -0.02581
0.48129, -0.02574
0.48284, -0.02567
0.48439, -0.02559
0.48595, -0.02552
0.48750, -0.02544
0.48905, -0.02537
0.49060, -0.02529
0.49215, -0.02522
0.49371, -0.02514
0.49526, -0.02507
0.49682, -0.02500
0.49837, -0.02492
0.49993, -0.02485
0.50148, -0.02477
0.50304, -0.02470
0.50460, -0.02462
0.50615, -0.02455
0.50771, -0.02448
0.50927, -0.02440
0.51082, -0.02433
0.51238, -0.02425
0.51394, -0.02418
0.51550, -0.02410
0.51706, -0.02403
0.51862, -0.02395
0.52018, -0.02388
0.52174, -0.02381
0.52330, -0.02373
0.52486, -0.02366
0.52641, -0.02358
0.52797, -0.02351
0.52953, -0.02343
0.53109, -0.02336
0.53265, -0.02328
0.53422, -0.02320
0.53578, -0.02313
0.53734, -0.02305
0.53890, -0.02298
0.54046, -0.02290
0.54202, -0.02283
0.54358, -0.02275
0.54514, -0.02267
0.54670, -0.02260
0.54826, -0.02252
0.54982, -0.02244
0.55137, -0.02236
0.55293, -0.02229
0.55449, -0.02221
0.55605, -0.02213
0.55761, -0.02205
0.55917, -0.02197
0.56073, -0.02190
0.56229, -0.02182
0.56384, -0.02174
0.56540, -0.02166
0.56696, -0.02158
0.56851, -0.02150
0.57007, -0.02142
0.57163, -0.02134
0.57318, -0.02126
0.57474, -0.02118
0.57629, -0.02110
0.57784, -0.02101
0.57940, -0.02093
0.58095, -0.02085
0.58250, -0.02077
0.58406, -0.02068
0.58561, -0.02060
0.58716, -0.02052
0.58871, -0.02043
0.59026, -0.02035
0.59181, -0.02027
0.59336, -0.02018
0.59491, -0.02009
0.59645, -0.02001
0.59800, -0.01992
0.59954, -0.01984
0.60109, -0.01975
0.60263, -0.01966
0.60418, -0.01957
0.60572, -0.01949
0.60726, -0.01940
0.60880, -0.01931
0.61034, -0.01922
0.61188, -0.01913
0.61342, -0.01904
0.61496, -0.01895
0.61650, -0.01886
0.61803, -0.01876
0.61957, -0.01867
0.62110, -0.01858
0.62263, -0.01849
0.62417, -0.01839
0.62570, -0.01830
0.62723, -0.01820
0.62876, -0.01811
0.63028, -0.01801
0.63181, -0.01792
0.63334, -0.01782
0.63486, -0.01772
0.63638, -0.01762
0.63791, -0.01753
0.63943, -0.01743
0.64095, -0.01733
0.64247, -0.01723
0.64398, -0.01713
0.64550, -0.01703
0.64701, -0.01692
0.64853, -0.01682
0.65004, -0.01672
0.65155, -0.01662
0.65306, -0.01651
0.65457, -0.01641
0.65607, -0.01630
0.65758, -0.01620
0.65908, -0.01609
0.66059, -0.01598
0.66209, -0.01588
0.66359, -0.01577
0.66509, -0.01566
0.66658, -0.01555
0.66807, -0.01544
0.66957, -0.01533
0.67105, -0.01522
0.67254, -0.01511
0.67402, -0.01499
0.67550, -0.01488
0.67698, -0.01477
0.67845, -0.01465
0.67992, -0.01454
0.68139, -0.01443
0.68285, -0.01431
0.68431, -0.01420
0.68577, -0.01409
0.68723, -0.01397
0.68868, -0.01386
0.69013, -0.01374
0.69158, -0.01363
0.69302, -0.01352
0.69446, -0.01340
0.69590, -0.01329
0.69734, -0.01318
0.69877, -0.01306
0.70020, -0.01295
0.70163, -0.01284
0.70305, -0.01273
0.70447, -0.01262
0.70589, -0.01251
0.70730, -0.01240
0.70872, -0.01229
0.71013, -0.01218
0.71153, -0.01207
0.71294, -0.01197
0.71434, -0.01186
0.71574, -0.01175
0.71713, -0.01165
0.71852, -0.01155
0.71991, -0.01144
0.72130, -0.01134
0.72268, -0.01124
0.72406, -0.01114
0.72544, -0.01104
0.72682, -0.01094
0.72819, -0.01085
0.72956, -0.01075
0.73093, -0.01065
0.73229, -0.01056
0.73365, -0.01047
0.73501, -0.01038
0.73636, -0.01029
0.73772, -0.01020
0.73907, -0.01011
0.74041, -0.01003
0.74176, -0.00994
0.74310, -0.00986
0.74444, -0.00978
0.74577, -0.00970
0.74710, -0.00962
0.74843, -0.00954
0.74976, -0.00947
0.75109, -0.00940
0.75242, -0.00932
0.75374, -0.00925
0.75507, -0.00918
0.75639, -0.00912
0.75771, -0.00905
0.75904, -0.00898
0.76036, -0.00892
0.76168, -0.00886
0.76300, -0.00880
0.76431, -0.00874
0.76563, -0.00868
0.76695, -0.00862
0.76826, -0.00856
0.76957, -0.00850
0.77088, -0.00844
0.77219, -0.00839
0.77350, -0.00833
0.77481, -0.00828
0.77612, -0.00823
0.77742, -0.00817
0.77872, -0.00812
0.78002, -0.00807
0.78132, -0.00801
0.78262, -0.00796
0.78392, -0.00791
0.78521, -0.00786
0.78651, -0.00781
0.78780, -0.00775
0.78909, -0.00770
0.79037, -0.00765
0.79166, -0.00760
0.79294, -0.00755
0.79422, -0.00750
0.79550, -0.00744
0.79678, -0.00739
0.79805, -0.00734
0.79933, -0.00729
0.80060, -0.00723
0.80187, -0.00718
0.80313, -0.00712
0.80440, -0.00707
0.80566, -0.00701
0.80692, -0.00696
0.80818, -0.00690
0.80943, -0.00684
0.81069, -0.00679
0.81194, -0.00673
0.81318, -0.00667
0.81443, -0.00661
0.81567, -0.00655
0.81691, -0.00648
0.81815, -0.00642
0.81939, -0.00636
0.82062, -0.00629
0.82185, -0.00623
0.82307, -0.00616
0.82430, -0.00609
0.82552, -0.00602
0.82674, -0.00595
0.82795, -0.00588
0.82917, -0.00581
0.83038, -0.00573
0.83158, -0.00566
0.83279, -0.00558
0.83399, -0.00550
0.83518, -0.00542
0.83638, -0.00534
0.83756, -0.00526
0.83875, -0.00518
0.83993, -0.00509
0.84110, -0.00501
0.84228, -0.00492
0.84345, -0.00483
0.84461, -0.00475
0.84577, -0.00466
0.84693, -0.00457
0.84808, -0.00447
0.84923, -0.00438
0.85037, -0.00429
0.85151, -0.00419
0.85265, -0.00410
0.85378, -0.00400
0.85491, -0.00390
0.85604, -0.00380
0.85716, -0.00371
0.85827, -0.00361
0.85938, -0.00351
0.86049, -0.00340
0.86160, -0.00330
0.86270, -0.00320
0.86379, -0.00310
0.86489, -0.00299
0.86598, -0.00289
0.86706, -0.00278
0.86814, -0.00268
0.86922, -0.00257
0.87029, -0.00246
0.87136, -0.00236
0.87242, -0.00225
0.87348, -0.00214
0.87454, -0.00203
0.87559, -0.00192
0.87664, -0.00181
0.87768, -0.00170
0.87872, -0.00159
0.87975, -0.00148
0.88079, -0.00137
0.88181, -0.00126
0.88284, -0.00115
0.88385, -0.00103
0.88487, -0.00092
0.88588, -0.00081
0.88689, -0.00070
0.88789, -0.00058
0.88889, -0.00047
0.88988, -0.00036
0.89087, -0.00024
0.89186, -0.00013
0.89284, -0.00002
0.89382, 0.00010
0.89479, 0.00021
0.89576, 0.00033
0.89673, 0.00044
0.89769, 0.00055
0.89865, 0.00067
0.89960, 0.00078
0.90055, 0.00090
0.90149, 0.00101
0.90243, 0.00113
0.90337, 0.00124
0.90430, 0.00135
0.90523, 0.00147
0.90615, 0.00158
0.90707, 0.00170
0.90798, 0.00181
0.90890, 0.00192
0.90980, 0.00204
0.91070, 0.00215
0.91160, 0.00226
0.91250, 0.00238
0.91339, 0.00249
0.91427, 0.00260
0.91515, 0.00272
0.91603, 0.00283
0.91690, 0.00294
0.91777, 0.00305
0.91864, 0.00316
0.91950, 0.00327
0.92035, 0.00339
0.92120, 0.00350
0.92205, 0.00361
0.92289, 0.00372
0.92373, 0.00383
0.92456, 0.00394
0.92539, 0.00405
0.92622, 0.00416
0.92704, 0.00426
0.92786, 0.00437
0.92867, 0.00448
0.92948, 0.00459
0.93028, 0.00470
0.93108, 0.00480
0.93188, 0.00491
0.93267, 0.00501
0.93346, 0.00512
0.93424, 0.00523
0.93502, 0.00533
0.93579, 0.00543
0.93656, 0.00554
0.93732, 0.00564
0.93808, 0.00574
0.93884, 0.00585
0.93959, 0.00595
0.94034, 0.00605
0.94108, 0.00615
0.94182, 0.00625
0.94255, 0.00635
0.94328, 0.00645
0.94401, 0.00655
0.94473, 0.00665
0.94544, 0.00675
0.94616, 0.00684
0.94686, 0.00694
0.94757, 0.00704
0.94826, 0.00713
0.94896, 0.00723
0.94965, 0.00732
0.95033, 0.00742
0.95101, 0.00751
0.95169, 0.00761
0.95236, 0.00770
0.95303, 0.00779
0.95369, 0.00788
0.95435, 0.00797
0.95500, 0.00806
0.95565, 0.00815
0.95630, 0.00824
0.95694, 0.00833
0.95757, 0.00842
0.95820, 0.00851
0.95883, 0.00859
0.95945, 0.00868
0.96007, 0.00876
0.96068, 0.00885
0.96129, 0.00893
0.96189, 0.00902
0.96249, 0.00910
0.96309, 0.00918
0.96368, 0.00926
0.96426, 0.00934
0.96484, 0.00943
0.96542, 0.00950
0.96599, 0.00958
0.96656, 0.00966
0.96712, 0.00974
0.96768, 0.00982
0.96823, 0.00989
0.96878, 0.00997
0.96932, 0.01005
0.96986, 0.01012
0.97040, 0.01019
0.97093, 0.01027
0.97145, 0.01034
0.97197, 0.01041
0.97249, 0.01048
0.97300, 0.01055
0.97351, 0.01062
0.97401, 0.01069
0.97451, 0.01076
0.97500, 0.01083
0.97549, 0.01090
0.97597, 0.01096
0.97645, 0.01103
0.97692, 0.01110
0.97739, 0.01116
0.97786, 0.01122
0.97832, 0.01129
0.97877, 0.01135
0.97922, 0.01141
0.97967, 0.01147
0.98011, 0.01153
0.98054, 0.01159
0.98098, 0.01165
0.98140, 0.01171
0.98183, 0.01177
0.98224, 0.01183
0.98265, 0.01188
0.98306, 0.01194
0.98347, 0.01199
0.98386, 0.01205
0.98426, 0.01210
0.98465, 0.01216
0.98503, 0.01221
0.98541, 0.01226
0.98578, 0.01231
0.98615, 0.01236
0.98652, 0.01241
0.98688, 0.01246
0.98723, 0.01251
0.98758, 0.01256
0.98793, 0.01260
0.98827, 0.01265
0.98860, 0.01270
0.98894, 0.01274
0.98926, 0.01279
0.98958, 0.01283
0.98990, 0.01287
0.99021, 0.01291
0.99052, 0.01296
0.99082, 0.01300
0.99112, 0.01304
0.99141, 0.01308
0.99170, 0.01312
0.99198, 0.01315
0.99226, 0.01319
0.99253, 0.01323
0.99280, 0.01326
0.99306, 0.01330
0.99332, 0.01333
0.99357, 0.01337
0.99382, 0.01340
0.99407, 0.01343
0.99430, 0.01347
0.99454, 0.01350
0.99477, 0.01353
0.99499, 0.01356
0.99521, 0.01359
0.99543, 0.01362
0.99564, 0.01365
0.99584, 0.01367
0.99604, 0.01370
0.99623, 0.01373
0.99642, 0.01375
0.99661, 0.01378
0.99679, 0.01380
0.99696, 0.01382
0.99713, 0.01385
0.99730, 0.01387
0.99746, 0.01389
0.99762, 0.01391
0.99777, 0.01393
0.99791, 0.01395
0.99805, 0.01397
0.99819, 0.01399
0.99832, 0.01401
0.99845, 0.01402
0.99857, 0.01404
0.99868, 0.01405
0.99879, 0.01407
0.99890, 0.01408
0.99900, 0.01410
0.99910, 0.01411
0.99919, 0.01412
0.99928, 0.01413
0.99936, 0.01414
0.99943, 0.01415
0.99951, 0.01416
0.99957, 0.01417
0.99963, 0.01418
0.99969, 0.01419
0.99974, 0.01419
0.99979, 0.01420
0.99983, 0.01421
0.99987, 0.01421
0.99990, 0.01422
0.99993, 0.01422
0.99995, 0.01422
0.99997, 0.01422
0.99998, 0.01423
0.99999, 0.01423
0.99999, 0.01423
