=== Airfoil Parameters ===
m = 0.02
p = 0.4
t = 0.12

=== Control Points ===
0.00000, 0.02062, 0.02062
0.06667, 0.02861, 0.02250
0.13333, 0.03404, 0.02293
0.20000, 0.03538, 0.02038
0.26667, 0.03451, 0.01673
0.66667, 0.02871, 0.01266
0.75000, 0.02019, 0.00700
0.83333, 0.01139, 0.00182
0.91667, 0.00674, 0.00157
1.00000, 0.00473, 0.00473

=== Upper Surface ===
0.00000, 0.02062
-0.00004, 0.02090
-0.00006, 0.02118
-0.00008, 0.02146
-0.00010, 0.02173
-0.00012, 0.02201
-0.00012, 0.02229
-0.00013, 0.02257
-0.00012, 0.02285
-0.00012, 0.02313
-0.00011, 0.02341
-0.00009, 0.02369
-0.00007, 0.02397
-0.00004, 0.02425
-0.00001, 0.02454
0.00003, 0.02482
0.00007, 0.02510
0.00012, 0.02538
0.00017, 0.02566
0.00023, 0.02595
0.00029, 0.02623
0.00036, 0.02651
0.00043, 0.02680
0.00050, 0.02708
0.00059, 0.02736
0.00067, 0.02765
0.00076, 0.02793
0.00086, 0.02821
0.00096, 0.02850
0.00107, 0.02878
0.00118, 0.02907
0.00130, 0.02935
0.00142, 0.02964
0.00155, 0.02993
0.00168, 0.03021
0.00181, 0.03050
0.00196, 0.03078
0.00210, 0.03107
0.00225, 0.03136
0.00241, 0.03165
0.00257, 0.03193
0.00274, 0.03222
0.00291, 0.03251
0.00309, 0.03280
0.00327, 0.03308
0.00345, 0.03337
0.00365, 0.03366
0.00384, 0.03395
0.00404, 0.03424
0.00425, 0.03453
0.00446, 0.03482
0.00468, 0.03511
0.00490, 0.03539
0.00513, 0.03568
0.00536, 0.03597
0.00559, 0.03626
0.00583, 0.03655
0.00608, 0.03685
0.00633, 0.03714
0.00659, 0.03743
0.00685, 0.03772
0.00711, 0.03801
0.00738, 0.03830
0.00766, 0.03859
0.00794, 0.03888
0.00823, 0.03917
0.00852, 0.03947
0.00881, 0.03976
0.00911, 0.04005
0.00942, 0.04034
0.00973, 0.04063
0.01004, 0.04093
0.01036, 0.04122
0.01069, 0.04151
0.01102, 0.04180
0.01136, 0.04210
0.01170, 0.04239
0.01204, 0.04268
0.01239, 0.04298
0.01274, 0.04327
0.01310, 0.04356
0.01347, 0.04386
0.01384, 0.04415
0.01421, 0.04444
0.01459, 0.04474
0.01498, 0.04503
0.01537, 0.04532
0.01576, 0.04562
0.01616, 0.04591
0.01656, 0.04620
0.01697, 0.04650
0.01739, 0.04679
0.01781, 0.04709
0.01823, 0.04738
0.01866, 0.04767
0.01909, 0.04797
0.01953, 0.04826
0.01997, 0.04855
0.02042, 0.04885
0.02088, 0.04914
0.02133, 0.04944
0.02180, 0.04973
0.02227, 0.05002
0.02274, 0.05032
0.02322, 0.05061
0.02370, 0.05091
0.02419, 0.05120
0.02468, 0.05149
0.02518, 0.05179
0.02568, 0.05208
0.02619, 0.05237
0.02670, 0.05267
0.02721, 0.05296
0.02774, 0.05325
0.02826, 0.05355
0.02879, 0.05384
0.02933, 0.05413
0.02987, 0.05442
0.03042, 0.05472
0.03097, 0.05501
0.03153, 0.05530
0.03209, 0.05559
0.03265, 0.05588
0.03322, 0.05618
0.03380, 0.05647
0.03438, 0.05676
0.03496, 0.05705
0.03555, 0.05734
0.03615, 0.05763
0.03675, 0.05792
0.03735, 0.05821
0.03796, 0.05850
0.03858, 0.05879
0.03920, 0.05908
0.03982, 0.05937
0.04045, 0.05966
0.04109, 0.05995
0.04172, 0.06024
0.04237, 0.06053
0.04302, 0.06081
0.04367, 0.06110
0.04433, 0.06139
0.04499, 0.06168
0.04566, 0.06196
0.04633, 0.06225
0.04701, 0.06253
0.04769, 0.06282
0.04838, 0.06310
0.04907, 0.06339
0.04977, 0.06367
0.05047, 0.06396
0.05118, 0.06424
0.05189, 0.06452
0.05261, 0.06481
0.05333, 0.06509
0.05405, 0.06537
0.05478, 0.06565
0.05552, 0.06593
0.05626, 0.06621
0.05701, 0.06649
0.05776, 0.06677
0.05851, 0.06705
0.05927, 0.06733
0.06004, 0.06760
0.06081, 0.06788
0.06158, 0.06816
0.06236, 0.06843
0.06314, 0.06871
0.06393, 0.06898
0.06473, 0.06926
0.06553, 0.06953
0.06633, 0.06980
0.06714, 0.07007
0.06795, 0.07034
0.06877, 0.07061
0.06959, 0.07088
0.07042, 0.07115
0.07125, 0.07142
0.07209, 0.07169
0.07293, 0.07195
0.07378, 0.07222
0.07463, 0.07248
0.07548, 0.07275
0.07634, 0.07301
0.07721, 0.07327
0.07808, 0.07353
0.07896, 0.07379
0.07984, 0.07405
0.08072, 0.07431
0.08161, 0.07457
0.08251, 0.07483
0.08341, 0.07508
0.08431, 0.07534
0.08522, 0.07559
0.08613, 0.07584
0.08705, 0.07609
0.08797, 0.07634
0.08890, 0.07659
0.08984, 0.07684
0.09077, 0.07709
0.09172, 0.07733
0.09266, 0.07758
0.09361, 0.07782
0.09457, 0.07807
0.09553, 0.07831
0.09650, 0.07855
0.09747, 0.07878
0.09845, 0.07902
0.09943, 0.07926
0.10041, 0.07949
0.10140, 0.07973
0.10240, 0.07996
0.10340, 0.08019
0.10440, 0.08042
0.10541, 0.08065
0.10642, 0.08087
0.10744, 0.08110
0.10846, 0.08132
0.10949, 0.08154
0.11052, 0.08176
0.11156, 0.08198
0.11260, 0.08220
0.11365, 0.08241
0.11470, 0.08263
0.11576, 0.08284
0.11682, 0.08305
0.11788, 0.08326
0.11895, 0.08347
0.12003, 0.08367
0.12111, 0.08387
0.12219, 0.08408
0.12328, 0.08428
0.12437, 0.08447
0.12547, 0.08467
0.12657, 0.08487
0.12768, 0.08506
0.12879, 0.08525
0.12991, 0.08544
0.13103, 0.08562
0.13216, 0.08581
0.13329, 0.08599
0.13442, 0.08617
0.13555, 0.08635
0.13669, 0.08652
0.13784, 0.08670
0.13898, 0.08687
0.14014, 0.08704
0.14129, 0.08721
0.14245, 0.08737
0.14361, 0.08753
0.14477, 0.08770
0.14594, 0.08785
0.14711, 0.08801
0.14829, 0.08817
0.14947, 0.08832
0.15065, 0.08847
0.15183, 0.08862
0.15302, 0.08876
0.15421, 0.08891
0.15541, 0.08905
0.15661, 0.08919
0.15781, 0.08933
0.15901, 0.08946
0.16022, 0.08960
0.16143, 0.08973
0.16264, 0.08986
0.16386, 0.08999
0.16508, 0.09011
0.16631, 0.09023
0.16753, 0.09035
0.16876, 0.09047
0.16999, 0.09059
0.17123, 0.09070
0.17247, 0.09082
0.17371, 0.09093
0.17495, 0.09103
0.17620, 0.09114
0.17745, 0.09124
0.17870, 0.09135
0.17996, 0.09145
0.18122, 0.09154
0.18248, 0.09164
0.18374, 0.09173
0.18501, 0.09182
0.18628, 0.09191
0.18755, 0.09200
0.18882, 0.09209
0.19010, 0.09217
0.19138, 0.09225
0.19266, 0.09233
0.19395, 0.09241
0.19524, 0.09249
0.19653, 0.09256
0.19782, 0.09263
0.19911, 0.09270
0.20041, 0.09277
0.20171, 0.09283
0.20301, 0.09290
0.20432, 0.09296
0.20562, 0.09302
0.20693, 0.09308
0.20824, 0.09313
0.20955, 0.09319
0.21086, 0.09324
0.21217, 0.09329
0.21349, 0.09334
0.21481, 0.09339
0.21613, 0.09344
0.21745, 0.09348
0.21877, 0.09353
0.22010, 0.09357
0.22142, 0.09361
0.22275, 0.09365
0.22408, 0.09368
0.22541, 0.09372
0.22674, 0.09375
0.22807, 0.09378
0.22941, 0.09382
0.23074, 0.09385
0.23208, 0.09387
0.23342, 0.09390
0.23476, 0.09393
0.23610, 0.09395
0.23744, 0.09398
0.23879, 0.09400
0.24013, 0.09402
0.24148, 0.09404
0.24283, 0.09406
0.24418, 0.09408
0.24553, 0.09409
0.24688, 0.09411
0.24823, 0.09413
0.24958, 0.09414
0.25093, 0.09415
0.25229, 0.09417
0.25364, 0.09418
0.25500, 0.09419
0.25636, 0.09420
0.25772, 0.09421
0.25908, 0.09422
0.26044, 0.09423
0.26180, 0.09423
0.26316, 0.09424
0.26452, 0.09425
0.26589, 0.09425
0.26725, 0.09426
0.26862, 0.09427
0.26999, 0.09427
0.27136, 0.09428
0.27273, 0.09428
0.27411, 0.09428
0.27548, 0.09429
0.27686, 0.09429
0.27825, 0.09429
0.27963, 0.09430
0.28102, 0.09430
0.28241, 0.09430
0.28380, 0.09430
0.28520, 0.09430
0.28660, 0.09430
0.28799, 0.09430
0.28940, 0.09430
0.29080, 0.09430
0.29221, 0.09430
0.29362, 0.09429
0.29503, 0.09429
0.29644, 0.09429
0.29786, 0.09428
0.29928, 0.09428
0.30070, 0.09428
0.30212, 0.09427
0.30354, 0.09427
0.30497, 0.09426
0.30640, 0.09425
0.30783, 0.09425
0.30927, 0.09424
0.31070, 0.09423
0.31214, 0.09422
0.31358, 0.09421
0.31502, 0.09420
0.31647, 0.09419
0.31791, 0.09418
0.31936, 0.09417
0.32081, 0.09416
0.32227, 0.09415
0.32372, 0.09414
0.32518, 0.09413
0.32664, 0.09411
0.32810, 0.09410
0.32956, 0.09408
0.33103, 0.09407
0.33250, 0.09405
0.33396, 0.09404
0.33544, 0.09402
0.33691, 0.09400
0.33838, 0.09399
0.33986, 0.09397
0.34134, 0.09395
0.34282, 0.09393
0.34430, 0.09391
0.34579, 0.09389
0.34727, 0.09387
0.34876, 0.09385
0.35025, 0.09382
0.35174, 0.09380
0.35324, 0.09378
0.35473, 0.09375
0.35623, 0.09373
0.35773, 0.09370
0.35923, 0.09368
0.36073, 0.09365
0.36223, 0.09362
0.36374, 0.09359
0.36525, 0.09357
0.36676, 0.09354
0.36827, 0.09351
0.36978, 0.09348
0.37129, 0.09344
0.37281, 0.09341
0.37433, 0.09338
0.37585, 0.09335
0.37737, 0.09331
0.37889, 0.09328
0.38041, 0.09324
0.38194, 0.09321
0.38346, 0.09317
0.38499, 0.09313
0.38652, 0.09309
0.38805, 0.09306
0.38958, 0.09302
0.39112, 0.09297
0.39265, 0.09293
0.39419, 0.09289
0.39573, 0.09285
0.39727, 0.09281
0.39881, 0.09276
0.40035, 0.09272
0.40189, 0.09267
0.40344, 0.09262
0.40498, 0.09258
0.40653, 0.09253
0.40808, 0.09248
0.40963, 0.09243
0.41118, 0.09238
0.41273, 0.09233
0.41429, 0.09228
0.41584, 0.09222
0.41740, 0.09217
0.41895, 0.09211
0.42051, 0.09206
0.42207, 0.09200
0.42363, 0.09194
0.42519, 0.09189
0.42675, 0.09183
0.42832, 0.09177
0.42988, 0.09171
0.43145, 0.09165
0.43301, 0.09158
0.43458, 0.09152
0.43615, 0.09145
0.43772, 0.09139
0.43929, 0.09132
0.44086, 0.09126
0.44243, 0.09119
0.44401, 0.09112
0.44558, 0.09105
0.44716, 0.09098
0.44873, 0.09090
0.45031, 0.09083
0.45189, 0.09076
0.45346, 0.09068
0.45504, 0.09061
0.45662, 0.09053
0.45820, 0.09045
0.45978, 0.09037
0.46136, 0.09029
0.46295, 0.09021
0.46453, 0.09013
0.46611, 0.09005
0.46770, 0.08996
0.46928, 0.08988
0.47087, 0.08979
0.47245, 0.08970
0.47404, 0.08961
0.47563, 0.08952
0.47721, 0.08943
0.47880, 0.08934
0.48039, 0.08925
0.48198, 0.08916
0.48357, 0.08906
0.48516, 0.08896
0.48675, 0.08887
0.48834, 0.08877
0.48993, 0.08867
0.49152, 0.08857
0.49312, 0.08847
0.49471, 0.08836
0.49630, 0.08826
0.49789, 0.08815
0.49949, 0.08805
0.50108, 0.08794
0.50267, 0.08783
0.50427, 0.08772
0.50586, 0.08761
0.50745, 0.08750
0.50905, 0.08738
0.51064, 0.08727
0.51224, 0.08715
0.51383, 0.08703
0.51543, 0.08692
0.51702, 0.08680
0.51861, 0.08667
0.52021, 0.08655
0.52180, 0.08643
0.52340, 0.08630
0.52499, 0.08618
0.52659, 0.08605
0.52818, 0.08592
0.52978, 0.08579
0.53137, 0.08566
0.53297, 0.08553
0.53456, 0.08539
0.53615, 0.08526
0.53775, 0.08512
0.53934, 0.08498
0.54094, 0.08484
0.54253, 0.08470
0.54412, 0.08456
0.54571, 0.08442
0.54731, 0.08427
0.54890, 0.08413
0.55049, 0.08398
0.55208, 0.08383
0.55367, 0.08368
0.55526, 0.08353
0.55685, 0.08338
0.55844, 0.08322
0.56003, 0.08307
0.56162, 0.08291
0.56321, 0.08275
0.56480, 0.08259
0.56639, 0.08243
0.56797, 0.08227
0.56956, 0.08211
0.57114, 0.08194
0.57273, 0.08177
0.57431, 0.08161
0.57590, 0.08144
0.57748, 0.08126
0.57906, 0.08109
0.58065, 0.08092
0.58223, 0.08074
0.58381, 0.08057
0.58539, 0.08039
0.58697, 0.08021
0.58854, 0.08003
0.59012, 0.07984
0.59170, 0.07966
0.59327, 0.07947
0.59485, 0.07929
0.59642, 0.07910
0.59800, 0.07891
0.59957, 0.07872
0.60114, 0.07852
0.60271, 0.07833
0.60428, 0.07813
0.60585, 0.07793
0.60742, 0.07774
0.60898, 0.07754
0.61055, 0.07733
0.61211, 0.07713
0.61368, 0.07692
0.61524, 0.07672
0.61680, 0.07651
0.61836, 0.07630
0.61992, 0.07609
0.62147, 0.07588
0.62303, 0.07566
0.62459, 0.07545
0.62614, 0.07523
0.62769, 0.07501
0.62924, 0.07479
0.63079, 0.07457
0.63234, 0.07434
0.63389, 0.07412
0.63544, 0.07389
0.63698, 0.07367
0.63852, 0.07344
0.64007, 0.07320
0.64161, 0.07297
0.64315, 0.07274
0.64468, 0.07250
0.64622, 0.07227
0.64775, 0.07203
0.64929, 0.07179
0.65082, 0.07154
0.65235, 0.07130
0.65388, 0.07106
0.65541, 0.07081
0.65693, 0.07056
0.65845, 0.07031
0.65998, 0.07006
0.66150, 0.06981
0.66302, 0.06956
0.66453, 0.06930
0.66605, 0.06904
0.66756, 0.06878
0.66907, 0.06852
0.67058, 0.06826
0.67209, 0.06800
0.67360, 0.06773
0.67510, 0.06747
0.67660, 0.06720
0.67810, 0.06693
0.67959, 0.06666
0.68108, 0.06639
0.68257, 0.06612
0.68406, 0.06585
0.68554, 0.06557
0.68703, 0.06530
0.68850, 0.06502
0.68998, 0.06474
0.69145, 0.06446
0.69293, 0.06418
0.69439, 0.06390
0.69586, 0.06362
0.69732, 0.06334
0.69878, 0.06305
0.70024, 0.06277
0.70170, 0.06248
0.70315, 0.06220
0.70460, 0.06191
0.70605, 0.06162
0.70749, 0.06133
0.70893, 0.06104
0.71037, 0.06075
0.71181, 0.06046
0.71324, 0.06017
0.71467, 0.05988
0.71610, 0.05959
0.71752, 0.05930
0.71894, 0.05900
0.72036, 0.05871
0.72178, 0.05842
0.72319, 0.05812
0.72461, 0.05783
0.72601, 0.05753
0.72742, 0.05724
0.72882, 0.05694
0.73022, 0.05664
0.73162, 0.05635
0.73301, 0.05605
0.73441, 0.05575
0.73579, 0.05546
0.73718, 0.05516
0.73856, 0.05486
0.73994, 0.05457
0.74132, 0.05427
0.74270, 0.05397
0.74407, 0.05367
0.74544, 0.05338
0.74680, 0.05308
0.74817, 0.05278
0.74953, 0.05248
0.75088, 0.05219
0.75224, 0.05189
0.75359, 0.05159
0.75494, 0.05130
0.75628, 0.05100
0.75762, 0.05070
0.75896, 0.05041
0.76030, 0.05011
0.76163, 0.04982
0.76296, 0.04952
0.76429, 0.04923
0.76561, 0.04893
0.76693, 0.04864
0.76825, 0.04834
0.76956, 0.04805
0.77087, 0.04776
0.77218, 0.04747
0.77348, 0.04718
0.77478, 0.04689
0.77608, 0.04660
0.77738, 0.04631
0.77867, 0.04602
0.77995, 0.04573
0.78124, 0.04544
0.78252, 0.04516
0.78380, 0.04487
0.78508, 0.04459
0.78635, 0.04430
0.78762, 0.04402
0.78888, 0.04374
0.79014, 0.04346
0.79140, 0.04318
0.79266, 0.04290
0.79391, 0.04262
0.79516, 0.04234
0.79641, 0.04207
0.79765, 0.04179
0.79889, 0.04152
0.80013, 0.04125
0.80136, 0.04097
0.80259, 0.04070
0.80382, 0.04044
0.80505, 0.04017
0.80627, 0.03990
0.80748, 0.03963
0.80870, 0.03937
0.80991, 0.03911
0.81112, 0.03885
0.81232, 0.03858
0.81352, 0.03833
0.81472, 0.03807
0.81592, 0.03781
0.81711, 0.03756
0.81830, 0.03730
0.81948, 0.03705
0.82066, 0.03680
0.82184, 0.03655
0.82302, 0.03630
0.82419, 0.03605
0.82536, 0.03581
0.82653, 0.03556
0.82769, 0.03532
0.82885, 0.03508
0.83000, 0.03484
0.83115, 0.03461
0.83230, 0.03437
0.83345, 0.03413
0.83459, 0.03390
0.83573, 0.03367
0.83687, 0.03344
0.83800, 0.03321
0.83913, 0.03299
0.84026, 0.03276
0.84139, 0.03254
0.84251, 0.03231
0.84363, 0.03209
0.84474, 0.03187
0.84586, 0.03166
0.84697, 0.03144
0.84807, 0.03122
0.84918, 0.03101
0.85028, 0.03080
0.85138, 0.03059
0.85247, 0.03038
0.85357, 0.03017
0.85466, 0.02996
0.85574, 0.02976
0.85682, 0.02955
0.85790, 0.02935
0.85898, 0.02915
0.86005, 0.02895
0.86112, 0.02875
0.86219, 0.02855
0.86326, 0.02835
0.86432, 0.02816
0.86537, 0.02796
0.86643, 0.02777
0.86748, 0.02758
0.86853, 0.02739
0.86957, 0.02720
0.87061, 0.02701
0.87165, 0.02683
0.87269, 0.02664
0.87372, 0.02646
0.87475, 0.02627
0.87577, 0.02609
0.87679, 0.02591
0.87781, 0.02573
0.87882, 0.02555
0.87983, 0.02537
0.88084, 0.02520
0.88185, 0.02502
0.88285, 0.02485
0.88384, 0.02467
0.88484, 0.02450
0.88583, 0.02433
0.88681, 0.02416
0.88780, 0.02399
0.88877, 0.02382
0.88975, 0.02365
0.89072, 0.02349
0.89169, 0.02332
0.89266, 0.02316
0.89362, 0.02299
0.89457, 0.02283
0.89553, 0.02267
0.89648, 0.02251
0.89743, 0.02235
0.89837, 0.02219
0.89931, 0.02204
0.90024, 0.02188
0.90118, 0.02172
0.90210, 0.02157
0.90303, 0.02142
0.90395, 0.02126
0.90486, 0.02111
0.90578, 0.02096
0.90669, 0.02081
0.90759, 0.02066
0.90849, 0.02051
0.90939, 0.02037
0.91028, 0.02022
0.91117, 0.02007
0.91206, 0.01993
0.91294, 0.01978
0.91382, 0.01964
0.91469, 0.01950
0.91556, 0.01936
0.91643, 0.01922
0.91729, 0.01908
0.91815, 0.01894
0.91901, 0.01880
0.91986, 0.01866
0.92070, 0.01853
0.92155, 0.01839
0.92238, 0.01826
0.92322, 0.01812
0.92405, 0.01799
0.92487, 0.01786
0.92570, 0.01773
0.92651, 0.01760
0.92733, 0.01747
0.92814, 0.01734
0.92894, 0.01721
0.92975, 0.01708
0.93054, 0.01695
0.93134, 0.01683
0.93213, 0.01670
0.93291, 0.01658
0.93369, 0.01645
0.93447, 0.01633
0.93524, 0.01621
0.93601, 0.01609
0.93677, 0.01597
0.93753, 0.01585
0.93829, 0.01573
0.93904, 0.01561
0.93979, 0.01549
0.94053, 0.01537
0.94127, 0.01526
0.94201, 0.01514
0.94274, 0.01503
0.94346, 0.01491
0.94418, 0.01480
0.94490, 0.01469
0.94561, 0.01457
0.94632, 0.01446
0.94703, 0.01435
0.94773, 0.01424
0.94842, 0.01413
0.94911, 0.01402
0.94980, 0.01392
0.95048, 0.01381
0.95116, 0.01370
0.95183, 0.01360
0.95250, 0.01349
0.95317, 0.01339
0.95383, 0.01329
0.95448, 0.01318
0.95514, 0.01308
0.95578, 0.01298
0.95642, 0.01288
0.95706, 0.01278
0.95770, 0.01268
0.95833, 0.01258
0.95895, 0.01248
0.95957, 0.01239
0.96019, 0.01229
0.96080, 0.01220
0.96140, 0.01210
0.96201, 0.01201
0.96260, 0.01191
0.96320, 0.01182
0.96379, 0.01173
0.96437, 0.01164
0.96495, 0.01155
0.96553, 0.01146
0.96610, 0.01137
0.96666, 0.01128
0.96722, 0.01119
0.96778, 0.01110
0.96833, 0.01102
0.96888, 0.01093
0.96942, 0.01085
0.96996, 0.01076
0.97049, 0.01068
0.97102, 0.01059
0.97155, 0.01051
0.97207, 0.01043
0.97258, 0.01035
0.97309, 0.01027
0.97360, 0.01019
0.97410, 0.01011
0.97460, 0.01003
0.97509, 0.00996
0.97558, 0.00988
0.97606, 0.00980
0.97654, 0.00973
0.97701, 0.00965
0.97748, 0.00958
0.97794, 0.00951
0.97840, 0.00944
0.97885, 0.00936
0.97930, 0.00929
0.97975, 0.00922
0.98019, 0.00915
0.98062, 0.00908
0.98106, 0.00902
0.98148, 0.00895
0.98190, 0.00888
0.98232, 0.00882
0.98273, 0.00875
0.98314, 0.00869
0.98354, 0.00862
0.98394, 0.00856
0.98433, 0.00850
0.98472, 0.00844
0.98510, 0.00838
0.98548, 0.00832
0.98585, 0.00826
0.98622, 0.00820
0.98659, 0.00814
0.98694, 0.00808
0.98730, 0.00803
0.98765, 0.00797
0.98799, 0.00792
0.98833, 0.00786
0.98867, 0.00781
0.98900, 0.00776
0.98932, 0.00771
0.98965, 0.00766
0.98996, 0.00761
0.99027, 0.00756
0.99058, 0.00751
0.99088, 0.00746
0.99118, 0.00741
0.99147, 0.00737
0.99175, 0.00732
0.99204, 0.00727
0.99231, 0.00723
0.99259, 0.00719
0.99285, 0.00714
0.99312, 0.00710
0.99337, 0.00706
0.99363, 0.00702
0.99387, 0.00698
0.99412, 0.00694
0.99436, 0.00690
0.99459, 0.00687
0.99482, 0.00683
0.99504, 0.00679
0.99526, 0.00676
0.99547, 0.00672
0.99568, 0.00669
0.99589, 0.00666
0.99609, 0.00663
0.99628, 0.00660
0.99647, 0.00657
0.99665, 0.00654
0.99683, 0.00651
0.99701, 0.00648
0.99718, 0.00645
0.99734, 0.00642
0.99750, 0.00640
0.99766, 0.00637
0.99781, 0.00635
0.99795, 0.00633
0.99809, 0.00630
0.99823, 0.00628
0.99836, 0.00626
0.99849, 0.00624
0.99861, 0.00622
0.99872, 0.00620
0.99883, 0.00619
0.99894, 0.00617
0.99904, 0.00615
0.99914, 0.00614
0.99923, 0.00612
0.99931, 0.00611
0.99939, 0.00609
0.99947, 0.00608
0.99954, 0.00607
0.99961, 0.00606
0.99967, 0.00605
0.99973, 0.00604
0.99978, 0.00603
0.99983, 0.00603
0.99987, 0.00602
0.99991, 0.00601
0.99994, 0.00601
0.99996, 0.00600
0.99999, 0.00600
1.00000, 0.00600
1.00002, 0.00599
1.00003, 0.00599
1.00004, 0.00599

=== Lower Surface ===
0.00000, 0.02062
0.00005, 0.02035
0.00008, 0.02007
0.00013, 0.01979
0.00018, 0.01952
0.00024, 0.01924
0.00030, 0.01897
0.00037, 0.01870
0.00044, 0.01843
0.00052, 0.01816
0.00060, 0.01789
0.00069, 0.01763
0.00078, 0.01736
0.00088, 0.01709
0.00098, 0.01683
0.00108, 0.01657
0.00119, 0.01630
0.00131, 0.01604
0.00143, 0.01578
0.00156, 0.01552
0.00169, 0.01527
0.00182, 0.01501
0.00197, 0.01475
0.00211, 0.01450
0.00226, 0.01424
0.00242, 0.01399
0.00258, 0.01374
0.00274, 0.01349
0.00291, 0.01324
0.00309, 0.01299
0.00327, 0.01274
0.00345, 0.01249
0.00364, 0.01225
0.00383, 0.01200
0.00403, 0.01176
0.00424, 0.01152
0.00445, 0.01127
0.00466, 0.01103
0.00488, 0.01079
0.00510, 0.01056
0.00533, 0.01032
0.00556, 0.01008
0.00580, 0.00985
0.00604, 0.00961
0.00629, 0.00938
0.00654, 0.00915
0.00680, 0.00891
0.00706, 0.00868
0.00733, 0.00845
0.00760, 0.00823
0.00787, 0.00800
0.00816, 0.00777
0.00844, 0.00755
0.00873, 0.00732
0.00903, 0.00710
0.00933, 0.00688
0.00963, 0.00666
0.00994, 0.00644
0.01026, 0.00622
0.01058, 0.00600
0.01090, 0.00579
0.01123, 0.00557
0.01156, 0.00536
0.01190, 0.00514
0.01224, 0.00493
0.01259, 0.00472
0.01294, 0.00451
0.01330, 0.00430
0.01366, 0.00409
0.01403, 0.00388
0.01440, 0.00368
0.01478, 0.00347
0.01516, 0.00327
0.01554, 0.00307
0.01594, 0.00286
0.01633, 0.00266
0.01673, 0.00246
0.01713, 0.00227
0.01754, 0.00207
0.01796, 0.00187
0.01837, 0.00168
0.01880, 0.00148
0.01923, 0.00129
0.01966, 0.00110
0.02009, 0.00091
0.02054, 0.00072
0.02098, 0.00053
0.02143, 0.00034
0.02189, 0.00015
0.02235, -0.00003
0.02281, -0.00022
0.02328, -0.00040
0.02375, -0.00058
0.02423, -0.00076
0.02472, -0.00094
0.02520, -0.00112
0.02569, -0.00130
0.02619, -0.00148
0.02669, -0.00166
0.02720, -0.00183
0.02771, -0.00200
0.02822, -0.00218
0.02874, -0.00235
0.02926, -0.00252
0.02979, -0.00269
0.03032, -0.00286
0.03086, -0.00302
0.03140, -0.00319
0.03195, -0.00336
0.03250, -0.00352
0.03305, -0.00368
0.03361, -0.00385
0.03417, -0.00401
0.03474, -0.00417
0.03531, -0.00433
0.03589, -0.00448
0.03647, -0.00464
0.03706, -0.00480
0.03764, -0.00495
0.03824, -0.00511
0.03884, -0.00526
0.03944, -0.00541
0.04005, -0.00556
0.04066, -0.00571
0.04127, -0.00586
0.04189, -0.00601
0.04252, -0.00615
0.04314, -0.00630
0.04378, -0.00644
0.04441, -0.00659
0.04505, -0.00673
0.04570, -0.00687
0.04635, -0.00701
0.04700, -0.00715
0.04766, -0.00729
0.04832, -0.00743
0.04899, -0.00756
0.04966, -0.00770
0.05033, -0.00783
0.05101, -0.00797
0.05169, -0.00810
0.05238, -0.00823
0.05307, -0.00836
0.05376, -0.00849
0.05446, -0.00862
0.05516, -0.00875
0.05587, -0.00887
0.05658, -0.00900
0.05730, -0.00913
0.05801, -0.00925
0.05874, -0.00937
0.05946, -0.00949
0.06019, -0.00962
0.06093, -0.00974
0.06167, -0.00986
0.06241, -0.00997
0.06316, -0.01009
0.06391, -0.01021
0.06466, -0.01032
0.06542, -0.01044
0.06618, -0.01055
0.06694, -0.01067
0.06771, -0.01078
0.06849, -0.01089
0.06926, -0.01100
0.07005, -0.01111
0.07083, -0.01122
0.07162, -0.01133
0.07241, -0.01143
0.07321, -0.01154
0.07401, -0.01165
0.07481, -0.01175
0.07561, -0.01185
0.07643, -0.01196
0.07724, -0.01206
0.07806, -0.01216
0.07888, -0.01226
0.07970, -0.01236
0.08053, -0.01246
0.08136, -0.01256
0.08220, -0.01266
0.08304, -0.01276
0.08388, -0.01285
0.08473, -0.01295
0.08558, -0.01305
0.08643, -0.01314
0.08729, -0.01323
0.08815, -0.01333
0.08901, -0.01342
0.08988, -0.01351
0.09075, -0.01360
0.09162, -0.01369
0.09250, -0.01379
0.09338, -0.01387
0.09426, -0.01396
0.09515, -0.01405
0.09604, -0.01414
0.09694, -0.01423
0.09783, -0.01432
0.09873, -0.01440
0.09964, -0.01449
0.10054, -0.01457
0.10145, -0.01466
0.10237, -0.01474
0.10328, -0.01483
0.10420, -0.01491
0.10513, -0.01499
0.10605, -0.01508
0.10698, -0.01516
0.10791, -0.01524
0.10885, -0.01532
0.10979, -0.01540
0.11073, -0.01549
0.11167, -0.01557
0.11262, -0.01565
0.11357, -0.01573
0.11452, -0.01581
0.11548, -0.01589
0.11644, -0.01596
0.11740, -0.01604
0.11837, -0.01612
0.11934, -0.01620
0.12031, -0.01628
0.12128, -0.01636
0.12226, -0.01644
0.12324, -0.01651
0.12422, -0.01659
0.12520, -0.01667
0.12619, -0.01675
0.12718, -0.01682
0.12818, -0.01690
0.12917, -0.01698
0.13017, -0.01706
0.13117, -0.01713
0.13218, -0.01721
0.13318, -0.01729
0.13419, -0.01737
0.13521, -0.01744
0.13622, -0.01752
0.13724, -0.01760
0.13826, -0.01768
0.13929, -0.01776
0.14032, -0.01783
0.14135, -0.01791
0.14239, -0.01799
0.14343, -0.01807
0.14447, -0.01814
0.14552, -0.01822
0.14657, -0.01830
0.14762, -0.01838
0.14868, -0.01846
0.14974, -0.01854
0.15080, -0.01861
0.15187, -0.01869
0.15294, -0.01877
0.15402, -0.01885
0.15509, -0.01893
0.15618, -0.01901
0.15726, -0.01909
0.15835, -0.01916
0.15944, -0.01924
0.16054, -0.01932
0.16164, -0.01940
0.16274, -0.01948
0.16385, -0.01956
0.16496, -0.01964
0.16607, -0.01972
0.16719, -0.01980
0.16831, -0.01987
0.16944, -0.01995
0.17056, -0.02003
0.17170, -0.02011
0.17283, -0.02019
0.17397, -0.02027
0.17511, -0.02035
0.17626, -0.02043
0.17741, -0.02051
0.17856, -0.02059
0.17972, -0.02066
0.18088, -0.02074
0.18204, -0.02082
0.18321, -0.02090
0.18438, -0.02098
0.18555, -0.02106
0.18673, -0.02114
0.18791, -0.02122
0.18909, -0.02130
0.19028, -0.02137
0.19147, -0.02145
0.19267, -0.02153
0.19387, -0.02161
0.19507, -0.02169
0.19627, -0.02177
0.19748, -0.02184
0.19870, -0.02192
0.19991, -0.02200
0.20113, -0.02208
0.20236, -0.02216
0.20358, -0.02223
0.20481, -0.02231
0.20605, -0.02239
0.20729, -0.02246
0.20853, -0.02254
0.20978, -0.02262
0.21103, -0.02269
0.21229, -0.02277
0.21355, -0.02284
0.21481, -0.02292
0.21608, -0.02299
0.21735, -0.02307
0.21863, -0.02314
0.21991, -0.02321
0.22119, -0.02329
0.22248, -0.02336
0.22377, -0.02343
0.22506, -0.02350
0.22636, -0.02357
0.22767, -0.02364
0.22898, -0.02371
0.23029, -0.02378
0.23160, -0.02385
0.23292, -0.02392
0.23425, -0.02398
0.23557, -0.02405
0.23690, -0.02411
0.23824, -0.02418
0.23958, -0.02424
0.24092, -0.02430
0.24227, -0.02436
0.24362, -0.02442
0.24498, -0.02448
0.24634, -0.02454
0.24770, -0.02460
0.24907, -0.02466
0.25044, -0.02471
0.25181, -0.02477
0.25319, -0.02482
0.25457, -0.02487
0.25596, -0.02492
0.25735, -0.02497
0.25875, -0.02502
0.26014, -0.02507
0.26155, -0.02511
0.26295, -0.02515
0.26436, -0.02520
0.26578, -0.02524
0.26719, -0.02528
0.26861, -0.02531
0.27004, -0.02535
0.27146, -0.02539
0.27289, -0.02542
0.27431, -0.02545
0.27574, -0.02548
0.27717, -0.02551
0.27861, -0.02554
0.28004, -0.02556
0.28148, -0.02558
0.28292, -0.02561
0.28436, -0.02563
0.28581, -0.02565
0.28725, -0.02566
0.28870, -0.02568
0.29015, -0.02570
0.29160, -0.02571
0.29305, -0.02572
0.29450, -0.02573
0.29596, -0.02574
0.29742, -0.02575
0.29888, -0.02575
0.30034, -0.02576
0.30180, -0.02576
0.30327, -0.02576
0.30473, -0.02576
0.30620, -0.02576
0.30767, -0.02576
0.30914, -0.02576
0.31061, -0.02575
0.31209, -0.02574
0.31356, -0.02574
0.31504, -0.02573
0.31652, -0.02572
0.31800, -0.02571
0.31948, -0.02569
0.32096, -0.02568
0.32245, -0.02566
0.32394, -0.02564
0.32542, -0.02563
0.32691, -0.02561
0.32840, -0.02558
0.32989, -0.02556
0.33139, -0.02554
0.33288, -0.02551
0.33438, -0.02549
0.33588, -0.02546
0.33737, -0.02543
0.33887, -0.02540
0.34038, -0.02537
0.34188, -0.02534
0.34338, -0.02531
0.34489, -0.02527
0.34639, -0.02524
0.34790, -0.02520
0.34941, -0.02516
0.35092, -0.02512
0.35243, -0.02508
0.35394, -0.02504
0.35545, -0.02500
0.35697, -0.02496
0.35848, -0.02491
0.36000, -0.02487
0.36152, -0.02482
0.36303, -0.02477
0.36455, -0.02472
0.36607, -0.02467
0.36760, -0.02462
0.36912, -0.02457
0.37064, -0.02452
0.37217, -0.02447
0.37369, -0.02441
0.37522, -0.02436
0.37674, -0.02430
0.37827, -0.02424
0.37980, -0.02418
0.38133, -0.02412
0.38286, -0.02406
0.38439, -0.02400
0.38592, -0.02394
0.38746, -0.02388
0.38899, -0.02382
0.39052, -0.02375
0.39206, -0.02369
0.39359, -0.02362
0.39513, -0.02355
0.39667, -0.02349
0.39821, -0.02342
0.39974, -0.02335
0.40128, -0.02328
0.40282, -0.02321
0.40436, -0.02314
0.40591, -0.02306
0.40745, -0.02299
0.40899, -0.02292
0.41053, -0.02284
0.41208, -0.02277
0.41362, -0.02269
0.41516, -0.02262
0.41671, -0.02254
0.41825, -0.02247
0.41980, -0.02239
0.42135, -0.02231
0.42289, -0.02223
0.42444, -0.02215
0.42599, -0.02207
0.42754, -0.02199
0.42908, -0.02191
0.43063, -0.02183
0.43218, -0.02174
0.43373, -0.02166
0.43528, -0.02158
0.43683, -0.02150
0.43838, -0.02141
0.43993, -0.02133
0.44148, -0.02124
0.44303, -0.02116
0.44459, -0.02107
0.44614, -0.02099
0.44769, -0.02090
0.44924, -0.02081
0.45079, -0.02073
0.45235, -0.02064
0.45390, -0.02055
0.45545, -0.02046
0.45701, -0.02037
0.45856, -0.02029
0.46011, -0.02020
0.46167, -0.02011
0.46322, -0.02002
0.46477, -0.01993
0.46633, -0.01984
0.46788, -0.01975
0.46943, -0.01966
0.47099, -0.01957
0.47254, -0.01948
0.47410, -0.01939
0.47565, -0.01930
0.47720, -0.01921
0.47876, -0.01912
0.48031, -0.01903
0.48186, -0.01893
0.48342, -0.01884
0.48497, -0.01875
0.48652, -0.01866
0.48808, -0.01857
0.48963, -0.01848
0.49118, -0.01839
0.49273, -0.01830
0.49429, -0.01820
0.49584, -0.01811
0.49739, -0.01802
0.49894, -0.01793
0.50049, -0.01784
0.50205, -0.01775
0.50360, -0.01766
0.50515, -0.01757
0.50670, -0.01748
0.50825, -0.01739
0.50980, -0.01730
0.51135, -0.01721
0.51290, -0.01712
0.51445, -0.01703
0.51599, -0.01694
0.51754, -0.01685
0.51909, -0.01676
0.52064, -0.01667
0.52218, -0.01658
0.52373, -0.01649
0.52528, -0.01641
0.52682, -0.01632
0.52837, -0.01623
0.52991, -0.01614
0.53146, -0.01606
0.53300, -0.01597
0.53454, -0.01588
0.53609, -0.01580
0.53763, -0.01571
0.53917, -0.01563
0.54071, -0.01554
0.54225, -0.01546
0.54379, -0.01537
0.54533, -0.01529
0.54687, -0.01521
0.54841, -0.01513
0.54994, -0.01504
0.55148, -0.01496
0.55302, -0.01488
0.55455, -0.01480
0.55609, -0.01472
0.55762, -0.01464
0.55916, -0.01456
0.56069, -0.01448
0.56222, -0.01441
0.56375, -0.01433
0.56528, -0.01425
0.56681, -0.01418
0.56834, -0.01410
0.56987, -0.01403
0.57140, -0.01395
0.57292, -0.01388
0.57445, -0.01381
0.57597, -0.01373
0.57750, -0.01366
0.57902, -0.01359
0.58054, -0.01352
0.58206, -0.01345
0.58358, -0.01338
0.58510, -0.01331
0.58662, -0.01325
0.58814, -0.01318
0.58966, -0.01311
0.59117, -0.01305
0.59269, -0.01298
0.59420, -0.01292
0.59571, -0.01286
0.59723, -0.01279
0.59874, -0.01273
0.60025, -0.01267
0.60176, -0.01261
0.60326, -0.01255
0.60477, -0.01250
0.60628, -0.01244
0.60778, -0.01238
0.60928, -0.01233
0.61079, -0.01227
0.61229, -0.01222
0.61379, -0.01217
0.61529, -0.01211
0.61678, -0.01206
0.61828, -0.01201
0.61978, -0.01196
0.62127, -0.01192
0.62276, -0.01187
0.62426, -0.01182
0.62575, -0.01178
0.62724, -0.01173
0.62872, -0.01169
0.63021, -0.01165
0.63170, -0.01160
0.63318, -0.01156
0.63466, -0.01152
0.63615, -0.01149
0.63763, -0.01145
0.63911, -0.01141
0.64058, -0.01138
0.64206, -0.01134
0.64354, -0.01131
0.64501, -0.01128
0.64648, -0.01125
0.64795, -0.01122
0.64942, -0.01119
0.65089, -0.01116
0.65236, -0.01113
0.65382, -0.01111
0.65529, -0.01108
0.65675, -0.01106
0.65821, -0.01103
0.65967, -0.01101
0.66113, -0.01099
0.66258, -0.01097
0.66404, -0.01096
0.66549, -0.01094
0.66695, -0.01092
0.66840, -0.01091
0.66985, -0.01089
0.67130, -0.01088
0.67275, -0.01087
0.67420, -0.01086
0.67565, -0.01085
0.67710, -0.01084
0.67854, -0.01084
0.67999, -0.01083
0.68143, -0.01082
0.68288, -0.01082
0.68432, -0.01082
0.68576, -0.01081
0.68720, -0.01081
0.68864, -0.01081
0.69008, -0.01081
0.69151, -0.01081
0.69295, -0.01081
0.69438, -0.01081
0.69582, -0.01082
0.69725, -0.01082
0.69868, -0.01082
0.70011, -0.01083
0.70154, -0.01083
0.70296, -0.01084
0.70439, -0.01085
0.70581, -0.01085
0.70724, -0.01086
0.70866, -0.01087
0.71008, -0.01088
0.71150, -0.01089
0.71291, -0.01089
0.71433, -0.01090
0.71574, -0.01091
0.71715, -0.01093
0.71856, -0.01094
0.71997, -0.01095
0.72138, -0.01096
0.72279, -0.01097
0.72419, -0.01098
0.72559, -0.01100
0.72699, -0.01101
0.72839, -0.01102
0.72979, -0.01104
0.73119, -0.01105
0.73258, -0.01106
0.73397, -0.01108
0.73536, -0.01109
0.73675, -0.01110
0.73814, -0.01112
0.73952, -0.01113
0.74090, -0.01115
0.74228, -0.01116
0.74366, -0.01118
0.74504, -0.01119
0.74641, -0.01120
0.74778, -0.01122
0.74916, -0.01123
0.75052, -0.01125
0.75189, -0.01126
0.75326, -0.01128
0.75462, -0.01129
0.75598, -0.01130
0.75734, -0.01132
0.75870, -0.01133
0.76005, -0.01134
0.76141, -0.01135
0.76276, -0.01137
0.76411, -0.01138
0.76545, -0.01139
0.76680, -0.01140
0.76814, -0.01141
0.76948, -0.01142
0.77082, -0.01143
0.77216, -0.01144
0.77349, -0.01145
0.77482, -0.01146
0.77615, -0.01147
0.77748, -0.01148
0.77880, -0.01148
0.78012, -0.01149
0.78144, -0.01149
0.78276, -0.01150
0.78408, -0.01150
0.78539, -0.01151
0.78670, -0.01151
0.78800, -0.01151
0.78931, -0.01151
0.79061, -0.01151
0.79191, -0.01151
0.79321, -0.01151
0.79450, -0.01151
0.79579, -0.01151
0.79708, -0.01150
0.79837, -0.01150
0.79965, -0.01149
0.80093, -0.01149
0.80221, -0.01148
0.80349, -0.01147
0.80476, -0.01146
0.80603, -0.01145
0.80730, -0.01144
0.80856, -0.01143
0.80982, -0.01141
0.81108, -0.01140
0.81233, -0.01138
0.81359, -0.01137
0.81483, -0.01135
0.81608, -0.01133
0.81732, -0.01131
0.81856, -0.01129
0.81980, -0.01127
0.82103, -0.01124
0.82226, -0.01122
0.82349, -0.01119
0.82472, -0.01117
0.82594, -0.01114
0.82716, -0.01111
0.82837, -0.01108
0.82958, -0.01105
0.83079, -0.01102
0.83200, -0.01098
0.83320, -0.01095
0.83439, -0.01091
0.83559, -0.01087
0.83678, -0.01083
0.83796, -0.01079
0.83915, -0.01075
0.84032, -0.01071
0.84150, -0.01066
0.84267, -0.01062
0.84384, -0.01057
0.84500, -0.01053
0.84616, -0.01048
0.84731, -0.01043
0.84846, -0.01038
0.84961, -0.01033
0.85076, -0.01028
0.85190, -0.01022
0.85303, -0.01017
0.85416, -0.01012
0.85529, -0.01006
0.85642, -0.01000
0.85754, -0.00995
0.85865, -0.00989
0.85976, -0.00983
0.86087, -0.00977
0.86198, -0.00971
0.86308, -0.00965
0.86417, -0.00958
0.86527, -0.00952
0.86635, -0.00946
0.86744, -0.00939
0.86852, -0.00933
0.86960, -0.00926
0.87067, -0.00920
0.87174, -0.00913
0.87280, -0.00906
0.87386, -0.00899
0.87492, -0.00892
0.87597, -0.00886
0.87702, -0.00879
0.87806, -0.00872
0.87910, -0.00864
0.88014, -0.00857
0.88117, -0.00850
0.88220, -0.00843
0.88323, -0.00836
0.88425, -0.00828
0.88526, -0.00821
0.88627, -0.00813
0.88728, -0.00806
0.88829, -0.00798
0.88928, -0.00791
0.89028, -0.00783
0.89127, -0.00776
0.89226, -0.00768
0.89324, -0.00760
0.89422, -0.00753
0.89520, -0.00745
0.89617, -0.00737
0.89713, -0.00729
0.89810, -0.00722
0.89905, -0.00714
0.90001, -0.00706
0.90096, -0.00698
0.90190, -0.00690
0.90285, -0.00682
0.90378, -0.00674
0.90472, -0.00666
0.90564, -0.00658
0.90657, -0.00650
0.90749, -0.00642
0.90841, -0.00634
0.90932, -0.00626
0.91023, -0.00618
0.91113, -0.00610
0.91203, -0.00602
0.91292, -0.00594
0.91382, -0.00586
0.91470, -0.00578
0.91558, -0.00570
0.91646, -0.00562
0.91734, -0.00554
0.91821, -0.00546
0.91907, -0.00537
0.91993, -0.00529
0.92079, -0.00521
0.92164, -0.00513
0.92249, -0.00505
0.92333, -0.00497
0.92417, -0.00489
0.92501, -0.00481
0.92584, -0.00473
0.92666, -0.00465
0.92749, -0.00457
0.92830, -0.00449
0.92912, -0.00441
0.92993, -0.00433
0.93073, -0.00425
0.93153, -0.00417
0.93233, -0.00409
0.93312, -0.00401
0.93390, -0.00393
0.93469, -0.00385
0.93547, -0.00377
0.93624, -0.00369
0.93701, -0.00361
0.93777, -0.00354
0.93853, -0.00346
0.93929, -0.00338
0.94004, -0.00330
0.94079, -0.00322
0.94153, -0.00315
0.94227, -0.00307
0.94300, -0.00299
0.94373, -0.00292
0.94446, -0.00284
0.94518, -0.00276
0.94590, -0.00269
0.94661, -0.00261
0.94731, -0.00254
0.94802, -0.00246
0.94871, -0.00239
0.94941, -0.00231
0.95010, -0.00224
0.95078, -0.00217
0.95146, -0.00209
0.95214, -0.00202
0.95281, -0.00195
0.95347, -0.00187
0.95414, -0.00180
0.95479, -0.00173
0.95545, -0.00166
0.95609, -0.00159
0.95674, -0.00152
0.95738, -0.00145
0.95801, -0.00138
0.95864, -0.00131
0.95927, -0.00124
0.95989, -0.00117
0.96050, -0.00110
0.96112, -0.00103
0.96172, -0.00097
0.96232, -0.00090
0.96292, -0.00083
0.96352, -0.00077
0.96410, -0.00070
0.96469, -0.00063
0.96527, -0.00057
0.96584, -0.00050
0.96641, -0.00044
0.96698, -0.00038
0.96754, -0.00031
0.96809, -0.00025
0.96864, -0.00019
0.96919, -0.00013
0.96973, -0.00006
0.97027, -0.00000
0.97080, 0.00006
0.97133, 0.00012
0.97185, 0.00018
0.97237, 0.00024
0.97289, 0.00030
0.97339, 0.00035
0.97390, 0.00041
0.97440, 0.00047
0.97489, 0.00053
0.97538, 0.00058
0.97587, 0.00064
0.97635, 0.00069
0.97683, 0.00075
0.97730, 0.00080
0.97776, 0.00086
0.97823, 0.00091
0.97868, 0.00096
0.97914, 0.00102
0.97958, 0.00107
0.98003, 0.00112
0.98046, 0.00117
0.98090, 0.00122
0.98133, 0.00127
0.98175, 0.00132
0.98217, 0.00137
0.98258, 0.00142
0.98299, 0.00147
0.98340, 0.00151
0.98380, 0.00156
0.98419, 0.00161
0.98458, 0.00165
0.98497, 0.00170
0.98535, 0.00174
0.98572, 0.00179
0.98609, 0.00183
0.98646, 0.00187
0.98682, 0.00191
0.98718, 0.00196
0.98753, 0.00200
0.98788, 0.00204
0.98822, 0.00208
0.98855, 0.00212
0.98889, 0.00216
0.98921, 0.00220
0.98954, 0.00223
0.98985, 0.00227
0.99017, 0.00231
0.99047, 0.00235
0.99078, 0.00238
0.99108, 0.00242
0.99137, 0.00245
0.99166, 0.00249
0.99194, 0.00252
0.99222, 0.00255
0.99249, 0.00258
0.99276, 0.00262
0.99303, 0.00265
0.99329, 0.00268
0.99354, 0.00271
0.99379, 0.00274
0.99403, 0.00277
0.99427, 0.00279
0.99451, 0.00282
0.99474, 0.00285
0.99496, 0.00288
0.99518, 0.00290
0.99540, 0.00293
0.99561, 0.00295
0.99581, 0.00298
0.99601, 0.00300
0.99621, 0.00302
0.99640, 0.00305
0.99658, 0.00307
0.99676, 0.00309
0.99694, 0.00311
0.99711, 0.00313
0.99728, 0.00315
0.99744, 0.00317
0.99759, 0.00319
0.99774, 0.00321
0.99789, 0.00323
0.99803, 0.00324
0.99817, 0.00326
0.99830, 0.00327
0.99843, 0.00329
0.99855, 0.00330
0.99866, 0.00332
0.99877, 0.00333
0.99888, 0.00334
0.99898, 0.00336
0.99908, 0.00337
0.99917, 0.00338
0.99926, 0.00339
0.99934, 0.00340
0.99942, 0.00341
0.99949, 0.00342
0.99956, 0.00342
0.99962, 0.00343
0.99967, 0.00344
0.99973, 0.00344
0.99977, 0.00345
0.99982, 0.00345
0.99985, 0.00346
0.99988, 0.00346
0.99991, 0.00347
0.99993, 0.00347
0.99995, 0.00347
0.99996, 0.00347
0.99996, 0.00347
0.99996, 0.00347
