airfoil_points_222
1.000000 0.001231
0.999748 0.001290
0.998993 0.001466
0.997736 0.001760
0.995977 0.002170
0.993719 0.002696
0.990964 0.003338
0.987715 0.004095
0.983974 0.004964
0.979746 0.005944
0.975036 0.007033
0.969846 0.008226
0.964184 0.009522
0.958054 0.010914
0.951463 0.012397
0.944418 0.013964
0.936925 0.015607
0.928992 0.017317
0.920627 0.019084
0.911838 0.020894
0.902635 0.022736
0.893027 0.024592
0.883022 0.026448
0.872632 0.028284
0.861867 0.030080
0.850737 0.031814
0.839255 0.033464
0.827430 0.035006
0.815276 0.036430
0.802805 0.037733
0.790028 0.038916
0.776960 0.039979
0.763613 0.040928
0.750000 0.041766
0.736136 0.042507
0.722033 0.043175
0.707708 0.043803
0.693173 0.044424
0.678443 0.045080
0.663534 0.045813
0.648460 0.046649
0.633237 0.047579
0.617879 0.048594
0.602403 0.049681
0.586824 0.050827
0.571157 0.052019
0.555419 0.053243
0.539625 0.054482
0.523791 0.055722
0.507933 0.056948
0.492067 0.058143
0.476209 0.059292
0.460375 0.060380
0.444581 0.061390
0.428843 0.062309
0.413176 0.063122
0.397597 0.063816
0.382121 0.064378
0.366763 0.064796
0.351540 0.065060
0.336466 0.065160
0.321557 0.065088
0.306827 0.064836
0.292292 0.064399
0.277967 0.063773
0.263864 0.062952
0.250000 0.061940
0.236387 0.060758
0.223040 0.059435
0.209972 0.057994
0.197195 0.056459
0.184724 0.054853
0.172570 0.053185
0.160745 0.051463
0.149263 0.049692
0.138133 0.047876
0.127368 0.046020
0.116978 0.044127
0.106973 0.042193
0.097365 0.040212
0.088162 0.038181
0.079373 0.036097
0.071008 0.033957
0.063075 0.031762
0.055582 0.029510
0.048537 0.027204
0.041946 0.024844
0.035816 0.022433
0.030154 0.019972
0.024964 0.017467
0.020254 0.014918
0.016026 0.012330
0.012285 0.009705
0.009036 0.007048
0.006281 0.004362
0.004023 0.001649
0.002264 -0.001087
0.001007 -0.003839
0.000252 -0.006587
0.000000 -0.008810
0.000252 -0.012351
0.001007 -0.015067
0.002264 -0.017749
0.004023 -0.020378
0.006281 -0.022947
0.009036 -0.025455
0.012285 -0.027900
0.016026 -0.030279
0.020254 -0.032591
0.024964 -0.034832
0.030154 -0.037000
0.035816 -0.039093
0.041946 -0.041107
0.048537 -0.043038
0.055582 -0.044882
0.063075 -0.046635
0.071008 -0.048291
0.079373 -0.049845
0.088162 -0.051290
0.097365 -0.052618
0.106973 -0.053823
0.116978 -0.054896
0.127368 -0.055827
0.138133 -0.056607
0.149263 -0.057232
0.160745 -0.057703
0.172570 -0.058021
0.184724 -0.058188
0.197195 -0.058209
0.209972 -0.058089
0.223040 -0.057845
0.236387 -0.057499
0.250000 -0.057080
0.263864 -0.056618
0.277967 -0.056147
0.292292 -0.055682
0.306827 -0.055222
0.321557 -0.054766
0.336466 -0.054311
0.351540 -0.053854
0.366763 -0.053390
0.382121 -0.052915
0.397597 -0.052423
0.413176 -0.051907
0.428843 -0.051362
0.444581 -0.050780
0.460375 -0.050153
0.476209 -0.049473
0.492067 -0.048733
0.507933 -0.047924
0.523791 -0.047039
0.539625 -0.046069
0.555419 -0.045007
0.571157 -0.043845
0.586824 -0.042577
0.602403 -0.041195
0.617879 -0.039695
0.633237 -0.038071
0.648460 -0.036318
0.663534 -0.034433
0.678443 -0.032413
0.693173 -0.030280
0.707708 -0.028079
0.722033 -0.025855
0.736136 -0.023653
0.750000 -0.021512
0.763613 -0.019469
0.776960 -0.017546
0.790028 -0.015756
0.802805 -0.014111
0.815276 -0.012617
0.827430 -0.011281
0.839255 -0.010106
0.850737 -0.009086
0.861867 -0.008199
0.872632 -0.007427
0.883022 -0.006752
0.893027 -0.006159
0.902635 -0.005635
0.911838 -0.005169
0.920627 -0.004750
0.928992 -0.004371
0.936925 -0.004025
0.944418 -0.003707
0.951463 -0.003413
0.958054 -0.003140
0.964184 -0.002885
0.969846 -0.002648
0.975036 -0.002428
0.979746 -0.002225
0.983974 -0.002040
0.987715 -0.001873
0.990964 -0.001725
0.993719 -0.001598
0.995977 -0.001492
0.997736 -0.001408
0.998993 -0.001348
0.999748 -0.001312
1.000000 -0.001300
