airfoil_points_033
1.000000 0.033742
0.999748 0.033786
0.998993 0.033918
0.997736 0.034135
0.995977 0.034433
0.993719 0.034807
0.990964 0.035252
0.987715 0.035759
0.983974 0.036320
0.979746 0.036925
0.975036 0.037566
0.969846 0.038230
0.964184 0.038909
0.958054 0.039591
0.951463 0.040266
0.944418 0.040926
0.936925 0.041559
0.928992 0.042160
0.920627 0.042722
0.911838 0.043238
0.902635 0.043706
0.893027 0.044123
0.883022 0.044491
0.872632 0.044812
0.861867 0.045090
0.850737 0.045333
0.839255 0.045551
0.827430 0.045758
0.815276 0.045972
0.802805 0.046217
0.790028 0.046523
0.776960 0.046923
0.763613 0.047455
0.750000 0.048161
0.736136 0.049072
0.722033 0.050170
0.707708 0.051425
0.693173 0.052805
0.678443 0.054272
0.663534 0.055789
0.648460 0.057329
0.633237 0.058886
0.617879 0.060450
0.602403 0.062013
0.586824 0.063566
0.571157 0.065099
0.555419 0.066602
0.539625 0.068066
0.523791 0.069481
0.507933 0.070836
0.492067 0.072122
0.476209 0.073329
0.460375 0.074446
0.444581 0.075465
0.428843 0.076377
0.413176 0.077173
0.397597 0.077844
0.382121 0.078384
0.366763 0.078786
0.351540 0.079042
0.336466 0.079148
0.321557 0.079099
0.306827 0.078891
0.292292 0.078520
0.277967 0.077985
0.263864 0.077284
0.250000 0.076414
0.236387 0.075362
0.223040 0.074114
0.209972 0.072660
0.197195 0.070992
0.184724 0.069107
0.172570 0.067030
0.160745 0.064809
0.149263 0.062490
0.138133 0.060112
0.127368 0.057712
0.116978 0.055325
0.106973 0.052956
0.097365 0.050594
0.088162 0.048229
0.079373 0.045854
0.071008 0.043461
0.063075 0.041045
0.055582 0.038604
0.048537 0.036134
0.041946 0.033635
0.035816 0.031104
0.030154 0.028542
0.024964 0.025951
0.020254 0.023330
0.016026 0.020683
0.012285 0.018009
0.009036 0.015312
0.006281 0.012594
0.004023 0.009858
0.002264 0.007106
0.001007 0.004347
0.000252 0.001605
0.000000 -0.000537
0.000252 -0.004215
0.001007 -0.006913
0.002264 -0.009581
0.004023 -0.012192
0.006281 -0.014739
0.009036 -0.017218
0.012285 -0.019625
0.016026 -0.021959
0.020254 -0.024214
0.024964 -0.026389
0.030154 -0.028478
0.035816 -0.030476
0.041946 -0.032380
0.048537 -0.034182
0.055582 -0.035876
0.063075 -0.037454
0.071008 -0.038909
0.079373 -0.040232
0.088162 -0.041413
0.097365 -0.042442
0.106973 -0.043306
0.116978 -0.043994
0.127368 -0.044492
0.138133 -0.044785
0.149263 -0.044877
0.160745 -0.044794
0.172570 -0.044568
0.184724 -0.044241
0.197195 -0.043864
0.209972 -0.043497
0.223040 -0.043161
0.236387 -0.042846
0.250000 -0.042540
0.263864 -0.042229
0.277967 -0.041897
0.292292 -0.041538
0.306827 -0.041155
0.321557 -0.040749
0.336466 -0.040321
0.351540 -0.039871
0.366763 -0.039400
0.382121 -0.038908
0.397597 -0.038393
0.413176 -0.037855
0.428843 -0.037293
0.444581 -0.036705
0.460375 -0.036088
0.476209 -0.035441
0.492067 -0.034762
0.507933 -0.034047
0.523791 -0.033295
0.539625 -0.032502
0.555419 -0.031666
0.571157 -0.030784
0.586824 -0.029854
0.602403 -0.028873
0.617879 -0.027839
0.633237 -0.026750
0.648460 -0.025604
0.663534 -0.024400
0.678443 -0.023136
0.693173 -0.021795
0.707708 -0.020346
0.722033 -0.018763
0.736136 -0.017023
0.750000 -0.015106
0.763613 -0.012997
0.776960 -0.010720
0.790028 -0.008317
0.802805 -0.005829
0.815276 -0.003294
0.827430 -0.000747
0.839255 0.001779
0.850737 0.004258
0.861867 0.006669
0.872632 0.008993
0.883022 0.011217
0.893027 0.013330
0.902635 0.015321
0.911838 0.017184
0.920627 0.018915
0.928992 0.020513
0.936925 0.021977
0.944418 0.023309
0.951463 0.024513
0.958054 0.025592
0.964184 0.026554
0.969846 0.027403
0.975036 0.028147
0.979746 0.028792
0.983974 0.029347
0.987715 0.029817
0.990964 0.030209
0.993719 0.030530
0.995977 0.030785
0.997736 0.030979
0.998993 0.031114
0.999748 0.031194
1.000000 0.031217
