=== Airfoil Parameters ===
m = 0.02
p = 0.4
t = 0.12

=== Control Points ===
0.00000, -0.00588, -0.00588
0.06667, -0.00397, -0.01009
0.13333, -0.00287, -0.01398
0.20000, 0.00369, -0.01131
0.26667, 0.01559, -0.00219
0.66667, 0.01982, 0.00377
0.75000, 0.01057, -0.00263
0.83333, -0.01049, -0.02005
0.91667, -0.03322, -0.03839
1.00000, -0.04893, -0.04893

=== Upper Surface ===
0.00000, -0.00588
-0.00002, -0.00560
-0.00003, -0.00532
-0.00004, -0.00505
-0.00004, -0.00477
-0.00004, -0.00449
-0.00003, -0.00421
-0.00002, -0.00393
0.00000, -0.00365
0.00002, -0.00337
0.00005, -0.00309
0.00008, -0.00281
0.00012, -0.00253
0.00016, -0.00225
0.00021, -0.00197
0.00027, -0.00170
0.00032, -0.00142
0.00039, -0.00114
0.00045, -0.00086
0.00053, -0.00058
0.00061, -0.00030
0.00069, -0.00002
0.00078, 0.00026
0.00087, 0.00054
0.00097, 0.00081
0.00108, 0.00109
0.00118, 0.00137
0.00130, 0.00165
0.00142, 0.00193
0.00154, 0.00220
0.00167, 0.00248
0.00181, 0.00276
0.00195, 0.00304
0.00209, 0.00332
0.00224, 0.00359
0.00240, 0.00387
0.00256, 0.00415
0.00272, 0.00443
0.00290, 0.00470
0.00307, 0.00498
0.00325, 0.00526
0.00344, 0.00553
0.00363, 0.00581
0.00383, 0.00609
0.00403, 0.00636
0.00424, 0.00664
0.00445, 0.00691
0.00467, 0.00719
0.00489, 0.00746
0.00512, 0.00774
0.00535, 0.00801
0.00559, 0.00829
0.00584, 0.00856
0.00609, 0.00884
0.00634, 0.00911
0.00660, 0.00938
0.00686, 0.00966
0.00713, 0.00993
0.00741, 0.01020
0.00769, 0.01048
0.00798, 0.01075
0.00827, 0.01102
0.00856, 0.01129
0.00886, 0.01156
0.00917, 0.01183
0.00948, 0.01210
0.00980, 0.01237
0.01012, 0.01264
0.01045, 0.01291
0.01078, 0.01318
0.01112, 0.01345
0.01146, 0.01372
0.01181, 0.01399
0.01216, 0.01425
0.01252, 0.01452
0.01288, 0.01479
0.01325, 0.01505
0.01363, 0.01532
0.01401, 0.01558
0.01439, 0.01585
0.01478, 0.01611
0.01517, 0.01638
0.01557, 0.01664
0.01598, 0.01690
0.01639, 0.01716
0.01680, 0.01743
0.01723, 0.01769
0.01765, 0.01795
0.01808, 0.01821
0.01852, 0.01847
0.01896, 0.01872
0.01940, 0.01898
0.01985, 0.01924
0.02031, 0.01950
0.02077, 0.01975
0.02124, 0.02001
0.02171, 0.02026
0.02218, 0.02052
0.02267, 0.02077
0.02315, 0.02102
0.02364, 0.02128
0.02414, 0.02153
0.02464, 0.02178
0.02515, 0.02203
0.02566, 0.02228
0.02617, 0.02253
0.02670, 0.02277
0.02722, 0.02302
0.02775, 0.02327
0.02829, 0.02351
0.02883, 0.02376
0.02937, 0.02400
0.02992, 0.02425
0.03048, 0.02449
0.03104, 0.02473
0.03161, 0.02497
0.03217, 0.02521
0.03275, 0.02545
0.03333, 0.02569
0.03391, 0.02593
0.03450, 0.02616
0.03510, 0.02640
0.03569, 0.02663
0.03630, 0.02687
0.03690, 0.02710
0.03752, 0.02733
0.03813, 0.02756
0.03876, 0.02780
0.03938, 0.02803
0.04001, 0.02825
0.04065, 0.02848
0.04129, 0.02871
0.04193, 0.02894
0.04258, 0.02916
0.04324, 0.02938
0.04390, 0.02961
0.04456, 0.02983
0.04523, 0.03005
0.04590, 0.03027
0.04657, 0.03049
0.04725, 0.03071
0.04794, 0.03093
0.04863, 0.03115
0.04932, 0.03136
0.05002, 0.03158
0.05072, 0.03179
0.05143, 0.03200
0.05214, 0.03222
0.05285, 0.03243
0.05357, 0.03264
0.05430, 0.03285
0.05502, 0.03306
0.05575, 0.03326
0.05649, 0.03347
0.05723, 0.03368
0.05797, 0.03388
0.05872, 0.03409
0.05947, 0.03429
0.06023, 0.03449
0.06099, 0.03469
0.06175, 0.03489
0.06252, 0.03509
0.06329, 0.03529
0.06407, 0.03549
0.06485, 0.03568
0.06563, 0.03588
0.06642, 0.03607
0.06721, 0.03627
0.06800, 0.03646
0.06880, 0.03665
0.06960, 0.03685
0.07041, 0.03704
0.07122, 0.03723
0.07203, 0.03742
0.07285, 0.03760
0.07367, 0.03779
0.07449, 0.03798
0.07532, 0.03816
0.07615, 0.03835
0.07698, 0.03853
0.07782, 0.03872
0.07866, 0.03890
0.07951, 0.03908
0.08035, 0.03926
0.08120, 0.03944
0.08206, 0.03962
0.08292, 0.03980
0.08378, 0.03998
0.08464, 0.04016
0.08551, 0.04034
0.08638, 0.04052
0.08725, 0.04069
0.08813, 0.04087
0.08900, 0.04104
0.08989, 0.04122
0.09077, 0.04139
0.09166, 0.04157
0.09255, 0.04174
0.09344, 0.04191
0.09434, 0.04208
0.09524, 0.04226
0.09614, 0.04243
0.09705, 0.04260
0.09796, 0.04277
0.09887, 0.04294
0.09978, 0.04311
0.10069, 0.04328
0.10161, 0.04345
0.10253, 0.04362
0.10346, 0.04379
0.10438, 0.04396
0.10531, 0.04413
0.10624, 0.04429
0.10717, 0.04446
0.10811, 0.04463
0.10905, 0.04480
0.10999, 0.04497
0.11093, 0.04514
0.11187, 0.04531
0.11282, 0.04547
0.11377, 0.04564
0.11472, 0.04581
0.11567, 0.04598
0.11663, 0.04615
0.11759, 0.04632
0.11855, 0.04649
0.11951, 0.04666
0.12047, 0.04683
0.12144, 0.04700
0.12240, 0.04717
0.12337, 0.04734
0.12434, 0.04751
0.12531, 0.04768
0.12629, 0.04785
0.12726, 0.04803
0.12824, 0.04820
0.12922, 0.04837
0.13020, 0.04855
0.13119, 0.04872
0.13217, 0.04890
0.13316, 0.04907
0.13415, 0.04925
0.13514, 0.04943
0.13614, 0.04961
0.13714, 0.04979
0.13814, 0.04997
0.13914, 0.05015
0.14015, 0.05033
0.14116, 0.05051
0.14217, 0.05070
0.14319, 0.05088
0.14420, 0.05107
0.14522, 0.05126
0.14625, 0.05144
0.14727, 0.05163
0.14830, 0.05182
0.14933, 0.05201
0.15036, 0.05220
0.15140, 0.05240
0.15244, 0.05259
0.15348, 0.05279
0.15452, 0.05298
0.15557, 0.05318
0.15662, 0.05338
0.15767, 0.05358
0.15872, 0.05378
0.15978, 0.05398
0.16083, 0.05418
0.16190, 0.05439
0.16296, 0.05459
0.16403, 0.05480
0.16509, 0.05501
0.16616, 0.05522
0.16724, 0.05543
0.16831, 0.05564
0.16939, 0.05585
0.17047, 0.05607
0.17156, 0.05628
0.17264, 0.05650
0.17373, 0.05672
0.17482, 0.05694
0.17591, 0.05716
0.17701, 0.05739
0.17810, 0.05761
0.17920, 0.05784
0.18031, 0.05807
0.18141, 0.05830
0.18252, 0.05853
0.18363, 0.05876
0.18474, 0.05900
0.18585, 0.05923
0.18697, 0.05947
0.18809, 0.05971
0.18921, 0.05995
0.19033, 0.06020
0.19146, 0.06044
0.19259, 0.06069
0.19373, 0.06094
0.19487, 0.06119
0.19602, 0.06145
0.19718, 0.06170
0.19834, 0.06196
0.19951, 0.06222
0.20069, 0.06249
0.20187, 0.06275
0.20306, 0.06302
0.20426, 0.06329
0.20546, 0.06356
0.20667, 0.06383
0.20789, 0.06411
0.20911, 0.06438
0.21034, 0.06466
0.21158, 0.06494
0.21282, 0.06522
0.21408, 0.06550
0.21533, 0.06579
0.21660, 0.06607
0.21787, 0.06636
0.21915, 0.06665
0.22044, 0.06694
0.22173, 0.06722
0.22303, 0.06751
0.22434, 0.06781
0.22565, 0.06810
0.22697, 0.06839
0.22830, 0.06868
0.22964, 0.06897
0.23098, 0.06927
0.23233, 0.06956
0.23369, 0.06985
0.23506, 0.07015
0.23643, 0.07044
0.23781, 0.07073
0.23919, 0.07103
0.24059, 0.07132
0.24199, 0.07161
0.24340, 0.07190
0.24481, 0.07219
0.24624, 0.07248
0.24767, 0.07276
0.24911, 0.07305
0.25055, 0.07334
0.25201, 0.07362
0.25347, 0.07390
0.25494, 0.07418
0.25641, 0.07446
0.25789, 0.07473
0.25938, 0.07500
0.26086, 0.07527
0.26235, 0.07554
0.26384, 0.07580
0.26534, 0.07606
0.26683, 0.07632
0.26833, 0.07658
0.26983, 0.07683
0.27134, 0.07708
0.27284, 0.07732
0.27435, 0.07756
0.27586, 0.07780
0.27737, 0.07804
0.27889, 0.07827
0.28040, 0.07850
0.28192, 0.07873
0.28344, 0.07895
0.28496, 0.07917
0.28649, 0.07939
0.28801, 0.07960
0.28954, 0.07981
0.29107, 0.08002
0.29261, 0.08023
0.29414, 0.08043
0.29568, 0.08063
0.29721, 0.08082
0.29875, 0.08101
0.30030, 0.08120
0.30184, 0.08139
0.30339, 0.08157
0.30493, 0.08175
0.30648, 0.08193
0.30803, 0.08211
0.30959, 0.08228
0.31114, 0.08244
0.31270, 0.08261
0.31425, 0.08277
0.31581, 0.08293
0.31737, 0.08309
0.31894, 0.08324
0.32050, 0.08339
0.32207, 0.08353
0.32363, 0.08368
0.32520, 0.08382
0.32677, 0.08395
0.32834, 0.08409
0.32991, 0.08422
0.33149, 0.08435
0.33306, 0.08447
0.33464, 0.08459
0.33622, 0.08471
0.33780, 0.08483
0.33938, 0.08494
0.34096, 0.08505
0.34255, 0.08516
0.34413, 0.08526
0.34572, 0.08536
0.34730, 0.08546
0.34889, 0.08555
0.35048, 0.08565
0.35207, 0.08573
0.35366, 0.08582
0.35526, 0.08590
0.35685, 0.08598
0.35844, 0.08606
0.36004, 0.08613
0.36164, 0.08620
0.36324, 0.08627
0.36483, 0.08634
0.36643, 0.08640
0.36803, 0.08646
0.36964, 0.08651
0.37124, 0.08657
0.37284, 0.08662
0.37445, 0.08667
0.37605, 0.08671
0.37766, 0.08675
0.37926, 0.08679
0.38087, 0.08683
0.38248, 0.08686
0.38409, 0.08689
0.38570, 0.08692
0.38731, 0.08694
0.38892, 0.08697
0.39053, 0.08698
0.39214, 0.08700
0.39376, 0.08701
0.39537, 0.08703
0.39698, 0.08703
0.39860, 0.08704
0.40021, 0.08704
0.40183, 0.08704
0.40345, 0.08704
0.40506, 0.08703
0.40668, 0.08702
0.40830, 0.08701
0.40991, 0.08700
0.41153, 0.08698
0.41315, 0.08697
0.41477, 0.08694
0.41639, 0.08692
0.41801, 0.08689
0.41963, 0.08686
0.42125, 0.08683
0.42287, 0.08680
0.42449, 0.08676
0.42611, 0.08672
0.42773, 0.08668
0.42936, 0.08663
0.43098, 0.08659
0.43260, 0.08654
0.43422, 0.08649
0.43584, 0.08643
0.43747, 0.08637
0.43909, 0.08631
0.44071, 0.08625
0.44233, 0.08619
0.44395, 0.08612
0.44558, 0.08605
0.44720, 0.08598
0.44882, 0.08591
0.45044, 0.08583
0.45207, 0.08575
0.45369, 0.08567
0.45531, 0.08559
0.45693, 0.08550
0.45856, 0.08542
0.46018, 0.08533
0.46180, 0.08523
0.46342, 0.08514
0.46504, 0.08504
0.46666, 0.08494
0.46829, 0.08484
0.46991, 0.08474
0.47153, 0.08463
0.47315, 0.08453
0.47477, 0.08442
0.47639, 0.08431
0.47801, 0.08419
0.47963, 0.08408
0.48124, 0.08396
0.48286, 0.08384
0.48448, 0.08372
0.48610, 0.08359
0.48772, 0.08347
0.48933, 0.08334
0.49095, 0.08321
0.49256, 0.08308
0.49418, 0.08294
0.49579, 0.08281
0.49741, 0.08267
0.49902, 0.08253
0.50064, 0.08239
0.50225, 0.08224
0.50386, 0.08210
0.50547, 0.08195
0.50708, 0.08180
0.50870, 0.08165
0.51031, 0.08150
0.51191, 0.08135
0.51352, 0.08119
0.51513, 0.08103
0.51674, 0.08087
0.51835, 0.08071
0.51995, 0.08055
0.52156, 0.08039
0.52316, 0.08022
0.52476, 0.08005
0.52637, 0.07988
0.52797, 0.07971
0.52957, 0.07954
0.53117, 0.07937
0.53277, 0.07919
0.53437, 0.07902
0.53597, 0.07884
0.53757, 0.07866
0.53916, 0.07848
0.54076, 0.07829
0.54235, 0.07811
0.54395, 0.07792
0.54554, 0.07774
0.54713, 0.07755
0.54872, 0.07736
0.55031, 0.07717
0.55190, 0.07697
0.55349, 0.07678
0.55507, 0.07658
0.55666, 0.07639
0.55824, 0.07619
0.55983, 0.07599
0.56141, 0.07579
0.56299, 0.07559
0.56457, 0.07539
0.56615, 0.07518
0.56773, 0.07498
0.56931, 0.07477
0.57088, 0.07456
0.57246, 0.07435
0.57403, 0.07414
0.57560, 0.07393
0.57718, 0.07372
0.57875, 0.07351
0.58031, 0.07330
0.58188, 0.07308
0.58345, 0.07286
0.58501, 0.07265
0.58658, 0.07243
0.58814, 0.07221
0.58970, 0.07199
0.59126, 0.07177
0.59282, 0.07155
0.59438, 0.07133
0.59593, 0.07110
0.59749, 0.07088
0.59904, 0.07065
0.60059, 0.07043
0.60214, 0.07020
0.60369, 0.06997
0.60524, 0.06974
0.60678, 0.06952
0.60833, 0.06929
0.60987, 0.06905
0.61141, 0.06882
0.61295, 0.06859
0.61449, 0.06836
0.61603, 0.06813
0.61757, 0.06789
0.61910, 0.06766
0.62063, 0.06742
0.62216, 0.06719
0.62369, 0.06695
0.62522, 0.06671
0.62675, 0.06647
0.62827, 0.06624
0.62979, 0.06600
0.63132, 0.06576
0.63284, 0.06552
0.63435, 0.06528
0.63587, 0.06504
0.63738, 0.06480
0.63890, 0.06455
0.64041, 0.06431
0.64192, 0.06407
0.64343, 0.06383
0.64493, 0.06358
0.64644, 0.06334
0.64794, 0.06310
0.64944, 0.06285
0.65094, 0.06261
0.65244, 0.06236
0.65393, 0.06212
0.65543, 0.06187
0.65692, 0.06163
0.65841, 0.06138
0.65990, 0.06114
0.66138, 0.06089
0.66287, 0.06064
0.66435, 0.06040
0.66583, 0.06015
0.66731, 0.05990
0.66879, 0.05965
0.67027, 0.05941
0.67174, 0.05916
0.67322, 0.05891
0.67470, 0.05866
0.67617, 0.05841
0.67765, 0.05816
0.67913, 0.05791
0.68061, 0.05766
0.68209, 0.05741
0.68357, 0.05715
0.68506, 0.05690
0.68654, 0.05664
0.68802, 0.05638
0.68950, 0.05612
0.69099, 0.05586
0.69247, 0.05560
0.69395, 0.05533
0.69543, 0.05507
0.69692, 0.05480
0.69840, 0.05453
0.69988, 0.05426
0.70137, 0.05398
0.70285, 0.05371
0.70433, 0.05343
0.70581, 0.05315
0.70730, 0.05287
0.70878, 0.05258
0.71026, 0.05229
0.71174, 0.05200
0.71322, 0.05171
0.71470, 0.05141
0.71618, 0.05111
0.71766, 0.05081
0.71913, 0.05050
0.72061, 0.05019
0.72209, 0.04988
0.72356, 0.04956
0.72503, 0.04924
0.72651, 0.04892
0.72798, 0.04860
0.72945, 0.04827
0.73092, 0.04793
0.73239, 0.04760
0.73385, 0.04726
0.73532, 0.04691
0.73678, 0.04656
0.73825, 0.04621
0.73971, 0.04586
0.74117, 0.04549
0.74263, 0.04513
0.74408, 0.04476
0.74554, 0.04439
0.74699, 0.04401
0.74844, 0.04363
0.74989, 0.04324
0.75134, 0.04285
0.75278, 0.04246
0.75423, 0.04206
0.75567, 0.04165
0.75710, 0.04124
0.75854, 0.04083
0.75996, 0.04042
0.76138, 0.04000
0.76280, 0.03957
0.76421, 0.03915
0.76562, 0.03871
0.76702, 0.03828
0.76841, 0.03784
0.76980, 0.03740
0.77118, 0.03696
0.77256, 0.03652
0.77394, 0.03607
0.77531, 0.03562
0.77667, 0.03517
0.77803, 0.03471
0.77938, 0.03425
0.78073, 0.03379
0.78208, 0.03333
0.78342, 0.03287
0.78475, 0.03240
0.78608, 0.03193
0.78740, 0.03147
0.78872, 0.03099
0.79004, 0.03052
0.79135, 0.03005
0.79265, 0.02958
0.79395, 0.02910
0.79525, 0.02862
0.79654, 0.02814
0.79782, 0.02767
0.79911, 0.02719
0.80038, 0.02671
0.80166, 0.02622
0.80292, 0.02574
0.80419, 0.02526
0.80544, 0.02478
0.80670, 0.02429
0.80795, 0.02381
0.80919, 0.02333
0.81043, 0.02284
0.81167, 0.02236
0.81290, 0.02188
0.81413, 0.02139
0.81535, 0.02091
0.81657, 0.02042
0.81779, 0.01994
0.81900, 0.01946
0.82020, 0.01898
0.82140, 0.01849
0.82260, 0.01801
0.82379, 0.01753
0.82498, 0.01705
0.82617, 0.01657
0.82735, 0.01609
0.82852, 0.01562
0.82969, 0.01514
0.83086, 0.01466
0.83202, 0.01419
0.83318, 0.01371
0.83434, 0.01324
0.83549, 0.01277
0.83664, 0.01230
0.83778, 0.01183
0.83892, 0.01136
0.84005, 0.01089
0.84118, 0.01043
0.84231, 0.00997
0.84343, 0.00950
0.84455, 0.00904
0.84567, 0.00858
0.84678, 0.00812
0.84789, 0.00767
0.84900, 0.00721
0.85010, 0.00676
0.85120, 0.00630
0.85229, 0.00585
0.85339, 0.00540
0.85447, 0.00495
0.85556, 0.00451
0.85664, 0.00406
0.85772, 0.00362
0.85879, 0.00317
0.85986, 0.00273
0.86092, 0.00229
0.86199, 0.00186
0.86305, 0.00142
0.86410, 0.00099
0.86515, 0.00055
0.86620, 0.00012
0.86725, -0.00031
0.86829, -0.00073
0.86932, -0.00116
0.87036, -0.00158
0.87139, -0.00200
0.87241, -0.00242
0.87344, -0.00284
0.87446, -0.00326
0.87547, -0.00367
0.87648, -0.00409
0.87749, -0.00450
0.87850, -0.00491
0.87950, -0.00532
0.88049, -0.00572
0.88149, -0.00613
0.88248, -0.00653
0.88346, -0.00693
0.88444, -0.00733
0.88542, -0.00772
0.88640, -0.00812
0.88737, -0.00851
0.88833, -0.00890
0.88930, -0.00929
0.89026, -0.00967
0.89121, -0.01006
0.89217, -0.01044
0.89312, -0.01082
0.89406, -0.01120
0.89500, -0.01157
0.89594, -0.01195
0.89687, -0.01232
0.89780, -0.01269
0.89873, -0.01306
0.89965, -0.01343
0.90057, -0.01379
0.90148, -0.01415
0.90239, -0.01451
0.90330, -0.01487
0.90421, -0.01522
0.90510, -0.01558
0.90600, -0.01593
0.90689, -0.01628
0.90778, -0.01663
0.90866, -0.01697
0.90955, -0.01732
0.91042, -0.01766
0.91129, -0.01800
0.91216, -0.01833
0.91303, -0.01867
0.91389, -0.01900
0.91475, -0.01933
0.91560, -0.01966
0.91645, -0.01999
0.91730, -0.02031
0.91814, -0.02063
0.91898, -0.02095
0.91981, -0.02127
0.92064, -0.02158
0.92147, -0.02190
0.92229, -0.02221
0.92311, -0.02252
0.92392, -0.02283
0.92473, -0.02313
0.92554, -0.02343
0.92634, -0.02373
0.92714, -0.02403
0.92793, -0.02433
0.92872, -0.02462
0.92951, -0.02492
0.93029, -0.02521
0.93107, -0.02549
0.93185, -0.02578
0.93262, -0.02606
0.93338, -0.02634
0.93415, -0.02662
0.93491, -0.02690
0.93566, -0.02718
0.93641, -0.02745
0.93716, -0.02772
0.93790, -0.02799
0.93864, -0.02826
0.93937, -0.02852
0.94010, -0.02878
0.94083, -0.02904
0.94155, -0.02930
0.94227, -0.02956
0.94298, -0.02981
0.94369, -0.03006
0.94440, -0.03031
0.94510, -0.03056
0.94580, -0.03081
0.94649, -0.03105
0.94718, -0.03129
0.94787, -0.03153
0.94855, -0.03177
0.94923, -0.03200
0.94990, -0.03224
0.95057, -0.03247
0.95123, -0.03270
0.95189, -0.03293
0.95255, -0.03315
0.95320, -0.03337
0.95385, -0.03360
0.95449, -0.03381
0.95513, -0.03403
0.95577, -0.03425
0.95640, -0.03446
0.95702, -0.03467
0.95765, -0.03488
0.95826, -0.03509
0.95888, -0.03529
0.95949, -0.03550
0.96009, -0.03570
0.96069, -0.03590
0.96129, -0.03609
0.96188, -0.03629
0.96247, -0.03648
0.96305, -0.03667
0.96363, -0.03686
0.96421, -0.03705
0.96478, -0.03724
0.96535, -0.03742
0.96591, -0.03760
0.96647, -0.03778
0.96702, -0.03796
0.96757, -0.03814
0.96811, -0.03831
0.96866, -0.03849
0.96919, -0.03866
0.96972, -0.03883
0.97025, -0.03899
0.97077, -0.03916
0.97129, -0.03932
0.97181, -0.03948
0.97232, -0.03964
0.97282, -0.03980
0.97332, -0.03996
0.97382, -0.04011
0.97431, -0.04026
0.97480, -0.04041
0.97528, -0.04056
0.97576, -0.04071
0.97623, -0.04086
0.97670, -0.04100
0.97717, -0.04114
0.97763, -0.04128
0.97809, -0.04142
0.97854, -0.04156
0.97898, -0.04169
0.97943, -0.04183
0.97987, -0.04196
0.98030, -0.04209
0.98073, -0.04222
0.98115, -0.04234
0.98157, -0.04247
0.98199, -0.04259
0.98240, -0.04271
0.98280, -0.04283
0.98321, -0.04295
0.98360, -0.04307
0.98400, -0.04318
0.98438, -0.04330
0.98477, -0.04341
0.98515, -0.04352
0.98552, -0.04363
0.98589, -0.04374
0.98626, -0.04384
0.98662, -0.04395
0.98697, -0.04405
0.98732, -0.04415
0.98767, -0.04425
0.98801, -0.04435
0.98835, -0.04444
0.98868, -0.04454
0.98901, -0.04463
0.98933, -0.04472
0.98965, -0.04481
0.98996, -0.04490
0.99027, -0.04499
0.99058, -0.04507
0.99088, -0.04516
0.99117, -0.04524
0.99146, -0.04532
0.99175, -0.04540
0.99203, -0.04548
0.99231, -0.04556
0.99258, -0.04563
0.99284, -0.04571
0.99311, -0.04578
0.99336, -0.04585
0.99362, -0.04592
0.99386, -0.04599
0.99411, -0.04606
0.99435, -0.04612
0.99458, -0.04619
0.99481, -0.04625
0.99503, -0.04631
0.99525, -0.04637
0.99547, -0.04643
0.99568, -0.04648
0.99588, -0.04654
0.99608, -0.04659
0.99628, -0.04665
0.99647, -0.04670
0.99665, -0.04675
0.99684, -0.04680
0.99701, -0.04684
0.99718, -0.04689
0.99735, -0.04694
0.99751, -0.04698
0.99767, -0.04702
0.99782, -0.04706
0.99797, -0.04710
0.99811, -0.04714
0.99825, -0.04718
0.99838, -0.04721
0.99851, -0.04725
0.99863, -0.04728
0.99875, -0.04731
0.99887, -0.04734
0.99898, -0.04737
0.99908, -0.04740
0.99918, -0.04742
0.99927, -0.04745
0.99936, -0.04747
0.99945, -0.04749
0.99953, -0.04752
0.99960, -0.04754
0.99967, -0.04755
0.99974, -0.04757
0.99980, -0.04759
0.99986, -0.04760
0.99991, -0.04762
0.99995, -0.04763
0.99999, -0.04764
1.00003, -0.04765
1.00006, -0.04766
1.00009, -0.04766
1.00011, -0.04767
1.00013, -0.04767
1.00014, -0.04768
1.00019, -0.04769
1.00021, -0.04769

=== Lower Surface ===
0.00000, -0.00588
0.00003, -0.00616
0.00005, -0.00644
0.00008, -0.00672
0.00012, -0.00699
0.00016, -0.00727
0.00021, -0.00755
0.00026, -0.00782
0.00032, -0.00810
0.00038, -0.00837
0.00044, -0.00864
0.00051, -0.00891
0.00059, -0.00918
0.00067, -0.00945
0.00076, -0.00972
0.00085, -0.00999
0.00094, -0.01026
0.00104, -0.01053
0.00115, -0.01080
0.00126, -0.01106
0.00137, -0.01133
0.00149, -0.01159
0.00161, -0.01186
0.00174, -0.01212
0.00188, -0.01238
0.00201, -0.01264
0.00216, -0.01290
0.00230, -0.01316
0.00246, -0.01342
0.00261, -0.01368
0.00277, -0.01394
0.00294, -0.01420
0.00311, -0.01446
0.00329, -0.01471
0.00347, -0.01497
0.00365, -0.01522
0.00384, -0.01548
0.00404, -0.01573
0.00424, -0.01598
0.00444, -0.01624
0.00465, -0.01649
0.00486, -0.01674
0.00508, -0.01699
0.00530, -0.01724
0.00553, -0.01749
0.00576, -0.01774
0.00599, -0.01799
0.00623, -0.01823
0.00648, -0.01848
0.00673, -0.01872
0.00698, -0.01897
0.00724, -0.01921
0.00750, -0.01946
0.00777, -0.01970
0.00804, -0.01995
0.00832, -0.02019
0.00860, -0.02043
0.00889, -0.02067
0.00918, -0.02091
0.00947, -0.02115
0.00977, -0.02139
0.01008, -0.02163
0.01038, -0.02187
0.01070, -0.02210
0.01102, -0.02234
0.01134, -0.02258
0.01166, -0.02281
0.01199, -0.02305
0.01233, -0.02328
0.01267, -0.02352
0.01301, -0.02375
0.01336, -0.02398
0.01371, -0.02422
0.01407, -0.02445
0.01443, -0.02468
0.01480, -0.02491
0.01517, -0.02514
0.01555, -0.02537
0.01593, -0.02560
0.01631, -0.02583
0.01670, -0.02606
0.01709, -0.02629
0.01749, -0.02651
0.01789, -0.02674
0.01830, -0.02697
0.01871, -0.02719
0.01912, -0.02742
0.01954, -0.02764
0.01997, -0.02787
0.02040, -0.02809
0.02083, -0.02832
0.02126, -0.02854
0.02171, -0.02876
0.02215, -0.02899
0.02260, -0.02921
0.02306, -0.02943
0.02352, -0.02965
0.02398, -0.02987
0.02445, -0.03009
0.02492, -0.03031
0.02540, -0.03053
0.02588, -0.03075
0.02636, -0.03097
0.02685, -0.03118
0.02735, -0.03140
0.02785, -0.03162
0.02835, -0.03183
0.02886, -0.03205
0.02937, -0.03227
0.02989, -0.03248
0.03041, -0.03270
0.03093, -0.03291
0.03146, -0.03312
0.03200, -0.03334
0.03254, -0.03355
0.03308, -0.03376
0.03363, -0.03398
0.03418, -0.03419
0.03473, -0.03440
0.03530, -0.03461
0.03586, -0.03482
0.03643, -0.03503
0.03700, -0.03524
0.03758, -0.03545
0.03817, -0.03566
0.03875, -0.03587
0.03935, -0.03608
0.03994, -0.03629
0.04054, -0.03649
0.04115, -0.03670
0.04176, -0.03691
0.04237, -0.03711
0.04299, -0.03732
0.04362, -0.03752
0.04424, -0.03773
0.04488, -0.03793
0.04551, -0.03814
0.04615, -0.03834
0.04680, -0.03854
0.04745, -0.03875
0.04811, -0.03895
0.04877, -0.03915
0.04943, -0.03935
0.05010, -0.03955
0.05077, -0.03975
0.05145, -0.03995
0.05213, -0.04015
0.05282, -0.04035
0.05351, -0.04055
0.05421, -0.04075
0.05491, -0.04094
0.05562, -0.04114
0.05633, -0.04134
0.05704, -0.04153
0.05776, -0.04173
0.05849, -0.04192
0.05922, -0.04212
0.05995, -0.04231
0.06069, -0.04250
0.06143, -0.04269
0.06218, -0.04289
0.06293, -0.04308
0.06369, -0.04327
0.06445, -0.04346
0.06522, -0.04365
0.06599, -0.04384
0.06677, -0.04402
0.06755, -0.04421
0.06834, -0.04440
0.06913, -0.04458
0.06993, -0.04477
0.07073, -0.04495
0.07153, -0.04514
0.07234, -0.04532
0.07316, -0.04550
0.07398, -0.04568
0.07480, -0.04586
0.07563, -0.04604
0.07647, -0.04622
0.07731, -0.04640
0.07815, -0.04658
0.07900, -0.04675
0.07986, -0.04693
0.08072, -0.04710
0.08158, -0.04728
0.08245, -0.04745
0.08333, -0.04762
0.08421, -0.04779
0.08509, -0.04796
0.08598, -0.04813
0.08688, -0.04830
0.08778, -0.04846
0.08868, -0.04863
0.08959, -0.04879
0.09051, -0.04895
0.09143, -0.04912
0.09236, -0.04928
0.09329, -0.04943
0.09422, -0.04959
0.09517, -0.04975
0.09611, -0.04990
0.09706, -0.05006
0.09802, -0.05021
0.09898, -0.05036
0.09995, -0.05051
0.10092, -0.05066
0.10190, -0.05080
0.10289, -0.05095
0.10387, -0.05109
0.10487, -0.05123
0.10587, -0.05137
0.10687, -0.05151
0.10788, -0.05165
0.10890, -0.05178
0.10992, -0.05191
0.11095, -0.05204
0.11198, -0.05217
0.11301, -0.05230
0.11406, -0.05242
0.11510, -0.05255
0.11616, -0.05267
0.11722, -0.05279
0.11828, -0.05290
0.11935, -0.05302
0.12043, -0.05313
0.12151, -0.05324
0.12259, -0.05335
0.12369, -0.05345
0.12478, -0.05356
0.12589, -0.05366
0.12700, -0.05375
0.12811, -0.05385
0.12923, -0.05394
0.13036, -0.05403
0.13149, -0.05412
0.13262, -0.05420
0.13377, -0.05428
0.13492, -0.05436
0.13607, -0.05444
0.13723, -0.05451
0.13839, -0.05458
0.13956, -0.05465
0.14073, -0.05471
0.14191, -0.05477
0.14309, -0.05483
0.14427, -0.05488
0.14546, -0.05493
0.14666, -0.05498
0.14785, -0.05503
0.14906, -0.05507
0.15026, -0.05511
0.15148, -0.05514
0.15269, -0.05517
0.15391, -0.05520
0.15514, -0.05523
0.15636, -0.05525
0.15760, -0.05527
0.15883, -0.05528
0.16008, -0.05529
0.16132, -0.05530
0.16257, -0.05530
0.16383, -0.05530
0.16508, -0.05530
0.16635, -0.05529
0.16761, -0.05528
0.16888, -0.05527
0.17016, -0.05525
0.17144, -0.05523
0.17272, -0.05521
0.17401, -0.05518
0.17530, -0.05514
0.17660, -0.05511
0.17790, -0.05507
0.17920, -0.05502
0.18051, -0.05497
0.18182, -0.05492
0.18313, -0.05487
0.18445, -0.05481
0.18578, -0.05474
0.18710, -0.05467
0.18844, -0.05460
0.18977, -0.05452
0.19111, -0.05444
0.19245, -0.05436
0.19380, -0.05427
0.19515, -0.05418
0.19650, -0.05408
0.19786, -0.05398
0.19923, -0.05387
0.20059, -0.05376
0.20196, -0.05364
0.20333, -0.05352
0.20471, -0.05340
0.20609, -0.05327
0.20748, -0.05314
0.20886, -0.05300
0.21025, -0.05286
0.21164, -0.05271
0.21303, -0.05256
0.21441, -0.05241
0.21580, -0.05225
0.21719, -0.05209
0.21857, -0.05193
0.21995, -0.05176
0.22134, -0.05160
0.22272, -0.05142
0.22410, -0.05125
0.22548, -0.05107
0.22686, -0.05089
0.22823, -0.05070
0.22961, -0.05052
0.23099, -0.05033
0.23236, -0.05014
0.23373, -0.04995
0.23510, -0.04975
0.23647, -0.04956
0.23784, -0.04936
0.23920, -0.04916
0.24057, -0.04896
0.24193, -0.04875
0.24329, -0.04855
0.24465, -0.04834
0.24601, -0.04814
0.24736, -0.04793
0.24872, -0.04772
0.25007, -0.04751
0.25142, -0.04730
0.25277, -0.04709
0.25411, -0.04688
0.25546, -0.04666
0.25680, -0.04645
0.25814, -0.04624
0.25947, -0.04603
0.26081, -0.04582
0.26214, -0.04561
0.26347, -0.04540
0.26479, -0.04518
0.26612, -0.04497
0.26744, -0.04477
0.26876, -0.04456
0.27008, -0.04435
0.27139, -0.04414
0.27270, -0.04394
0.27401, -0.04373
0.27531, -0.04353
0.27662, -0.04333
0.27792, -0.04313
0.27922, -0.04293
0.28053, -0.04273
0.28184, -0.04253
0.28315, -0.04234
0.28446, -0.04214
0.28577, -0.04195
0.28709, -0.04175
0.28841, -0.04156
0.28973, -0.04137
0.29105, -0.04118
0.29237, -0.04098
0.29370, -0.04079
0.29503, -0.04061
0.29636, -0.04042
0.29769, -0.04023
0.29903, -0.04004
0.30036, -0.03986
0.30170, -0.03967
0.30304, -0.03949
0.30439, -0.03931
0.30573, -0.03912
0.30708, -0.03894
0.30843, -0.03876
0.30978, -0.03858
0.31113, -0.03840
0.31249, -0.03823
0.31385, -0.03805
0.31520, -0.03787
0.31657, -0.03770
0.31793, -0.03752
0.31929, -0.03735
0.32066, -0.03718
0.32203, -0.03701
0.32340, -0.03684
0.32477, -0.03667
0.32615, -0.03650
0.32753, -0.03633
0.32890, -0.03616
0.33028, -0.03600
0.33167, -0.03583
0.33305, -0.03567
0.33444, -0.03551
0.33583, -0.03535
0.33722, -0.03519
0.33861, -0.03503
0.34000, -0.03487
0.34140, -0.03471
0.34279, -0.03455
0.34419, -0.03440
0.34559, -0.03424
0.34700, -0.03409
0.34840, -0.03394
0.34981, -0.03378
0.35122, -0.03363
0.35263, -0.03348
0.35404, -0.03333
0.35545, -0.03319
0.35687, -0.03304
0.35829, -0.03289
0.35970, -0.03275
0.36113, -0.03261
0.36255, -0.03246
0.36397, -0.03232
0.36540, -0.03218
0.36682, -0.03204
0.36825, -0.03190
0.36968, -0.03176
0.37112, -0.03163
0.37255, -0.03149
0.37399, -0.03136
0.37542, -0.03122
0.37686, -0.03109
0.37830, -0.03096
0.37975, -0.03083
0.38119, -0.03070
0.38264, -0.03057
0.38408, -0.03044
0.38553, -0.03032
0.38698, -0.03019
0.38843, -0.03007
0.38989, -0.02994
0.39134, -0.02982
0.39280, -0.02970
0.39426, -0.02958
0.39572, -0.02946
0.39718, -0.02934
0.39864, -0.02922
0.40010, -0.02911
0.40157, -0.02899
0.40304, -0.02888
0.40450, -0.02876
0.40597, -0.02865
0.40744, -0.02854
0.40892, -0.02843
0.41039, -0.02832
0.41186, -0.02821
0.41334, -0.02810
0.41482, -0.02800
0.41630, -0.02789
0.41778, -0.02779
0.41926, -0.02768
0.42074, -0.02758
0.42223, -0.02748
0.42371, -0.02738
0.42520, -0.02728
0.42669, -0.02718
0.42818, -0.02708
0.42967, -0.02698
0.43116, -0.02689
0.43265, -0.02679
0.43415, -0.02670
0.43564, -0.02661
0.43714, -0.02651
0.43864, -0.02642
0.44014, -0.02633
0.44164, -0.02624
0.44314, -0.02616
0.44464, -0.02607
0.44614, -0.02598
0.44765, -0.02590
0.44915, -0.02581
0.45066, -0.02573
0.45217, -0.02564
0.45367, -0.02556
0.45518, -0.02548
0.45669, -0.02540
0.45820, -0.02532
0.45972, -0.02524
0.46123, -0.02517
0.46274, -0.02509
0.46426, -0.02501
0.46578, -0.02494
0.46729, -0.02486
0.46881, -0.02479
0.47033, -0.02472
0.47185, -0.02465
0.47337, -0.02458
0.47489, -0.02451
0.47641, -0.02444
0.47793, -0.02437
0.47946, -0.02430
0.48098, -0.02424
0.48251, -0.02417
0.48403, -0.02410
0.48556, -0.02404
0.48708, -0.02398
0.48861, -0.02391
0.49014, -0.02385
0.49167, -0.02379
0.49320, -0.02373
0.49473, -0.02367
0.49626, -0.02361
0.49779, -0.02355
0.49932, -0.02350
0.50086, -0.02344
0.50239, -0.02338
0.50392, -0.02333
0.50546, -0.02327
0.50699, -0.02322
0.50852, -0.02317
0.51006, -0.02311
0.51160, -0.02306
0.51313, -0.02301
0.51467, -0.02296
0.51621, -0.02291
0.51774, -0.02286
0.51928, -0.02281
0.52082, -0.02276
0.52236, -0.02272
0.52389, -0.02267
0.52543, -0.02262
0.52697, -0.02258
0.52851, -0.02253
0.53005, -0.02249
0.53159, -0.02244
0.53313, -0.02240
0.53467, -0.02236
0.53621, -0.02232
0.53775, -0.02227
0.53929, -0.02223
0.54083, -0.02219
0.54237, -0.02215
0.54392, -0.02211
0.54546, -0.02207
0.54700, -0.02204
0.54854, -0.02200
0.55008, -0.02196
0.55162, -0.02192
0.55316, -0.02189
0.55470, -0.02185
0.55624, -0.02181
0.55778, -0.02178
0.55932, -0.02174
0.56087, -0.02171
0.56241, -0.02167
0.56395, -0.02164
0.56549, -0.02161
0.56703, -0.02157
0.56857, -0.02154
0.57011, -0.02151
0.57164, -0.02148
0.57318, -0.02145
0.57472, -0.02142
0.57626, -0.02138
0.57780, -0.02135
0.57934, -0.02132
0.58087, -0.02129
0.58241, -0.02126
0.58395, -0.02123
0.58548, -0.02121
0.58702, -0.02118
0.58856, -0.02115
0.59009, -0.02112
0.59162, -0.02109
0.59316, -0.02106
0.59469, -0.02104
0.59622, -0.02101
0.59776, -0.02098
0.59929, -0.02096
0.60082, -0.02093
0.60235, -0.02090
0.60388, -0.02088
0.60541, -0.02085
0.60694, -0.02082
0.60847, -0.02080
0.60999, -0.02077
0.61152, -0.02075
0.61305, -0.02072
0.61457, -0.02070
0.61610, -0.02067
0.61762, -0.02064
0.61914, -0.02062
0.62066, -0.02059
0.62219, -0.02057
0.62371, -0.02054
0.62522, -0.02052
0.62674, -0.02049
0.62826, -0.02047
0.62978, -0.02044
0.63129, -0.02042
0.63281, -0.02040
0.63432, -0.02037
0.63583, -0.02035
0.63735, -0.02032
0.63886, -0.02030
0.64037, -0.02027
0.64187, -0.02025
0.64338, -0.02022
0.64489, -0.02020
0.64639, -0.02017
0.64790, -0.02015
0.64940, -0.02012
0.65090, -0.02009
0.65240, -0.02007
0.65390, -0.02004
0.65540, -0.02002
0.65689, -0.01999
0.65839, -0.01997
0.65988, -0.01994
0.66138, -0.01991
0.66287, -0.01989
0.66436, -0.01986
0.66584, -0.01983
0.66732, -0.01981
0.66880, -0.01978
0.67027, -0.01975
0.67174, -0.01973
0.67321, -0.01970
0.67467, -0.01967
0.67613, -0.01965
0.67758, -0.01962
0.67903, -0.01959
0.68048, -0.01957
0.68192, -0.01954
0.68335, -0.01952
0.68479, -0.01950
0.68622, -0.01948
0.68764, -0.01946
0.68906, -0.01944
0.69048, -0.01942
0.69190, -0.01940
0.69331, -0.01939
0.69471, -0.01937
0.69612, -0.01936
0.69751, -0.01935
0.69891, -0.01934
0.70030, -0.01933
0.70169, -0.01933
0.70307, -0.01932
0.70445, -0.01932
0.70583, -0.01932
0.70721, -0.01933
0.70858, -0.01933
0.70994, -0.01934
0.71131, -0.01935
0.71267, -0.01936
0.71402, -0.01937
0.71538, -0.01939
0.71673, -0.01941
0.71807, -0.01943
0.71941, -0.01946
0.72075, -0.01948
0.72209, -0.01951
0.72342, -0.01955
0.72475, -0.01958
0.72608, -0.01962
0.72740, -0.01967
0.72872, -0.01971
0.73004, -0.01976
0.73136, -0.01981
0.73267, -0.01987
0.73397, -0.01993
0.73528, -0.01999
0.73658, -0.02006
0.73788, -0.02013
0.73918, -0.02020
0.74047, -0.02028
0.74176, -0.02036
0.74305, -0.02044
0.74433, -0.02053
0.74562, -0.02062
0.74690, -0.02072
0.74819, -0.02082
0.74947, -0.02092
0.75075, -0.02103
0.75204, -0.02114
0.75333, -0.02126
0.75461, -0.02138
0.75590, -0.02151
0.75718, -0.02163
0.75847, -0.02177
0.75975, -0.02190
0.76104, -0.02204
0.76232, -0.02218
0.76361, -0.02233
0.76489, -0.02248
0.76618, -0.02263
0.76746, -0.02278
0.76875, -0.02294
0.77003, -0.02310
0.77131, -0.02326
0.77259, -0.02343
0.77387, -0.02360
0.77515, -0.02377
0.77643, -0.02394
0.77771, -0.02412
0.77899, -0.02430
0.78027, -0.02448
0.78154, -0.02466
0.78282, -0.02484
0.78409, -0.02503
0.78537, -0.02522
0.78664, -0.02541
0.78791, -0.02560
0.78918, -0.02579
0.79045, -0.02599
0.79171, -0.02618
0.79298, -0.02638
0.79424, -0.02658
0.79551, -0.02678
0.79677, -0.02698
0.79803, -0.02718
0.79928, -0.02738
0.80054, -0.02759
0.80179, -0.02779
0.80305, -0.02800
0.80430, -0.02821
0.80555, -0.02841
0.80679, -0.02862
0.80804, -0.02883
0.80928, -0.02904
0.81052, -0.02925
0.81176, -0.02945
0.81300, -0.02966
0.81424, -0.02987
0.81547, -0.03008
0.81670, -0.03029
0.81793, -0.03050
0.81916, -0.03071
0.82038, -0.03092
0.82160, -0.03113
0.82282, -0.03134
0.82404, -0.03155
0.82525, -0.03176
0.82647, -0.03196
0.82768, -0.03217
0.82888, -0.03238
0.83009, -0.03258
0.83129, -0.03279
0.83248, -0.03299
0.83368, -0.03320
0.83487, -0.03340
0.83606, -0.03360
0.83724, -0.03380
0.83843, -0.03400
0.83960, -0.03420
0.84078, -0.03440
0.84195, -0.03460
0.84312, -0.03479
0.84429, -0.03499
0.84545, -0.03518
0.84661, -0.03538
0.84776, -0.03557
0.84891, -0.03576
0.85006, -0.03595
0.85121, -0.03614
0.85235, -0.03633
0.85349, -0.03651
0.85462, -0.03670
0.85575, -0.03689
0.85688, -0.03707
0.85801, -0.03725
0.85913, -0.03743
0.86024, -0.03761
0.86136, -0.03779
0.86247, -0.03797
0.86357, -0.03815
0.86468, -0.03832
0.86578, -0.03850
0.86687, -0.03867
0.86796, -0.03884
0.86905, -0.03901
0.87014, -0.03918
0.87122, -0.03935
0.87229, -0.03952
0.87337, -0.03968
0.87444, -0.03985
0.87550, -0.04001
0.87656, -0.04017
0.87762, -0.04033
0.87868, -0.04049
0.87973, -0.04065
0.88077, -0.04080
0.88182, -0.04096
0.88285, -0.04111
0.88389, -0.04126
0.88492, -0.04141
0.88595, -0.04156
0.88697, -0.04171
0.88799, -0.04186
0.88900, -0.04200
0.89001, -0.04214
0.89102, -0.04229
0.89202, -0.04243
0.89302, -0.04257
0.89402, -0.04271
0.89501, -0.04284
0.89600, -0.04298
0.89698, -0.04311
0.89796, -0.04324
0.89893, -0.04337
0.89990, -0.04350
0.90087, -0.04363
0.90183, -0.04376
0.90279, -0.04388
0.90374, -0.04401
0.90469, -0.04413
0.90563, -0.04425
0.90657, -0.04437
0.90751, -0.04449
0.90844, -0.04460
0.90937, -0.04472
0.91029, -0.04483
0.91121, -0.04494
0.91213, -0.04506
0.91304, -0.04517
0.91395, -0.04527
0.91485, -0.04538
0.91575, -0.04549
0.91664, -0.04559
0.91753, -0.04569
0.91841, -0.04579
0.91929, -0.04589
0.92017, -0.04599
0.92104, -0.04609
0.92191, -0.04618
0.92277, -0.04628
0.92363, -0.04637
0.92448, -0.04646
0.92533, -0.04655
0.92618, -0.04664
0.92702, -0.04673
0.92785, -0.04681
0.92868, -0.04690
0.92951, -0.04698
0.93033, -0.04706
0.93115, -0.04714
0.93196, -0.04722
0.93277, -0.04730
0.93358, -0.04738
0.93438, -0.04745
0.93517, -0.04753
0.93596, -0.04760
0.93675, -0.04767
0.93753, -0.04774
0.93830, -0.04781
0.93908, -0.04788
0.93984, -0.04795
0.94061, -0.04801
0.94136, -0.04808
0.94212, -0.04814
0.94287, -0.04820
0.94361, -0.04826
0.94435, -0.04832
0.94508, -0.04838
0.94581, -0.04844
0.94654, -0.04850
0.94726, -0.04855
0.94798, -0.04860
0.94869, -0.04866
0.94939, -0.04871
0.95010, -0.04876
0.95079, -0.04881
0.95148, -0.04886
0.95217, -0.04891
0.95285, -0.04895
0.95353, -0.04900
0.95421, -0.04904
0.95487, -0.04908
0.95554, -0.04913
0.95620, -0.04917
0.95685, -0.04921
0.95750, -0.04925
0.95814, -0.04929
0.95878, -0.04932
0.95942, -0.04936
0.96005, -0.04940
0.96067, -0.04943
0.96130, -0.04946
0.96191, -0.04950
0.96252, -0.04953
0.96313, -0.04956
0.96373, -0.04959
0.96432, -0.04962
0.96492, -0.04965
0.96550, -0.04968
0.96608, -0.04970
0.96666, -0.04973
0.96723, -0.04975
0.96780, -0.04978
0.96836, -0.04980
0.96892, -0.04982
0.96947, -0.04985
0.97002, -0.04987
0.97056, -0.04989
0.97110, -0.04991
0.97163, -0.04993
0.97216, -0.04995
0.97268, -0.04997
0.97320, -0.04998
0.97371, -0.05000
0.97422, -0.05002
0.97473, -0.05003
0.97522, -0.05005
0.97572, -0.05006
0.97621, -0.05007
0.97669, -0.05009
0.97717, -0.05010
0.97764, -0.05011
0.97811, -0.05012
0.97857, -0.05013
0.97903, -0.05015
0.97949, -0.05015
0.97994, -0.05016
0.98038, -0.05017
0.98082, -0.05018
0.98125, -0.05019
0.98168, -0.05020
0.98211, -0.05020
0.98253, -0.05021
0.98294, -0.05022
0.98335, -0.05022
0.98375, -0.05023
0.98415, -0.05023
0.98455, -0.05024
0.98494, -0.05024
0.98532, -0.05025
0.98570, -0.05025
0.98607, -0.05025
0.98644, -0.05026
0.98681, -0.05026
0.98717, -0.05026
0.98752, -0.05027
0.98787, -0.05027
0.98821, -0.05027
0.98855, -0.05027
0.98889, -0.05027
0.98922, -0.05027
0.98954, -0.05027
0.98986, -0.05027
0.99018, -0.05027
0.99048, -0.05027
0.99079, -0.05027
0.99109, -0.05027
0.99138, -0.05027
0.99167, -0.05027
0.99196, -0.05027
0.99224, -0.05027
0.99251, -0.05027
0.99278, -0.05027
0.99304, -0.05027
0.99330, -0.05027
0.99356, -0.05026
0.99381, -0.05026
0.99405, -0.05026
0.99429, -0.05026
0.99452, -0.05026
0.99475, -0.05025
0.99498, -0.05025
0.99519, -0.05025
0.99541, -0.05025
0.99562, -0.05025
0.99582, -0.05024
0.99602, -0.05024
0.99621, -0.05024
0.99640, -0.05024
0.99659, -0.05023
0.99677, -0.05023
0.99694, -0.05023
0.99711, -0.05023
0.99727, -0.05023
0.99743, -0.05022
0.99758, -0.05022
0.99773, -0.05022
0.99788, -0.05022
0.99801, -0.05021
0.99815, -0.05021
0.99828, -0.05021
0.99840, -0.05021
0.99852, -0.05021
0.99863, -0.05020
0.99874, -0.05020
0.99884, -0.05020
0.99894, -0.05020
0.99904, -0.05020
0.99912, -0.05020
0.99921, -0.05019
0.99928, -0.05019
0.99936, -0.05019
0.99943, -0.05019
0.99949, -0.05019
0.99955, -0.05019
0.99960, -0.05019
0.99965, -0.05019
0.99969, -0.05018
0.99973, -0.05018
0.99976, -0.05018
0.99979, -0.05018
0.99981, -0.05018
0.99983, -0.05018
0.99984, -0.05018
0.99980, -0.05017
0.99979, -0.05017
