airfoil_points_936
1.000000 0.006560
0.999748 0.006610
0.998993 0.006759
0.997736 0.007007
0.995977 0.007353
0.993719 0.007796
0.990964 0.008335
0.987715 0.008968
0.983974 0.009694
0.979746 0.010510
0.975036 0.011413
0.969846 0.012403
0.964184 0.013476
0.958054 0.014628
0.951463 0.015859
0.944418 0.017164
0.936925 0.018540
0.928992 0.019985
0.920627 0.021496
0.911838 0.023070
0.902635 0.024703
0.893027 0.026394
0.883022 0.028139
0.872632 0.029935
0.861867 0.031781
0.850737 0.033674
0.839255 0.035611
0.827430 0.037590
0.815276 0.039605
0.802805 0.041645
0.790028 0.043700
0.776960 0.045758
0.763613 0.047808
0.750000 0.049835
0.736136 0.051830
0.722033 0.053791
0.707708 0.055715
0.693173 0.057603
0.678443 0.059452
0.663534 0.061263
0.648460 0.063032
0.633237 0.064756
0.617879 0.066430
0.602403 0.068049
0.586824 0.069610
0.571157 0.071108
0.555419 0.072539
0.539625 0.073899
0.523791 0.075185
0.507933 0.076391
0.492067 0.077515
0.476209 0.078553
0.460375 0.079501
0.444581 0.080357
0.428843 0.081116
0.413176 0.081776
0.397597 0.082334
0.382121 0.082789
0.366763 0.083136
0.351540 0.083374
0.336466 0.083502
0.321557 0.083518
0.306827 0.083420
0.292292 0.083208
0.277967 0.082880
0.263864 0.082437
0.250000 0.081880
0.236387 0.081212
0.223040 0.080440
0.209972 0.079566
0.197195 0.078597
0.184724 0.077534
0.172570 0.076367
0.160745 0.075083
0.149263 0.073671
0.138133 0.072125
0.127368 0.070439
0.116978 0.068611
0.106973 0.066649
0.097365 0.064565
0.088162 0.062370
0.079373 0.060073
0.071008 0.057685
0.063075 0.055216
0.055582 0.052675
0.048537 0.050071
0.041946 0.047413
0.035816 0.044708
0.030154 0.041965
0.024964 0.039191
0.020254 0.036393
0.016026 0.033577
0.012285 0.030751
0.009036 0.027919
0.006281 0.025088
0.004023 0.022266
0.002264 0.019464
0.001007 0.016708
0.000252 0.014095
0.000000 0.012486
0.000252 0.007589
0.001007 0.005070
0.002264 0.002501
0.004023 -0.000014
0.006281 -0.002454
0.009036 -0.004809
0.012285 -0.007076
0.016026 -0.009252
0.020254 -0.011336
0.024964 -0.013329
0.030154 -0.015228
0.035816 -0.017035
0.041946 -0.018750
0.048537 -0.020374
0.055582 -0.021910
0.063075 -0.023358
0.071008 -0.024722
0.079373 -0.026005
0.088162 -0.027210
0.097365 -0.028343
0.106973 -0.029409
0.116978 -0.030414
0.127368 -0.031366
0.138133 -0.032271
0.149263 -0.033127
0.160745 -0.033925
0.172570 -0.034653
0.184724 -0.035299
0.197195 -0.035849
0.209972 -0.036289
0.223040 -0.036618
0.236387 -0.036843
0.250000 -0.036968
0.263864 -0.037001
0.277967 -0.036948
0.292292 -0.036815
0.306827 -0.036604
0.321557 -0.036319
0.336466 -0.035962
0.351540 -0.035539
0.366763 -0.035052
0.382121 -0.034506
0.397597 -0.033904
0.413176 -0.033251
0.428843 -0.032550
0.444581 -0.031806
0.460375 -0.031023
0.476209 -0.030205
0.492067 -0.029355
0.507933 -0.028478
0.523791 -0.027578
0.539625 -0.026657
0.555419 -0.025720
0.571157 -0.024769
0.586824 -0.023808
0.602403 -0.022841
0.617879 -0.021869
0.633237 -0.020895
0.648460 -0.019922
0.663534 -0.018953
0.678443 -0.017988
0.693173 -0.017034
0.707708 -0.016096
0.722033 -0.015179
0.736136 -0.014289
0.750000 -0.013429
0.763613 -0.012602
0.776960 -0.011804
0.790028 -0.011026
0.802805 -0.010263
0.815276 -0.009508
0.827430 -0.008758
0.839255 -0.008008
0.850737 -0.007259
0.861867 -0.006513
0.872632 -0.005775
0.883022 -0.005046
0.893027 -0.004331
0.902635 -0.003632
0.911838 -0.002951
0.920627 -0.002291
0.928992 -0.001655
0.936925 -0.001045
0.944418 -0.000462
0.951463 0.000092
0.958054 0.000614
0.964184 0.001104
0.969846 0.001560
0.975036 0.001980
0.979746 0.002364
0.983974 0.002710
0.987715 0.003017
0.990964 0.003286
0.993719 0.003514
0.995977 0.003701
0.997736 0.003847
0.998993 0.003952
0.999748 0.004015
1.000000 0.004032
