airfoil_points_935
1.000000 -0.005743
0.999748 -0.005689
0.998993 -0.005528
0.997736 -0.005259
0.995977 -0.004884
0.993719 -0.004402
0.990964 -0.003815
0.987715 -0.003123
0.983974 -0.002328
0.979746 -0.001432
0.975036 -0.000436
0.969846 0.000659
0.964184 0.001849
0.958054 0.003131
0.951463 0.004504
0.944418 0.005963
0.936925 0.007504
0.928992 0.009124
0.920627 0.010817
0.911838 0.012579
0.902635 0.014403
0.893027 0.016283
0.883022 0.018213
0.872632 0.020185
0.861867 0.022190
0.850737 0.024222
0.839255 0.026270
0.827430 0.028324
0.815276 0.030374
0.802805 0.032406
0.790028 0.034406
0.776960 0.036361
0.763613 0.038254
0.750000 0.040070
0.736136 0.041803
0.722033 0.043463
0.707708 0.045064
0.693173 0.046623
0.678443 0.048159
0.663534 0.049693
0.648460 0.051232
0.633237 0.052769
0.617879 0.054298
0.602403 0.055810
0.586824 0.057297
0.571157 0.058752
0.555419 0.060164
0.539625 0.061527
0.523791 0.062832
0.507933 0.064069
0.492067 0.065231
0.476209 0.066308
0.460375 0.067294
0.444581 0.068179
0.428843 0.068956
0.413176 0.069618
0.397597 0.070159
0.382121 0.070572
0.366763 0.070850
0.351540 0.070990
0.336466 0.070987
0.321557 0.070836
0.306827 0.070534
0.292292 0.070080
0.277967 0.069470
0.263864 0.068706
0.250000 0.067790
0.236387 0.066755
0.223040 0.065637
0.209972 0.064470
0.197195 0.063284
0.184724 0.062103
0.172570 0.060916
0.160745 0.059701
0.149263 0.058440
0.138133 0.057116
0.127368 0.055716
0.116978 0.054232
0.106973 0.052656
0.097365 0.050985
0.088162 0.049218
0.079373 0.047355
0.071008 0.045396
0.063075 0.043343
0.055582 0.041202
0.048537 0.038976
0.041946 0.036670
0.035816 0.034291
0.030154 0.031844
0.024964 0.029336
0.020254 0.026775
0.016026 0.024167
0.012285 0.021518
0.009036 0.018836
0.006281 0.016126
0.004023 0.013396
0.002264 0.010652
0.001007 0.007909
0.000252 0.005219
0.000000 0.003310
0.000252 -0.000795
0.001007 -0.003443
0.002264 -0.006092
0.004023 -0.008691
0.006281 -0.011230
0.009036 -0.013705
0.012285 -0.016116
0.016026 -0.018463
0.020254 -0.020748
0.024964 -0.022969
0.030154 -0.025129
0.035816 -0.027228
0.041946 -0.029266
0.048537 -0.031244
0.055582 -0.033161
0.063075 -0.035017
0.071008 -0.036809
0.079373 -0.038535
0.088162 -0.040191
0.097365 -0.041773
0.106973 -0.043274
0.116978 -0.044689
0.127368 -0.046009
0.138133 -0.047223
0.149263 -0.048320
0.160745 -0.049283
0.172570 -0.050097
0.184724 -0.050743
0.197195 -0.051201
0.209972 -0.051455
0.223040 -0.051515
0.236387 -0.051409
0.250000 -0.051168
0.263864 -0.050829
0.277967 -0.050434
0.292292 -0.050000
0.306827 -0.049532
0.321557 -0.049030
0.336466 -0.048498
0.351540 -0.047935
0.366763 -0.047344
0.382121 -0.046726
0.397597 -0.046080
0.413176 -0.045408
0.428843 -0.044710
0.444581 -0.043984
0.460375 -0.043232
0.476209 -0.042451
0.492067 -0.041642
0.507933 -0.040803
0.523791 -0.039932
0.539625 -0.039030
0.555419 -0.038094
0.571157 -0.037123
0.586824 -0.036115
0.602403 -0.035071
0.617879 -0.033987
0.633237 -0.032864
0.648460 -0.031701
0.663534 -0.030496
0.678443 -0.029251
0.693173 -0.027980
0.707708 -0.026711
0.722033 -0.025468
0.736136 -0.024276
0.750000 -0.023156
0.763613 -0.022124
0.776960 -0.021178
0.790028 -0.020305
0.802805 -0.019496
0.815276 -0.018743
0.827430 -0.018037
0.839255 -0.017370
0.850737 -0.016737
0.861867 -0.016135
0.872632 -0.015559
0.883022 -0.015007
0.893027 -0.014477
0.902635 -0.013967
0.911838 -0.013476
0.920627 -0.013002
0.928992 -0.012546
0.936925 -0.012108
0.944418 -0.011687
0.951463 -0.011285
0.958054 -0.010902
0.964184 -0.010539
0.969846 -0.010199
0.975036 -0.009881
0.979746 -0.009588
0.983974 -0.009321
0.987715 -0.009081
0.990964 -0.008870
0.993719 -0.008689
0.995977 -0.008539
0.997736 -0.008422
0.998993 -0.008338
0.999748 -0.008287
1.000000 -0.008272
