airfoil_points_019
1.000000 0.002904
0.999748 0.002957
0.998993 0.003115
0.997736 0.003377
0.995977 0.003742
0.993719 0.004208
0.990964 0.004773
0.987715 0.005434
0.983974 0.006187
0.979746 0.007029
0.975036 0.007958
0.969846 0.008968
0.964184 0.010056
0.958054 0.011219
0.951463 0.012452
0.944418 0.013753
0.936925 0.015119
0.928992 0.016548
0.920627 0.018037
0.911838 0.019585
0.902635 0.021193
0.893027 0.022860
0.883022 0.024589
0.872632 0.026380
0.861867 0.028239
0.850737 0.030169
0.839255 0.032176
0.827430 0.034266
0.815276 0.036440
0.802805 0.038694
0.790028 0.041023
0.776960 0.043424
0.763613 0.045891
0.750000 0.048419
0.736136 0.050996
0.722033 0.053606
0.707708 0.056231
0.693173 0.058850
0.678443 0.061442
0.663534 0.063986
0.648460 0.066467
0.633237 0.068877
0.617879 0.071207
0.602403 0.073447
0.586824 0.075590
0.571157 0.077626
0.555419 0.079546
0.539625 0.081343
0.523791 0.083009
0.507933 0.084536
0.492067 0.085916
0.476209 0.087144
0.460375 0.088212
0.444581 0.089115
0.428843 0.089848
0.413176 0.090405
0.397597 0.090784
0.382121 0.090979
0.366763 0.090989
0.351540 0.090812
0.336466 0.090445
0.321557 0.089889
0.306827 0.089143
0.292292 0.088208
0.277967 0.087086
0.263864 0.085780
0.250000 0.084289
0.236387 0.082598
0.223040 0.080686
0.209972 0.078537
0.197195 0.076138
0.184724 0.073482
0.172570 0.070581
0.160745 0.067486
0.149263 0.064246
0.138133 0.060910
0.127368 0.057519
0.116978 0.054112
0.106973 0.050720
0.097365 0.047348
0.088162 0.044001
0.079373 0.040681
0.071008 0.037390
0.063075 0.034129
0.055582 0.030900
0.048537 0.027703
0.041946 0.024538
0.035816 0.021404
0.030154 0.018301
0.024964 0.015229
0.020254 0.012186
0.016026 0.009171
0.012285 0.006185
0.009036 0.003228
0.006281 0.000300
0.004023 -0.002596
0.002264 -0.005451
0.001007 -0.008244
0.000252 -0.010868
0.000000 -0.012465
0.000252 -0.017454
0.001007 -0.019954
0.002264 -0.022496
0.004023 -0.024977
0.006281 -0.027366
0.009036 -0.029654
0.012285 -0.031831
0.016026 -0.033891
0.020254 -0.035826
0.024964 -0.037632
0.030154 -0.039300
0.035816 -0.040823
0.041946 -0.042195
0.048537 -0.043408
0.055582 -0.044456
0.063075 -0.045330
0.071008 -0.046026
0.079373 -0.046536
0.088162 -0.046855
0.097365 -0.046978
0.106973 -0.046900
0.116978 -0.046619
0.127368 -0.046132
0.138133 -0.045437
0.149263 -0.044539
0.160745 -0.043466
0.172570 -0.042259
0.184724 -0.040966
0.197195 -0.039648
0.209972 -0.038378
0.223040 -0.037205
0.236387 -0.036113
0.250000 -0.035081
0.263864 -0.034084
0.277967 -0.033096
0.292292 -0.032102
0.306827 -0.031110
0.321557 -0.030124
0.336466 -0.029151
0.351540 -0.028195
0.366763 -0.027260
0.382121 -0.026352
0.397597 -0.025474
0.413176 -0.024629
0.428843 -0.023819
0.444581 -0.023048
0.460375 -0.022316
0.476209 -0.021625
0.492067 -0.020976
0.507933 -0.020370
0.523791 -0.019805
0.539625 -0.019282
0.555419 -0.018800
0.571157 -0.018357
0.586824 -0.017953
0.602403 -0.017585
0.617879 -0.017251
0.633237 -0.016949
0.648460 -0.016677
0.663534 -0.016432
0.678443 -0.016211
0.693173 -0.016002
0.707708 -0.015789
0.722033 -0.015559
0.736136 -0.015298
0.750000 -0.014996
0.763613 -0.014643
0.776960 -0.014237
0.790028 -0.013780
0.802805 -0.013272
0.815276 -0.012715
0.827430 -0.012110
0.839255 -0.011461
0.850737 -0.010773
0.861867 -0.010059
0.872632 -0.009330
0.883022 -0.008594
0.893027 -0.007861
0.902635 -0.007138
0.911838 -0.006432
0.920627 -0.005748
0.928992 -0.005090
0.936925 -0.004464
0.944418 -0.003871
0.951463 -0.003315
0.958054 -0.002796
0.964184 -0.002317
0.969846 -0.001878
0.975036 -0.001478
0.979746 -0.001119
0.983974 -0.000800
0.987715 -0.000520
0.990964 -0.000279
0.993719 -0.000077
0.995977 0.000088
0.997736 0.000215
0.998993 0.000306
0.999748 0.000360
1.000000 0.000375
