airfoil_points_545
1.000000 -0.053412
0.999748 -0.053323
0.998993 -0.053057
0.997736 -0.052612
0.995977 -0.051986
0.993719 -0.051174
0.990964 -0.050174
0.987715 -0.048981
0.983974 -0.047590
0.979746 -0.045997
0.975036 -0.044198
0.969846 -0.042189
0.964184 -0.039969
0.958054 -0.037536
0.951463 -0.034893
0.944418 -0.032043
0.936925 -0.028993
0.928992 -0.025753
0.920627 -0.022337
0.911838 -0.018762
0.902635 -0.015049
0.893027 -0.011226
0.883022 -0.007323
0.872632 -0.003375
0.861867 0.000577
0.850737 0.004489
0.839255 0.008311
0.827430 0.012004
0.815276 0.015564
0.802805 0.019002
0.790028 0.022332
0.776960 0.025572
0.763613 0.028748
0.750000 0.031886
0.736136 0.034991
0.722033 0.038031
0.707708 0.040976
0.693173 0.043795
0.678443 0.046455
0.663534 0.048924
0.648460 0.051191
0.633237 0.053266
0.617879 0.055155
0.602403 0.056868
0.586824 0.058418
0.571157 0.059816
0.555419 0.061076
0.539625 0.062211
0.523791 0.063236
0.507933 0.064167
0.492067 0.065020
0.476209 0.065810
0.460375 0.066554
0.444581 0.067268
0.428843 0.067967
0.413176 0.068667
0.397597 0.069383
0.382121 0.070128
0.366763 0.070916
0.351540 0.071758
0.336466 0.072664
0.321557 0.073644
0.306827 0.074706
0.292292 0.075854
0.277967 0.077093
0.263864 0.078418
0.250000 0.079750
0.236387 0.080967
0.223040 0.081968
0.209972 0.082676
0.197195 0.083031
0.184724 0.083002
0.172570 0.082592
0.160745 0.081810
0.149263 0.080666
0.138133 0.079173
0.127368 0.077346
0.116978 0.075197
0.106973 0.072766
0.097365 0.070099
0.088162 0.067238
0.079373 0.064225
0.071008 0.061093
0.063075 0.057875
0.055582 0.054599
0.048537 0.051288
0.041946 0.047962
0.035816 0.044640
0.030154 0.041333
0.024964 0.038053
0.020254 0.034809
0.016026 0.031606
0.012285 0.028449
0.009036 0.025342
0.006281 0.022290
0.004023 0.019299
0.002264 0.016383
0.001007 0.013583
0.000252 0.011050
0.000000 0.009675
0.000252 0.003789
0.001007 0.001440
0.002264 -0.001015
0.004023 -0.003412
0.006281 -0.005709
0.009036 -0.007886
0.012285 -0.009935
0.016026 -0.011847
0.020254 -0.013615
0.024964 -0.015236
0.030154 -0.016704
0.035816 -0.018017
0.041946 -0.019175
0.048537 -0.020178
0.055582 -0.021032
0.063075 -0.021744
0.071008 -0.022327
0.079373 -0.022799
0.088162 -0.023184
0.097365 -0.023513
0.106973 -0.023827
0.116978 -0.024175
0.127368 -0.024622
0.138133 -0.025245
0.149263 -0.026090
0.160745 -0.027158
0.172570 -0.028461
0.184724 -0.030001
0.197195 -0.031780
0.209972 -0.033755
0.223040 -0.035835
0.236387 -0.037923
0.250000 -0.039920
0.263864 -0.041724
0.277967 -0.043273
0.292292 -0.044562
0.306827 -0.045596
0.321557 -0.046379
0.336466 -0.046919
0.351540 -0.047226
0.366763 -0.047309
0.382121 -0.047182
0.397597 -0.046860
0.413176 -0.046360
0.428843 -0.045699
0.444581 -0.044896
0.460375 -0.043973
0.476209 -0.042951
0.492067 -0.041853
0.507933 -0.040702
0.523791 -0.039523
0.539625 -0.038338
0.555419 -0.037173
0.571157 -0.036051
0.586824 -0.034995
0.602403 -0.034027
0.617879 -0.033169
0.633237 -0.032441
0.648460 -0.031862
0.663534 -0.031447
0.678443 -0.031210
0.693173 -0.031131
0.707708 -0.031180
0.722033 -0.031326
0.736136 -0.031543
0.750000 -0.031804
0.763613 -0.032099
0.776960 -0.032458
0.790028 -0.032914
0.802805 -0.033497
0.815276 -0.034231
0.827430 -0.035134
0.839255 -0.036215
0.850737 -0.037446
0.861867 -0.038779
0.872632 -0.040172
0.883022 -0.041589
0.893027 -0.043001
0.902635 -0.044383
0.911838 -0.045714
0.920627 -0.046979
0.928992 -0.048165
0.936925 -0.049264
0.944418 -0.050270
0.951463 -0.051180
0.958054 -0.051995
0.964184 -0.052716
0.969846 -0.053347
0.975036 -0.053892
0.979746 -0.054357
0.983974 -0.054748
0.987715 -0.055073
0.990964 -0.055339
0.993719 -0.055550
0.995977 -0.055714
0.997736 -0.055836
0.998993 -0.055920
0.999748 -0.055945
1.000000 -0.055945
