=== Airfoil Parameters ===
m = 0.02
p = 0.4
t = 0.12

=== Control Points ===
0.00000, -0.04943, -0.04943
0.06667, -0.02592, -0.03203
0.13333, 0.00003, -0.01108
0.20000, 0.01475, -0.00025
0.26667, 0.01971, 0.00193
0.66667, 0.02430, 0.00825
0.75000, 0.03440, 0.02121
0.83333, 0.04253, 0.03297
0.91667, 0.04771, 0.04254
1.00000, 0.05012, 0.05012

=== Upper Surface ===
0.00000, -0.04943
-0.00009, -0.04917
-0.00013, -0.04889
-0.00018, -0.04861
-0.00023, -0.04834
-0.00027, -0.04806
-0.00031, -0.04779
-0.00035, -0.04751
-0.00038, -0.04723
-0.00040, -0.04695
-0.00042, -0.04667
-0.00044, -0.04639
-0.00045, -0.04611
-0.00046, -0.04583
-0.00046, -0.04554
-0.00045, -0.04526
-0.00045, -0.04498
-0.00043, -0.04469
-0.00041, -0.04440
-0.00039, -0.04412
-0.00036, -0.04383
-0.00033, -0.04354
-0.00029, -0.04325
-0.00025, -0.04296
-0.00021, -0.04267
-0.00015, -0.04237
-0.00010, -0.04208
-0.00004, -0.04179
0.00003, -0.04149
0.00010, -0.04120
0.00017, -0.04090
0.00025, -0.04060
0.00033, -0.04031
0.00042, -0.04001
0.00051, -0.03971
0.00061, -0.03941
0.00071, -0.03910
0.00082, -0.03880
0.00093, -0.03850
0.00104, -0.03819
0.00116, -0.03789
0.00128, -0.03758
0.00141, -0.03728
0.00154, -0.03697
0.00168, -0.03666
0.00182, -0.03635
0.00197, -0.03604
0.00212, -0.03573
0.00227, -0.03541
0.00243, -0.03510
0.00259, -0.03479
0.00276, -0.03447
0.00293, -0.03416
0.00311, -0.03384
0.00329, -0.03352
0.00347, -0.03320
0.00366, -0.03288
0.00386, -0.03256
0.00405, -0.03224
0.00426, -0.03191
0.00446, -0.03159
0.00467, -0.03126
0.00489, -0.03094
0.00511, -0.03061
0.00533, -0.03028
0.00556, -0.02995
0.00579, -0.02962
0.00603, -0.02929
0.00627, -0.02895
0.00651, -0.02862
0.00676, -0.02828
0.00701, -0.02795
0.00727, -0.02761
0.00753, -0.02727
0.00780, -0.02693
0.00807, -0.02659
0.00834, -0.02625
0.00862, -0.02590
0.00890, -0.02556
0.00919, -0.02521
0.00948, -0.02486
0.00977, -0.02451
0.01007, -0.02416
0.01038, -0.02381
0.01069, -0.02346
0.01100, -0.02310
0.01131, -0.02275
0.01163, -0.02239
0.01196, -0.02203
0.01229, -0.02167
0.01262, -0.02131
0.01296, -0.02095
0.01330, -0.02058
0.01365, -0.02022
0.01400, -0.01985
0.01435, -0.01948
0.01471, -0.01911
0.01508, -0.01874
0.01544, -0.01837
0.01582, -0.01800
0.01619, -0.01762
0.01657, -0.01724
0.01696, -0.01686
0.01735, -0.01648
0.01774, -0.01610
0.01814, -0.01572
0.01854, -0.01533
0.01895, -0.01495
0.01936, -0.01456
0.01978, -0.01417
0.02020, -0.01377
0.02062, -0.01338
0.02105, -0.01299
0.02148, -0.01259
0.02192, -0.01219
0.02236, -0.01179
0.02281, -0.01139
0.02326, -0.01099
0.02372, -0.01058
0.02418, -0.01017
0.02464, -0.00976
0.02511, -0.00935
0.02559, -0.00894
0.02607, -0.00853
0.02655, -0.00811
0.02704, -0.00769
0.02753, -0.00727
0.02803, -0.00685
0.02853, -0.00643
0.02904, -0.00600
0.02955, -0.00558
0.03007, -0.00515
0.03059, -0.00472
0.03111, -0.00428
0.03164, -0.00385
0.03218, -0.00341
0.03272, -0.00297
0.03326, -0.00253
0.03381, -0.00209
0.03437, -0.00165
0.03493, -0.00120
0.03549, -0.00076
0.03606, -0.00031
0.03664, 0.00015
0.03722, 0.00060
0.03780, 0.00105
0.03839, 0.00151
0.03898, 0.00197
0.03958, 0.00243
0.04019, 0.00290
0.04080, 0.00336
0.04141, 0.00383
0.04203, 0.00430
0.04266, 0.00477
0.04329, 0.00524
0.04392, 0.00571
0.04456, 0.00619
0.04521, 0.00667
0.04586, 0.00715
0.04652, 0.00763
0.04718, 0.00811
0.04785, 0.00860
0.04852, 0.00909
0.04920, 0.00958
0.04988, 0.01007
0.05057, 0.01056
0.05127, 0.01106
0.05197, 0.01155
0.05267, 0.01205
0.05338, 0.01255
0.05410, 0.01305
0.05482, 0.01356
0.05555, 0.01406
0.05628, 0.01457
0.05702, 0.01508
0.05777, 0.01559
0.05852, 0.01610
0.05928, 0.01661
0.06004, 0.01713
0.06081, 0.01764
0.06158, 0.01816
0.06236, 0.01868
0.06315, 0.01920
0.06394, 0.01973
0.06474, 0.02025
0.06554, 0.02078
0.06635, 0.02130
0.06717, 0.02183
0.06799, 0.02236
0.06882, 0.02289
0.06966, 0.02342
0.07050, 0.02396
0.07135, 0.02449
0.07220, 0.02502
0.07306, 0.02556
0.07393, 0.02610
0.07480, 0.02664
0.07568, 0.02718
0.07657, 0.02772
0.07746, 0.02826
0.07836, 0.02880
0.07926, 0.02934
0.08018, 0.02989
0.08110, 0.03043
0.08202, 0.03097
0.08296, 0.03152
0.08390, 0.03206
0.08484, 0.03261
0.08580, 0.03316
0.08676, 0.03370
0.08773, 0.03425
0.08870, 0.03480
0.08968, 0.03534
0.09067, 0.03589
0.09167, 0.03644
0.09267, 0.03698
0.09368, 0.03753
0.09470, 0.03808
0.09573, 0.03862
0.09676, 0.03917
0.09780, 0.03971
0.09885, 0.04026
0.09991, 0.04080
0.10097, 0.04134
0.10204, 0.04188
0.10312, 0.04242
0.10421, 0.04296
0.10531, 0.04350
0.10641, 0.04404
0.10752, 0.04457
0.10864, 0.04511
0.10977, 0.04564
0.11091, 0.04617
0.11205, 0.04670
0.11320, 0.04723
0.11437, 0.04775
0.11554, 0.04827
0.11672, 0.04879
0.11790, 0.04931
0.11909, 0.04982
0.12029, 0.05033
0.12149, 0.05084
0.12270, 0.05134
0.12391, 0.05184
0.12513, 0.05233
0.12635, 0.05282
0.12758, 0.05331
0.12881, 0.05379
0.13005, 0.05427
0.13129, 0.05474
0.13253, 0.05521
0.13378, 0.05568
0.13504, 0.05614
0.13630, 0.05660
0.13756, 0.05705
0.13883, 0.05750
0.14010, 0.05794
0.14138, 0.05838
0.14266, 0.05882
0.14394, 0.05925
0.14523, 0.05967
0.14652, 0.06009
0.14782, 0.06051
0.14912, 0.06092
0.15042, 0.06133
0.15173, 0.06173
0.15305, 0.06213
0.15436, 0.06253
0.15568, 0.06292
0.15701, 0.06330
0.15834, 0.06368
0.15967, 0.06406
0.16100, 0.06443
0.16234, 0.06480
0.16368, 0.06516
0.16503, 0.06552
0.16638, 0.06587
0.16773, 0.06622
0.16909, 0.06656
0.17045, 0.06690
0.17181, 0.06723
0.17318, 0.06756
0.17455, 0.06788
0.17592, 0.06820
0.17730, 0.06852
0.17868, 0.06883
0.18006, 0.06913
0.18145, 0.06943
0.18284, 0.06973
0.18423, 0.07002
0.18562, 0.07030
0.18702, 0.07058
0.18842, 0.07086
0.18982, 0.07113
0.19123, 0.07140
0.19263, 0.07166
0.19404, 0.07192
0.19546, 0.07217
0.19687, 0.07242
0.19829, 0.07266
0.19970, 0.07290
0.20112, 0.07313
0.20254, 0.07336
0.20397, 0.07358
0.20539, 0.07380
0.20682, 0.07402
0.20824, 0.07423
0.20967, 0.07443
0.21110, 0.07464
0.21253, 0.07483
0.21396, 0.07503
0.21539, 0.07521
0.21683, 0.07540
0.21826, 0.07558
0.21970, 0.07575
0.22114, 0.07593
0.22257, 0.07609
0.22401, 0.07626
0.22545, 0.07642
0.22689, 0.07657
0.22833, 0.07673
0.22978, 0.07687
0.23122, 0.07702
0.23266, 0.07716
0.23411, 0.07729
0.23555, 0.07743
0.23699, 0.07756
0.23844, 0.07768
0.23989, 0.07781
0.24133, 0.07793
0.24278, 0.07804
0.24422, 0.07815
0.24567, 0.07826
0.24712, 0.07837
0.24856, 0.07847
0.25001, 0.07857
0.25146, 0.07867
0.25290, 0.07876
0.25435, 0.07886
0.25580, 0.07894
0.25725, 0.07903
0.25869, 0.07911
0.26014, 0.07919
0.26159, 0.07927
0.26303, 0.07935
0.26448, 0.07942
0.26593, 0.07949
0.26737, 0.07956
0.26883, 0.07963
0.27028, 0.07969
0.27173, 0.07975
0.27319, 0.07981
0.27465, 0.07987
0.27611, 0.07992
0.27757, 0.07998
0.27903, 0.08003
0.28050, 0.08007
0.28196, 0.08012
0.28343, 0.08017
0.28490, 0.08021
0.28638, 0.08025
0.28785, 0.08028
0.28933, 0.08032
0.29080, 0.08035
0.29228, 0.08038
0.29376, 0.08041
0.29525, 0.08044
0.29673, 0.08047
0.29821, 0.08049
0.29970, 0.08051
0.30119, 0.08053
0.30268, 0.08054
0.30417, 0.08056
0.30566, 0.08057
0.30716, 0.08058
0.30865, 0.08059
0.31015, 0.08060
0.31165, 0.08060
0.31315, 0.08061
0.31465, 0.08061
0.31615, 0.08061
0.31766, 0.08060
0.31916, 0.08060
0.32067, 0.08059
0.32218, 0.08058
0.32369, 0.08057
0.32520, 0.08056
0.32671, 0.08054
0.32822, 0.08053
0.32974, 0.08051
0.33125, 0.08049
0.33277, 0.08047
0.33428, 0.08044
0.33580, 0.08042
0.33732, 0.08039
0.33884, 0.08036
0.34036, 0.08033
0.34189, 0.08030
0.34341, 0.08027
0.34494, 0.08023
0.34646, 0.08019
0.34799, 0.08016
0.34952, 0.08012
0.35104, 0.08007
0.35257, 0.08003
0.35410, 0.07998
0.35563, 0.07994
0.35717, 0.07989
0.35870, 0.07984
0.36023, 0.07979
0.36177, 0.07974
0.36330, 0.07968
0.36484, 0.07962
0.36637, 0.07957
0.36791, 0.07951
0.36945, 0.07945
0.37099, 0.07939
0.37253, 0.07932
0.37407, 0.07926
0.37561, 0.07919
0.37715, 0.07913
0.37869, 0.07906
0.38024, 0.07899
0.38178, 0.07892
0.38332, 0.07885
0.38487, 0.07877
0.38641, 0.07870
0.38796, 0.07862
0.38950, 0.07854
0.39105, 0.07847
0.39260, 0.07839
0.39415, 0.07831
0.39569, 0.07823
0.39724, 0.07814
0.39879, 0.07806
0.40034, 0.07797
0.40189, 0.07789
0.40344, 0.07780
0.40499, 0.07771
0.40654, 0.07762
0.40809, 0.07753
0.40964, 0.07744
0.41119, 0.07735
0.41275, 0.07726
0.41430, 0.07716
0.41585, 0.07707
0.41740, 0.07697
0.41896, 0.07688
0.42051, 0.07678
0.42206, 0.07668
0.42362, 0.07658
0.42517, 0.07649
0.42672, 0.07639
0.42828, 0.07628
0.42983, 0.07618
0.43139, 0.07608
0.43294, 0.07598
0.43449, 0.07587
0.43605, 0.07577
0.43760, 0.07567
0.43916, 0.07556
0.44071, 0.07545
0.44227, 0.07535
0.44382, 0.07524
0.44538, 0.07513
0.44693, 0.07503
0.44849, 0.07492
0.45004, 0.07481
0.45160, 0.07470
0.45315, 0.07459
0.45470, 0.07448
0.45626, 0.07437
0.45781, 0.07426
0.45937, 0.07415
0.46092, 0.07403
0.46247, 0.07392
0.46403, 0.07381
0.46558, 0.07370
0.46713, 0.07359
0.46869, 0.07347
0.47024, 0.07336
0.47179, 0.07325
0.47334, 0.07313
0.47490, 0.07302
0.47645, 0.07291
0.47800, 0.07279
0.47955, 0.07268
0.48110, 0.07257
0.48265, 0.07245
0.48420, 0.07234
0.48575, 0.07223
0.48730, 0.07211
0.48885, 0.07200
0.49040, 0.07188
0.49195, 0.07177
0.49350, 0.07166
0.49504, 0.07154
0.49659, 0.07143
0.49814, 0.07132
0.49968, 0.07121
0.50123, 0.07109
0.50277, 0.07098
0.50432, 0.07087
0.50586, 0.07076
0.50741, 0.07065
0.50895, 0.07053
0.51049, 0.07042
0.51204, 0.07031
0.51358, 0.07020
0.51512, 0.07009
0.51666, 0.06998
0.51820, 0.06987
0.51974, 0.06977
0.52128, 0.06966
0.52282, 0.06955
0.52435, 0.06944
0.52589, 0.06934
0.52743, 0.06923
0.52896, 0.06912
0.53050, 0.06902
0.53203, 0.06891
0.53357, 0.06881
0.53510, 0.06871
0.53663, 0.06860
0.53816, 0.06850
0.53970, 0.06840
0.54123, 0.06830
0.54276, 0.06820
0.54428, 0.06810
0.54581, 0.06800
0.54734, 0.06790
0.54887, 0.06781
0.55039, 0.06771
0.55192, 0.06762
0.55344, 0.06752
0.55496, 0.06743
0.55649, 0.06734
0.55801, 0.06724
0.55953, 0.06715
0.56105, 0.06706
0.56257, 0.06697
0.56408, 0.06688
0.56560, 0.06680
0.56712, 0.06671
0.56863, 0.06663
0.57015, 0.06654
0.57166, 0.06646
0.57317, 0.06638
0.57468, 0.06630
0.57619, 0.06622
0.57770, 0.06614
0.57921, 0.06606
0.58072, 0.06598
0.58223, 0.06591
0.58373, 0.06583
0.58524, 0.06576
0.58674, 0.06569
0.58824, 0.06562
0.58974, 0.06555
0.59124, 0.06548
0.59274, 0.06541
0.59424, 0.06534
0.59574, 0.06528
0.59724, 0.06522
0.59873, 0.06515
0.60022, 0.06509
0.60172, 0.06503
0.60321, 0.06498
0.60470, 0.06492
0.60619, 0.06486
0.60768, 0.06481
0.60916, 0.06476
0.61065, 0.06471
0.61213, 0.06466
0.61362, 0.06461
0.61510, 0.06456
0.61658, 0.06452
0.61806, 0.06447
0.61954, 0.06443
0.62102, 0.06439
0.62249, 0.06435
0.62397, 0.06431
0.62544, 0.06427
0.62691, 0.06424
0.62839, 0.06421
0.62986, 0.06417
0.63132, 0.06414
0.63279, 0.06412
0.63426, 0.06409
0.63572, 0.06406
0.63718, 0.06404
0.63865, 0.06402
0.64011, 0.06400
0.64157, 0.06398
0.64302, 0.06396
0.64448, 0.06395
0.64594, 0.06393
0.64739, 0.06392
0.64884, 0.06391
0.65029, 0.06390
0.65174, 0.06390
0.65319, 0.06389
0.65464, 0.06389
0.65608, 0.06389
0.65752, 0.06389
0.65897, 0.06389
0.66041, 0.06389
0.66185, 0.06390
0.66329, 0.06391
0.66472, 0.06392
0.66616, 0.06393
0.66760, 0.06394
0.66904, 0.06396
0.67048, 0.06397
0.67192, 0.06399
0.67336, 0.06401
0.67480, 0.06403
0.67624, 0.06406
0.67768, 0.06408
0.67912, 0.06411
0.68056, 0.06413
0.68200, 0.06416
0.68345, 0.06419
0.68489, 0.06422
0.68633, 0.06425
0.68777, 0.06429
0.68921, 0.06432
0.69065, 0.06435
0.69209, 0.06439
0.69353, 0.06443
0.69497, 0.06446
0.69641, 0.06450
0.69784, 0.06454
0.69928, 0.06458
0.70072, 0.06462
0.70216, 0.06466
0.70359, 0.06470
0.70503, 0.06474
0.70647, 0.06478
0.70790, 0.06482
0.70934, 0.06486
0.71077, 0.06490
0.71220, 0.06494
0.71363, 0.06498
0.71506, 0.06502
0.71649, 0.06506
0.71792, 0.06510
0.71935, 0.06514
0.72078, 0.06518
0.72220, 0.06522
0.72363, 0.06526
0.72505, 0.06530
0.72648, 0.06534
0.72790, 0.06537
0.72932, 0.06541
0.73074, 0.06545
0.73216, 0.06548
0.73357, 0.06551
0.73499, 0.06555
0.73640, 0.06558
0.73782, 0.06561
0.73923, 0.06564
0.74064, 0.06567
0.74205, 0.06570
0.74345, 0.06573
0.74486, 0.06575
0.74626, 0.06578
0.74766, 0.06580
0.74906, 0.06583
0.75046, 0.06585
0.75185, 0.06587
0.75324, 0.06588
0.75463, 0.06590
0.75601, 0.06592
0.75739, 0.06593
0.75877, 0.06594
0.76014, 0.06596
0.76152, 0.06597
0.76289, 0.06597
0.76425, 0.06598
0.76562, 0.06599
0.76698, 0.06599
0.76833, 0.06600
0.76969, 0.06600
0.77104, 0.06600
0.77239, 0.06600
0.77373, 0.06600
0.77507, 0.06600
0.77641, 0.06600
0.77775, 0.06599
0.77908, 0.06599
0.78041, 0.06598
0.78174, 0.06597
0.78306, 0.06596
0.78438, 0.06595
0.78570, 0.06594
0.78701, 0.06593
0.78832, 0.06592
0.78963, 0.06591
0.79093, 0.06589
0.79223, 0.06587
0.79353, 0.06586
0.79483, 0.06584
0.79612, 0.06582
0.79741, 0.06580
0.79869, 0.06578
0.79997, 0.06576
0.80125, 0.06574
0.80253, 0.06571
0.80380, 0.06569
0.80507, 0.06566
0.80633, 0.06564
0.80759, 0.06561
0.80885, 0.06558
0.81011, 0.06555
0.81136, 0.06553
0.81261, 0.06549
0.81385, 0.06546
0.81509, 0.06543
0.81633, 0.06540
0.81757, 0.06537
0.81880, 0.06533
0.82002, 0.06530
0.82125, 0.06526
0.82247, 0.06523
0.82369, 0.06519
0.82490, 0.06515
0.82611, 0.06511
0.82732, 0.06507
0.82852, 0.06503
0.82972, 0.06499
0.83092, 0.06495
0.83211, 0.06491
0.83330, 0.06487
0.83449, 0.06483
0.83567, 0.06478
0.83685, 0.06474
0.83803, 0.06469
0.83920, 0.06465
0.84037, 0.06460
0.84153, 0.06456
0.84269, 0.06451
0.84385, 0.06446
0.84501, 0.06441
0.84616, 0.06436
0.84730, 0.06431
0.84845, 0.06426
0.84959, 0.06421
0.85072, 0.06416
0.85186, 0.06411
0.85298, 0.06406
0.85411, 0.06401
0.85523, 0.06395
0.85635, 0.06390
0.85746, 0.06385
0.85857, 0.06379
0.85968, 0.06374
0.86078, 0.06368
0.86188, 0.06363
0.86298, 0.06357
0.86407, 0.06351
0.86516, 0.06346
0.86624, 0.06340
0.86732, 0.06334
0.86840, 0.06328
0.86947, 0.06323
0.87054, 0.06317
0.87161, 0.06311
0.87267, 0.06305
0.87373, 0.06299
0.87478, 0.06293
0.87583, 0.06286
0.87688, 0.06280
0.87792, 0.06274
0.87896, 0.06268
0.87999, 0.06262
0.88102, 0.06255
0.88205, 0.06249
0.88307, 0.06243
0.88409, 0.06236
0.88510, 0.06230
0.88611, 0.06224
0.88712, 0.06217
0.88812, 0.06211
0.88912, 0.06204
0.89012, 0.06198
0.89111, 0.06191
0.89210, 0.06184
0.89308, 0.06178
0.89406, 0.06171
0.89503, 0.06164
0.89600, 0.06158
0.89697, 0.06151
0.89793, 0.06144
0.89889, 0.06137
0.89984, 0.06131
0.90080, 0.06124
0.90174, 0.06117
0.90268, 0.06110
0.90362, 0.06103
0.90456, 0.06096
0.90549, 0.06090
0.90641, 0.06083
0.90733, 0.06076
0.90825, 0.06069
0.90916, 0.06062
0.91007, 0.06055
0.91098, 0.06048
0.91188, 0.06041
0.91277, 0.06034
0.91367, 0.06027
0.91455, 0.06020
0.91544, 0.06013
0.91632, 0.06006
0.91719, 0.05999
0.91806, 0.05992
0.91893, 0.05985
0.91979, 0.05977
0.92065, 0.05970
0.92151, 0.05963
0.92235, 0.05956
0.92320, 0.05949
0.92404, 0.05942
0.92488, 0.05935
0.92571, 0.05928
0.92654, 0.05921
0.92736, 0.05914
0.92818, 0.05907
0.92900, 0.05899
0.92981, 0.05892
0.93061, 0.05885
0.93142, 0.05878
0.93221, 0.05871
0.93301, 0.05864
0.93380, 0.05857
0.93458, 0.05850
0.93536, 0.05843
0.93614, 0.05836
0.93691, 0.05829
0.93768, 0.05822
0.93844, 0.05815
0.93920, 0.05807
0.93995, 0.05800
0.94070, 0.05793
0.94144, 0.05786
0.94218, 0.05779
0.94292, 0.05772
0.94365, 0.05765
0.94438, 0.05759
0.94510, 0.05752
0.94582, 0.05745
0.94653, 0.05738
0.94724, 0.05731
0.94795, 0.05724
0.94865, 0.05717
0.94934, 0.05710
0.95003, 0.05703
0.95072, 0.05697
0.95140, 0.05690
0.95208, 0.05683
0.95275, 0.05676
0.95342, 0.05670
0.95408, 0.05663
0.95474, 0.05656
0.95539, 0.05649
0.95604, 0.05643
0.95669, 0.05636
0.95733, 0.05630
0.95797, 0.05623
0.95860, 0.05617
0.95922, 0.05610
0.95985, 0.05603
0.96046, 0.05597
0.96108, 0.05591
0.96169, 0.05584
0.96229, 0.05578
0.96289, 0.05571
0.96348, 0.05565
0.96407, 0.05559
0.96466, 0.05553
0.96524, 0.05546
0.96581, 0.05540
0.96639, 0.05534
0.96695, 0.05528
0.96751, 0.05522
0.96807, 0.05516
0.96862, 0.05509
0.96917, 0.05503
0.96971, 0.05498
0.97025, 0.05492
0.97079, 0.05486
0.97132, 0.05480
0.97184, 0.05474
0.97236, 0.05468
0.97287, 0.05462
0.97338, 0.05457
0.97389, 0.05451
0.97439, 0.05445
0.97489, 0.05440
0.97538, 0.05434
0.97586, 0.05429
0.97634, 0.05423
0.97682, 0.05418
0.97729, 0.05412
0.97776, 0.05407
0.97822, 0.05402
0.97868, 0.05396
0.97913, 0.05391
0.97958, 0.05386
0.98003, 0.05381
0.98046, 0.05376
0.98090, 0.05371
0.98133, 0.05366
0.98175, 0.05361
0.98217, 0.05356
0.98259, 0.05351
0.98300, 0.05346
0.98340, 0.05341
0.98380, 0.05337
0.98420, 0.05332
0.98459, 0.05327
0.98497, 0.05323
0.98535, 0.05318
0.98573, 0.05314
0.98610, 0.05309
0.98647, 0.05305
0.98683, 0.05300
0.98719, 0.05296
0.98754, 0.05292
0.98788, 0.05288
0.98823, 0.05284
0.98856, 0.05280
0.98890, 0.05276
0.98922, 0.05272
0.98955, 0.05268
0.98986, 0.05264
0.99018, 0.05260
0.99048, 0.05256
0.99079, 0.05252
0.99109, 0.05249
0.99138, 0.05245
0.99167, 0.05242
0.99195, 0.05238
0.99223, 0.05235
0.99250, 0.05231
0.99277, 0.05228
0.99304, 0.05225
0.99330, 0.05222
0.99355, 0.05218
0.99380, 0.05215
0.99405, 0.05212
0.99428, 0.05209
0.99452, 0.05206
0.99475, 0.05204
0.99497, 0.05201
0.99519, 0.05198
0.99541, 0.05195
0.99562, 0.05193
0.99582, 0.05190
0.99602, 0.05188
0.99622, 0.05185
0.99641, 0.05183
0.99660, 0.05180
0.99678, 0.05178
0.99695, 0.05176
0.99712, 0.05174
0.99729, 0.05172
0.99745, 0.05170
0.99760, 0.05168
0.99776, 0.05166
0.99790, 0.05164
0.99804, 0.05162
0.99818, 0.05160
0.99831, 0.05159
0.99844, 0.05157
0.99856, 0.05156
0.99867, 0.05154
0.99879, 0.05153
0.99889, 0.05151
0.99899, 0.05150
0.99909, 0.05149
0.99918, 0.05148
0.99927, 0.05147
0.99935, 0.05146
0.99943, 0.05145
0.99950, 0.05144
0.99957, 0.05143
0.99963, 0.05142
0.99968, 0.05141
0.99974, 0.05141
0.99978, 0.05140
0.99983, 0.05140
0.99986, 0.05139
0.99990, 0.05139
0.99992, 0.05138
0.99994, 0.05138
0.99996, 0.05138
0.99997, 0.05138
0.99998, 0.05138
0.99998, 0.05137

=== Lower Surface ===
0.00000, -0.04943
0.00009, -0.04970
0.00015, -0.04997
0.00022, -0.05024
0.00031, -0.05051
0.00040, -0.05077
0.00049, -0.05104
0.00059, -0.05130
0.00070, -0.05156
0.00081, -0.05182
0.00092, -0.05207
0.00104, -0.05233
0.00116, -0.05258
0.00129, -0.05283
0.00143, -0.05308
0.00157, -0.05333
0.00171, -0.05358
0.00186, -0.05382
0.00202, -0.05406
0.00217, -0.05430
0.00234, -0.05454
0.00251, -0.05478
0.00269, -0.05502
0.00287, -0.05525
0.00305, -0.05549
0.00324, -0.05572
0.00344, -0.05594
0.00364, -0.05617
0.00385, -0.05640
0.00406, -0.05662
0.00428, -0.05684
0.00450, -0.05706
0.00473, -0.05728
0.00496, -0.05750
0.00520, -0.05771
0.00544, -0.05792
0.00569, -0.05813
0.00595, -0.05834
0.00621, -0.05855
0.00647, -0.05875
0.00674, -0.05895
0.00702, -0.05915
0.00730, -0.05935
0.00758, -0.05955
0.00788, -0.05974
0.00817, -0.05993
0.00848, -0.06012
0.00878, -0.06031
0.00910, -0.06049
0.00942, -0.06068
0.00974, -0.06086
0.01007, -0.06104
0.01041, -0.06121
0.01075, -0.06139
0.01109, -0.06156
0.01145, -0.06173
0.01180, -0.06190
0.01217, -0.06206
0.01253, -0.06222
0.01291, -0.06238
0.01329, -0.06254
0.01367, -0.06270
0.01406, -0.06285
0.01445, -0.06300
0.01485, -0.06315
0.01526, -0.06330
0.01567, -0.06344
0.01609, -0.06358
0.01651, -0.06372
0.01694, -0.06386
0.01737, -0.06399
0.01781, -0.06412
0.01825, -0.06425
0.01870, -0.06437
0.01916, -0.06450
0.01962, -0.06462
0.02008, -0.06473
0.02056, -0.06485
0.02103, -0.06496
0.02151, -0.06507
0.02200, -0.06518
0.02249, -0.06528
0.02299, -0.06538
0.02349, -0.06548
0.02400, -0.06558
0.02452, -0.06567
0.02503, -0.06576
0.02556, -0.06584
0.02609, -0.06593
0.02662, -0.06601
0.02716, -0.06609
0.02771, -0.06616
0.02826, -0.06624
0.02881, -0.06630
0.02938, -0.06637
0.02994, -0.06643
0.03051, -0.06649
0.03109, -0.06655
0.03167, -0.06661
0.03226, -0.06666
0.03285, -0.06671
0.03344, -0.06675
0.03405, -0.06679
0.03465, -0.06683
0.03526, -0.06687
0.03588, -0.06690
0.03650, -0.06693
0.03713, -0.06695
0.03776, -0.06698
0.03840, -0.06700
0.03904, -0.06701
0.03969, -0.06703
0.04034, -0.06704
0.04099, -0.06705
0.04165, -0.06705
0.04232, -0.06705
0.04299, -0.06705
0.04366, -0.06704
0.04434, -0.06703
0.04503, -0.06702
0.04572, -0.06701
0.04641, -0.06699
0.04711, -0.06697
0.04781, -0.06694
0.04852, -0.06691
0.04923, -0.06688
0.04995, -0.06685
0.05067, -0.06681
0.05139, -0.06677
0.05212, -0.06673
0.05286, -0.06668
0.05360, -0.06663
0.05434, -0.06657
0.05509, -0.06652
0.05584, -0.06646
0.05659, -0.06639
0.05735, -0.06633
0.05812, -0.06626
0.05888, -0.06619
0.05966, -0.06611
0.06043, -0.06603
0.06121, -0.06595
0.06200, -0.06586
0.06278, -0.06578
0.06358, -0.06568
0.06437, -0.06559
0.06517, -0.06549
0.06598, -0.06539
0.06678, -0.06529
0.06759, -0.06518
0.06841, -0.06507
0.06923, -0.06496
0.07005, -0.06485
0.07088, -0.06473
0.07171, -0.06461
0.07254, -0.06448
0.07338, -0.06436
0.07422, -0.06423
0.07506, -0.06410
0.07591, -0.06396
0.07676, -0.06382
0.07761, -0.06368
0.07847, -0.06354
0.07933, -0.06340
0.08019, -0.06325
0.08105, -0.06310
0.08192, -0.06295
0.08280, -0.06279
0.08367, -0.06263
0.08455, -0.06247
0.08543, -0.06231
0.08631, -0.06215
0.08720, -0.06198
0.08809, -0.06181
0.08898, -0.06164
0.08988, -0.06147
0.09078, -0.06129
0.09168, -0.06111
0.09258, -0.06093
0.09349, -0.06075
0.09439, -0.06057
0.09530, -0.06038
0.09622, -0.06020
0.09713, -0.06001
0.09805, -0.05982
0.09897, -0.05963
0.09989, -0.05943
0.10082, -0.05924
0.10174, -0.05904
0.10267, -0.05885
0.10360, -0.05865
0.10453, -0.05845
0.10546, -0.05825
0.10640, -0.05805
0.10734, -0.05784
0.10828, -0.05764
0.10922, -0.05743
0.11016, -0.05723
0.11110, -0.05702
0.11205, -0.05681
0.11299, -0.05661
0.11394, -0.05640
0.11489, -0.05619
0.11584, -0.05598
0.11679, -0.05577
0.11775, -0.05556
0.11870, -0.05535
0.11966, -0.05514
0.12061, -0.05493
0.12157, -0.05472
0.12252, -0.05451
0.12348, -0.05430
0.12444, -0.05409
0.12540, -0.05389
0.12636, -0.05368
0.12732, -0.05347
0.12828, -0.05326
0.12924, -0.05306
0.13020, -0.05285
0.13116, -0.05265
0.13213, -0.05244
0.13309, -0.05224
0.13405, -0.05204
0.13501, -0.05184
0.13597, -0.05164
0.13693, -0.05144
0.13789, -0.05125
0.13885, -0.05106
0.13981, -0.05086
0.14077, -0.05067
0.14173, -0.05049
0.14268, -0.05030
0.14364, -0.05012
0.14459, -0.04993
0.14555, -0.04975
0.14650, -0.04958
0.14745, -0.04940
0.14840, -0.04923
0.14935, -0.04906
0.15030, -0.04889
0.15126, -0.04873
0.15221, -0.04856
0.15317, -0.04840
0.15413, -0.04824
0.15509, -0.04808
0.15606, -0.04792
0.15702, -0.04776
0.15799, -0.04761
0.15896, -0.04745
0.15994, -0.04730
0.16091, -0.04715
0.16189, -0.04700
0.16288, -0.04685
0.16386, -0.04671
0.16485, -0.04657
0.16584, -0.04642
0.16683, -0.04628
0.16782, -0.04614
0.16882, -0.04601
0.16982, -0.04587
0.17082, -0.04574
0.17182, -0.04560
0.17283, -0.04547
0.17384, -0.04534
0.17486, -0.04522
0.17587, -0.04509
0.17689, -0.04497
0.17791, -0.04485
0.17893, -0.04473
0.17996, -0.04461
0.18099, -0.04449
0.18202, -0.04437
0.18306, -0.04426
0.18409, -0.04415
0.18514, -0.04404
0.18618, -0.04393
0.18723, -0.04382
0.18827, -0.04372
0.18933, -0.04361
0.19038, -0.04351
0.19144, -0.04341
0.19250, -0.04331
0.19357, -0.04322
0.19463, -0.04312
0.19570, -0.04303
0.19678, -0.04294
0.19785, -0.04285
0.19893, -0.04276
0.20002, -0.04267
0.20110, -0.04259
0.20219, -0.04251
0.20329, -0.04243
0.20438, -0.04235
0.20548, -0.04227
0.20658, -0.04219
0.20769, -0.04212
0.20880, -0.04205
0.20991, -0.04198
0.21103, -0.04191
0.21215, -0.04184
0.21327, -0.04177
0.21440, -0.04171
0.21554, -0.04164
0.21668, -0.04158
0.21782, -0.04152
0.21896, -0.04146
0.22012, -0.04141
0.22127, -0.04135
0.22243, -0.04130
0.22359, -0.04124
0.22476, -0.04119
0.22593, -0.04114
0.22711, -0.04109
0.22829, -0.04104
0.22948, -0.04100
0.23067, -0.04095
0.23186, -0.04091
0.23306, -0.04086
0.23427, -0.04082
0.23548, -0.04078
0.23669, -0.04074
0.23791, -0.04070
0.23913, -0.04067
0.24036, -0.04063
0.24159, -0.04059
0.24282, -0.04056
0.24406, -0.04053
0.24531, -0.04049
0.24656, -0.04046
0.24782, -0.04043
0.24908, -0.04040
0.25034, -0.04037
0.25161, -0.04034
0.25288, -0.04031
0.25416, -0.04029
0.25545, -0.04026
0.25673, -0.04023
0.25803, -0.04021
0.25933, -0.04018
0.26063, -0.04016
0.26194, -0.04013
0.26325, -0.04011
0.26457, -0.04009
0.26589, -0.04006
0.26722, -0.04004
0.26855, -0.04002
0.26989, -0.03999
0.27123, -0.03997
0.27257, -0.03995
0.27391, -0.03993
0.27526, -0.03991
0.27661, -0.03988
0.27796, -0.03986
0.27931, -0.03984
0.28067, -0.03982
0.28203, -0.03980
0.28339, -0.03978
0.28476, -0.03976
0.28613, -0.03973
0.28750, -0.03971
0.28887, -0.03969
0.29024, -0.03967
0.29162, -0.03965
0.29300, -0.03963
0.29438, -0.03961
0.29577, -0.03959
0.29716, -0.03957
0.29855, -0.03955
0.29994, -0.03953
0.30133, -0.03951
0.30273, -0.03949
0.30413, -0.03948
0.30553, -0.03946
0.30694, -0.03944
0.30834, -0.03942
0.30975, -0.03940
0.31116, -0.03938
0.31258, -0.03936
0.31399, -0.03934
0.31541, -0.03932
0.31683, -0.03930
0.31826, -0.03929
0.31968, -0.03927
0.32111, -0.03925
0.32254, -0.03923
0.32397, -0.03921
0.32540, -0.03919
0.32684, -0.03917
0.32828, -0.03916
0.32972, -0.03914
0.33117, -0.03912
0.33261, -0.03910
0.33406, -0.03908
0.33551, -0.03906
0.33696, -0.03904
0.33841, -0.03903
0.33987, -0.03901
0.34133, -0.03899
0.34279, -0.03897
0.34425, -0.03895
0.34572, -0.03893
0.34719, -0.03891
0.34865, -0.03889
0.35013, -0.03887
0.35160, -0.03885
0.35307, -0.03883
0.35455, -0.03881
0.35603, -0.03879
0.35751, -0.03877
0.35900, -0.03875
0.36048, -0.03873
0.36197, -0.03871
0.36346, -0.03869
0.36495, -0.03867
0.36644, -0.03864
0.36794, -0.03862
0.36943, -0.03860
0.37093, -0.03858
0.37243, -0.03856
0.37393, -0.03853
0.37544, -0.03851
0.37694, -0.03849
0.37845, -0.03846
0.37996, -0.03844
0.38147, -0.03841
0.38299, -0.03839
0.38450, -0.03836
0.38602, -0.03834
0.38754, -0.03831
0.38906, -0.03829
0.39058, -0.03826
0.39210, -0.03823
0.39363, -0.03821
0.39515, -0.03818
0.39668, -0.03815
0.39821, -0.03812
0.39974, -0.03809
0.40128, -0.03806
0.40281, -0.03803
0.40435, -0.03800
0.40589, -0.03797
0.40743, -0.03794
0.40897, -0.03791
0.41051, -0.03787
0.41205, -0.03784
0.41360, -0.03781
0.41515, -0.03777
0.41669, -0.03774
0.41824, -0.03770
0.41979, -0.03766
0.42135, -0.03763
0.42290, -0.03759
0.42446, -0.03755
0.42601, -0.03751
0.42757, -0.03747
0.42913, -0.03743
0.43069, -0.03739
0.43225, -0.03735
0.43381, -0.03731
0.43538, -0.03726
0.43694, -0.03722
0.43851, -0.03718
0.44008, -0.03713
0.44165, -0.03708
0.44322, -0.03704
0.44479, -0.03699
0.44636, -0.03694
0.44793, -0.03689
0.44951, -0.03684
0.45108, -0.03679
0.45266, -0.03674
0.45424, -0.03668
0.45582, -0.03663
0.45739, -0.03657
0.45898, -0.03652
0.46056, -0.03646
0.46214, -0.03640
0.46372, -0.03634
0.46531, -0.03628
0.46689, -0.03622
0.46848, -0.03616
0.47006, -0.03610
0.47165, -0.03603
0.47324, -0.03597
0.47483, -0.03590
0.47642, -0.03584
0.47801, -0.03577
0.47960, -0.03570
0.48119, -0.03563
0.48278, -0.03555
0.48438, -0.03548
0.48597, -0.03541
0.48757, -0.03533
0.48916, -0.03526
0.49076, -0.03518
0.49235, -0.03510
0.49395, -0.03502
0.49555, -0.03494
0.49715, -0.03485
0.49874, -0.03477
0.50034, -0.03468
0.50194, -0.03460
0.50354, -0.03451
0.50514, -0.03442
0.50674, -0.03433
0.50834, -0.03424
0.50995, -0.03414
0.51155, -0.03405
0.51315, -0.03395
0.51475, -0.03385
0.51635, -0.03375
0.51796, -0.03365
0.51956, -0.03355
0.52116, -0.03345
0.52277, -0.03334
0.52437, -0.03324
0.52597, -0.03313
0.52758, -0.03302
0.52918, -0.03291
0.53078, -0.03279
0.53239, -0.03268
0.53399, -0.03256
0.53560, -0.03245
0.53720, -0.03233
0.53881, -0.03221
0.54041, -0.03208
0.54201, -0.03196
0.54362, -0.03183
0.54522, -0.03171
0.54682, -0.03158
0.54843, -0.03145
0.55003, -0.03131
0.55164, -0.03118
0.55324, -0.03104
0.55484, -0.03091
0.55644, -0.03077
0.55805, -0.03063
0.55965, -0.03048
0.56125, -0.03034
0.56285, -0.03019
0.56445, -0.03004
0.56605, -0.02989
0.56765, -0.02974
0.56925, -0.02959
0.57085, -0.02943
0.57245, -0.02927
0.57405, -0.02911
0.57565, -0.02895
0.57725, -0.02879
0.57884, -0.02862
0.58044, -0.02846
0.58203, -0.02829
0.58363, -0.02812
0.58522, -0.02794
0.58682, -0.02777
0.58841, -0.02759
0.59000, -0.02741
0.59160, -0.02723
0.59319, -0.02705
0.59478, -0.02686
0.59637, -0.02668
0.59796, -0.02649
0.59954, -0.02630
0.60113, -0.02610
0.60272, -0.02591
0.60430, -0.02571
0.60589, -0.02551
0.60747, -0.02531
0.60905, -0.02511
0.61063, -0.02490
0.61221, -0.02469
0.61379, -0.02448
0.61537, -0.02427
0.61695, -0.02406
0.61853, -0.02384
0.62010, -0.02362
0.62168, -0.02340
0.62325, -0.02318
0.62482, -0.02295
0.62639, -0.02273
0.62796, -0.02250
0.62953, -0.02227
0.63110, -0.02203
0.63266, -0.02180
0.63423, -0.02156
0.63579, -0.02132
0.63735, -0.02108
0.63891, -0.02083
0.64047, -0.02058
0.64203, -0.02033
0.64359, -0.02008
0.64514, -0.01983
0.64670, -0.01957
0.64825, -0.01932
0.64980, -0.01906
0.65135, -0.01879
0.65290, -0.01853
0.65444, -0.01826
0.65599, -0.01799
0.65753, -0.01772
0.65907, -0.01745
0.66061, -0.01717
0.66215, -0.01689
0.66368, -0.01661
0.66522, -0.01633
0.66675, -0.01604
0.66828, -0.01575
0.66981, -0.01546
0.67134, -0.01517
0.67286, -0.01488
0.67438, -0.01458
0.67590, -0.01428
0.67741, -0.01398
0.67892, -0.01368
0.68042, -0.01338
0.68192, -0.01307
0.68342, -0.01277
0.68491, -0.01246
0.68640, -0.01215
0.68789, -0.01184
0.68937, -0.01153
0.69085, -0.01121
0.69233, -0.01090
0.69380, -0.01059
0.69527, -0.01027
0.69673, -0.00995
0.69819, -0.00964
0.69965, -0.00932
0.70110, -0.00900
0.70255, -0.00868
0.70400, -0.00836
0.70544, -0.00804
0.70688, -0.00772
0.70832, -0.00740
0.70975, -0.00707
0.71118, -0.00675
0.71260, -0.00643
0.71402, -0.00611
0.71544, -0.00579
0.71685, -0.00546
0.71826, -0.00514
0.71967, -0.00482
0.72108, -0.00450
0.72248, -0.00418
0.72387, -0.00386
0.72527, -0.00354
0.72666, -0.00322
0.72804, -0.00290
0.72943, -0.00258
0.73080, -0.00226
0.73218, -0.00194
0.73355, -0.00162
0.73492, -0.00131
0.73629, -0.00099
0.73765, -0.00068
0.73901, -0.00036
0.74037, -0.00005
0.74172, 0.00026
0.74307, 0.00057
0.74441, 0.00088
0.74576, 0.00119
0.74709, 0.00150
0.74843, 0.00181
0.74976, 0.00211
0.75109, 0.00241
0.75242, 0.00272
0.75374, 0.00302
0.75506, 0.00332
0.75638, 0.00362
0.75769, 0.00391
0.75901, 0.00421
0.76032, 0.00450
0.76162, 0.00480
0.76293, 0.00509
0.76424, 0.00538
0.76554, 0.00567
0.76684, 0.00595
0.76814, 0.00624
0.76943, 0.00653
0.77072, 0.00681
0.77202, 0.00709
0.77330, 0.00738
0.77459, 0.00766
0.77587, 0.00794
0.77716, 0.00821
0.77844, 0.00849
0.77971, 0.00877
0.78099, 0.00904
0.78226, 0.00931
0.78353, 0.00959
0.78480, 0.00986
0.78606, 0.01013
0.78732, 0.01040
0.78858, 0.01066
0.78984, 0.01093
0.79109, 0.01119
0.79235, 0.01146
0.79360, 0.01172
0.79484, 0.01198
0.79609, 0.01224
0.79733, 0.01250
0.79857, 0.01276
0.79981, 0.01302
0.80104, 0.01327
0.80227, 0.01353
0.80350, 0.01378
0.80473, 0.01404
0.80595, 0.01429
0.80717, 0.01454
0.80839, 0.01479
0.80960, 0.01504
0.81082, 0.01528
0.81203, 0.01553
0.81323, 0.01578
0.81444, 0.01602
0.81564, 0.01626
0.81684, 0.01650
0.81803, 0.01675
0.81922, 0.01699
0.82041, 0.01722
0.82160, 0.01746
0.82279, 0.01770
0.82397, 0.01794
0.82514, 0.01817
0.82632, 0.01840
0.82749, 0.01864
0.82866, 0.01887
0.82983, 0.01910
0.83099, 0.01933
0.83215, 0.01956
0.83331, 0.01979
0.83446, 0.02001
0.83561, 0.02024
0.83676, 0.02046
0.83791, 0.02069
0.83905, 0.02091
0.84019, 0.02113
0.84132, 0.02136
0.84246, 0.02158
0.84358, 0.02179
0.84471, 0.02201
0.84583, 0.02223
0.84695, 0.02245
0.84807, 0.02266
0.84918, 0.02288
0.85029, 0.02309
0.85140, 0.02330
0.85250, 0.02351
0.85360, 0.02372
0.85470, 0.02393
0.85579, 0.02414
0.85688, 0.02435
0.85796, 0.02455
0.85905, 0.02476
0.86013, 0.02496
0.86120, 0.02517
0.86228, 0.02537
0.86334, 0.02557
0.86441, 0.02577
0.86547, 0.02597
0.86653, 0.02617
0.86759, 0.02637
0.86864, 0.02657
0.86969, 0.02676
0.87073, 0.02696
0.87177, 0.02715
0.87281, 0.02735
0.87385, 0.02754
0.87488, 0.02773
0.87591, 0.02792
0.87693, 0.02811
0.87795, 0.02830
0.87897, 0.02848
0.87998, 0.02867
0.88099, 0.02886
0.88200, 0.02904
0.88300, 0.02922
0.88400, 0.02941
0.88499, 0.02959
0.88598, 0.02977
0.88697, 0.02995
0.88795, 0.03013
0.88893, 0.03031
0.88991, 0.03048
0.89088, 0.03066
0.89185, 0.03084
0.89282, 0.03101
0.89378, 0.03118
0.89474, 0.03136
0.89569, 0.03153
0.89664, 0.03170
0.89759, 0.03187
0.89853, 0.03204
0.89947, 0.03221
0.90041, 0.03237
0.90134, 0.03254
0.90227, 0.03270
0.90319, 0.03287
0.90411, 0.03303
0.90503, 0.03319
0.90594, 0.03336
0.90685, 0.03352
0.90775, 0.03368
0.90865, 0.03383
0.90955, 0.03399
0.91044, 0.03415
0.91133, 0.03431
0.91221, 0.03446
0.91309, 0.03462
0.91397, 0.03477
0.91484, 0.03492
0.91571, 0.03507
0.91658, 0.03522
0.91744, 0.03537
0.91830, 0.03552
0.91915, 0.03567
0.92000, 0.03582
0.92084, 0.03596
0.92168, 0.03611
0.92252, 0.03625
0.92335, 0.03640
0.92418, 0.03654
0.92501, 0.03668
0.92583, 0.03682
0.92664, 0.03696
0.92745, 0.03710
0.92826, 0.03724
0.92907, 0.03738
0.92987, 0.03751
0.93066, 0.03765
0.93145, 0.03778
0.93224, 0.03792
0.93302, 0.03805
0.93380, 0.03818
0.93458, 0.03832
0.93535, 0.03845
0.93611, 0.03858
0.93688, 0.03870
0.93763, 0.03883
0.93839, 0.03896
0.93914, 0.03909
0.93988, 0.03921
0.94062, 0.03934
0.94136, 0.03946
0.94209, 0.03958
0.94282, 0.03970
0.94355, 0.03982
0.94427, 0.03994
0.94498, 0.04006
0.94569, 0.04018
0.94640, 0.04030
0.94710, 0.04042
0.94780, 0.04053
0.94849, 0.04065
0.94918, 0.04076
0.94987, 0.04088
0.95055, 0.04099
0.95122, 0.04110
0.95190, 0.04121
0.95256, 0.04132
0.95323, 0.04143
0.95388, 0.04154
0.95454, 0.04165
0.95519, 0.04175
0.95583, 0.04186
0.95647, 0.04196
0.95711, 0.04207
0.95774, 0.04217
0.95837, 0.04227
0.95899, 0.04237
0.95961, 0.04248
0.96023, 0.04258
0.96084, 0.04268
0.96144, 0.04277
0.96204, 0.04287
0.96264, 0.04297
0.96323, 0.04306
0.96382, 0.04316
0.96440, 0.04325
0.96498, 0.04335
0.96555, 0.04344
0.96612, 0.04353
0.96669, 0.04362
0.96725, 0.04371
0.96780, 0.04380
0.96835, 0.04389
0.96890, 0.04398
0.96944, 0.04407
0.96998, 0.04415
0.97051, 0.04424
0.97104, 0.04432
0.97156, 0.04440
0.97208, 0.04449
0.97259, 0.04457
0.97310, 0.04465
0.97361, 0.04473
0.97411, 0.04481
0.97460, 0.04489
0.97510, 0.04497
0.97558, 0.04505
0.97606, 0.04512
0.97654, 0.04520
0.97701, 0.04527
0.97748, 0.04535
0.97794, 0.04542
0.97840, 0.04549
0.97886, 0.04556
0.97930, 0.04564
0.97975, 0.04571
0.98019, 0.04578
0.98062, 0.04584
0.98105, 0.04591
0.98148, 0.04598
0.98190, 0.04604
0.98232, 0.04611
0.98273, 0.04617
0.98313, 0.04624
0.98354, 0.04630
0.98393, 0.04636
0.98432, 0.04643
0.98471, 0.04649
0.98509, 0.04655
0.98547, 0.04661
0.98585, 0.04666
0.98621, 0.04672
0.98658, 0.04678
0.98694, 0.04683
0.98729, 0.04689
0.98764, 0.04694
0.98798, 0.04700
0.98832, 0.04705
0.98866, 0.04710
0.98899, 0.04715
0.98931, 0.04720
0.98964, 0.04725
0.98995, 0.04730
0.99026, 0.04735
0.99057, 0.04740
0.99087, 0.04745
0.99117, 0.04749
0.99146, 0.04754
0.99174, 0.04758
0.99203, 0.04763
0.99230, 0.04767
0.99257, 0.04771
0.99284, 0.04775
0.99310, 0.04779
0.99336, 0.04783
0.99362, 0.04787
0.99386, 0.04791
0.99411, 0.04795
0.99434, 0.04798
0.99458, 0.04802
0.99481, 0.04806
0.99503, 0.04809
0.99525, 0.04812
0.99546, 0.04816
0.99567, 0.04819
0.99588, 0.04822
0.99607, 0.04825
0.99627, 0.04828
0.99646, 0.04831
0.99664, 0.04834
0.99682, 0.04837
0.99700, 0.04839
0.99717, 0.04842
0.99733, 0.04844
0.99749, 0.04847
0.99765, 0.04849
0.99780, 0.04852
0.99794, 0.04854
0.99808, 0.04856
0.99822, 0.04858
0.99835, 0.04860
0.99847, 0.04862
0.99860, 0.04864
0.99871, 0.04866
0.99882, 0.04867
0.99893, 0.04869
0.99903, 0.04870
0.99913, 0.04872
0.99922, 0.04873
0.99930, 0.04875
0.99938, 0.04876
0.99946, 0.04877
0.99953, 0.04878
0.99960, 0.04879
0.99966, 0.04880
0.99972, 0.04881
0.99977, 0.04882
0.99982, 0.04882
0.99986, 0.04883
0.99989, 0.04884
0.99993, 0.04884
0.99995, 0.04885
0.99998, 0.04885
0.99999, 0.04885
1.00001, 0.04885
1.00002, 0.04885
1.00002, 0.04886
