airfoil_points_125
1.000000 0.041818
0.999748 0.041851
0.998993 0.041952
0.997736 0.042120
0.995977 0.042352
0.993719 0.042646
0.990964 0.043000
0.987715 0.043409
0.983974 0.043869
0.979746 0.044376
0.975036 0.044925
0.969846 0.045511
0.964184 0.046127
0.958054 0.046768
0.951463 0.047429
0.944418 0.048102
0.936925 0.048783
0.928992 0.049466
0.920627 0.050146
0.911838 0.050817
0.902635 0.051475
0.893027 0.052115
0.883022 0.052735
0.872632 0.053330
0.861867 0.053900
0.850737 0.054441
0.839255 0.054954
0.827430 0.055437
0.815276 0.055886
0.802805 0.056290
0.790028 0.056635
0.776960 0.056911
0.763613 0.057102
0.750000 0.057196
0.736136 0.057183
0.722033 0.057089
0.707708 0.056951
0.693173 0.056811
0.678443 0.056714
0.663534 0.056713
0.648460 0.056844
0.633237 0.057106
0.617879 0.057491
0.602403 0.057990
0.586824 0.058594
0.571157 0.059291
0.555419 0.060071
0.539625 0.060919
0.523791 0.061824
0.507933 0.062771
0.492067 0.063747
0.476209 0.064735
0.460375 0.065723
0.444581 0.066695
0.428843 0.067637
0.413176 0.068534
0.397597 0.069373
0.382121 0.070141
0.366763 0.070824
0.351540 0.071411
0.336466 0.071891
0.321557 0.072253
0.306827 0.072488
0.292292 0.072588
0.277967 0.072546
0.263864 0.072355
0.250000 0.072029
0.236387 0.071627
0.223040 0.071216
0.209972 0.070856
0.197195 0.070606
0.184724 0.070475
0.172570 0.070358
0.160745 0.070160
0.149263 0.069809
0.138133 0.069250
0.127368 0.068439
0.116978 0.067361
0.106973 0.066037
0.097365 0.064490
0.088162 0.062740
0.079373 0.060808
0.071008 0.058714
0.063075 0.056476
0.055582 0.054112
0.048537 0.051639
0.041946 0.049072
0.035816 0.046427
0.030154 0.043717
0.024964 0.040955
0.020254 0.038154
0.016026 0.035326
0.012285 0.032479
0.009036 0.029626
0.006281 0.026776
0.004023 0.023941
0.002264 0.021138
0.001007 0.018404
0.000252 0.015877
0.000000 0.014441
0.000252 0.008946
0.001007 0.006528
0.002264 0.004011
0.004023 0.001534
0.006281 -0.000868
0.009036 -0.003186
0.012285 -0.005415
0.016026 -0.007555
0.020254 -0.009609
0.024964 -0.011579
0.030154 -0.013469
0.035816 -0.015285
0.041946 -0.017034
0.048537 -0.018723
0.055582 -0.020363
0.063075 -0.021964
0.071008 -0.023539
0.079373 -0.025101
0.088162 -0.026668
0.097365 -0.028257
0.106973 -0.029889
0.116978 -0.031585
0.127368 -0.033371
0.138133 -0.035258
0.149263 -0.037184
0.160745 -0.039085
0.172570 -0.040892
0.184724 -0.042530
0.197195 -0.043918
0.209972 -0.045008
0.223040 -0.045823
0.236387 -0.046403
0.250000 -0.046796
0.263864 -0.047063
0.277967 -0.047266
0.292292 -0.047422
0.306827 -0.047529
0.321557 -0.047582
0.336466 -0.047577
0.351540 -0.047510
0.366763 -0.047374
0.382121 -0.047166
0.397597 -0.046878
0.413176 -0.046504
0.428843 -0.046039
0.444581 -0.045474
0.460375 -0.044804
0.476209 -0.044022
0.492067 -0.043121
0.507933 -0.042095
0.523791 -0.040937
0.539625 -0.039641
0.555419 -0.038202
0.571157 -0.036615
0.586824 -0.034875
0.602403 -0.032977
0.617879 -0.030920
0.633237 -0.028700
0.648460 -0.026316
0.663534 -0.023767
0.678443 -0.021053
0.693173 -0.018194
0.707708 -0.015242
0.722033 -0.012250
0.736136 -0.009270
0.750000 -0.006348
0.763613 -0.003529
0.776960 -0.000825
0.790028 0.001773
0.802805 0.004274
0.815276 0.006686
0.827430 0.009018
0.839255 0.011274
0.850737 0.013458
0.861867 0.015565
0.872632 0.017590
0.883022 0.019528
0.893027 0.021376
0.902635 0.023133
0.911838 0.024795
0.920627 0.026362
0.928992 0.027833
0.936925 0.029209
0.944418 0.030489
0.951463 0.031675
0.958054 0.032768
0.964184 0.033769
0.969846 0.034681
0.975036 0.035504
0.979746 0.036242
0.983974 0.036895
0.987715 0.037467
0.990964 0.037958
0.993719 0.038370
0.995977 0.038706
0.997736 0.038965
0.998993 0.039150
0.999748 0.039260
1.000000 0.039297
