=== Airfoil Parameters ===
m = 0.02
p = 0.4
t = 0.12

=== Control Points ===
0.00000, -0.05651, -0.05651
0.06667, -0.04203, -0.04814
0.13333, -0.01899, -0.03011
0.20000, 0.00742, -0.00758
0.26667, 0.02764, 0.00986
0.66667, 0.03495, 0.01890
0.75000, 0.03553, 0.02233
0.83333, 0.02933, 0.01976
0.91667, 0.01541, 0.01024
1.00000, 0.00078, 0.00078

=== Upper Surface ===
0.00000, -0.05651
-0.00005, -0.05624
-0.00007, -0.05596
-0.00009, -0.05568
-0.00011, -0.05540
-0.00013, -0.05512
-0.00014, -0.05484
-0.00014, -0.05456
-0.00014, -0.05428
-0.00014, -0.05400
-0.00013, -0.05372
-0.00011, -0.05344
-0.00009, -0.05316
-0.00007, -0.05288
-0.00004, -0.05260
-0.00001, -0.05232
0.00003, -0.05203
0.00007, -0.05175
0.00012, -0.05147
0.00017, -0.05119
0.00023, -0.05090
0.00029, -0.05062
0.00036, -0.05034
0.00043, -0.05005
0.00051, -0.04977
0.00059, -0.04948
0.00068, -0.04920
0.00077, -0.04891
0.00086, -0.04863
0.00097, -0.04834
0.00107, -0.04805
0.00118, -0.04777
0.00129, -0.04748
0.00141, -0.04719
0.00154, -0.04691
0.00166, -0.04662
0.00180, -0.04633
0.00194, -0.04604
0.00208, -0.04575
0.00222, -0.04546
0.00238, -0.04518
0.00253, -0.04489
0.00269, -0.04460
0.00286, -0.04431
0.00303, -0.04401
0.00320, -0.04372
0.00338, -0.04343
0.00356, -0.04314
0.00375, -0.04285
0.00394, -0.04256
0.00414, -0.04226
0.00434, -0.04197
0.00454, -0.04168
0.00475, -0.04138
0.00497, -0.04109
0.00519, -0.04079
0.00541, -0.04050
0.00564, -0.04020
0.00587, -0.03990
0.00610, -0.03961
0.00634, -0.03931
0.00659, -0.03901
0.00684, -0.03871
0.00709, -0.03842
0.00735, -0.03812
0.00761, -0.03782
0.00788, -0.03752
0.00815, -0.03722
0.00843, -0.03692
0.00871, -0.03662
0.00899, -0.03631
0.00928, -0.03601
0.00957, -0.03571
0.00987, -0.03540
0.01017, -0.03510
0.01047, -0.03480
0.01078, -0.03449
0.01110, -0.03419
0.01142, -0.03388
0.01174, -0.03357
0.01206, -0.03327
0.01239, -0.03296
0.01273, -0.03265
0.01307, -0.03234
0.01341, -0.03203
0.01376, -0.03172
0.01411, -0.03141
0.01447, -0.03110
0.01483, -0.03078
0.01519, -0.03047
0.01556, -0.03016
0.01593, -0.02984
0.01631, -0.02953
0.01669, -0.02921
0.01708, -0.02890
0.01746, -0.02858
0.01786, -0.02826
0.01825, -0.02794
0.01866, -0.02762
0.01906, -0.02730
0.01947, -0.02698
0.01989, -0.02666
0.02030, -0.02634
0.02072, -0.02601
0.02115, -0.02569
0.02158, -0.02536
0.02202, -0.02504
0.02245, -0.02471
0.02290, -0.02438
0.02334, -0.02406
0.02379, -0.02373
0.02425, -0.02340
0.02471, -0.02307
0.02517, -0.02273
0.02564, -0.02240
0.02611, -0.02207
0.02658, -0.02173
0.02706, -0.02140
0.02754, -0.02106
0.02803, -0.02072
0.02852, -0.02038
0.02901, -0.02005
0.02951, -0.01971
0.03002, -0.01936
0.03052, -0.01902
0.03103, -0.01868
0.03155, -0.01833
0.03207, -0.01799
0.03259, -0.01764
0.03312, -0.01729
0.03365, -0.01694
0.03418, -0.01659
0.03472, -0.01624
0.03527, -0.01589
0.03581, -0.01554
0.03637, -0.01518
0.03692, -0.01483
0.03748, -0.01447
0.03804, -0.01411
0.03861, -0.01376
0.03918, -0.01340
0.03976, -0.01303
0.04033, -0.01267
0.04092, -0.01231
0.04151, -0.01194
0.04210, -0.01158
0.04269, -0.01121
0.04329, -0.01084
0.04389, -0.01047
0.04450, -0.01010
0.04511, -0.00973
0.04573, -0.00935
0.04635, -0.00898
0.04697, -0.00860
0.04760, -0.00822
0.04823, -0.00784
0.04886, -0.00746
0.04950, -0.00708
0.05014, -0.00670
0.05079, -0.00631
0.05144, -0.00593
0.05210, -0.00554
0.05276, -0.00515
0.05342, -0.00476
0.05409, -0.00437
0.05476, -0.00398
0.05543, -0.00358
0.05611, -0.00318
0.05680, -0.00279
0.05748, -0.00239
0.05818, -0.00199
0.05887, -0.00159
0.05957, -0.00118
0.06027, -0.00078
0.06098, -0.00037
0.06169, 0.00004
0.06241, 0.00045
0.06313, 0.00086
0.06385, 0.00127
0.06458, 0.00169
0.06531, 0.00210
0.06605, 0.00252
0.06679, 0.00294
0.06753, 0.00336
0.06828, 0.00378
0.06903, 0.00421
0.06979, 0.00463
0.07055, 0.00506
0.07131, 0.00549
0.07208, 0.00592
0.07285, 0.00635
0.07363, 0.00679
0.07441, 0.00722
0.07520, 0.00766
0.07598, 0.00810
0.07678, 0.00854
0.07757, 0.00898
0.07838, 0.00943
0.07918, 0.00988
0.07999, 0.01032
0.08080, 0.01077
0.08162, 0.01122
0.08244, 0.01168
0.08327, 0.01213
0.08410, 0.01259
0.08493, 0.01305
0.08577, 0.01351
0.08661, 0.01397
0.08746, 0.01443
0.08831, 0.01490
0.08916, 0.01537
0.09002, 0.01584
0.09089, 0.01631
0.09175, 0.01678
0.09262, 0.01725
0.09350, 0.01773
0.09438, 0.01821
0.09526, 0.01869
0.09615, 0.01917
0.09704, 0.01965
0.09794, 0.02014
0.09884, 0.02063
0.09974, 0.02112
0.10065, 0.02161
0.10156, 0.02210
0.10248, 0.02260
0.10340, 0.02309
0.10432, 0.02359
0.10525, 0.02409
0.10619, 0.02459
0.10713, 0.02510
0.10807, 0.02560
0.10901, 0.02611
0.10996, 0.02662
0.11092, 0.02713
0.11188, 0.02765
0.11284, 0.02816
0.11381, 0.02868
0.11478, 0.02920
0.11575, 0.02972
0.11674, 0.03024
0.11772, 0.03077
0.11872, 0.03130
0.11972, 0.03183
0.12072, 0.03236
0.12173, 0.03289
0.12275, 0.03343
0.12378, 0.03397
0.12480, 0.03451
0.12584, 0.03506
0.12688, 0.03560
0.12793, 0.03615
0.12898, 0.03670
0.13004, 0.03725
0.13111, 0.03781
0.13218, 0.03836
0.13326, 0.03892
0.13434, 0.03948
0.13543, 0.04004
0.13653, 0.04060
0.13763, 0.04116
0.13874, 0.04173
0.13985, 0.04230
0.14097, 0.04287
0.14210, 0.04343
0.14323, 0.04401
0.14438, 0.04458
0.14552, 0.04515
0.14668, 0.04573
0.14784, 0.04630
0.14900, 0.04688
0.15017, 0.04745
0.15135, 0.04803
0.15254, 0.04861
0.15373, 0.04919
0.15493, 0.04977
0.15614, 0.05035
0.15735, 0.05093
0.15857, 0.05151
0.15980, 0.05209
0.16103, 0.05267
0.16227, 0.05326
0.16352, 0.05384
0.16477, 0.05442
0.16603, 0.05500
0.16730, 0.05558
0.16858, 0.05616
0.16986, 0.05674
0.17115, 0.05732
0.17245, 0.05790
0.17375, 0.05847
0.17506, 0.05905
0.17638, 0.05963
0.17771, 0.06020
0.17904, 0.06077
0.18038, 0.06134
0.18172, 0.06191
0.18307, 0.06248
0.18443, 0.06304
0.18579, 0.06361
0.18715, 0.06416
0.18852, 0.06472
0.18989, 0.06527
0.19126, 0.06582
0.19265, 0.06637
0.19403, 0.06691
0.19542, 0.06745
0.19681, 0.06799
0.19821, 0.06853
0.19961, 0.06906
0.20102, 0.06959
0.20243, 0.07011
0.20384, 0.07063
0.20526, 0.07115
0.20668, 0.07167
0.20811, 0.07218
0.20954, 0.07269
0.21098, 0.07319
0.21241, 0.07369
0.21386, 0.07419
0.21530, 0.07468
0.21676, 0.07517
0.21821, 0.07566
0.21967, 0.07614
0.22113, 0.07662
0.22260, 0.07710
0.22407, 0.07757
0.22555, 0.07804
0.22703, 0.07850
0.22851, 0.07896
0.23000, 0.07942
0.23149, 0.07987
0.23298, 0.08032
0.23448, 0.08076
0.23598, 0.08120
0.23749, 0.08164
0.23900, 0.08207
0.24051, 0.08249
0.24203, 0.08292
0.24355, 0.08334
0.24508, 0.08375
0.24661, 0.08416
0.24814, 0.08456
0.24967, 0.08496
0.25121, 0.08536
0.25276, 0.08575
0.25430, 0.08614
0.25585, 0.08652
0.25740, 0.08689
0.25896, 0.08727
0.26051, 0.08763
0.26207, 0.08799
0.26363, 0.08835
0.26519, 0.08870
0.26676, 0.08905
0.26833, 0.08939
0.26990, 0.08973
0.27147, 0.09006
0.27304, 0.09039
0.27462, 0.09071
0.27619, 0.09103
0.27777, 0.09134
0.27935, 0.09164
0.28094, 0.09195
0.28252, 0.09224
0.28411, 0.09254
0.28569, 0.09282
0.28729, 0.09311
0.28888, 0.09338
0.29047, 0.09366
0.29207, 0.09392
0.29366, 0.09419
0.29526, 0.09445
0.29686, 0.09470
0.29846, 0.09495
0.30006, 0.09519
0.30167, 0.09543
0.30327, 0.09566
0.30488, 0.09589
0.30649, 0.09612
0.30810, 0.09634
0.30971, 0.09655
0.31132, 0.09676
0.31293, 0.09696
0.31455, 0.09716
0.31617, 0.09736
0.31778, 0.09755
0.31940, 0.09774
0.32102, 0.09792
0.32264, 0.09810
0.32426, 0.09827
0.32588, 0.09844
0.32751, 0.09860
0.32913, 0.09876
0.33076, 0.09891
0.33238, 0.09906
0.33401, 0.09920
0.33564, 0.09934
0.33726, 0.09948
0.33889, 0.09961
0.34052, 0.09974
0.34215, 0.09986
0.34378, 0.09998
0.34542, 0.10009
0.34705, 0.10020
0.34868, 0.10031
0.35031, 0.10041
0.35195, 0.10050
0.35358, 0.10059
0.35522, 0.10068
0.35685, 0.10076
0.35849, 0.10084
0.36013, 0.10092
0.36176, 0.10099
0.36340, 0.10106
0.36504, 0.10112
0.36668, 0.10118
0.36831, 0.10123
0.36995, 0.10128
0.37159, 0.10133
0.37323, 0.10137
0.37487, 0.10141
0.37651, 0.10144
0.37815, 0.10147
0.37979, 0.10150
0.38143, 0.10152
0.38307, 0.10154
0.38471, 0.10155
0.38635, 0.10157
0.38799, 0.10157
0.38963, 0.10158
0.39127, 0.10158
0.39291, 0.10157
0.39455, 0.10157
0.39619, 0.10156
0.39783, 0.10154
0.39946, 0.10152
0.40110, 0.10150
0.40274, 0.10148
0.40438, 0.10145
0.40602, 0.10142
0.40766, 0.10138
0.40930, 0.10134
0.41093, 0.10130
0.41257, 0.10126
0.41421, 0.10121
0.41585, 0.10116
0.41748, 0.10110
0.41912, 0.10105
0.42075, 0.10098
0.42239, 0.10092
0.42403, 0.10085
0.42566, 0.10078
0.42729, 0.10071
0.42893, 0.10063
0.43056, 0.10056
0.43219, 0.10047
0.43383, 0.10039
0.43546, 0.10030
0.43709, 0.10021
0.43872, 0.10012
0.44035, 0.10002
0.44198, 0.09992
0.44361, 0.09982
0.44523, 0.09972
0.44686, 0.09961
0.44849, 0.09950
0.45011, 0.09939
0.45174, 0.09928
0.45336, 0.09916
0.45499, 0.09904
0.45661, 0.09892
0.45823, 0.09880
0.45985, 0.09867
0.46147, 0.09855
0.46309, 0.09842
0.46471, 0.09828
0.46633, 0.09815
0.46795, 0.09801
0.46957, 0.09787
0.47118, 0.09773
0.47280, 0.09759
0.47441, 0.09745
0.47602, 0.09730
0.47764, 0.09715
0.47925, 0.09700
0.48086, 0.09685
0.48247, 0.09669
0.48408, 0.09654
0.48568, 0.09638
0.48729, 0.09622
0.48889, 0.09606
0.49050, 0.09589
0.49210, 0.09573
0.49370, 0.09556
0.49531, 0.09540
0.49691, 0.09523
0.49851, 0.09506
0.50010, 0.09488
0.50170, 0.09471
0.50330, 0.09454
0.50489, 0.09436
0.50648, 0.09418
0.50808, 0.09400
0.50967, 0.09382
0.51126, 0.09364
0.51285, 0.09346
0.51443, 0.09328
0.51602, 0.09309
0.51761, 0.09291
0.51919, 0.09272
0.52077, 0.09253
0.52236, 0.09235
0.52394, 0.09216
0.52552, 0.09197
0.52709, 0.09178
0.52867, 0.09158
0.53025, 0.09139
0.53182, 0.09120
0.53339, 0.09100
0.53496, 0.09081
0.53653, 0.09061
0.53810, 0.09042
0.53967, 0.09022
0.54124, 0.09003
0.54280, 0.08983
0.54437, 0.08963
0.54593, 0.08943
0.54749, 0.08923
0.54905, 0.08903
0.55061, 0.08883
0.55216, 0.08863
0.55372, 0.08843
0.55527, 0.08823
0.55682, 0.08803
0.55837, 0.08783
0.55992, 0.08763
0.56147, 0.08743
0.56302, 0.08723
0.56456, 0.08703
0.56611, 0.08683
0.56765, 0.08663
0.56919, 0.08642
0.57073, 0.08622
0.57227, 0.08602
0.57380, 0.08582
0.57534, 0.08562
0.57687, 0.08542
0.57840, 0.08522
0.57993, 0.08502
0.58146, 0.08482
0.58299, 0.08462
0.58451, 0.08442
0.58604, 0.08422
0.58756, 0.08403
0.58908, 0.08383
0.59060, 0.08363
0.59212, 0.08344
0.59363, 0.08324
0.59515, 0.08304
0.59666, 0.08285
0.59817, 0.08265
0.59968, 0.08246
0.60119, 0.08227
0.60270, 0.08207
0.60420, 0.08188
0.60570, 0.08169
0.60720, 0.08150
0.60870, 0.08131
0.61020, 0.08112
0.61170, 0.08094
0.61319, 0.08075
0.61469, 0.08056
0.61618, 0.08038
0.61767, 0.08020
0.61915, 0.08001
0.62064, 0.07983
0.62213, 0.07965
0.62361, 0.07947
0.62509, 0.07929
0.62657, 0.07911
0.62805, 0.07894
0.62952, 0.07876
0.63100, 0.07859
0.63247, 0.07842
0.63394, 0.07824
0.63541, 0.07807
0.63687, 0.07791
0.63834, 0.07774
0.63980, 0.07757
0.64127, 0.07741
0.64273, 0.07724
0.64418, 0.07708
0.64564, 0.07692
0.64709, 0.07676
0.64855, 0.07660
0.65000, 0.07645
0.65145, 0.07629
0.65289, 0.07614
0.65434, 0.07599
0.65578, 0.07584
0.65723, 0.07569
0.65867, 0.07554
0.66010, 0.07540
0.66154, 0.07525
0.66297, 0.07511
0.66441, 0.07497
0.66584, 0.07483
0.66727, 0.07470
0.66870, 0.07456
0.67013, 0.07443
0.67156, 0.07430
0.67299, 0.07417
0.67443, 0.07404
0.67586, 0.07391
0.67730, 0.07379
0.67874, 0.07366
0.68017, 0.07354
0.68161, 0.07341
0.68305, 0.07329
0.68449, 0.07317
0.68593, 0.07305
0.68737, 0.07293
0.68881, 0.07281
0.69025, 0.07269
0.69169, 0.07257
0.69314, 0.07246
0.69458, 0.07234
0.69602, 0.07222
0.69746, 0.07210
0.69891, 0.07199
0.70035, 0.07187
0.70179, 0.07175
0.70324, 0.07163
0.70468, 0.07151
0.70612, 0.07140
0.70757, 0.07128
0.70901, 0.07116
0.71045, 0.07104
0.71189, 0.07092
0.71334, 0.07079
0.71478, 0.07067
0.71622, 0.07055
0.71766, 0.07042
0.71910, 0.07030
0.72054, 0.07017
0.72198, 0.07004
0.72342, 0.06991
0.72486, 0.06978
0.72630, 0.06965
0.72773, 0.06952
0.72917, 0.06938
0.73060, 0.06925
0.73204, 0.06911
0.73347, 0.06897
0.73490, 0.06883
0.73634, 0.06868
0.73777, 0.06854
0.73919, 0.06839
0.74062, 0.06824
0.74205, 0.06809
0.74347, 0.06793
0.74490, 0.06777
0.74632, 0.06762
0.74774, 0.06745
0.74916, 0.06729
0.75058, 0.06712
0.75200, 0.06695
0.75341, 0.06678
0.75482, 0.06661
0.75623, 0.06643
0.75763, 0.06625
0.75903, 0.06607
0.76043, 0.06589
0.76182, 0.06570
0.76321, 0.06551
0.76460, 0.06532
0.76598, 0.06513
0.76736, 0.06493
0.76874, 0.06473
0.77012, 0.06453
0.77149, 0.06433
0.77285, 0.06412
0.77422, 0.06392
0.77558, 0.06371
0.77694, 0.06349
0.77829, 0.06328
0.77964, 0.06306
0.78099, 0.06285
0.78233, 0.06263
0.78367, 0.06240
0.78501, 0.06218
0.78634, 0.06195
0.78767, 0.06172
0.78900, 0.06149
0.79032, 0.06126
0.79164, 0.06103
0.79296, 0.06079
0.79427, 0.06055
0.79558, 0.06031
0.79689, 0.06007
0.79819, 0.05982
0.79949, 0.05958
0.80078, 0.05933
0.80208, 0.05908
0.80336, 0.05883
0.80465, 0.05858
0.80593, 0.05832
0.80721, 0.05807
0.80848, 0.05781
0.80975, 0.05755
0.81102, 0.05729
0.81228, 0.05703
0.81354, 0.05676
0.81479, 0.05650
0.81604, 0.05623
0.81729, 0.05596
0.81854, 0.05569
0.81978, 0.05542
0.82101, 0.05515
0.82225, 0.05487
0.82348, 0.05460
0.82470, 0.05432
0.82593, 0.05404
0.82714, 0.05376
0.82836, 0.05348
0.82957, 0.05320
0.83078, 0.05291
0.83198, 0.05263
0.83318, 0.05234
0.83438, 0.05205
0.83557, 0.05176
0.83676, 0.05147
0.83794, 0.05118
0.83912, 0.05089
0.84029, 0.05060
0.84147, 0.05030
0.84263, 0.05001
0.84380, 0.04971
0.84496, 0.04942
0.84611, 0.04912
0.84726, 0.04882
0.84841, 0.04852
0.84955, 0.04822
0.85069, 0.04792
0.85182, 0.04762
0.85295, 0.04732
0.85407, 0.04702
0.85520, 0.04672
0.85631, 0.04641
0.85743, 0.04611
0.85853, 0.04581
0.85964, 0.04550
0.86074, 0.04520
0.86184, 0.04490
0.86293, 0.04459
0.86401, 0.04429
0.86510, 0.04398
0.86618, 0.04368
0.86725, 0.04337
0.86832, 0.04307
0.86939, 0.04276
0.87045, 0.04246
0.87151, 0.04215
0.87257, 0.04185
0.87362, 0.04154
0.87466, 0.04124
0.87571, 0.04093
0.87674, 0.04063
0.87778, 0.04032
0.87881, 0.04002
0.87983, 0.03971
0.88086, 0.03941
0.88187, 0.03911
0.88289, 0.03880
0.88389, 0.03850
0.88490, 0.03820
0.88590, 0.03790
0.88690, 0.03760
0.88789, 0.03730
0.88888, 0.03700
0.88986, 0.03670
0.89084, 0.03640
0.89182, 0.03610
0.89279, 0.03580
0.89376, 0.03550
0.89472, 0.03521
0.89568, 0.03491
0.89663, 0.03462
0.89759, 0.03432
0.89853, 0.03403
0.89947, 0.03373
0.90041, 0.03344
0.90135, 0.03315
0.90228, 0.03286
0.90320, 0.03257
0.90413, 0.03228
0.90504, 0.03199
0.90596, 0.03170
0.90687, 0.03142
0.90777, 0.03113
0.90867, 0.03085
0.90957, 0.03056
0.91046, 0.03028
0.91135, 0.03000
0.91224, 0.02972
0.91312, 0.02944
0.91399, 0.02916
0.91486, 0.02888
0.91573, 0.02860
0.91659, 0.02833
0.91745, 0.02805
0.91831, 0.02778
0.91916, 0.02751
0.92001, 0.02724
0.92085, 0.02697
0.92169, 0.02670
0.92252, 0.02643
0.92335, 0.02616
0.92418, 0.02590
0.92500, 0.02564
0.92582, 0.02537
0.92663, 0.02511
0.92744, 0.02485
0.92824, 0.02459
0.92904, 0.02433
0.92984, 0.02408
0.93063, 0.02382
0.93142, 0.02357
0.93220, 0.02331
0.93298, 0.02306
0.93376, 0.02281
0.93453, 0.02256
0.93529, 0.02232
0.93605, 0.02207
0.93681, 0.02183
0.93757, 0.02158
0.93832, 0.02134
0.93906, 0.02110
0.93980, 0.02086
0.94054, 0.02062
0.94127, 0.02039
0.94200, 0.02015
0.94272, 0.01992
0.94344, 0.01969
0.94416, 0.01946
0.94487, 0.01923
0.94557, 0.01900
0.94628, 0.01877
0.94697, 0.01855
0.94767, 0.01833
0.94836, 0.01810
0.94904, 0.01788
0.94972, 0.01766
0.95040, 0.01745
0.95107, 0.01723
0.95174, 0.01702
0.95240, 0.01680
0.95306, 0.01659
0.95371, 0.01638
0.95436, 0.01617
0.95501, 0.01597
0.95565, 0.01576
0.95629, 0.01556
0.95692, 0.01536
0.95755, 0.01515
0.95817, 0.01496
0.95879, 0.01476
0.95940, 0.01456
0.96001, 0.01437
0.96062, 0.01417
0.96122, 0.01398
0.96182, 0.01379
0.96241, 0.01360
0.96300, 0.01342
0.96358, 0.01323
0.96416, 0.01305
0.96474, 0.01286
0.96531, 0.01268
0.96588, 0.01250
0.96644, 0.01233
0.96699, 0.01215
0.96755, 0.01198
0.96810, 0.01180
0.96864, 0.01163
0.96918, 0.01146
0.96971, 0.01129
0.97024, 0.01113
0.97077, 0.01096
0.97129, 0.01080
0.97181, 0.01064
0.97232, 0.01048
0.97283, 0.01032
0.97333, 0.01016
0.97383, 0.01000
0.97432, 0.00985
0.97481, 0.00970
0.97530, 0.00955
0.97578, 0.00940
0.97625, 0.00925
0.97673, 0.00910
0.97719, 0.00896
0.97766, 0.00881
0.97811, 0.00867
0.97857, 0.00853
0.97901, 0.00839
0.97946, 0.00826
0.97990, 0.00812
0.98033, 0.00799
0.98076, 0.00785
0.98119, 0.00772
0.98161, 0.00759
0.98203, 0.00746
0.98244, 0.00734
0.98285, 0.00721
0.98325, 0.00709
0.98365, 0.00697
0.98404, 0.00685
0.98443, 0.00673
0.98481, 0.00661
0.98519, 0.00650
0.98557, 0.00638
0.98594, 0.00627
0.98630, 0.00616
0.98666, 0.00605
0.98702, 0.00594
0.98737, 0.00583
0.98772, 0.00573
0.98806, 0.00563
0.98840, 0.00552
0.98873, 0.00542
0.98906, 0.00532
0.98938, 0.00523
0.98970, 0.00513
0.99001, 0.00504
0.99032, 0.00494
0.99063, 0.00485
0.99092, 0.00476
0.99122, 0.00467
0.99151, 0.00459
0.99180, 0.00450
0.99208, 0.00442
0.99235, 0.00434
0.99262, 0.00425
0.99289, 0.00417
0.99315, 0.00410
0.99341, 0.00402
0.99366, 0.00394
0.99391, 0.00387
0.99415, 0.00380
0.99439, 0.00373
0.99462, 0.00366
0.99485, 0.00359
0.99508, 0.00352
0.99530, 0.00346
0.99551, 0.00340
0.99572, 0.00333
0.99592, 0.00327
0.99612, 0.00321
0.99632, 0.00316
0.99651, 0.00310
0.99670, 0.00305
0.99688, 0.00299
0.99705, 0.00294
0.99722, 0.00289
0.99739, 0.00284
0.99755, 0.00279
0.99771, 0.00275
0.99786, 0.00270
0.99801, 0.00266
0.99815, 0.00262
0.99829, 0.00258
0.99842, 0.00254
0.99855, 0.00250
0.99867, 0.00247
0.99879, 0.00243
0.99890, 0.00240
0.99901, 0.00237
0.99912, 0.00233
0.99922, 0.00231
0.99931, 0.00228
0.99940, 0.00225
0.99948, 0.00223
0.99956, 0.00220
0.99964, 0.00218
0.99971, 0.00216
0.99977, 0.00214
0.99983, 0.00213
0.99989, 0.00211
0.99994, 0.00209
0.99999, 0.00208
1.00003, 0.00207
1.00006, 0.00206
1.00010, 0.00205
1.00012, 0.00204
1.00014, 0.00203
1.00016, 0.00203
1.00018, 0.00203
1.00024, 0.00201
1.00026, 0.00201

=== Lower Surface ===
0.00000, -0.05651
0.00005, -0.05679
0.00009, -0.05706
0.00014, -0.05734
0.00019, -0.05761
0.00025, -0.05789
0.00031, -0.05816
0.00038, -0.05843
0.00046, -0.05870
0.00054, -0.05897
0.00062, -0.05924
0.00071, -0.05950
0.00081, -0.05977
0.00091, -0.06003
0.00101, -0.06029
0.00112, -0.06056
0.00124, -0.06082
0.00136, -0.06108
0.00148, -0.06134
0.00161, -0.06159
0.00175, -0.06185
0.00189, -0.06211
0.00203, -0.06236
0.00218, -0.06261
0.00234, -0.06287
0.00250, -0.06312
0.00266, -0.06337
0.00283, -0.06362
0.00301, -0.06386
0.00319, -0.06411
0.00338, -0.06435
0.00357, -0.06460
0.00376, -0.06484
0.00397, -0.06508
0.00417, -0.06532
0.00439, -0.06556
0.00460, -0.06580
0.00483, -0.06603
0.00505, -0.06627
0.00529, -0.06650
0.00553, -0.06674
0.00577, -0.06697
0.00602, -0.06720
0.00627, -0.06743
0.00653, -0.06765
0.00680, -0.06788
0.00707, -0.06810
0.00734, -0.06833
0.00762, -0.06855
0.00791, -0.06877
0.00820, -0.06899
0.00850, -0.06921
0.00880, -0.06942
0.00911, -0.06964
0.00942, -0.06985
0.00974, -0.07006
0.01006, -0.07027
0.01039, -0.07048
0.01072, -0.07069
0.01106, -0.07089
0.01140, -0.07110
0.01175, -0.07130
0.01211, -0.07150
0.01247, -0.07170
0.01283, -0.07190
0.01321, -0.07210
0.01358, -0.07229
0.01396, -0.07248
0.01435, -0.07267
0.01474, -0.07286
0.01514, -0.07305
0.01554, -0.07324
0.01595, -0.07342
0.01637, -0.07361
0.01679, -0.07379
0.01721, -0.07397
0.01764, -0.07414
0.01808, -0.07432
0.01852, -0.07449
0.01896, -0.07467
0.01942, -0.07484
0.01987, -0.07500
0.02033, -0.07517
0.02080, -0.07533
0.02128, -0.07550
0.02175, -0.07566
0.02224, -0.07582
0.02273, -0.07597
0.02322, -0.07613
0.02372, -0.07628
0.02423, -0.07643
0.02474, -0.07658
0.02525, -0.07673
0.02577, -0.07687
0.02630, -0.07701
0.02683, -0.07715
0.02737, -0.07729
0.02791, -0.07743
0.02846, -0.07756
0.02901, -0.07769
0.02957, -0.07782
0.03013, -0.07795
0.03070, -0.07807
0.03128, -0.07820
0.03186, -0.07832
0.03244, -0.07843
0.03303, -0.07855
0.03363, -0.07866
0.03423, -0.07877
0.03483, -0.07888
0.03544, -0.07899
0.03606, -0.07909
0.03668, -0.07919
0.03731, -0.07929
0.03794, -0.07939
0.03858, -0.07948
0.03922, -0.07957
0.03987, -0.07966
0.04052, -0.07975
0.04118, -0.07983
0.04184, -0.07991
0.04251, -0.07999
0.04318, -0.08007
0.04386, -0.08014
0.04455, -0.08021
0.04524, -0.08028
0.04593, -0.08034
0.04663, -0.08040
0.04733, -0.08046
0.04804, -0.08052
0.04876, -0.08057
0.04948, -0.08062
0.05020, -0.08067
0.05093, -0.08072
0.05167, -0.08076
0.05241, -0.08080
0.05315, -0.08084
0.05390, -0.08087
0.05466, -0.08090
0.05542, -0.08093
0.05618, -0.08095
0.05695, -0.08098
0.05772, -0.08100
0.05850, -0.08101
0.05929, -0.08102
0.06008, -0.08103
0.06087, -0.08104
0.06167, -0.08104
0.06247, -0.08105
0.06328, -0.08104
0.06410, -0.08104
0.06491, -0.08103
0.06574, -0.08102
0.06657, -0.08100
0.06740, -0.08098
0.06824, -0.08096
0.06908, -0.08094
0.06992, -0.08091
0.07078, -0.08088
0.07163, -0.08084
0.07249, -0.08081
0.07336, -0.08076
0.07423, -0.08072
0.07510, -0.08067
0.07598, -0.08062
0.07687, -0.08057
0.07775, -0.08051
0.07865, -0.08045
0.07955, -0.08038
0.08045, -0.08031
0.08135, -0.08024
0.08226, -0.08017
0.08318, -0.08009
0.08410, -0.08001
0.08502, -0.07992
0.08595, -0.07983
0.08689, -0.07974
0.08782, -0.07965
0.08877, -0.07955
0.08971, -0.07944
0.09066, -0.07934
0.09162, -0.07923
0.09258, -0.07911
0.09354, -0.07900
0.09451, -0.07888
0.09548, -0.07875
0.09646, -0.07863
0.09744, -0.07849
0.09842, -0.07836
0.09941, -0.07822
0.10040, -0.07808
0.10140, -0.07793
0.10240, -0.07778
0.10340, -0.07763
0.10441, -0.07747
0.10543, -0.07731
0.10644, -0.07715
0.10746, -0.07698
0.10849, -0.07681
0.10952, -0.07664
0.11055, -0.07646
0.11159, -0.07628
0.11263, -0.07609
0.11367, -0.07590
0.11472, -0.07571
0.11577, -0.07551
0.11683, -0.07531
0.11789, -0.07511
0.11895, -0.07490
0.12002, -0.07469
0.12109, -0.07447
0.12216, -0.07425
0.12324, -0.07403
0.12432, -0.07380
0.12541, -0.07357
0.12649, -0.07334
0.12759, -0.07310
0.12868, -0.07286
0.12978, -0.07262
0.13088, -0.07237
0.13199, -0.07211
0.13310, -0.07186
0.13421, -0.07160
0.13533, -0.07134
0.13645, -0.07107
0.13757, -0.07080
0.13870, -0.07052
0.13983, -0.07025
0.14097, -0.06997
0.14210, -0.06968
0.14324, -0.06939
0.14439, -0.06910
0.14553, -0.06880
0.14668, -0.06850
0.14783, -0.06820
0.14899, -0.06789
0.15015, -0.06758
0.15131, -0.06727
0.15248, -0.06695
0.15364, -0.06663
0.15481, -0.06631
0.15598, -0.06598
0.15715, -0.06565
0.15833, -0.06532
0.15950, -0.06499
0.16068, -0.06465
0.16185, -0.06431
0.16303, -0.06397
0.16421, -0.06362
0.16539, -0.06328
0.16657, -0.06293
0.16775, -0.06258
0.16893, -0.06223
0.17012, -0.06187
0.17130, -0.06152
0.17249, -0.06116
0.17367, -0.06080
0.17486, -0.06044
0.17605, -0.06007
0.17723, -0.05971
0.17842, -0.05934
0.17961, -0.05898
0.18080, -0.05861
0.18199, -0.05824
0.18318, -0.05787
0.18437, -0.05750
0.18556, -0.05712
0.18675, -0.05675
0.18794, -0.05638
0.18913, -0.05600
0.19032, -0.05563
0.19151, -0.05525
0.19271, -0.05488
0.19390, -0.05450
0.19509, -0.05413
0.19628, -0.05375
0.19747, -0.05337
0.19866, -0.05300
0.19985, -0.05262
0.20103, -0.05225
0.20222, -0.05187
0.20341, -0.05150
0.20460, -0.05113
0.20578, -0.05076
0.20697, -0.05038
0.20815, -0.05001
0.20934, -0.04964
0.21052, -0.04928
0.21170, -0.04891
0.21288, -0.04854
0.21406, -0.04818
0.21524, -0.04782
0.21642, -0.04746
0.21760, -0.04710
0.21877, -0.04674
0.21994, -0.04639
0.22112, -0.04604
0.22229, -0.04568
0.22347, -0.04533
0.22465, -0.04498
0.22583, -0.04463
0.22701, -0.04429
0.22819, -0.04394
0.22938, -0.04359
0.23056, -0.04325
0.23175, -0.04291
0.23294, -0.04257
0.23413, -0.04223
0.23532, -0.04189
0.23651, -0.04155
0.23771, -0.04122
0.23890, -0.04088
0.24010, -0.04055
0.24130, -0.04022
0.24250, -0.03989
0.24370, -0.03956
0.24490, -0.03923
0.24610, -0.03891
0.24731, -0.03858
0.24851, -0.03826
0.24972, -0.03794
0.25093, -0.03762
0.25214, -0.03730
0.25335, -0.03699
0.25456, -0.03667
0.25577, -0.03636
0.25699, -0.03605
0.25820, -0.03575
0.25942, -0.03544
0.26064, -0.03513
0.26186, -0.03483
0.26308, -0.03453
0.26430, -0.03423
0.26552, -0.03394
0.26674, -0.03364
0.26797, -0.03335
0.26919, -0.03306
0.27042, -0.03277
0.27165, -0.03249
0.27288, -0.03220
0.27411, -0.03192
0.27534, -0.03164
0.27657, -0.03136
0.27780, -0.03109
0.27904, -0.03082
0.28027, -0.03055
0.28151, -0.03028
0.28275, -0.03001
0.28399, -0.02975
0.28523, -0.02949
0.28648, -0.02923
0.28772, -0.02897
0.28897, -0.02871
0.29023, -0.02846
0.29148, -0.02821
0.29274, -0.02796
0.29400, -0.02771
0.29526, -0.02747
0.29652, -0.02722
0.29779, -0.02698
0.29905, -0.02674
0.30032, -0.02651
0.30159, -0.02627
0.30287, -0.02604
0.30415, -0.02581
0.30543, -0.02558
0.30671, -0.02535
0.30799, -0.02513
0.30928, -0.02490
0.31056, -0.02468
0.31186, -0.02447
0.31315, -0.02425
0.31444, -0.02404
0.31574, -0.02382
0.31704, -0.02361
0.31834, -0.02340
0.31965, -0.02320
0.32095, -0.02299
0.32226, -0.02279
0.32357, -0.02259
0.32489, -0.02240
0.32620, -0.02220
0.32752, -0.02201
0.32884, -0.02181
0.33017, -0.02163
0.33149, -0.02144
0.33282, -0.02125
0.33415, -0.02107
0.33548, -0.02089
0.33682, -0.02071
0.33816, -0.02053
0.33950, -0.02036
0.34084, -0.02018
0.34218, -0.02001
0.34353, -0.01984
0.34488, -0.01967
0.34623, -0.01951
0.34758, -0.01935
0.34894, -0.01918
0.35030, -0.01902
0.35166, -0.01887
0.35302, -0.01871
0.35439, -0.01856
0.35575, -0.01841
0.35712, -0.01826
0.35850, -0.01811
0.35987, -0.01796
0.36125, -0.01782
0.36263, -0.01768
0.36401, -0.01754
0.36539, -0.01740
0.36678, -0.01726
0.36817, -0.01713
0.36956, -0.01700
0.37095, -0.01687
0.37235, -0.01674
0.37375, -0.01661
0.37515, -0.01649
0.37655, -0.01636
0.37795, -0.01624
0.37936, -0.01612
0.38077, -0.01600
0.38218, -0.01589
0.38359, -0.01577
0.38501, -0.01566
0.38643, -0.01555
0.38785, -0.01544
0.38927, -0.01533
0.39069, -0.01523
0.39212, -0.01512
0.39355, -0.01502
0.39498, -0.01492
0.39641, -0.01482
0.39785, -0.01473
0.39929, -0.01463
0.40073, -0.01454
0.40217, -0.01444
0.40361, -0.01435
0.40506, -0.01426
0.40651, -0.01418
0.40796, -0.01409
0.40941, -0.01401
0.41086, -0.01392
0.41232, -0.01384
0.41378, -0.01376
0.41524, -0.01368
0.41670, -0.01361
0.41817, -0.01353
0.41963, -0.01346
0.42110, -0.01339
0.42257, -0.01331
0.42405, -0.01324
0.42552, -0.01318
0.42700, -0.01311
0.42847, -0.01304
0.42996, -0.01298
0.43144, -0.01292
0.43292, -0.01285
0.43441, -0.01279
0.43589, -0.01273
0.43738, -0.01268
0.43888, -0.01262
0.44037, -0.01256
0.44186, -0.01251
0.44336, -0.01246
0.44486, -0.01240
0.44636, -0.01235
0.44786, -0.01230
0.44936, -0.01225
0.45087, -0.01221
0.45238, -0.01216
0.45388, -0.01211
0.45539, -0.01207
0.45691, -0.01202
0.45842, -0.01198
0.45994, -0.01194
0.46145, -0.01190
0.46297, -0.01186
0.46449, -0.01182
0.46601, -0.01178
0.46753, -0.01174
0.46906, -0.01171
0.47058, -0.01167
0.47211, -0.01163
0.47364, -0.01160
0.47517, -0.01157
0.47670, -0.01153
0.47823, -0.01150
0.47977, -0.01147
0.48130, -0.01144
0.48284, -0.01141
0.48438, -0.01138
0.48592, -0.01135
0.48746, -0.01132
0.48900, -0.01129
0.49054, -0.01126
0.49209, -0.01123
0.49363, -0.01120
0.49518, -0.01118
0.49673, -0.01115
0.49828, -0.01113
0.49983, -0.01110
0.50138, -0.01107
0.50293, -0.01105
0.50448, -0.01102
0.50604, -0.01100
0.50759, -0.01097
0.50915, -0.01095
0.51071, -0.01093
0.51226, -0.01090
0.51382, -0.01088
0.51538, -0.01085
0.51694, -0.01083
0.51851, -0.01081
0.52007, -0.01078
0.52163, -0.01076
0.52320, -0.01073
0.52476, -0.01071
0.52633, -0.01068
0.52789, -0.01066
0.52946, -0.01064
0.53103, -0.01061
0.53259, -0.01059
0.53416, -0.01056
0.53573, -0.01054
0.53730, -0.01051
0.53887, -0.01048
0.54045, -0.01046
0.54202, -0.01043
0.54359, -0.01040
0.54516, -0.01037
0.54674, -0.01035
0.54831, -0.01032
0.54988, -0.01029
0.55146, -0.01026
0.55303, -0.01023
0.55461, -0.01020
0.55618, -0.01017
0.55776, -0.01013
0.55933, -0.01010
0.56091, -0.01007
0.56249, -0.01003
0.56406, -0.01000
0.56564, -0.00996
0.56722, -0.00993
0.56879, -0.00989
0.57037, -0.00985
0.57195, -0.00981
0.57353, -0.00977
0.57510, -0.00973
0.57668, -0.00969
0.57826, -0.00965
0.57984, -0.00960
0.58141, -0.00956
0.58299, -0.00951
0.58457, -0.00946
0.58614, -0.00942
0.58772, -0.00937
0.58930, -0.00932
0.59087, -0.00927
0.59245, -0.00921
0.59403, -0.00916
0.59560, -0.00910
0.59718, -0.00905
0.59875, -0.00899
0.60033, -0.00893
0.60190, -0.00887
0.60348, -0.00881
0.60505, -0.00874
0.60662, -0.00868
0.60819, -0.00861
0.60977, -0.00854
0.61134, -0.00847
0.61291, -0.00840
0.61448, -0.00833
0.61605, -0.00826
0.61762, -0.00818
0.61919, -0.00810
0.62075, -0.00803
0.62232, -0.00794
0.62389, -0.00786
0.62545, -0.00778
0.62702, -0.00769
0.62858, -0.00761
0.63015, -0.00752
0.63171, -0.00743
0.63327, -0.00733
0.63483, -0.00724
0.63639, -0.00714
0.63795, -0.00704
0.63951, -0.00694
0.64106, -0.00684
0.64262, -0.00674
0.64417, -0.00663
0.64573, -0.00652
0.64728, -0.00641
0.64883, -0.00630
0.65038, -0.00619
0.65193, -0.00607
0.65348, -0.00595
0.65503, -0.00583
0.65657, -0.00571
0.65812, -0.00558
0.65966, -0.00546
0.66120, -0.00533
0.66274, -0.00520
0.66428, -0.00506
0.66582, -0.00493
0.66735, -0.00479
0.66889, -0.00465
0.67041, -0.00451
0.67194, -0.00436
0.67345, -0.00422
0.67497, -0.00407
0.67648, -0.00392
0.67798, -0.00377
0.67949, -0.00362
0.68098, -0.00346
0.68248, -0.00331
0.68396, -0.00315
0.68545, -0.00299
0.68693, -0.00284
0.68840, -0.00268
0.68988, -0.00252
0.69134, -0.00236
0.69281, -0.00220
0.69426, -0.00203
0.69572, -0.00187
0.69717, -0.00171
0.69862, -0.00155
0.70006, -0.00138
0.70150, -0.00122
0.70293, -0.00106
0.70436, -0.00090
0.70579, -0.00073
0.70721, -0.00057
0.70863, -0.00041
0.71004, -0.00025
0.71145, -0.00009
0.71286, 0.00007
0.71426, 0.00023
0.71566, 0.00039
0.71706, 0.00055
0.71845, 0.00071
0.71983, 0.00086
0.72122, 0.00102
0.72260, 0.00117
0.72397, 0.00133
0.72534, 0.00148
0.72671, 0.00163
0.72808, 0.00178
0.72944, 0.00193
0.73080, 0.00207
0.73215, 0.00222
0.73350, 0.00236
0.73485, 0.00250
0.73619, 0.00264
0.73753, 0.00278
0.73886, 0.00291
0.74019, 0.00305
0.74152, 0.00318
0.74285, 0.00331
0.74417, 0.00344
0.74549, 0.00356
0.74680, 0.00369
0.74811, 0.00381
0.74942, 0.00393
0.75072, 0.00404
0.75203, 0.00416
0.75333, 0.00427
0.75463, 0.00438
0.75592, 0.00449
0.75722, 0.00459
0.75851, 0.00469
0.75981, 0.00479
0.76109, 0.00489
0.76238, 0.00499
0.76367, 0.00508
0.76495, 0.00517
0.76623, 0.00526
0.76751, 0.00535
0.76879, 0.00543
0.77007, 0.00551
0.77134, 0.00559
0.77262, 0.00567
0.77389, 0.00575
0.77515, 0.00582
0.77642, 0.00589
0.77768, 0.00596
0.77894, 0.00602
0.78020, 0.00609
0.78146, 0.00615
0.78272, 0.00621
0.78397, 0.00627
0.78522, 0.00633
0.78647, 0.00638
0.78771, 0.00643
0.78896, 0.00648
0.79020, 0.00653
0.79144, 0.00658
0.79268, 0.00662
0.79391, 0.00666
0.79514, 0.00670
0.79637, 0.00674
0.79760, 0.00678
0.79883, 0.00681
0.80005, 0.00684
0.80127, 0.00687
0.80249, 0.00690
0.80371, 0.00693
0.80492, 0.00695
0.80613, 0.00697
0.80734, 0.00699
0.80855, 0.00701
0.80975, 0.00703
0.81095, 0.00705
0.81215, 0.00706
0.81335, 0.00707
0.81454, 0.00708
0.81573, 0.00709
0.81692, 0.00709
0.81810, 0.00710
0.81929, 0.00710
0.82047, 0.00710
0.82165, 0.00710
0.82282, 0.00710
0.82399, 0.00710
0.82516, 0.00709
0.82633, 0.00708
0.82749, 0.00708
0.82866, 0.00707
0.82982, 0.00705
0.83097, 0.00704
0.83213, 0.00703
0.83328, 0.00701
0.83443, 0.00699
0.83557, 0.00697
0.83672, 0.00695
0.83786, 0.00693
0.83900, 0.00690
0.84013, 0.00688
0.84127, 0.00685
0.84240, 0.00682
0.84352, 0.00679
0.84465, 0.00676
0.84577, 0.00673
0.84689, 0.00670
0.84801, 0.00667
0.84913, 0.00663
0.85024, 0.00659
0.85135, 0.00656
0.85245, 0.00652
0.85356, 0.00648
0.85466, 0.00644
0.85575, 0.00640
0.85685, 0.00636
0.85794, 0.00631
0.85903, 0.00627
0.86012, 0.00623
0.86120, 0.00618
0.86228, 0.00613
0.86335, 0.00609
0.86443, 0.00604
0.86550, 0.00599
0.86657, 0.00594
0.86763, 0.00589
0.86869, 0.00584
0.86975, 0.00579
0.87080, 0.00574
0.87185, 0.00569
0.87290, 0.00564
0.87395, 0.00559
0.87499, 0.00553
0.87603, 0.00548
0.87706, 0.00543
0.87809, 0.00537
0.87912, 0.00532
0.88014, 0.00526
0.88117, 0.00521
0.88218, 0.00515
0.88320, 0.00509
0.88421, 0.00504
0.88521, 0.00498
0.88622, 0.00493
0.88722, 0.00487
0.88821, 0.00481
0.88921, 0.00476
0.89020, 0.00470
0.89118, 0.00464
0.89216, 0.00458
0.89314, 0.00453
0.89412, 0.00447
0.89509, 0.00441
0.89606, 0.00435
0.89702, 0.00430
0.89798, 0.00424
0.89894, 0.00418
0.89989, 0.00412
0.90084, 0.00407
0.90178, 0.00401
0.90272, 0.00395
0.90366, 0.00390
0.90459, 0.00384
0.90552, 0.00378
0.90645, 0.00373
0.90737, 0.00367
0.90828, 0.00361
0.90920, 0.00356
0.91011, 0.00350
0.91101, 0.00344
0.91191, 0.00339
0.91281, 0.00333
0.91371, 0.00328
0.91460, 0.00322
0.91548, 0.00317
0.91636, 0.00312
0.91724, 0.00306
0.91811, 0.00301
0.91898, 0.00295
0.91985, 0.00290
0.92071, 0.00285
0.92156, 0.00280
0.92242, 0.00274
0.92327, 0.00269
0.92411, 0.00264
0.92495, 0.00259
0.92579, 0.00254
0.92662, 0.00249
0.92744, 0.00244
0.92827, 0.00239
0.92909, 0.00234
0.92990, 0.00229
0.93071, 0.00225
0.93152, 0.00220
0.93232, 0.00215
0.93312, 0.00210
0.93391, 0.00206
0.93470, 0.00201
0.93548, 0.00197
0.93626, 0.00192
0.93704, 0.00188
0.93781, 0.00183
0.93858, 0.00179
0.93934, 0.00174
0.94010, 0.00170
0.94085, 0.00166
0.94160, 0.00162
0.94234, 0.00158
0.94308, 0.00153
0.94382, 0.00149
0.94455, 0.00145
0.94528, 0.00141
0.94600, 0.00138
0.94672, 0.00134
0.94743, 0.00130
0.94814, 0.00126
0.94884, 0.00122
0.94954, 0.00119
0.95024, 0.00115
0.95093, 0.00112
0.95161, 0.00108
0.95229, 0.00105
0.95297, 0.00101
0.95364, 0.00098
0.95431, 0.00095
0.95497, 0.00091
0.95563, 0.00088
0.95628, 0.00085
0.95693, 0.00082
0.95758, 0.00079
0.95822, 0.00076
0.95885, 0.00073
0.95948, 0.00070
0.96011, 0.00067
0.96073, 0.00064
0.96134, 0.00061
0.96196, 0.00059
0.96256, 0.00056
0.96316, 0.00053
0.96376, 0.00051
0.96435, 0.00048
0.96494, 0.00046
0.96553, 0.00043
0.96610, 0.00041
0.96668, 0.00038
0.96725, 0.00036
0.96781, 0.00034
0.96837, 0.00032
0.96892, 0.00029
0.96947, 0.00027
0.97002, 0.00025
0.97056, 0.00023
0.97109, 0.00021
0.97162, 0.00019
0.97215, 0.00017
0.97267, 0.00015
0.97319, 0.00013
0.97370, 0.00011
0.97420, 0.00010
0.97470, 0.00008
0.97520, 0.00006
0.97569, 0.00005
0.97618, 0.00003
0.97666, 0.00001
0.97714, -0.00000
0.97761, -0.00002
0.97808, -0.00003
0.97854, -0.00005
0.97900, -0.00006
0.97945, -0.00007
0.97990, -0.00009
0.98034, -0.00010
0.98078, -0.00011
0.98121, -0.00013
0.98164, -0.00014
0.98207, -0.00015
0.98248, -0.00016
0.98290, -0.00017
0.98331, -0.00018
0.98371, -0.00019
0.98411, -0.00020
0.98450, -0.00021
0.98489, -0.00022
0.98527, -0.00023
0.98565, -0.00024
0.98603, -0.00025
0.98640, -0.00026
0.98676, -0.00027
0.98712, -0.00028
0.98747, -0.00028
0.98782, -0.00029
0.98817, -0.00030
0.98851, -0.00031
0.98884, -0.00031
0.98917, -0.00032
0.98949, -0.00033
0.98981, -0.00033
0.99013, -0.00034
0.99044, -0.00034
0.99074, -0.00035
0.99104, -0.00036
0.99134, -0.00036
0.99162, -0.00037
0.99191, -0.00037
0.99219, -0.00038
0.99246, -0.00038
0.99273, -0.00038
0.99300, -0.00039
0.99326, -0.00039
0.99351, -0.00040
0.99376, -0.00040
0.99400, -0.00040
0.99424, -0.00041
0.99448, -0.00041
0.99471, -0.00041
0.99493, -0.00042
0.99515, -0.00042
0.99537, -0.00042
0.99557, -0.00043
0.99578, -0.00043
0.99598, -0.00043
0.99617, -0.00043
0.99636, -0.00044
0.99655, -0.00044
0.99673, -0.00044
0.99690, -0.00044
0.99707, -0.00044
0.99723, -0.00045
0.99739, -0.00045
0.99755, -0.00045
0.99769, -0.00045
0.99784, -0.00045
0.99798, -0.00045
0.99811, -0.00045
0.99824, -0.00046
0.99836, -0.00046
0.99848, -0.00046
0.99860, -0.00046
0.99870, -0.00046
0.99881, -0.00046
0.99891, -0.00046
0.99900, -0.00046
0.99909, -0.00046
0.99917, -0.00046
0.99925, -0.00047
0.99932, -0.00047
0.99939, -0.00047
0.99945, -0.00047
0.99951, -0.00047
0.99956, -0.00047
0.99961, -0.00047
0.99966, -0.00047
0.99969, -0.00047
0.99973, -0.00047
0.99975, -0.00047
0.99978, -0.00047
0.99979, -0.00047
0.99980, -0.00047
0.99976, -0.00046
0.99974, -0.00046
