=== Airfoil Parameters ===
m = 0.02
p = 0.4
t = 0.12

=== Control Points ===
0.00000, 0.00452, 0.00452
0.06667, 0.00903, 0.00291
0.13333, 0.01372, 0.00261
0.20000, 0.02115, 0.00615
0.26667, 0.03011, 0.01233
0.66667, 0.03353, 0.01748
0.75000, 0.03208, 0.01888
0.83333, 0.02546, 0.01589
0.91667, 0.01543, 0.01026
1.00000, 0.00585, 0.00585

=== Upper Surface ===
0.00000, 0.00452
-0.00003, 0.00480
-0.00004, 0.00508
-0.00005, 0.00536
-0.00005, 0.00564
-0.00005, 0.00592
-0.00005, 0.00620
-0.00004, 0.00648
-0.00002, 0.00676
-0.00000, 0.00704
0.00002, 0.00732
0.00005, 0.00760
0.00008, 0.00788
0.00012, 0.00816
0.00017, 0.00844
0.00022, 0.00872
0.00027, 0.00899
0.00033, 0.00927
0.00040, 0.00955
0.00047, 0.00983
0.00054, 0.01011
0.00062, 0.01039
0.00070, 0.01067
0.00079, 0.01095
0.00089, 0.01123
0.00099, 0.01151
0.00109, 0.01179
0.00120, 0.01207
0.00132, 0.01235
0.00144, 0.01263
0.00156, 0.01291
0.00169, 0.01319
0.00183, 0.01347
0.00197, 0.01375
0.00211, 0.01403
0.00226, 0.01431
0.00242, 0.01459
0.00258, 0.01487
0.00274, 0.01515
0.00291, 0.01542
0.00309, 0.01570
0.00327, 0.01598
0.00345, 0.01626
0.00364, 0.01654
0.00384, 0.01682
0.00404, 0.01710
0.00424, 0.01738
0.00445, 0.01766
0.00467, 0.01794
0.00489, 0.01822
0.00512, 0.01849
0.00535, 0.01877
0.00558, 0.01905
0.00582, 0.01933
0.00607, 0.01961
0.00632, 0.01989
0.00657, 0.02016
0.00683, 0.02044
0.00710, 0.02072
0.00737, 0.02100
0.00765, 0.02127
0.00793, 0.02155
0.00821, 0.02183
0.00850, 0.02211
0.00880, 0.02238
0.00910, 0.02266
0.00941, 0.02294
0.00972, 0.02321
0.01003, 0.02349
0.01035, 0.02377
0.01068, 0.02404
0.01101, 0.02432
0.01134, 0.02459
0.01168, 0.02487
0.01203, 0.02514
0.01238, 0.02542
0.01274, 0.02569
0.01310, 0.02597
0.01346, 0.02624
0.01383, 0.02652
0.01421, 0.02679
0.01459, 0.02707
0.01497, 0.02734
0.01536, 0.02761
0.01576, 0.02789
0.01616, 0.02816
0.01656, 0.02843
0.01697, 0.02870
0.01739, 0.02898
0.01781, 0.02925
0.01823, 0.02952
0.01866, 0.02979
0.01909, 0.03006
0.01953, 0.03033
0.01998, 0.03060
0.02043, 0.03087
0.02088, 0.03114
0.02134, 0.03141
0.02180, 0.03168
0.02227, 0.03195
0.02274, 0.03222
0.02322, 0.03248
0.02370, 0.03275
0.02419, 0.03302
0.02468, 0.03329
0.02518, 0.03355
0.02568, 0.03382
0.02619, 0.03409
0.02670, 0.03435
0.02722, 0.03462
0.02774, 0.03488
0.02826, 0.03515
0.02879, 0.03541
0.02933, 0.03567
0.02987, 0.03594
0.03041, 0.03620
0.03096, 0.03646
0.03151, 0.03672
0.03207, 0.03699
0.03264, 0.03725
0.03320, 0.03751
0.03378, 0.03777
0.03435, 0.03803
0.03494, 0.03829
0.03552, 0.03855
0.03611, 0.03881
0.03671, 0.03906
0.03731, 0.03932
0.03791, 0.03958
0.03852, 0.03984
0.03914, 0.04009
0.03975, 0.04035
0.04038, 0.04060
0.04100, 0.04086
0.04164, 0.04111
0.04227, 0.04137
0.04291, 0.04162
0.04356, 0.04187
0.04421, 0.04213
0.04486, 0.04238
0.04552, 0.04263
0.04618, 0.04288
0.04685, 0.04313
0.04752, 0.04338
0.04820, 0.04363
0.04888, 0.04388
0.04957, 0.04413
0.05026, 0.04438
0.05095, 0.04462
0.05165, 0.04487
0.05235, 0.04512
0.05306, 0.04537
0.05377, 0.04561
0.05448, 0.04586
0.05520, 0.04610
0.05592, 0.04634
0.05665, 0.04659
0.05738, 0.04683
0.05812, 0.04707
0.05886, 0.04732
0.05960, 0.04756
0.06035, 0.04780
0.06111, 0.04804
0.06186, 0.04828
0.06262, 0.04852
0.06339, 0.04876
0.06416, 0.04900
0.06493, 0.04924
0.06571, 0.04947
0.06649, 0.04971
0.06727, 0.04995
0.06806, 0.05018
0.06886, 0.05042
0.06965, 0.05065
0.07045, 0.05089
0.07126, 0.05112
0.07207, 0.05136
0.07288, 0.05159
0.07370, 0.05182
0.07452, 0.05206
0.07534, 0.05229
0.07617, 0.05252
0.07700, 0.05275
0.07784, 0.05298
0.07868, 0.05321
0.07952, 0.05344
0.08037, 0.05367
0.08122, 0.05390
0.08207, 0.05413
0.08293, 0.05435
0.08379, 0.05458
0.08466, 0.05481
0.08553, 0.05504
0.08640, 0.05526
0.08727, 0.05549
0.08815, 0.05571
0.08904, 0.05594
0.08992, 0.05616
0.09081, 0.05639
0.09171, 0.05661
0.09261, 0.05684
0.09351, 0.05706
0.09441, 0.05728
0.09532, 0.05751
0.09623, 0.05773
0.09714, 0.05795
0.09806, 0.05817
0.09898, 0.05839
0.09991, 0.05862
0.10083, 0.05884
0.10176, 0.05906
0.10270, 0.05928
0.10364, 0.05950
0.10458, 0.05972
0.10552, 0.05994
0.10647, 0.06016
0.10742, 0.06038
0.10837, 0.06060
0.10933, 0.06082
0.11029, 0.06104
0.11125, 0.06125
0.11222, 0.06147
0.11319, 0.06169
0.11416, 0.06191
0.11513, 0.06213
0.11611, 0.06235
0.11709, 0.06257
0.11808, 0.06278
0.11906, 0.06300
0.12005, 0.06322
0.12105, 0.06344
0.12204, 0.06366
0.12304, 0.06388
0.12404, 0.06409
0.12505, 0.06431
0.12605, 0.06453
0.12706, 0.06475
0.12808, 0.06497
0.12909, 0.06519
0.13011, 0.06541
0.13113, 0.06562
0.13216, 0.06584
0.13319, 0.06606
0.13422, 0.06628
0.13526, 0.06650
0.13630, 0.06672
0.13734, 0.06694
0.13839, 0.06716
0.13944, 0.06739
0.14049, 0.06761
0.14155, 0.06783
0.14261, 0.06805
0.14367, 0.06827
0.14474, 0.06849
0.14581, 0.06872
0.14688, 0.06894
0.14796, 0.06916
0.14904, 0.06938
0.15013, 0.06961
0.15122, 0.06983
0.15231, 0.07005
0.15340, 0.07028
0.15450, 0.07050
0.15560, 0.07073
0.15671, 0.07095
0.15782, 0.07118
0.15893, 0.07140
0.16004, 0.07163
0.16116, 0.07185
0.16228, 0.07208
0.16341, 0.07231
0.16454, 0.07253
0.16567, 0.07276
0.16680, 0.07299
0.16794, 0.07321
0.16908, 0.07344
0.17023, 0.07367
0.17138, 0.07390
0.17253, 0.07413
0.17369, 0.07435
0.17484, 0.07458
0.17600, 0.07481
0.17717, 0.07504
0.17834, 0.07527
0.17951, 0.07550
0.18068, 0.07573
0.18186, 0.07596
0.18304, 0.07620
0.18423, 0.07643
0.18541, 0.07666
0.18660, 0.07689
0.18780, 0.07712
0.18900, 0.07736
0.19020, 0.07759
0.19140, 0.07782
0.19261, 0.07805
0.19382, 0.07829
0.19503, 0.07852
0.19626, 0.07876
0.19748, 0.07899
0.19871, 0.07923
0.19995, 0.07946
0.20119, 0.07970
0.20244, 0.07994
0.20369, 0.08017
0.20494, 0.08041
0.20621, 0.08065
0.20747, 0.08088
0.20874, 0.08112
0.21002, 0.08136
0.21130, 0.08160
0.21259, 0.08183
0.21388, 0.08207
0.21518, 0.08231
0.21648, 0.08254
0.21779, 0.08278
0.21910, 0.08301
0.22042, 0.08325
0.22174, 0.08348
0.22307, 0.08372
0.22441, 0.08395
0.22575, 0.08419
0.22709, 0.08442
0.22844, 0.08465
0.22979, 0.08488
0.23115, 0.08511
0.23252, 0.08534
0.23389, 0.08557
0.23527, 0.08580
0.23665, 0.08602
0.23803, 0.08625
0.23943, 0.08647
0.24082, 0.08669
0.24222, 0.08691
0.24363, 0.08713
0.24505, 0.08735
0.24646, 0.08757
0.24789, 0.08778
0.24932, 0.08799
0.25075, 0.08821
0.25219, 0.08841
0.25363, 0.08862
0.25508, 0.08883
0.25654, 0.08903
0.25800, 0.08923
0.25946, 0.08943
0.26093, 0.08962
0.26241, 0.08982
0.26388, 0.09001
0.26536, 0.09020
0.26684, 0.09038
0.26832, 0.09056
0.26980, 0.09074
0.27129, 0.09092
0.27277, 0.09109
0.27426, 0.09126
0.27576, 0.09143
0.27725, 0.09160
0.27874, 0.09176
0.28024, 0.09192
0.28174, 0.09208
0.28324, 0.09223
0.28475, 0.09238
0.28625, 0.09253
0.28776, 0.09268
0.28927, 0.09282
0.29078, 0.09296
0.29229, 0.09310
0.29381, 0.09324
0.29533, 0.09337
0.29684, 0.09350
0.29836, 0.09363
0.29989, 0.09375
0.30141, 0.09387
0.30294, 0.09399
0.30446, 0.09411
0.30599, 0.09422
0.30752, 0.09433
0.30905, 0.09444
0.31059, 0.09455
0.31212, 0.09465
0.31366, 0.09475
0.31520, 0.09485
0.31674, 0.09494
0.31828, 0.09503
0.31982, 0.09512
0.32136, 0.09521
0.32291, 0.09530
0.32445, 0.09538
0.32600, 0.09546
0.32755, 0.09553
0.32910, 0.09561
0.33065, 0.09568
0.33221, 0.09575
0.33376, 0.09581
0.33532, 0.09588
0.33688, 0.09594
0.33843, 0.09600
0.33999, 0.09605
0.34155, 0.09611
0.34312, 0.09616
0.34468, 0.09621
0.34624, 0.09625
0.34781, 0.09629
0.34937, 0.09634
0.35094, 0.09637
0.35251, 0.09641
0.35408, 0.09644
0.35565, 0.09647
0.35722, 0.09650
0.35879, 0.09653
0.36037, 0.09655
0.36194, 0.09657
0.36352, 0.09659
0.36509, 0.09661
0.36667, 0.09662
0.36825, 0.09663
0.36982, 0.09664
0.37140, 0.09665
0.37298, 0.09666
0.37456, 0.09666
0.37615, 0.09666
0.37773, 0.09666
0.37931, 0.09665
0.38090, 0.09665
0.38248, 0.09664
0.38407, 0.09663
0.38565, 0.09661
0.38724, 0.09660
0.38882, 0.09658
0.39041, 0.09656
0.39200, 0.09654
0.39359, 0.09651
0.39518, 0.09648
0.39677, 0.09646
0.39836, 0.09643
0.39995, 0.09639
0.40154, 0.09636
0.40313, 0.09632
0.40472, 0.09628
0.40632, 0.09624
0.40791, 0.09620
0.40950, 0.09615
0.41110, 0.09610
0.41269, 0.09605
0.41428, 0.09600
0.41588, 0.09595
0.41747, 0.09590
0.41907, 0.09584
0.42066, 0.09578
0.42226, 0.09572
0.42386, 0.09566
0.42545, 0.09559
0.42705, 0.09552
0.42864, 0.09546
0.43024, 0.09539
0.43184, 0.09531
0.43343, 0.09524
0.43503, 0.09516
0.43663, 0.09509
0.43823, 0.09501
0.43982, 0.09493
0.44142, 0.09484
0.44302, 0.09476
0.44461, 0.09467
0.44621, 0.09459
0.44781, 0.09450
0.44941, 0.09441
0.45100, 0.09431
0.45260, 0.09422
0.45420, 0.09412
0.45580, 0.09403
0.45739, 0.09393
0.45899, 0.09383
0.46059, 0.09372
0.46218, 0.09362
0.46378, 0.09352
0.46538, 0.09341
0.46697, 0.09330
0.46857, 0.09319
0.47016, 0.09308
0.47176, 0.09297
0.47335, 0.09286
0.47495, 0.09274
0.47654, 0.09262
0.47814, 0.09251
0.47973, 0.09239
0.48132, 0.09227
0.48292, 0.09215
0.48451, 0.09202
0.48610, 0.09190
0.48769, 0.09177
0.48929, 0.09165
0.49088, 0.09152
0.49247, 0.09139
0.49406, 0.09126
0.49565, 0.09113
0.49724, 0.09100
0.49883, 0.09086
0.50042, 0.09073
0.50200, 0.09059
0.50359, 0.09046
0.50518, 0.09032
0.50676, 0.09018
0.50835, 0.09004
0.50993, 0.08990
0.51152, 0.08976
0.51310, 0.08962
0.51469, 0.08947
0.51627, 0.08933
0.51785, 0.08918
0.51943, 0.08904
0.52101, 0.08889
0.52259, 0.08874
0.52417, 0.08859
0.52575, 0.08844
0.52733, 0.08829
0.52891, 0.08814
0.53048, 0.08799
0.53206, 0.08784
0.53363, 0.08768
0.53521, 0.08753
0.53678, 0.08738
0.53835, 0.08722
0.53993, 0.08706
0.54150, 0.08691
0.54307, 0.08675
0.54464, 0.08659
0.54620, 0.08643
0.54777, 0.08627
0.54934, 0.08611
0.55090, 0.08595
0.55247, 0.08579
0.55403, 0.08563
0.55559, 0.08547
0.55716, 0.08531
0.55872, 0.08515
0.56028, 0.08498
0.56184, 0.08482
0.56339, 0.08466
0.56495, 0.08449
0.56651, 0.08433
0.56806, 0.08416
0.56961, 0.08400
0.57117, 0.08383
0.57272, 0.08366
0.57427, 0.08350
0.57582, 0.08333
0.57737, 0.08316
0.57891, 0.08300
0.58046, 0.08283
0.58200, 0.08266
0.58355, 0.08249
0.58509, 0.08233
0.58663, 0.08216
0.58817, 0.08199
0.58971, 0.08182
0.59125, 0.08165
0.59278, 0.08149
0.59432, 0.08132
0.59585, 0.08115
0.59738, 0.08098
0.59892, 0.08081
0.60045, 0.08064
0.60197, 0.08047
0.60350, 0.08030
0.60503, 0.08014
0.60655, 0.07997
0.60808, 0.07980
0.60960, 0.07963
0.61112, 0.07946
0.61264, 0.07929
0.61416, 0.07913
0.61567, 0.07896
0.61719, 0.07879
0.61870, 0.07862
0.62021, 0.07845
0.62172, 0.07829
0.62323, 0.07812
0.62474, 0.07795
0.62625, 0.07779
0.62775, 0.07762
0.62926, 0.07745
0.63076, 0.07729
0.63226, 0.07712
0.63376, 0.07696
0.63525, 0.07679
0.63675, 0.07663
0.63824, 0.07646
0.63974, 0.07630
0.64123, 0.07613
0.64272, 0.07597
0.64420, 0.07581
0.64569, 0.07565
0.64717, 0.07548
0.64866, 0.07532
0.65014, 0.07516
0.65162, 0.07500
0.65310, 0.07484
0.65457, 0.07468
0.65605, 0.07452
0.65752, 0.07436
0.65899, 0.07421
0.66046, 0.07405
0.66193, 0.07389
0.66339, 0.07373
0.66486, 0.07358
0.66632, 0.07342
0.66778, 0.07327
0.66924, 0.07311
0.67070, 0.07296
0.67216, 0.07281
0.67362, 0.07265
0.67508, 0.07250
0.67654, 0.07235
0.67800, 0.07220
0.67946, 0.07204
0.68092, 0.07189
0.68238, 0.07174
0.68384, 0.07159
0.68530, 0.07144
0.68675, 0.07129
0.68821, 0.07114
0.68967, 0.07098
0.69112, 0.07083
0.69258, 0.07068
0.69403, 0.07053
0.69549, 0.07037
0.69694, 0.07022
0.69840, 0.07007
0.69985, 0.06991
0.70130, 0.06976
0.70275, 0.06960
0.70420, 0.06945
0.70565, 0.06929
0.70710, 0.06913
0.70854, 0.06897
0.70999, 0.06881
0.71144, 0.06865
0.71288, 0.06849
0.71432, 0.06833
0.71576, 0.06817
0.71720, 0.06800
0.71864, 0.06784
0.72008, 0.06767
0.72152, 0.06751
0.72296, 0.06734
0.72439, 0.06717
0.72582, 0.06700
0.72725, 0.06682
0.72869, 0.06665
0.73011, 0.06647
0.73154, 0.06630
0.73297, 0.06612
0.73439, 0.06594
0.73581, 0.06576
0.73724, 0.06558
0.73865, 0.06539
0.74007, 0.06521
0.74149, 0.06502
0.74290, 0.06483
0.74431, 0.06464
0.74573, 0.06444
0.74713, 0.06425
0.74854, 0.06405
0.74995, 0.06385
0.75135, 0.06365
0.75275, 0.06345
0.75415, 0.06324
0.75554, 0.06304
0.75693, 0.06283
0.75832, 0.06262
0.75970, 0.06241
0.76108, 0.06219
0.76246, 0.06198
0.76383, 0.06176
0.76520, 0.06154
0.76656, 0.06132
0.76793, 0.06110
0.76929, 0.06088
0.77064, 0.06065
0.77199, 0.06043
0.77334, 0.06020
0.77469, 0.05997
0.77603, 0.05974
0.77737, 0.05951
0.77870, 0.05928
0.78003, 0.05904
0.78136, 0.05881
0.78269, 0.05857
0.78401, 0.05834
0.78533, 0.05810
0.78664, 0.05786
0.78795, 0.05762
0.78926, 0.05737
0.79056, 0.05713
0.79186, 0.05689
0.79316, 0.05664
0.79445, 0.05640
0.79574, 0.05615
0.79702, 0.05590
0.79831, 0.05565
0.79958, 0.05540
0.80086, 0.05515
0.80213, 0.05490
0.80340, 0.05465
0.80466, 0.05440
0.80592, 0.05415
0.80718, 0.05389
0.80844, 0.05364
0.80969, 0.05338
0.81093, 0.05313
0.81217, 0.05287
0.81341, 0.05262
0.81465, 0.05236
0.81588, 0.05210
0.81711, 0.05184
0.81834, 0.05159
0.81956, 0.05133
0.82077, 0.05107
0.82199, 0.05081
0.82320, 0.05055
0.82441, 0.05029
0.82561, 0.05003
0.82681, 0.04977
0.82800, 0.04951
0.82920, 0.04924
0.83038, 0.04898
0.83157, 0.04872
0.83275, 0.04846
0.83393, 0.04820
0.83510, 0.04794
0.83627, 0.04767
0.83744, 0.04741
0.83860, 0.04715
0.83976, 0.04689
0.84092, 0.04663
0.84207, 0.04636
0.84322, 0.04610
0.84436, 0.04584
0.84550, 0.04558
0.84664, 0.04532
0.84777, 0.04505
0.84890, 0.04479
0.85003, 0.04453
0.85115, 0.04427
0.85227, 0.04401
0.85338, 0.04375
0.85449, 0.04349
0.85560, 0.04322
0.85670, 0.04296
0.85780, 0.04270
0.85890, 0.04244
0.85999, 0.04218
0.86108, 0.04193
0.86216, 0.04167
0.86324, 0.04141
0.86432, 0.04115
0.86539, 0.04089
0.86646, 0.04063
0.86753, 0.04038
0.86859, 0.04012
0.86965, 0.03986
0.87070, 0.03961
0.87175, 0.03935
0.87280, 0.03910
0.87384, 0.03884
0.87488, 0.03859
0.87592, 0.03834
0.87695, 0.03808
0.87797, 0.03783
0.87900, 0.03758
0.88002, 0.03733
0.88103, 0.03708
0.88205, 0.03683
0.88305, 0.03658
0.88406, 0.03633
0.88506, 0.03608
0.88605, 0.03583
0.88705, 0.03559
0.88803, 0.03534
0.88902, 0.03510
0.89000, 0.03485
0.89098, 0.03461
0.89195, 0.03436
0.89292, 0.03412
0.89388, 0.03388
0.89484, 0.03364
0.89580, 0.03340
0.89675, 0.03316
0.89770, 0.03292
0.89864, 0.03268
0.89959, 0.03244
0.90052, 0.03221
0.90146, 0.03197
0.90238, 0.03174
0.90331, 0.03150
0.90423, 0.03127
0.90515, 0.03104
0.90606, 0.03080
0.90697, 0.03057
0.90787, 0.03034
0.90877, 0.03012
0.90967, 0.02989
0.91056, 0.02966
0.91145, 0.02943
0.91234, 0.02921
0.91322, 0.02899
0.91409, 0.02876
0.91497, 0.02854
0.91583, 0.02832
0.91670, 0.02810
0.91756, 0.02788
0.91841, 0.02766
0.91926, 0.02744
0.92011, 0.02723
0.92096, 0.02701
0.92179, 0.02680
0.92263, 0.02658
0.92346, 0.02637
0.92429, 0.02616
0.92511, 0.02595
0.92593, 0.02574
0.92674, 0.02553
0.92755, 0.02532
0.92836, 0.02512
0.92916, 0.02491
0.92996, 0.02471
0.93075, 0.02450
0.93154, 0.02430
0.93233, 0.02410
0.93311, 0.02390
0.93388, 0.02370
0.93466, 0.02350
0.93543, 0.02331
0.93619, 0.02311
0.93695, 0.02292
0.93770, 0.02272
0.93846, 0.02253
0.93920, 0.02234
0.93994, 0.02215
0.94068, 0.02196
0.94142, 0.02177
0.94215, 0.02159
0.94287, 0.02140
0.94359, 0.02122
0.94431, 0.02103
0.94502, 0.02085
0.94573, 0.02067
0.94643, 0.02049
0.94713, 0.02031
0.94783, 0.02014
0.94852, 0.01996
0.94921, 0.01978
0.94989, 0.01961
0.95057, 0.01944
0.95124, 0.01927
0.95191, 0.01910
0.95257, 0.01893
0.95323, 0.01876
0.95389, 0.01859
0.95454, 0.01843
0.95519, 0.01826
0.95583, 0.01810
0.95647, 0.01794
0.95710, 0.01777
0.95773, 0.01761
0.95836, 0.01746
0.95898, 0.01730
0.95960, 0.01714
0.96021, 0.01699
0.96081, 0.01683
0.96142, 0.01668
0.96202, 0.01653
0.96261, 0.01638
0.96320, 0.01623
0.96378, 0.01608
0.96436, 0.01594
0.96494, 0.01579
0.96551, 0.01565
0.96608, 0.01550
0.96664, 0.01536
0.96720, 0.01522
0.96775, 0.01508
0.96830, 0.01494
0.96885, 0.01481
0.96939, 0.01467
0.96992, 0.01454
0.97045, 0.01440
0.97098, 0.01427
0.97150, 0.01414
0.97202, 0.01401
0.97253, 0.01388
0.97304, 0.01376
0.97354, 0.01363
0.97404, 0.01351
0.97453, 0.01338
0.97502, 0.01326
0.97551, 0.01314
0.97599, 0.01302
0.97646, 0.01290
0.97693, 0.01278
0.97740, 0.01267
0.97786, 0.01255
0.97832, 0.01244
0.97877, 0.01233
0.97922, 0.01222
0.97967, 0.01210
0.98010, 0.01200
0.98054, 0.01189
0.98097, 0.01178
0.98139, 0.01168
0.98181, 0.01157
0.98223, 0.01147
0.98264, 0.01137
0.98304, 0.01127
0.98345, 0.01117
0.98384, 0.01107
0.98424, 0.01097
0.98462, 0.01088
0.98501, 0.01078
0.98538, 0.01069
0.98576, 0.01060
0.98613, 0.01051
0.98649, 0.01042
0.98685, 0.01033
0.98720, 0.01024
0.98755, 0.01016
0.98790, 0.01007
0.98824, 0.00999
0.98857, 0.00991
0.98890, 0.00983
0.98923, 0.00975
0.98955, 0.00967
0.98987, 0.00959
0.99018, 0.00952
0.99049, 0.00944
0.99079, 0.00937
0.99109, 0.00929
0.99138, 0.00922
0.99167, 0.00915
0.99195, 0.00908
0.99223, 0.00902
0.99250, 0.00895
0.99277, 0.00888
0.99304, 0.00882
0.99330, 0.00876
0.99355, 0.00869
0.99380, 0.00863
0.99404, 0.00857
0.99428, 0.00852
0.99452, 0.00846
0.99475, 0.00840
0.99498, 0.00835
0.99520, 0.00830
0.99541, 0.00824
0.99562, 0.00819
0.99583, 0.00814
0.99603, 0.00809
0.99623, 0.00805
0.99642, 0.00800
0.99661, 0.00795
0.99679, 0.00791
0.99697, 0.00787
0.99714, 0.00783
0.99731, 0.00779
0.99747, 0.00775
0.99763, 0.00771
0.99778, 0.00767
0.99793, 0.00763
0.99807, 0.00760
0.99821, 0.00757
0.99835, 0.00753
0.99848, 0.00750
0.99860, 0.00747
0.99872, 0.00745
0.99883, 0.00742
0.99894, 0.00739
0.99905, 0.00737
0.99915, 0.00734
0.99924, 0.00732
0.99933, 0.00730
0.99942, 0.00728
0.99950, 0.00726
0.99957, 0.00724
0.99964, 0.00722
0.99971, 0.00721
0.99977, 0.00719
0.99983, 0.00718
0.99988, 0.00717
0.99992, 0.00716
0.99997, 0.00715
1.00000, 0.00714
1.00003, 0.00713
1.00006, 0.00712
1.00008, 0.00712
1.00010, 0.00711
1.00011, 0.00711
1.00016, 0.00710
1.00017, 0.00710

=== Lower Surface ===
0.00000, 0.00452
0.00003, 0.00425
0.00006, 0.00397
0.00009, 0.00369
0.00013, 0.00341
0.00018, 0.00314
0.00023, 0.00286
0.00028, 0.00259
0.00034, 0.00232
0.00040, 0.00204
0.00047, 0.00177
0.00055, 0.00150
0.00063, 0.00123
0.00071, 0.00096
0.00080, 0.00069
0.00089, 0.00042
0.00099, 0.00016
0.00110, -0.00011
0.00121, -0.00037
0.00132, -0.00064
0.00144, -0.00090
0.00156, -0.00117
0.00169, -0.00143
0.00182, -0.00169
0.00196, -0.00195
0.00210, -0.00221
0.00225, -0.00247
0.00240, -0.00273
0.00256, -0.00299
0.00272, -0.00324
0.00288, -0.00350
0.00306, -0.00375
0.00323, -0.00401
0.00341, -0.00426
0.00360, -0.00452
0.00379, -0.00477
0.00398, -0.00502
0.00419, -0.00527
0.00439, -0.00552
0.00460, -0.00577
0.00481, -0.00602
0.00503, -0.00626
0.00526, -0.00651
0.00549, -0.00676
0.00572, -0.00700
0.00596, -0.00725
0.00620, -0.00749
0.00645, -0.00773
0.00670, -0.00798
0.00696, -0.00822
0.00722, -0.00846
0.00749, -0.00870
0.00776, -0.00894
0.00804, -0.00917
0.00832, -0.00941
0.00860, -0.00965
0.00889, -0.00988
0.00919, -0.01012
0.00949, -0.01035
0.00979, -0.01059
0.01010, -0.01082
0.01042, -0.01105
0.01073, -0.01128
0.01106, -0.01151
0.01139, -0.01174
0.01172, -0.01197
0.01206, -0.01220
0.01240, -0.01243
0.01275, -0.01265
0.01310, -0.01288
0.01345, -0.01310
0.01381, -0.01333
0.01418, -0.01355
0.01455, -0.01377
0.01492, -0.01400
0.01530, -0.01422
0.01569, -0.01444
0.01608, -0.01466
0.01647, -0.01488
0.01687, -0.01509
0.01727, -0.01531
0.01768, -0.01553
0.01809, -0.01574
0.01851, -0.01596
0.01893, -0.01617
0.01936, -0.01639
0.01979, -0.01660
0.02022, -0.01681
0.02066, -0.01702
0.02111, -0.01723
0.02155, -0.01744
0.02201, -0.01765
0.02247, -0.01786
0.02293, -0.01807
0.02340, -0.01827
0.02387, -0.01848
0.02435, -0.01868
0.02483, -0.01889
0.02531, -0.01909
0.02580, -0.01929
0.02630, -0.01950
0.02680, -0.01970
0.02730, -0.01990
0.02781, -0.02010
0.02832, -0.02029
0.02884, -0.02049
0.02936, -0.02069
0.02989, -0.02089
0.03042, -0.02108
0.03096, -0.02128
0.03150, -0.02147
0.03204, -0.02166
0.03259, -0.02185
0.03315, -0.02205
0.03371, -0.02224
0.03427, -0.02243
0.03484, -0.02262
0.03541, -0.02280
0.03599, -0.02299
0.03657, -0.02318
0.03716, -0.02336
0.03775, -0.02355
0.03834, -0.02373
0.03894, -0.02392
0.03955, -0.02410
0.04016, -0.02428
0.04077, -0.02446
0.04139, -0.02464
0.04201, -0.02482
0.04264, -0.02500
0.04327, -0.02518
0.04391, -0.02535
0.04455, -0.02553
0.04519, -0.02570
0.04584, -0.02588
0.04650, -0.02605
0.04716, -0.02622
0.04782, -0.02639
0.04849, -0.02656
0.04916, -0.02673
0.04984, -0.02690
0.05052, -0.02707
0.05121, -0.02724
0.05190, -0.02740
0.05259, -0.02757
0.05329, -0.02773
0.05400, -0.02789
0.05471, -0.02806
0.05542, -0.02822
0.05614, -0.02838
0.05686, -0.02854
0.05759, -0.02870
0.05832, -0.02885
0.05905, -0.02901
0.05979, -0.02917
0.06054, -0.02932
0.06129, -0.02947
0.06204, -0.02963
0.06280, -0.02978
0.06356, -0.02993
0.06433, -0.03008
0.06510, -0.03023
0.06588, -0.03037
0.06666, -0.03052
0.06745, -0.03067
0.06824, -0.03081
0.06903, -0.03095
0.06983, -0.03110
0.07063, -0.03124
0.07144, -0.03138
0.07226, -0.03152
0.07307, -0.03165
0.07390, -0.03179
0.07472, -0.03193
0.07555, -0.03206
0.07639, -0.03219
0.07723, -0.03233
0.07807, -0.03246
0.07892, -0.03259
0.07978, -0.03272
0.08063, -0.03284
0.08150, -0.03297
0.08236, -0.03309
0.08323, -0.03322
0.08411, -0.03334
0.08499, -0.03346
0.08588, -0.03358
0.08677, -0.03370
0.08766, -0.03382
0.08856, -0.03393
0.08946, -0.03405
0.09037, -0.03416
0.09128, -0.03428
0.09220, -0.03439
0.09312, -0.03450
0.09405, -0.03460
0.09498, -0.03471
0.09591, -0.03482
0.09685, -0.03492
0.09780, -0.03502
0.09875, -0.03512
0.09970, -0.03522
0.10066, -0.03532
0.10162, -0.03542
0.10259, -0.03551
0.10356, -0.03560
0.10454, -0.03570
0.10552, -0.03579
0.10650, -0.03587
0.10749, -0.03596
0.10849, -0.03605
0.10948, -0.03613
0.11049, -0.03621
0.11149, -0.03629
0.11251, -0.03637
0.11352, -0.03645
0.11455, -0.03652
0.11557, -0.03660
0.11660, -0.03667
0.11764, -0.03674
0.11868, -0.03680
0.11972, -0.03687
0.12077, -0.03693
0.12182, -0.03700
0.12288, -0.03706
0.12394, -0.03712
0.12501, -0.03717
0.12608, -0.03723
0.12716, -0.03728
0.12824, -0.03733
0.12932, -0.03738
0.13041, -0.03742
0.13150, -0.03747
0.13260, -0.03751
0.13371, -0.03755
0.13481, -0.03759
0.13593, -0.03762
0.13704, -0.03766
0.13816, -0.03769
0.13929, -0.03772
0.14042, -0.03775
0.14155, -0.03777
0.14268, -0.03779
0.14382, -0.03781
0.14497, -0.03783
0.14611, -0.03785
0.14726, -0.03786
0.14842, -0.03787
0.14958, -0.03788
0.15074, -0.03789
0.15190, -0.03789
0.15307, -0.03789
0.15424, -0.03789
0.15542, -0.03789
0.15660, -0.03789
0.15778, -0.03788
0.15896, -0.03787
0.16015, -0.03786
0.16135, -0.03785
0.16254, -0.03783
0.16374, -0.03781
0.16494, -0.03779
0.16615, -0.03777
0.16736, -0.03774
0.16857, -0.03772
0.16979, -0.03769
0.17101, -0.03766
0.17223, -0.03762
0.17346, -0.03758
0.17468, -0.03755
0.17592, -0.03750
0.17715, -0.03746
0.17839, -0.03741
0.17963, -0.03737
0.18088, -0.03732
0.18212, -0.03726
0.18338, -0.03721
0.18463, -0.03715
0.18589, -0.03709
0.18715, -0.03703
0.18841, -0.03696
0.18968, -0.03690
0.19095, -0.03683
0.19222, -0.03676
0.19349, -0.03668
0.19477, -0.03661
0.19605, -0.03653
0.19734, -0.03645
0.19863, -0.03636
0.19992, -0.03628
0.20121, -0.03619
0.20250, -0.03610
0.20380, -0.03601
0.20510, -0.03591
0.20641, -0.03582
0.20771, -0.03572
0.20902, -0.03561
0.21033, -0.03551
0.21164, -0.03541
0.21295, -0.03530
0.21427, -0.03519
0.21558, -0.03508
0.21689, -0.03496
0.21821, -0.03485
0.21952, -0.03473
0.22084, -0.03461
0.22215, -0.03450
0.22347, -0.03437
0.22479, -0.03425
0.22610, -0.03413
0.22742, -0.03400
0.22874, -0.03388
0.23006, -0.03375
0.23138, -0.03362
0.23270, -0.03349
0.23402, -0.03336
0.23534, -0.03323
0.23666, -0.03309
0.23798, -0.03296
0.23930, -0.03282
0.24062, -0.03269
0.24194, -0.03255
0.24326, -0.03242
0.24458, -0.03228
0.24590, -0.03214
0.24722, -0.03200
0.24854, -0.03186
0.24986, -0.03173
0.25118, -0.03159
0.25250, -0.03145
0.25382, -0.03131
0.25514, -0.03117
0.25646, -0.03103
0.25778, -0.03089
0.25909, -0.03075
0.26041, -0.03061
0.26173, -0.03047
0.26305, -0.03033
0.26436, -0.03020
0.26568, -0.03006
0.26699, -0.02992
0.26831, -0.02978
0.26962, -0.02965
0.27094, -0.02951
0.27225, -0.02938
0.27356, -0.02924
0.27488, -0.02911
0.27619, -0.02898
0.27751, -0.02885
0.27883, -0.02872
0.28015, -0.02859
0.28148, -0.02846
0.28281, -0.02833
0.28413, -0.02820
0.28547, -0.02807
0.28680, -0.02794
0.28814, -0.02781
0.28947, -0.02769
0.29081, -0.02756
0.29216, -0.02744
0.29350, -0.02731
0.29485, -0.02719
0.29620, -0.02706
0.29755, -0.02694
0.29891, -0.02682
0.30026, -0.02670
0.30162, -0.02658
0.30298, -0.02645
0.30434, -0.02633
0.30571, -0.02622
0.30708, -0.02610
0.30844, -0.02598
0.30982, -0.02586
0.31119, -0.02574
0.31257, -0.02563
0.31394, -0.02551
0.31532, -0.02540
0.31671, -0.02528
0.31809, -0.02517
0.31948, -0.02506
0.32087, -0.02494
0.32226, -0.02483
0.32365, -0.02472
0.32504, -0.02461
0.32644, -0.02450
0.32784, -0.02439
0.32924, -0.02428
0.33064, -0.02417
0.33205, -0.02406
0.33346, -0.02396
0.33486, -0.02385
0.33628, -0.02375
0.33769, -0.02364
0.33910, -0.02354
0.34052, -0.02343
0.34194, -0.02333
0.34336, -0.02323
0.34478, -0.02312
0.34621, -0.02302
0.34763, -0.02292
0.34906, -0.02282
0.35049, -0.02272
0.35193, -0.02262
0.35336, -0.02252
0.35480, -0.02243
0.35624, -0.02233
0.35768, -0.02223
0.35912, -0.02214
0.36056, -0.02204
0.36201, -0.02195
0.36345, -0.02185
0.36490, -0.02176
0.36635, -0.02166
0.36781, -0.02157
0.36926, -0.02148
0.37072, -0.02139
0.37218, -0.02130
0.37364, -0.02121
0.37510, -0.02112
0.37656, -0.02103
0.37802, -0.02094
0.37949, -0.02085
0.38096, -0.02076
0.38243, -0.02068
0.38390, -0.02059
0.38537, -0.02050
0.38685, -0.02042
0.38833, -0.02033
0.38980, -0.02025
0.39128, -0.02017
0.39276, -0.02008
0.39425, -0.02000
0.39573, -0.01992
0.39722, -0.01984
0.39871, -0.01975
0.40019, -0.01967
0.40169, -0.01959
0.40318, -0.01951
0.40467, -0.01943
0.40617, -0.01936
0.40766, -0.01928
0.40916, -0.01920
0.41066, -0.01912
0.41216, -0.01904
0.41366, -0.01897
0.41517, -0.01889
0.41667, -0.01882
0.41818, -0.01874
0.41968, -0.01866
0.42119, -0.01859
0.42270, -0.01852
0.42422, -0.01844
0.42573, -0.01837
0.42724, -0.01830
0.42876, -0.01822
0.43027, -0.01815
0.43179, -0.01808
0.43331, -0.01801
0.43483, -0.01794
0.43635, -0.01787
0.43788, -0.01779
0.43940, -0.01772
0.44093, -0.01765
0.44245, -0.01759
0.44398, -0.01752
0.44551, -0.01745
0.44704, -0.01738
0.44857, -0.01731
0.45010, -0.01724
0.45163, -0.01717
0.45316, -0.01711
0.45470, -0.01704
0.45623, -0.01697
0.45777, -0.01691
0.45931, -0.01684
0.46085, -0.01677
0.46239, -0.01671
0.46393, -0.01664
0.46547, -0.01657
0.46701, -0.01651
0.46855, -0.01644
0.47010, -0.01638
0.47164, -0.01631
0.47319, -0.01625
0.47473, -0.01618
0.47628, -0.01612
0.47783, -0.01605
0.47938, -0.01599
0.48093, -0.01592
0.48248, -0.01586
0.48403, -0.01580
0.48558, -0.01573
0.48713, -0.01567
0.48868, -0.01560
0.49024, -0.01554
0.49179, -0.01548
0.49335, -0.01541
0.49490, -0.01535
0.49646, -0.01529
0.49801, -0.01522
0.49957, -0.01516
0.50113, -0.01509
0.50268, -0.01503
0.50424, -0.01497
0.50580, -0.01490
0.50736, -0.01484
0.50892, -0.01478
0.51048, -0.01471
0.51204, -0.01465
0.51360, -0.01458
0.51516, -0.01452
0.51672, -0.01446
0.51829, -0.01439
0.51985, -0.01433
0.52141, -0.01426
0.52297, -0.01420
0.52453, -0.01413
0.52610, -0.01407
0.52766, -0.01400
0.52922, -0.01394
0.53079, -0.01387
0.53235, -0.01380
0.53392, -0.01374
0.53548, -0.01367
0.53704, -0.01361
0.53861, -0.01354
0.54017, -0.01347
0.54174, -0.01340
0.54330, -0.01334
0.54487, -0.01327
0.54643, -0.01320
0.54799, -0.01313
0.54956, -0.01306
0.55112, -0.01299
0.55269, -0.01292
0.55425, -0.01286
0.55581, -0.01279
0.55738, -0.01271
0.55894, -0.01264
0.56050, -0.01257
0.56207, -0.01250
0.56363, -0.01243
0.56519, -0.01236
0.56676, -0.01228
0.56832, -0.01221
0.56988, -0.01214
0.57144, -0.01206
0.57300, -0.01199
0.57456, -0.01191
0.57612, -0.01184
0.57768, -0.01176
0.57924, -0.01168
0.58080, -0.01161
0.58236, -0.01153
0.58392, -0.01145
0.58548, -0.01137
0.58703, -0.01129
0.58859, -0.01121
0.59015, -0.01113
0.59170, -0.01105
0.59326, -0.01097
0.59481, -0.01089
0.59637, -0.01081
0.59792, -0.01072
0.59947, -0.01064
0.60102, -0.01056
0.60258, -0.01047
0.60413, -0.01039
0.60568, -0.01030
0.60723, -0.01021
0.60877, -0.01012
0.61032, -0.01004
0.61187, -0.00995
0.61341, -0.00986
0.61496, -0.00977
0.61650, -0.00968
0.61805, -0.00958
0.61959, -0.00949
0.62113, -0.00940
0.62267, -0.00930
0.62421, -0.00921
0.62575, -0.00911
0.62729, -0.00902
0.62882, -0.00892
0.63036, -0.00882
0.63189, -0.00872
0.63342, -0.00862
0.63496, -0.00852
0.63649, -0.00842
0.63802, -0.00832
0.63955, -0.00822
0.64107, -0.00811
0.64260, -0.00801
0.64412, -0.00790
0.64565, -0.00780
0.64717, -0.00769
0.64869, -0.00758
0.65021, -0.00747
0.65173, -0.00736
0.65325, -0.00725
0.65476, -0.00714
0.65628, -0.00703
0.65779, -0.00691
0.65930, -0.00680
0.66082, -0.00668
0.66232, -0.00657
0.66383, -0.00645
0.66534, -0.00633
0.66684, -0.00621
0.66834, -0.00609
0.66984, -0.00597
0.67133, -0.00585
0.67283, -0.00573
0.67431, -0.00561
0.67580, -0.00548
0.67728, -0.00536
0.67876, -0.00523
0.68023, -0.00511
0.68171, -0.00498
0.68317, -0.00486
0.68464, -0.00473
0.68610, -0.00460
0.68756, -0.00448
0.68902, -0.00435
0.69047, -0.00422
0.69192, -0.00410
0.69337, -0.00397
0.69481, -0.00384
0.69625, -0.00372
0.69768, -0.00359
0.69912, -0.00346
0.70055, -0.00334
0.70197, -0.00321
0.70340, -0.00309
0.70482, -0.00296
0.70624, -0.00284
0.70765, -0.00272
0.70906, -0.00259
0.71047, -0.00247
0.71188, -0.00235
0.71328, -0.00223
0.71468, -0.00211
0.71607, -0.00199
0.71746, -0.00187
0.71885, -0.00175
0.72024, -0.00164
0.72162, -0.00152
0.72300, -0.00141
0.72438, -0.00130
0.72575, -0.00118
0.72713, -0.00107
0.72849, -0.00096
0.72986, -0.00086
0.73122, -0.00075
0.73258, -0.00064
0.73394, -0.00054
0.73529, -0.00044
0.73664, -0.00034
0.73798, -0.00024
0.73933, -0.00014
0.74067, -0.00004
0.74201, 0.00005
0.74334, 0.00015
0.74467, 0.00024
0.74600, 0.00033
0.74733, 0.00042
0.74865, 0.00050
0.74997, 0.00059
0.75129, 0.00067
0.75261, 0.00075
0.75392, 0.00083
0.75524, 0.00091
0.75655, 0.00098
0.75786, 0.00106
0.75917, 0.00113
0.76048, 0.00120
0.76178, 0.00127
0.76309, 0.00133
0.76439, 0.00140
0.76569, 0.00146
0.76699, 0.00153
0.76829, 0.00159
0.76958, 0.00165
0.77087, 0.00170
0.77216, 0.00176
0.77345, 0.00181
0.77474, 0.00187
0.77603, 0.00192
0.77731, 0.00197
0.77859, 0.00202
0.77987, 0.00207
0.78115, 0.00211
0.78242, 0.00216
0.78369, 0.00220
0.78496, 0.00225
0.78623, 0.00229
0.78750, 0.00233
0.78876, 0.00237
0.79002, 0.00240
0.79128, 0.00244
0.79254, 0.00248
0.79380, 0.00251
0.79505, 0.00254
0.79630, 0.00257
0.79755, 0.00261
0.79879, 0.00264
0.80004, 0.00267
0.80128, 0.00269
0.80251, 0.00272
0.80375, 0.00275
0.80498, 0.00277
0.80622, 0.00280
0.80744, 0.00282
0.80867, 0.00284
0.80989, 0.00286
0.81111, 0.00288
0.81233, 0.00290
0.81355, 0.00292
0.81476, 0.00294
0.81597, 0.00296
0.81718, 0.00298
0.81838, 0.00299
0.81959, 0.00301
0.82079, 0.00302
0.82198, 0.00304
0.82318, 0.00305
0.82437, 0.00306
0.82556, 0.00307
0.82674, 0.00309
0.82792, 0.00310
0.82910, 0.00311
0.83028, 0.00312
0.83146, 0.00313
0.83263, 0.00313
0.83379, 0.00314
0.83496, 0.00315
0.83612, 0.00316
0.83728, 0.00316
0.83844, 0.00317
0.83959, 0.00318
0.84074, 0.00318
0.84189, 0.00319
0.84303, 0.00319
0.84417, 0.00320
0.84531, 0.00320
0.84644, 0.00320
0.84758, 0.00321
0.84870, 0.00321
0.84983, 0.00321
0.85095, 0.00321
0.85207, 0.00322
0.85318, 0.00322
0.85430, 0.00322
0.85541, 0.00322
0.85651, 0.00322
0.85761, 0.00322
0.85871, 0.00322
0.85981, 0.00322
0.86090, 0.00322
0.86199, 0.00322
0.86307, 0.00322
0.86415, 0.00322
0.86523, 0.00322
0.86631, 0.00322
0.86738, 0.00322
0.86845, 0.00321
0.86951, 0.00321
0.87057, 0.00321
0.87163, 0.00321
0.87268, 0.00321
0.87374, 0.00321
0.87478, 0.00320
0.87583, 0.00320
0.87687, 0.00320
0.87790, 0.00320
0.87893, 0.00320
0.87996, 0.00319
0.88099, 0.00319
0.88201, 0.00319
0.88303, 0.00319
0.88404, 0.00318
0.88505, 0.00318
0.88606, 0.00318
0.88706, 0.00318
0.88806, 0.00317
0.88906, 0.00317
0.89005, 0.00317
0.89103, 0.00317
0.89202, 0.00317
0.89300, 0.00316
0.89398, 0.00316
0.89495, 0.00316
0.89592, 0.00316
0.89688, 0.00316
0.89784, 0.00315
0.89880, 0.00315
0.89975, 0.00315
0.90070, 0.00315
0.90165, 0.00315
0.90259, 0.00315
0.90352, 0.00315
0.90446, 0.00314
0.90539, 0.00314
0.90631, 0.00314
0.90723, 0.00314
0.90815, 0.00314
0.90906, 0.00314
0.90997, 0.00314
0.91088, 0.00314
0.91178, 0.00314
0.91268, 0.00314
0.91357, 0.00314
0.91446, 0.00314
0.91534, 0.00314
0.91622, 0.00314
0.91710, 0.00314
0.91797, 0.00314
0.91884, 0.00315
0.91970, 0.00315
0.92056, 0.00315
0.92142, 0.00315
0.92227, 0.00315
0.92312, 0.00315
0.92396, 0.00316
0.92480, 0.00316
0.92563, 0.00316
0.92646, 0.00316
0.92729, 0.00317
0.92811, 0.00317
0.92893, 0.00317
0.92974, 0.00318
0.93055, 0.00318
0.93135, 0.00318
0.93215, 0.00319
0.93295, 0.00319
0.93374, 0.00319
0.93453, 0.00320
0.93531, 0.00320
0.93609, 0.00321
0.93686, 0.00321
0.93763, 0.00322
0.93840, 0.00322
0.93916, 0.00323
0.93991, 0.00323
0.94067, 0.00324
0.94141, 0.00325
0.94216, 0.00325
0.94289, 0.00326
0.94363, 0.00327
0.94436, 0.00327
0.94508, 0.00328
0.94580, 0.00329
0.94652, 0.00329
0.94723, 0.00330
0.94794, 0.00331
0.94864, 0.00332
0.94934, 0.00332
0.95003, 0.00333
0.95072, 0.00334
0.95141, 0.00335
0.95208, 0.00336
0.95276, 0.00337
0.95343, 0.00337
0.95410, 0.00338
0.95476, 0.00339
0.95542, 0.00340
0.95607, 0.00341
0.95672, 0.00342
0.95736, 0.00343
0.95800, 0.00344
0.95863, 0.00345
0.95926, 0.00346
0.95988, 0.00347
0.96050, 0.00348
0.96112, 0.00349
0.96173, 0.00350
0.96234, 0.00351
0.96294, 0.00352
0.96353, 0.00353
0.96413, 0.00354
0.96471, 0.00355
0.96530, 0.00357
0.96587, 0.00358
0.96645, 0.00359
0.96702, 0.00360
0.96758, 0.00361
0.96814, 0.00362
0.96869, 0.00363
0.96924, 0.00365
0.96979, 0.00366
0.97033, 0.00367
0.97086, 0.00368
0.97139, 0.00369
0.97192, 0.00370
0.97244, 0.00372
0.97295, 0.00373
0.97347, 0.00374
0.97397, 0.00375
0.97447, 0.00376
0.97497, 0.00378
0.97546, 0.00379
0.97595, 0.00380
0.97643, 0.00381
0.97691, 0.00383
0.97738, 0.00384
0.97785, 0.00385
0.97832, 0.00386
0.97877, 0.00388
0.97923, 0.00389
0.97968, 0.00390
0.98012, 0.00391
0.98056, 0.00392
0.98099, 0.00394
0.98142, 0.00395
0.98185, 0.00396
0.98227, 0.00397
0.98268, 0.00399
0.98309, 0.00400
0.98350, 0.00401
0.98390, 0.00402
0.98429, 0.00403
0.98468, 0.00405
0.98507, 0.00406
0.98545, 0.00407
0.98583, 0.00408
0.98620, 0.00409
0.98656, 0.00411
0.98692, 0.00412
0.98728, 0.00413
0.98763, 0.00414
0.98798, 0.00415
0.98832, 0.00416
0.98865, 0.00418
0.98899, 0.00419
0.98931, 0.00420
0.98963, 0.00421
0.98995, 0.00422
0.99026, 0.00423
0.99057, 0.00424
0.99087, 0.00425
0.99117, 0.00426
0.99146, 0.00427
0.99175, 0.00428
0.99203, 0.00429
0.99231, 0.00430
0.99258, 0.00431
0.99285, 0.00432
0.99311, 0.00433
0.99337, 0.00434
0.99362, 0.00435
0.99387, 0.00436
0.99411, 0.00437
0.99435, 0.00438
0.99458, 0.00439
0.99481, 0.00440
0.99503, 0.00440
0.99525, 0.00441
0.99546, 0.00442
0.99567, 0.00443
0.99587, 0.00444
0.99607, 0.00445
0.99626, 0.00445
0.99645, 0.00446
0.99663, 0.00447
0.99681, 0.00447
0.99698, 0.00448
0.99715, 0.00449
0.99731, 0.00449
0.99747, 0.00450
0.99762, 0.00451
0.99777, 0.00451
0.99791, 0.00452
0.99805, 0.00452
0.99818, 0.00453
0.99831, 0.00453
0.99843, 0.00454
0.99855, 0.00454
0.99867, 0.00455
0.99877, 0.00455
0.99888, 0.00456
0.99897, 0.00456
0.99907, 0.00457
0.99915, 0.00457
0.99924, 0.00457
0.99931, 0.00458
0.99939, 0.00458
0.99945, 0.00458
0.99952, 0.00458
0.99958, 0.00459
0.99963, 0.00459
0.99968, 0.00459
0.99972, 0.00459
0.99976, 0.00459
0.99979, 0.00460
0.99982, 0.00460
0.99984, 0.00460
0.99986, 0.00460
0.99987, 0.00460
0.99984, 0.00460
0.99983, 0.00461
