=== Airfoil Parameters ===
m = 0.02
p = 0.4
t = 0.12

=== Control Points ===
0.00000, -0.00980, -0.00980
0.06667, -0.00493, -0.01104
0.13333, 0.00069, -0.01042
0.20000, 0.00522, -0.00978
0.26667, 0.00923, -0.00855
0.66667, 0.01560, -0.00045
0.75000, 0.02756, 0.01437
0.83333, 0.03657, 0.02700
0.91667, 0.03585, 0.03068
1.00000, 0.02846, 0.02846

=== Upper Surface ===
0.00000, -0.00980
-0.00002, -0.00952
-0.00002, -0.00924
-0.00002, -0.00896
-0.00002, -0.00868
-0.00001, -0.00840
-0.00000, -0.00812
0.00002, -0.00784
0.00004, -0.00756
0.00007, -0.00728
0.00010, -0.00701
0.00013, -0.00673
0.00018, -0.00645
0.00022, -0.00617
0.00027, -0.00589
0.00033, -0.00561
0.00039, -0.00534
0.00046, -0.00506
0.00053, -0.00478
0.00061, -0.00450
0.00069, -0.00423
0.00077, -0.00395
0.00086, -0.00367
0.00096, -0.00339
0.00106, -0.00312
0.00117, -0.00284
0.00128, -0.00256
0.00139, -0.00229
0.00151, -0.00201
0.00164, -0.00173
0.00177, -0.00146
0.00190, -0.00118
0.00204, -0.00091
0.00219, -0.00063
0.00233, -0.00035
0.00249, -0.00008
0.00265, 0.00020
0.00281, 0.00047
0.00298, 0.00075
0.00315, 0.00102
0.00333, 0.00130
0.00351, 0.00157
0.00370, 0.00185
0.00390, 0.00212
0.00409, 0.00240
0.00430, 0.00267
0.00450, 0.00295
0.00471, 0.00322
0.00493, 0.00349
0.00515, 0.00377
0.00538, 0.00404
0.00561, 0.00432
0.00585, 0.00459
0.00609, 0.00486
0.00633, 0.00514
0.00658, 0.00541
0.00684, 0.00568
0.00710, 0.00596
0.00736, 0.00623
0.00763, 0.00650
0.00790, 0.00677
0.00818, 0.00705
0.00847, 0.00732
0.00875, 0.00759
0.00905, 0.00786
0.00934, 0.00814
0.00965, 0.00841
0.00995, 0.00868
0.01026, 0.00895
0.01058, 0.00922
0.01090, 0.00949
0.01123, 0.00977
0.01156, 0.01004
0.01189, 0.01031
0.01223, 0.01058
0.01258, 0.01085
0.01293, 0.01112
0.01328, 0.01139
0.01364, 0.01166
0.01400, 0.01193
0.01437, 0.01220
0.01474, 0.01247
0.01512, 0.01274
0.01550, 0.01301
0.01589, 0.01328
0.01628, 0.01355
0.01668, 0.01382
0.01708, 0.01409
0.01748, 0.01436
0.01789, 0.01463
0.01831, 0.01490
0.01872, 0.01517
0.01915, 0.01544
0.01958, 0.01571
0.02001, 0.01598
0.02045, 0.01625
0.02089, 0.01651
0.02134, 0.01678
0.02179, 0.01705
0.02224, 0.01732
0.02270, 0.01759
0.02317, 0.01786
0.02364, 0.01812
0.02411, 0.01839
0.02459, 0.01866
0.02508, 0.01893
0.02557, 0.01919
0.02606, 0.01946
0.02656, 0.01973
0.02706, 0.02000
0.02756, 0.02026
0.02808, 0.02053
0.02859, 0.02080
0.02911, 0.02106
0.02964, 0.02133
0.03017, 0.02160
0.03070, 0.02186
0.03124, 0.02213
0.03178, 0.02239
0.03233, 0.02266
0.03288, 0.02293
0.03344, 0.02319
0.03400, 0.02346
0.03457, 0.02372
0.03514, 0.02399
0.03571, 0.02425
0.03629, 0.02452
0.03687, 0.02478
0.03746, 0.02505
0.03806, 0.02531
0.03865, 0.02558
0.03926, 0.02584
0.03986, 0.02610
0.04047, 0.02637
0.04109, 0.02663
0.04171, 0.02690
0.04234, 0.02716
0.04297, 0.02742
0.04360, 0.02769
0.04424, 0.02795
0.04488, 0.02821
0.04553, 0.02847
0.04618, 0.02874
0.04684, 0.02900
0.04750, 0.02926
0.04816, 0.02952
0.04883, 0.02978
0.04951, 0.03005
0.05019, 0.03031
0.05087, 0.03057
0.05156, 0.03083
0.05225, 0.03109
0.05295, 0.03135
0.05365, 0.03161
0.05436, 0.03187
0.05507, 0.03213
0.05578, 0.03239
0.05650, 0.03265
0.05723, 0.03291
0.05796, 0.03317
0.05869, 0.03343
0.05943, 0.03368
0.06017, 0.03394
0.06092, 0.03420
0.06167, 0.03446
0.06242, 0.03471
0.06318, 0.03497
0.06395, 0.03523
0.06472, 0.03549
0.06549, 0.03574
0.06627, 0.03600
0.06705, 0.03625
0.06784, 0.03651
0.06863, 0.03676
0.06943, 0.03702
0.07023, 0.03727
0.07103, 0.03753
0.07184, 0.03778
0.07266, 0.03803
0.07348, 0.03829
0.07430, 0.03854
0.07513, 0.03879
0.07596, 0.03904
0.07680, 0.03929
0.07764, 0.03954
0.07848, 0.03979
0.07933, 0.04004
0.08019, 0.04029
0.08105, 0.04054
0.08191, 0.04079
0.08278, 0.04104
0.08365, 0.04129
0.08453, 0.04154
0.08541, 0.04178
0.08629, 0.04203
0.08719, 0.04228
0.08808, 0.04252
0.08898, 0.04277
0.08988, 0.04301
0.09079, 0.04325
0.09170, 0.04350
0.09262, 0.04374
0.09354, 0.04398
0.09447, 0.04422
0.09540, 0.04446
0.09634, 0.04471
0.09728, 0.04494
0.09822, 0.04518
0.09917, 0.04542
0.10012, 0.04566
0.10108, 0.04590
0.10204, 0.04613
0.10301, 0.04637
0.10398, 0.04660
0.10495, 0.04684
0.10593, 0.04707
0.10692, 0.04731
0.10791, 0.04754
0.10890, 0.04777
0.10990, 0.04800
0.11090, 0.04823
0.11191, 0.04846
0.11292, 0.04869
0.11393, 0.04891
0.11495, 0.04914
0.11598, 0.04936
0.11701, 0.04959
0.11804, 0.04981
0.11908, 0.05003
0.12012, 0.05026
0.12117, 0.05048
0.12222, 0.05070
0.12328, 0.05092
0.12434, 0.05113
0.12540, 0.05135
0.12647, 0.05156
0.12754, 0.05178
0.12862, 0.05199
0.12970, 0.05220
0.13079, 0.05242
0.13188, 0.05263
0.13297, 0.05283
0.13407, 0.05304
0.13517, 0.05325
0.13627, 0.05345
0.13738, 0.05366
0.13848, 0.05386
0.13960, 0.05406
0.14071, 0.05426
0.14183, 0.05446
0.14295, 0.05466
0.14408, 0.05486
0.14521, 0.05505
0.14634, 0.05525
0.14747, 0.05544
0.14861, 0.05563
0.14975, 0.05582
0.15089, 0.05601
0.15204, 0.05620
0.15319, 0.05639
0.15434, 0.05658
0.15550, 0.05676
0.15666, 0.05695
0.15782, 0.05713
0.15898, 0.05731
0.16015, 0.05749
0.16132, 0.05767
0.16249, 0.05785
0.16367, 0.05803
0.16485, 0.05821
0.16603, 0.05838
0.16721, 0.05856
0.16840, 0.05873
0.16959, 0.05891
0.17078, 0.05908
0.17197, 0.05925
0.17317, 0.05942
0.17437, 0.05959
0.17557, 0.05976
0.17678, 0.05993
0.17798, 0.06009
0.17919, 0.06026
0.18041, 0.06042
0.18162, 0.06059
0.18284, 0.06075
0.18406, 0.06091
0.18528, 0.06107
0.18650, 0.06124
0.18773, 0.06140
0.18896, 0.06156
0.19019, 0.06171
0.19142, 0.06187
0.19266, 0.06203
0.19390, 0.06218
0.19514, 0.06234
0.19638, 0.06250
0.19763, 0.06265
0.19888, 0.06280
0.20014, 0.06296
0.20140, 0.06311
0.20266, 0.06326
0.20393, 0.06341
0.20520, 0.06356
0.20647, 0.06371
0.20775, 0.06386
0.20904, 0.06401
0.21033, 0.06416
0.21162, 0.06431
0.21292, 0.06445
0.21422, 0.06460
0.21553, 0.06474
0.21684, 0.06488
0.21815, 0.06503
0.21947, 0.06517
0.22079, 0.06531
0.22212, 0.06545
0.22345, 0.06558
0.22478, 0.06572
0.22612, 0.06586
0.22747, 0.06599
0.22882, 0.06612
0.23017, 0.06626
0.23153, 0.06639
0.23289, 0.06651
0.23425, 0.06664
0.23562, 0.06677
0.23699, 0.06689
0.23837, 0.06702
0.23975, 0.06714
0.24114, 0.06726
0.24253, 0.06738
0.24392, 0.06749
0.24532, 0.06761
0.24673, 0.06772
0.24813, 0.06783
0.24954, 0.06794
0.25096, 0.06805
0.25238, 0.06815
0.25380, 0.06826
0.25523, 0.06836
0.25666, 0.06846
0.25810, 0.06855
0.25954, 0.06865
0.26098, 0.06874
0.26243, 0.06883
0.26388, 0.06892
0.26534, 0.06900
0.26680, 0.06909
0.26826, 0.06917
0.26972, 0.06924
0.27118, 0.06932
0.27265, 0.06939
0.27412, 0.06946
0.27558, 0.06953
0.27706, 0.06960
0.27853, 0.06966
0.28000, 0.06972
0.28148, 0.06978
0.28296, 0.06984
0.28444, 0.06989
0.28592, 0.06994
0.28740, 0.06999
0.28888, 0.07004
0.29037, 0.07008
0.29186, 0.07012
0.29335, 0.07016
0.29484, 0.07020
0.29633, 0.07024
0.29782, 0.07027
0.29932, 0.07030
0.30082, 0.07033
0.30231, 0.07035
0.30381, 0.07038
0.30531, 0.07040
0.30682, 0.07042
0.30832, 0.07044
0.30982, 0.07045
0.31133, 0.07046
0.31284, 0.07047
0.31435, 0.07048
0.31586, 0.07049
0.31737, 0.07049
0.31888, 0.07050
0.32040, 0.07050
0.32191, 0.07049
0.32343, 0.07049
0.32494, 0.07048
0.32646, 0.07048
0.32798, 0.07047
0.32950, 0.07045
0.33102, 0.07044
0.33255, 0.07042
0.33407, 0.07041
0.33560, 0.07039
0.33712, 0.07037
0.33865, 0.07034
0.34018, 0.07032
0.34170, 0.07029
0.34323, 0.07026
0.34476, 0.07023
0.34630, 0.07020
0.34783, 0.07016
0.34936, 0.07012
0.35090, 0.07009
0.35243, 0.07005
0.35397, 0.07000
0.35550, 0.06996
0.35704, 0.06992
0.35858, 0.06987
0.36012, 0.06982
0.36166, 0.06977
0.36320, 0.06972
0.36474, 0.06967
0.36628, 0.06961
0.36782, 0.06956
0.36936, 0.06950
0.37091, 0.06944
0.37245, 0.06938
0.37399, 0.06931
0.37554, 0.06925
0.37708, 0.06919
0.37863, 0.06912
0.38018, 0.06905
0.38172, 0.06898
0.38327, 0.06891
0.38482, 0.06884
0.38637, 0.06876
0.38792, 0.06869
0.38947, 0.06861
0.39102, 0.06854
0.39257, 0.06846
0.39412, 0.06838
0.39567, 0.06830
0.39722, 0.06822
0.39877, 0.06813
0.40032, 0.06805
0.40187, 0.06796
0.40343, 0.06788
0.40498, 0.06779
0.40653, 0.06770
0.40808, 0.06761
0.40964, 0.06752
0.41119, 0.06743
0.41275, 0.06733
0.41430, 0.06724
0.41585, 0.06715
0.41741, 0.06705
0.41896, 0.06695
0.42052, 0.06686
0.42207, 0.06676
0.42363, 0.06666
0.42518, 0.06656
0.42673, 0.06646
0.42829, 0.06636
0.42984, 0.06626
0.43140, 0.06615
0.43295, 0.06605
0.43451, 0.06595
0.43606, 0.06584
0.43762, 0.06574
0.43917, 0.06563
0.44073, 0.06552
0.44228, 0.06542
0.44384, 0.06531
0.44539, 0.06520
0.44695, 0.06509
0.44850, 0.06499
0.45005, 0.06488
0.45161, 0.06477
0.45316, 0.06466
0.45472, 0.06455
0.45627, 0.06444
0.45782, 0.06432
0.45938, 0.06421
0.46093, 0.06410
0.46248, 0.06399
0.46403, 0.06388
0.46558, 0.06376
0.46714, 0.06365
0.46869, 0.06354
0.47024, 0.06343
0.47179, 0.06331
0.47334, 0.06320
0.47489, 0.06309
0.47644, 0.06297
0.47799, 0.06286
0.47954, 0.06275
0.48109, 0.06263
0.48264, 0.06252
0.48418, 0.06241
0.48573, 0.06229
0.48728, 0.06218
0.48882, 0.06207
0.49037, 0.06196
0.49192, 0.06184
0.49346, 0.06173
0.49501, 0.06162
0.49655, 0.06151
0.49809, 0.06139
0.49964, 0.06128
0.50118, 0.06117
0.50272, 0.06106
0.50426, 0.06095
0.50580, 0.06084
0.50734, 0.06073
0.50888, 0.06062
0.51042, 0.06051
0.51196, 0.06040
0.51350, 0.06030
0.51504, 0.06019
0.51657, 0.06008
0.51811, 0.05998
0.51965, 0.05987
0.52118, 0.05976
0.52271, 0.05966
0.52425, 0.05956
0.52578, 0.05945
0.52731, 0.05935
0.52884, 0.05925
0.53037, 0.05915
0.53190, 0.05904
0.53343, 0.05894
0.53496, 0.05885
0.53649, 0.05875
0.53802, 0.05865
0.53954, 0.05855
0.54107, 0.05846
0.54259, 0.05836
0.54412, 0.05827
0.54564, 0.05817
0.54716, 0.05808
0.54868, 0.05799
0.55020, 0.05790
0.55172, 0.05781
0.55324, 0.05772
0.55476, 0.05763
0.55627, 0.05755
0.55779, 0.05746
0.55931, 0.05738
0.56082, 0.05729
0.56233, 0.05721
0.56385, 0.05713
0.56536, 0.05705
0.56687, 0.05697
0.56838, 0.05690
0.56989, 0.05682
0.57139, 0.05674
0.57290, 0.05667
0.57440, 0.05660
0.57591, 0.05653
0.57741, 0.05646
0.57892, 0.05639
0.58042, 0.05632
0.58192, 0.05625
0.58342, 0.05619
0.58492, 0.05613
0.58641, 0.05606
0.58791, 0.05600
0.58940, 0.05594
0.59090, 0.05589
0.59239, 0.05583
0.59388, 0.05578
0.59537, 0.05572
0.59686, 0.05567
0.59835, 0.05562
0.59984, 0.05557
0.60133, 0.05553
0.60281, 0.05548
0.60430, 0.05544
0.60578, 0.05539
0.60726, 0.05535
0.60874, 0.05531
0.61022, 0.05528
0.61170, 0.05524
0.61317, 0.05521
0.61465, 0.05518
0.61612, 0.05514
0.61760, 0.05512
0.61907, 0.05509
0.62054, 0.05506
0.62201, 0.05504
0.62348, 0.05502
0.62495, 0.05500
0.62641, 0.05498
0.62788, 0.05496
0.62934, 0.05495
0.63080, 0.05494
0.63226, 0.05493
0.63372, 0.05492
0.63518, 0.05491
0.63664, 0.05490
0.63809, 0.05490
0.63955, 0.05490
0.64100, 0.05490
0.64245, 0.05490
0.64390, 0.05491
0.64535, 0.05491
0.64679, 0.05492
0.64824, 0.05493
0.64969, 0.05494
0.65113, 0.05496
0.65257, 0.05497
0.65401, 0.05499
0.65545, 0.05501
0.65689, 0.05504
0.65832, 0.05506
0.65976, 0.05509
0.66119, 0.05512
0.66262, 0.05515
0.66405, 0.05518
0.66549, 0.05521
0.66692, 0.05525
0.66835, 0.05529
0.66979, 0.05533
0.67122, 0.05538
0.67266, 0.05542
0.67409, 0.05547
0.67553, 0.05552
0.67696, 0.05557
0.67840, 0.05562
0.67984, 0.05568
0.68127, 0.05573
0.68271, 0.05579
0.68415, 0.05585
0.68558, 0.05591
0.68702, 0.05597
0.68846, 0.05603
0.68989, 0.05610
0.69133, 0.05616
0.69276, 0.05623
0.69420, 0.05629
0.69564, 0.05636
0.69707, 0.05643
0.69851, 0.05650
0.69994, 0.05657
0.70138, 0.05664
0.70281, 0.05671
0.70424, 0.05678
0.70568, 0.05686
0.70711, 0.05693
0.70854, 0.05700
0.70997, 0.05707
0.71140, 0.05715
0.71283, 0.05722
0.71426, 0.05730
0.71569, 0.05737
0.71712, 0.05744
0.71854, 0.05752
0.71997, 0.05759
0.72139, 0.05767
0.72282, 0.05774
0.72424, 0.05781
0.72566, 0.05788
0.72708, 0.05796
0.72850, 0.05803
0.72992, 0.05810
0.73134, 0.05817
0.73275, 0.05824
0.73417, 0.05831
0.73558, 0.05838
0.73699, 0.05845
0.73840, 0.05851
0.73981, 0.05858
0.74122, 0.05864
0.74263, 0.05871
0.74403, 0.05877
0.74544, 0.05883
0.74684, 0.05889
0.74824, 0.05895
0.74964, 0.05901
0.75103, 0.05907
0.75243, 0.05912
0.75382, 0.05918
0.75521, 0.05923
0.75660, 0.05928
0.75798, 0.05933
0.75937, 0.05938
0.76075, 0.05943
0.76213, 0.05948
0.76351, 0.05952
0.76488, 0.05956
0.76625, 0.05960
0.76762, 0.05964
0.76899, 0.05968
0.77036, 0.05971
0.77172, 0.05975
0.77308, 0.05978
0.77444, 0.05981
0.77580, 0.05984
0.77715, 0.05987
0.77851, 0.05989
0.77986, 0.05991
0.78120, 0.05993
0.78255, 0.05995
0.78389, 0.05997
0.78523, 0.05998
0.78656, 0.06000
0.78790, 0.06001
0.78923, 0.06002
0.79056, 0.06002
0.79188, 0.06003
0.79320, 0.06003
0.79452, 0.06003
0.79584, 0.06003
0.79715, 0.06003
0.79847, 0.06002
0.79977, 0.06001
0.80108, 0.06000
0.80238, 0.05999
0.80368, 0.05997
0.80498, 0.05995
0.80627, 0.05994
0.80756, 0.05991
0.80885, 0.05989
0.81013, 0.05986
0.81142, 0.05983
0.81269, 0.05980
0.81397, 0.05977
0.81524, 0.05973
0.81651, 0.05969
0.81777, 0.05965
0.81904, 0.05961
0.82030, 0.05956
0.82155, 0.05952
0.82280, 0.05946
0.82405, 0.05941
0.82530, 0.05936
0.82654, 0.05930
0.82778, 0.05924
0.82901, 0.05917
0.83025, 0.05911
0.83147, 0.05904
0.83270, 0.05897
0.83392, 0.05890
0.83514, 0.05882
0.83635, 0.05875
0.83756, 0.05867
0.83876, 0.05858
0.83996, 0.05850
0.84115, 0.05841
0.84234, 0.05832
0.84353, 0.05823
0.84471, 0.05814
0.84589, 0.05804
0.84706, 0.05795
0.84823, 0.05785
0.84940, 0.05775
0.85056, 0.05764
0.85172, 0.05754
0.85287, 0.05743
0.85402, 0.05732
0.85516, 0.05721
0.85630, 0.05710
0.85743, 0.05698
0.85857, 0.05687
0.85969, 0.05675
0.86081, 0.05663
0.86193, 0.05651
0.86305, 0.05639
0.86416, 0.05626
0.86526, 0.05614
0.86636, 0.05601
0.86746, 0.05588
0.86855, 0.05575
0.86964, 0.05562
0.87072, 0.05549
0.87180, 0.05536
0.87287, 0.05522
0.87394, 0.05509
0.87501, 0.05495
0.87607, 0.05481
0.87713, 0.05467
0.87818, 0.05453
0.87923, 0.05439
0.88028, 0.05425
0.88132, 0.05411
0.88235, 0.05396
0.88338, 0.05382
0.88441, 0.05367
0.88543, 0.05352
0.88645, 0.05337
0.88747, 0.05322
0.88848, 0.05307
0.88948, 0.05292
0.89048, 0.05277
0.89148, 0.05262
0.89247, 0.05247
0.89346, 0.05231
0.89444, 0.05216
0.89542, 0.05201
0.89640, 0.05185
0.89737, 0.05170
0.89834, 0.05154
0.89930, 0.05138
0.90025, 0.05122
0.90121, 0.05107
0.90216, 0.05091
0.90310, 0.05075
0.90404, 0.05059
0.90498, 0.05043
0.90591, 0.05027
0.90683, 0.05011
0.90776, 0.04995
0.90868, 0.04979
0.90959, 0.04963
0.91050, 0.04947
0.91140, 0.04931
0.91230, 0.04914
0.91320, 0.04898
0.91409, 0.04882
0.91498, 0.04866
0.91586, 0.04850
0.91674, 0.04833
0.91761, 0.04817
0.91848, 0.04801
0.91935, 0.04785
0.92021, 0.04768
0.92107, 0.04752
0.92192, 0.04736
0.92277, 0.04720
0.92361, 0.04703
0.92445, 0.04687
0.92528, 0.04671
0.92611, 0.04655
0.92694, 0.04639
0.92776, 0.04622
0.92857, 0.04606
0.92939, 0.04590
0.93019, 0.04574
0.93100, 0.04558
0.93179, 0.04542
0.93259, 0.04526
0.93338, 0.04510
0.93416, 0.04494
0.93494, 0.04478
0.93572, 0.04462
0.93649, 0.04446
0.93726, 0.04430
0.93802, 0.04414
0.93878, 0.04398
0.93953, 0.04382
0.94028, 0.04367
0.94103, 0.04351
0.94177, 0.04335
0.94250, 0.04320
0.94324, 0.04304
0.94396, 0.04289
0.94468, 0.04273
0.94540, 0.04258
0.94612, 0.04243
0.94682, 0.04227
0.94753, 0.04212
0.94823, 0.04197
0.94892, 0.04182
0.94961, 0.04167
0.95030, 0.04152
0.95098, 0.04137
0.95166, 0.04122
0.95233, 0.04107
0.95300, 0.04092
0.95366, 0.04077
0.95432, 0.04063
0.95497, 0.04048
0.95562, 0.04034
0.95627, 0.04019
0.95691, 0.04005
0.95755, 0.03990
0.95818, 0.03976
0.95880, 0.03962
0.95943, 0.03948
0.96004, 0.03934
0.96066, 0.03920
0.96126, 0.03906
0.96187, 0.03892
0.96247, 0.03879
0.96306, 0.03865
0.96365, 0.03851
0.96424, 0.03838
0.96482, 0.03824
0.96539, 0.03811
0.96597, 0.03798
0.96653, 0.03785
0.96709, 0.03772
0.96765, 0.03759
0.96821, 0.03746
0.96875, 0.03733
0.96930, 0.03720
0.96984, 0.03708
0.97037, 0.03695
0.97090, 0.03683
0.97143, 0.03670
0.97195, 0.03658
0.97246, 0.03646
0.97297, 0.03634
0.97348, 0.03622
0.97398, 0.03610
0.97448, 0.03598
0.97497, 0.03587
0.97546, 0.03575
0.97594, 0.03563
0.97642, 0.03552
0.97689, 0.03541
0.97736, 0.03530
0.97783, 0.03518
0.97829, 0.03507
0.97874, 0.03497
0.97919, 0.03486
0.97964, 0.03475
0.98008, 0.03464
0.98051, 0.03454
0.98094, 0.03443
0.98137, 0.03433
0.98179, 0.03423
0.98221, 0.03413
0.98262, 0.03403
0.98303, 0.03393
0.98343, 0.03383
0.98383, 0.03374
0.98423, 0.03364
0.98461, 0.03355
0.98500, 0.03345
0.98538, 0.03336
0.98575, 0.03327
0.98612, 0.03318
0.98649, 0.03309
0.98685, 0.03300
0.98720, 0.03291
0.98755, 0.03283
0.98790, 0.03274
0.98824, 0.03266
0.98858, 0.03258
0.98891, 0.03250
0.98923, 0.03242
0.98956, 0.03234
0.98987, 0.03226
0.99019, 0.03218
0.99049, 0.03211
0.99080, 0.03203
0.99109, 0.03196
0.99139, 0.03189
0.99168, 0.03182
0.99196, 0.03175
0.99224, 0.03168
0.99251, 0.03161
0.99278, 0.03154
0.99305, 0.03148
0.99331, 0.03141
0.99356, 0.03135
0.99381, 0.03129
0.99406, 0.03123
0.99430, 0.03117
0.99453, 0.03111
0.99476, 0.03105
0.99499, 0.03100
0.99521, 0.03094
0.99542, 0.03089
0.99564, 0.03083
0.99584, 0.03078
0.99604, 0.03073
0.99624, 0.03068
0.99643, 0.03064
0.99662, 0.03059
0.99680, 0.03054
0.99698, 0.03050
0.99715, 0.03046
0.99732, 0.03042
0.99748, 0.03037
0.99764, 0.03034
0.99779, 0.03030
0.99794, 0.03026
0.99809, 0.03022
0.99823, 0.03019
0.99836, 0.03016
0.99849, 0.03012
0.99861, 0.03009
0.99873, 0.03006
0.99885, 0.03003
0.99896, 0.03001
0.99906, 0.02998
0.99916, 0.02996
0.99926, 0.02993
0.99935, 0.02991
0.99943, 0.02989
0.99951, 0.02987
0.99959, 0.02985
0.99966, 0.02983
0.99972, 0.02982
0.99978, 0.02980
0.99984, 0.02979
0.99989, 0.02977
0.99994, 0.02976
0.99998, 0.02975
1.00001, 0.02974
1.00005, 0.02973
1.00007, 0.02973
1.00010, 0.02972
1.00011, 0.02972
1.00013, 0.02971
1.00018, 0.02971
1.00019, 0.02970

=== Lower Surface ===
0.00000, -0.00980
0.00002, -0.01008
0.00004, -0.01036
0.00007, -0.01063
0.00010, -0.01091
0.00014, -0.01119
0.00018, -0.01146
0.00023, -0.01174
0.00028, -0.01201
0.00034, -0.01229
0.00040, -0.01256
0.00046, -0.01284
0.00054, -0.01311
0.00061, -0.01338
0.00069, -0.01365
0.00078, -0.01392
0.00087, -0.01419
0.00097, -0.01446
0.00107, -0.01473
0.00118, -0.01500
0.00129, -0.01526
0.00141, -0.01553
0.00153, -0.01579
0.00165, -0.01606
0.00179, -0.01632
0.00192, -0.01659
0.00206, -0.01685
0.00221, -0.01711
0.00236, -0.01737
0.00252, -0.01763
0.00268, -0.01789
0.00285, -0.01815
0.00302, -0.01841
0.00319, -0.01867
0.00338, -0.01893
0.00356, -0.01918
0.00375, -0.01944
0.00395, -0.01970
0.00415, -0.01995
0.00436, -0.02020
0.00457, -0.02046
0.00479, -0.02071
0.00501, -0.02096
0.00523, -0.02121
0.00546, -0.02146
0.00570, -0.02171
0.00594, -0.02196
0.00619, -0.02221
0.00644, -0.02245
0.00670, -0.02270
0.00696, -0.02294
0.00722, -0.02319
0.00750, -0.02343
0.00777, -0.02368
0.00805, -0.02392
0.00834, -0.02416
0.00863, -0.02440
0.00893, -0.02464
0.00923, -0.02488
0.00953, -0.02512
0.00984, -0.02535
0.01016, -0.02559
0.01048, -0.02583
0.01081, -0.02606
0.01114, -0.02630
0.01148, -0.02653
0.01182, -0.02676
0.01216, -0.02699
0.01251, -0.02722
0.01287, -0.02745
0.01323, -0.02768
0.01360, -0.02791
0.01397, -0.02814
0.01434, -0.02836
0.01472, -0.02859
0.01511, -0.02881
0.01550, -0.02904
0.01589, -0.02926
0.01629, -0.02948
0.01670, -0.02970
0.01711, -0.02992
0.01752, -0.03014
0.01794, -0.03036
0.01837, -0.03058
0.01880, -0.03079
0.01923, -0.03101
0.01967, -0.03122
0.02012, -0.03144
0.02057, -0.03165
0.02102, -0.03186
0.02148, -0.03207
0.02194, -0.03228
0.02241, -0.03249
0.02289, -0.03269
0.02336, -0.03290
0.02385, -0.03311
0.02434, -0.03331
0.02483, -0.03351
0.02533, -0.03372
0.02583, -0.03392
0.02634, -0.03412
0.02685, -0.03432
0.02737, -0.03452
0.02789, -0.03471
0.02841, -0.03491
0.02894, -0.03510
0.02948, -0.03530
0.03002, -0.03549
0.03057, -0.03568
0.03112, -0.03587
0.03167, -0.03606
0.03223, -0.03625
0.03280, -0.03644
0.03337, -0.03663
0.03394, -0.03681
0.03452, -0.03700
0.03510, -0.03718
0.03569, -0.03736
0.03628, -0.03754
0.03688, -0.03772
0.03748, -0.03790
0.03809, -0.03808
0.03870, -0.03825
0.03931, -0.03843
0.03994, -0.03860
0.04056, -0.03878
0.04119, -0.03895
0.04182, -0.03912
0.04246, -0.03929
0.04311, -0.03946
0.04375, -0.03962
0.04441, -0.03979
0.04506, -0.03995
0.04572, -0.04012
0.04639, -0.04028
0.04706, -0.04044
0.04774, -0.04060
0.04842, -0.04076
0.04910, -0.04092
0.04979, -0.04107
0.05048, -0.04123
0.05118, -0.04138
0.05188, -0.04153
0.05258, -0.04169
0.05329, -0.04184
0.05401, -0.04199
0.05473, -0.04213
0.05545, -0.04228
0.05618, -0.04243
0.05691, -0.04257
0.05765, -0.04271
0.05839, -0.04286
0.05913, -0.04300
0.05988, -0.04314
0.06064, -0.04327
0.06139, -0.04341
0.06216, -0.04355
0.06292, -0.04368
0.06369, -0.04381
0.06447, -0.04395
0.06525, -0.04408
0.06603, -0.04421
0.06682, -0.04434
0.06761, -0.04446
0.06840, -0.04459
0.06920, -0.04471
0.07001, -0.04484
0.07081, -0.04496
0.07162, -0.04508
0.07244, -0.04520
0.07326, -0.04532
0.07408, -0.04544
0.07491, -0.04555
0.07574, -0.04567
0.07658, -0.04578
0.07742, -0.04589
0.07826, -0.04600
0.07911, -0.04611
0.07996, -0.04622
0.08082, -0.04633
0.08168, -0.04644
0.08254, -0.04654
0.08341, -0.04665
0.08428, -0.04675
0.08515, -0.04685
0.08603, -0.04695
0.08691, -0.04705
0.08780, -0.04715
0.08869, -0.04725
0.08958, -0.04734
0.09048, -0.04744
0.09138, -0.04753
0.09228, -0.04762
0.09319, -0.04772
0.09410, -0.04781
0.09502, -0.04789
0.09594, -0.04798
0.09686, -0.04807
0.09779, -0.04815
0.09871, -0.04824
0.09965, -0.04832
0.10058, -0.04841
0.10153, -0.04849
0.10247, -0.04857
0.10342, -0.04865
0.10437, -0.04872
0.10532, -0.04880
0.10628, -0.04888
0.10724, -0.04895
0.10820, -0.04903
0.10917, -0.04910
0.11014, -0.04917
0.11112, -0.04924
0.11209, -0.04931
0.11307, -0.04938
0.11406, -0.04945
0.11505, -0.04952
0.11604, -0.04958
0.11703, -0.04965
0.11803, -0.04971
0.11903, -0.04977
0.12003, -0.04984
0.12104, -0.04990
0.12205, -0.04996
0.12306, -0.05002
0.12407, -0.05008
0.12509, -0.05014
0.12612, -0.05019
0.12714, -0.05025
0.12817, -0.05031
0.12920, -0.05036
0.13023, -0.05041
0.13127, -0.05047
0.13231, -0.05052
0.13335, -0.05057
0.13440, -0.05062
0.13545, -0.05067
0.13650, -0.05072
0.13755, -0.05077
0.13861, -0.05082
0.13967, -0.05087
0.14074, -0.05091
0.14180, -0.05096
0.14288, -0.05100
0.14395, -0.05105
0.14503, -0.05109
0.14612, -0.05114
0.14721, -0.05118
0.14830, -0.05122
0.14940, -0.05126
0.15050, -0.05130
0.15160, -0.05134
0.15271, -0.05137
0.15382, -0.05141
0.15493, -0.05145
0.15605, -0.05148
0.15718, -0.05152
0.15830, -0.05155
0.15943, -0.05158
0.16057, -0.05161
0.16171, -0.05164
0.16285, -0.05167
0.16399, -0.05170
0.16514, -0.05173
0.16630, -0.05176
0.16745, -0.05178
0.16862, -0.05181
0.16978, -0.05183
0.17095, -0.05185
0.17212, -0.05188
0.17330, -0.05190
0.17448, -0.05192
0.17566, -0.05193
0.17685, -0.05195
0.17804, -0.05197
0.17924, -0.05198
0.18044, -0.05200
0.18164, -0.05201
0.18285, -0.05202
0.18406, -0.05203
0.18527, -0.05204
0.18649, -0.05205
0.18771, -0.05206
0.18894, -0.05206
0.19017, -0.05206
0.19140, -0.05207
0.19264, -0.05207
0.19388, -0.05207
0.19512, -0.05207
0.19637, -0.05207
0.19762, -0.05206
0.19888, -0.05206
0.20014, -0.05205
0.20140, -0.05204
0.20267, -0.05204
0.20394, -0.05202
0.20521, -0.05201
0.20649, -0.05200
0.20776, -0.05199
0.20904, -0.05197
0.21032, -0.05195
0.21160, -0.05193
0.21288, -0.05192
0.21417, -0.05189
0.21545, -0.05187
0.21674, -0.05185
0.21803, -0.05183
0.21932, -0.05180
0.22061, -0.05178
0.22190, -0.05175
0.22320, -0.05172
0.22449, -0.05169
0.22579, -0.05167
0.22709, -0.05164
0.22839, -0.05161
0.22969, -0.05157
0.23099, -0.05154
0.23229, -0.05151
0.23360, -0.05148
0.23490, -0.05144
0.23621, -0.05141
0.23751, -0.05137
0.23882, -0.05134
0.24013, -0.05130
0.24144, -0.05126
0.24275, -0.05123
0.24406, -0.05119
0.24538, -0.05115
0.24669, -0.05112
0.24801, -0.05108
0.24932, -0.05104
0.25064, -0.05100
0.25196, -0.05096
0.25327, -0.05093
0.25459, -0.05089
0.25591, -0.05085
0.25723, -0.05081
0.25855, -0.05077
0.25988, -0.05073
0.26120, -0.05070
0.26252, -0.05066
0.26384, -0.05062
0.26517, -0.05058
0.26649, -0.05055
0.26782, -0.05051
0.26914, -0.05047
0.27047, -0.05044
0.27180, -0.05040
0.27314, -0.05037
0.27447, -0.05033
0.27581, -0.05030
0.27715, -0.05027
0.27849, -0.05023
0.27984, -0.05020
0.28119, -0.05017
0.28254, -0.05013
0.28389, -0.05010
0.28525, -0.05007
0.28660, -0.05004
0.28797, -0.05001
0.28933, -0.04998
0.29070, -0.04994
0.29206, -0.04991
0.29344, -0.04988
0.29481, -0.04985
0.29619, -0.04983
0.29756, -0.04980
0.29895, -0.04977
0.30033, -0.04974
0.30172, -0.04971
0.30311, -0.04968
0.30450, -0.04965
0.30589, -0.04963
0.30729, -0.04960
0.30869, -0.04957
0.31009, -0.04955
0.31149, -0.04952
0.31290, -0.04949
0.31431, -0.04947
0.31572, -0.04944
0.31713, -0.04942
0.31855, -0.04939
0.31996, -0.04936
0.32138, -0.04934
0.32281, -0.04931
0.32423, -0.04929
0.32566, -0.04926
0.32709, -0.04924
0.32852, -0.04922
0.32996, -0.04919
0.33139, -0.04917
0.33283, -0.04914
0.33427, -0.04912
0.33572, -0.04910
0.33716, -0.04907
0.33861, -0.04905
0.34006, -0.04902
0.34151, -0.04900
0.34297, -0.04898
0.34442, -0.04895
0.34588, -0.04893
0.34734, -0.04891
0.34881, -0.04888
0.35027, -0.04886
0.35174, -0.04884
0.35321, -0.04881
0.35468, -0.04879
0.35616, -0.04877
0.35763, -0.04874
0.35911, -0.04872
0.36059, -0.04870
0.36207, -0.04867
0.36356, -0.04865
0.36505, -0.04862
0.36653, -0.04860
0.36802, -0.04858
0.36952, -0.04855
0.37101, -0.04853
0.37251, -0.04850
0.37401, -0.04848
0.37551, -0.04845
0.37701, -0.04843
0.37851, -0.04840
0.38002, -0.04838
0.38153, -0.04835
0.38304, -0.04833
0.38455, -0.04830
0.38606, -0.04827
0.38758, -0.04825
0.38909, -0.04822
0.39061, -0.04819
0.39213, -0.04816
0.39365, -0.04813
0.39518, -0.04811
0.39670, -0.04808
0.39823, -0.04805
0.39976, -0.04802
0.40129, -0.04799
0.40282, -0.04796
0.40436, -0.04793
0.40589, -0.04789
0.40743, -0.04786
0.40897, -0.04783
0.41051, -0.04780
0.41205, -0.04776
0.41360, -0.04773
0.41514, -0.04770
0.41669, -0.04766
0.41824, -0.04763
0.41979, -0.04759
0.42134, -0.04755
0.42289, -0.04752
0.42445, -0.04748
0.42600, -0.04744
0.42756, -0.04740
0.42912, -0.04736
0.43068, -0.04732
0.43224, -0.04728
0.43380, -0.04724
0.43536, -0.04719
0.43693, -0.04715
0.43849, -0.04710
0.44006, -0.04706
0.44163, -0.04701
0.44320, -0.04697
0.44477, -0.04692
0.44635, -0.04687
0.44792, -0.04682
0.44949, -0.04677
0.45107, -0.04672
0.45265, -0.04667
0.45423, -0.04662
0.45581, -0.04656
0.45739, -0.04651
0.45897, -0.04645
0.46055, -0.04639
0.46213, -0.04634
0.46372, -0.04628
0.46530, -0.04622
0.46689, -0.04616
0.46848, -0.04610
0.47007, -0.04603
0.47165, -0.04597
0.47324, -0.04590
0.47484, -0.04584
0.47643, -0.04577
0.47802, -0.04570
0.47961, -0.04563
0.48121, -0.04556
0.48280, -0.04549
0.48440, -0.04541
0.48600, -0.04534
0.48759, -0.04526
0.48919, -0.04519
0.49079, -0.04511
0.49239, -0.04503
0.49399, -0.04495
0.49559, -0.04486
0.49719, -0.04478
0.49879, -0.04469
0.50039, -0.04461
0.50200, -0.04452
0.50360, -0.04443
0.50520, -0.04434
0.50681, -0.04424
0.50841, -0.04415
0.51002, -0.04405
0.51162, -0.04396
0.51323, -0.04386
0.51483, -0.04376
0.51644, -0.04366
0.51805, -0.04355
0.51965, -0.04345
0.52126, -0.04334
0.52287, -0.04323
0.52448, -0.04312
0.52608, -0.04301
0.52769, -0.04290
0.52930, -0.04278
0.53091, -0.04267
0.53252, -0.04255
0.53413, -0.04243
0.53574, -0.04231
0.53734, -0.04218
0.53895, -0.04206
0.54056, -0.04193
0.54217, -0.04180
0.54378, -0.04167
0.54539, -0.04154
0.54700, -0.04140
0.54861, -0.04127
0.55022, -0.04113
0.55182, -0.04099
0.55343, -0.04084
0.55504, -0.04070
0.55665, -0.04055
0.55826, -0.04041
0.55986, -0.04026
0.56147, -0.04010
0.56308, -0.03995
0.56468, -0.03979
0.56629, -0.03964
0.56790, -0.03948
0.56950, -0.03931
0.57111, -0.03915
0.57271, -0.03898
0.57432, -0.03881
0.57592, -0.03864
0.57752, -0.03847
0.57913, -0.03829
0.58073, -0.03812
0.58233, -0.03794
0.58393, -0.03776
0.58553, -0.03757
0.58713, -0.03739
0.58873, -0.03720
0.59033, -0.03701
0.59193, -0.03682
0.59353, -0.03662
0.59512, -0.03642
0.59672, -0.03622
0.59831, -0.03602
0.59991, -0.03582
0.60150, -0.03561
0.60310, -0.03540
0.60469, -0.03519
0.60628, -0.03498
0.60787, -0.03476
0.60946, -0.03455
0.61105, -0.03432
0.61263, -0.03410
0.61422, -0.03388
0.61580, -0.03365
0.61739, -0.03342
0.61897, -0.03319
0.62055, -0.03295
0.62213, -0.03271
0.62371, -0.03247
0.62529, -0.03223
0.62687, -0.03199
0.62845, -0.03174
0.63002, -0.03149
0.63159, -0.03124
0.63317, -0.03098
0.63474, -0.03073
0.63631, -0.03047
0.63788, -0.03020
0.63944, -0.02994
0.64101, -0.02967
0.64257, -0.02940
0.64414, -0.02913
0.64570, -0.02885
0.64726, -0.02858
0.64882, -0.02830
0.65037, -0.02801
0.65193, -0.02773
0.65348, -0.02744
0.65504, -0.02715
0.65659, -0.02686
0.65814, -0.02656
0.65968, -0.02626
0.66123, -0.02596
0.66277, -0.02566
0.66432, -0.02535
0.66586, -0.02505
0.66740, -0.02473
0.66893, -0.02442
0.67047, -0.02410
0.67200, -0.02379
0.67353, -0.02346
0.67506, -0.02314
0.67658, -0.02281
0.67810, -0.02249
0.67961, -0.02216
0.68112, -0.02183
0.68263, -0.02149
0.68413, -0.02116
0.68563, -0.02082
0.68712, -0.02048
0.68861, -0.02014
0.69010, -0.01980
0.69158, -0.01946
0.69306, -0.01911
0.69454, -0.01877
0.69601, -0.01842
0.69748, -0.01807
0.69894, -0.01772
0.70040, -0.01737
0.70186, -0.01702
0.70332, -0.01667
0.70476, -0.01632
0.70621, -0.01597
0.70765, -0.01561
0.70909, -0.01526
0.71053, -0.01491
0.71196, -0.01455
0.71339, -0.01420
0.71481, -0.01384
0.71623, -0.01349
0.71765, -0.01313
0.71906, -0.01278
0.72047, -0.01242
0.72187, -0.01207
0.72328, -0.01171
0.72468, -0.01136
0.72607, -0.01100
0.72746, -0.01065
0.72885, -0.01029
0.73024, -0.00994
0.73162, -0.00959
0.73299, -0.00923
0.73437, -0.00888
0.73574, -0.00853
0.73711, -0.00818
0.73847, -0.00783
0.73983, -0.00748
0.74119, -0.00713
0.74254, -0.00679
0.74389, -0.00644
0.74524, -0.00609
0.74658, -0.00575
0.74792, -0.00541
0.74925, -0.00507
0.75059, -0.00472
0.75192, -0.00439
0.75324, -0.00405
0.75456, -0.00371
0.75588, -0.00338
0.75720, -0.00304
0.75851, -0.00271
0.75982, -0.00238
0.76113, -0.00205
0.76243, -0.00172
0.76373, -0.00139
0.76503, -0.00107
0.76632, -0.00075
0.76762, -0.00042
0.76890, -0.00010
0.77019, 0.00021
0.77147, 0.00053
0.77275, 0.00085
0.77403, 0.00116
0.77530, 0.00147
0.77657, 0.00178
0.77784, 0.00209
0.77910, 0.00239
0.78036, 0.00269
0.78162, 0.00300
0.78287, 0.00330
0.78412, 0.00359
0.78537, 0.00389
0.78662, 0.00418
0.78786, 0.00447
0.78910, 0.00476
0.79033, 0.00505
0.79157, 0.00534
0.79280, 0.00562
0.79402, 0.00590
0.79525, 0.00618
0.79647, 0.00646
0.79768, 0.00673
0.79890, 0.00700
0.80011, 0.00727
0.80132, 0.00754
0.80252, 0.00780
0.80373, 0.00807
0.80493, 0.00833
0.80612, 0.00858
0.80731, 0.00884
0.80850, 0.00909
0.80969, 0.00934
0.81088, 0.00959
0.81206, 0.00984
0.81323, 0.01008
0.81441, 0.01032
0.81558, 0.01056
0.81675, 0.01080
0.81791, 0.01103
0.81908, 0.01126
0.82024, 0.01149
0.82139, 0.01172
0.82255, 0.01194
0.82370, 0.01216
0.82484, 0.01238
0.82599, 0.01259
0.82713, 0.01281
0.82827, 0.01302
0.82940, 0.01323
0.83053, 0.01343
0.83166, 0.01363
0.83279, 0.01383
0.83391, 0.01403
0.83503, 0.01422
0.83615, 0.01442
0.83726, 0.01461
0.83837, 0.01479
0.83948, 0.01498
0.84059, 0.01516
0.84170, 0.01534
0.84280, 0.01552
0.84390, 0.01569
0.84500, 0.01586
0.84609, 0.01603
0.84718, 0.01620
0.84827, 0.01637
0.84936, 0.01653
0.85044, 0.01669
0.85153, 0.01685
0.85261, 0.01700
0.85368, 0.01716
0.85476, 0.01731
0.85583, 0.01746
0.85690, 0.01761
0.85796, 0.01775
0.85902, 0.01790
0.86008, 0.01804
0.86114, 0.01818
0.86220, 0.01831
0.86325, 0.01845
0.86430, 0.01858
0.86534, 0.01872
0.86639, 0.01885
0.86743, 0.01897
0.86846, 0.01910
0.86950, 0.01922
0.87053, 0.01935
0.87156, 0.01947
0.87258, 0.01959
0.87360, 0.01970
0.87462, 0.01982
0.87564, 0.01993
0.87665, 0.02004
0.87766, 0.02015
0.87867, 0.02026
0.87967, 0.02037
0.88067, 0.02048
0.88167, 0.02058
0.88266, 0.02068
0.88365, 0.02078
0.88464, 0.02088
0.88562, 0.02098
0.88660, 0.02108
0.88758, 0.02117
0.88855, 0.02127
0.88952, 0.02136
0.89049, 0.02145
0.89146, 0.02154
0.89242, 0.02163
0.89337, 0.02171
0.89433, 0.02180
0.89528, 0.02188
0.89622, 0.02197
0.89717, 0.02205
0.89811, 0.02213
0.89904, 0.02221
0.89998, 0.02229
0.90090, 0.02236
0.90183, 0.02244
0.90275, 0.02251
0.90367, 0.02259
0.90459, 0.02266
0.90550, 0.02273
0.90640, 0.02280
0.90731, 0.02287
0.90821, 0.02294
0.90910, 0.02300
0.91000, 0.02307
0.91089, 0.02314
0.91177, 0.02320
0.91265, 0.02326
0.91353, 0.02333
0.91441, 0.02339
0.91528, 0.02345
0.91614, 0.02351
0.91700, 0.02356
0.91786, 0.02362
0.91872, 0.02368
0.91957, 0.02373
0.92042, 0.02379
0.92126, 0.02384
0.92210, 0.02390
0.92293, 0.02395
0.92377, 0.02400
0.92459, 0.02405
0.92542, 0.02410
0.92624, 0.02415
0.92705, 0.02420
0.92786, 0.02425
0.92867, 0.02430
0.92947, 0.02434
0.93027, 0.02439
0.93107, 0.02443
0.93186, 0.02448
0.93265, 0.02452
0.93343, 0.02456
0.93421, 0.02461
0.93498, 0.02465
0.93576, 0.02469
0.93652, 0.02473
0.93728, 0.02477
0.93804, 0.02481
0.93880, 0.02485
0.93955, 0.02489
0.94029, 0.02493
0.94103, 0.02496
0.94177, 0.02500
0.94250, 0.02504
0.94323, 0.02507
0.94396, 0.02511
0.94468, 0.02514
0.94539, 0.02518
0.94610, 0.02521
0.94681, 0.02524
0.94751, 0.02527
0.94821, 0.02531
0.94891, 0.02534
0.94960, 0.02537
0.95028, 0.02540
0.95096, 0.02543
0.95164, 0.02546
0.95231, 0.02549
0.95298, 0.02552
0.95365, 0.02555
0.95430, 0.02558
0.95496, 0.02561
0.95561, 0.02563
0.95626, 0.02566
0.95690, 0.02569
0.95753, 0.02571
0.95817, 0.02574
0.95879, 0.02577
0.95942, 0.02579
0.96004, 0.02582
0.96065, 0.02584
0.96126, 0.02587
0.96187, 0.02589
0.96247, 0.02591
0.96306, 0.02594
0.96366, 0.02596
0.96424, 0.02598
0.96483, 0.02601
0.96540, 0.02603
0.96598, 0.02605
0.96655, 0.02607
0.96711, 0.02609
0.96767, 0.02611
0.96823, 0.02614
0.96878, 0.02616
0.96932, 0.02618
0.96986, 0.02620
0.97040, 0.02622
0.97093, 0.02624
0.97146, 0.02625
0.97198, 0.02627
0.97250, 0.02629
0.97301, 0.02631
0.97352, 0.02633
0.97402, 0.02635
0.97452, 0.02636
0.97502, 0.02638
0.97551, 0.02640
0.97599, 0.02642
0.97647, 0.02643
0.97695, 0.02645
0.97742, 0.02647
0.97788, 0.02648
0.97835, 0.02650
0.97880, 0.02651
0.97925, 0.02653
0.97970, 0.02655
0.98014, 0.02656
0.98058, 0.02658
0.98101, 0.02659
0.98144, 0.02660
0.98186, 0.02662
0.98228, 0.02663
0.98270, 0.02665
0.98310, 0.02666
0.98351, 0.02667
0.98391, 0.02669
0.98430, 0.02670
0.98469, 0.02671
0.98507, 0.02673
0.98545, 0.02674
0.98583, 0.02675
0.98620, 0.02676
0.98656, 0.02678
0.98692, 0.02679
0.98728, 0.02680
0.98763, 0.02681
0.98798, 0.02682
0.98832, 0.02683
0.98865, 0.02685
0.98898, 0.02686
0.98931, 0.02687
0.98963, 0.02688
0.98995, 0.02689
0.99026, 0.02690
0.99056, 0.02691
0.99086, 0.02692
0.99116, 0.02693
0.99145, 0.02694
0.99174, 0.02695
0.99202, 0.02695
0.99230, 0.02696
0.99257, 0.02697
0.99284, 0.02698
0.99310, 0.02699
0.99336, 0.02700
0.99361, 0.02701
0.99386, 0.02701
0.99410, 0.02702
0.99434, 0.02703
0.99457, 0.02704
0.99480, 0.02704
0.99502, 0.02705
0.99524, 0.02706
0.99545, 0.02707
0.99566, 0.02707
0.99586, 0.02708
0.99606, 0.02708
0.99625, 0.02709
0.99644, 0.02710
0.99662, 0.02710
0.99680, 0.02711
0.99697, 0.02711
0.99714, 0.02712
0.99730, 0.02712
0.99746, 0.02713
0.99761, 0.02713
0.99776, 0.02714
0.99790, 0.02714
0.99804, 0.02715
0.99817, 0.02715
0.99830, 0.02716
0.99842, 0.02716
0.99854, 0.02716
0.99865, 0.02717
0.99876, 0.02717
0.99886, 0.02717
0.99896, 0.02718
0.99905, 0.02718
0.99914, 0.02718
0.99922, 0.02719
0.99930, 0.02719
0.99937, 0.02719
0.99944, 0.02719
0.99950, 0.02720
0.99956, 0.02720
0.99961, 0.02720
0.99966, 0.02720
0.99971, 0.02720
0.99974, 0.02720
0.99978, 0.02720
0.99980, 0.02720
0.99983, 0.02721
0.99984, 0.02721
0.99985, 0.02721
0.99982, 0.02721
0.99981, 0.02721
