=== Airfoil Parameters ===
m = 0.02
p = 0.4
t = 0.12

=== Control Points ===
0.00000, 0.01651, 0.01651
0.06667, 0.02185, 0.01574
0.13333, 0.02345, 0.01234
0.20000, 0.01931, 0.00431
0.26667, 0.01308, -0.00470
0.66667, 0.00849, -0.00756
0.75000, 0.00997, -0.00322
0.83333, 0.01197, 0.00241
0.91667, 0.00975, 0.00458
1.00000, 0.00416, 0.00416

=== Upper Surface ===
0.00000, 0.01651
-0.00003, 0.01679
-0.00004, 0.01707
-0.00005, 0.01735
-0.00006, 0.01763
-0.00006, 0.01791
-0.00006, 0.01819
-0.00006, 0.01847
-0.00004, 0.01875
-0.00003, 0.01903
-0.00000, 0.01931
0.00002, 0.01959
0.00005, 0.01987
0.00009, 0.02015
0.00013, 0.02043
0.00018, 0.02071
0.00023, 0.02099
0.00029, 0.02127
0.00035, 0.02155
0.00042, 0.02183
0.00049, 0.02211
0.00057, 0.02239
0.00065, 0.02267
0.00073, 0.02295
0.00083, 0.02323
0.00092, 0.02351
0.00102, 0.02379
0.00113, 0.02407
0.00124, 0.02435
0.00136, 0.02463
0.00148, 0.02491
0.00161, 0.02519
0.00174, 0.02547
0.00187, 0.02576
0.00202, 0.02604
0.00216, 0.02632
0.00231, 0.02660
0.00247, 0.02688
0.00263, 0.02716
0.00280, 0.02744
0.00297, 0.02772
0.00314, 0.02800
0.00333, 0.02829
0.00351, 0.02857
0.00370, 0.02885
0.00390, 0.02913
0.00410, 0.02941
0.00431, 0.02969
0.00452, 0.02997
0.00473, 0.03025
0.00495, 0.03053
0.00518, 0.03082
0.00541, 0.03110
0.00565, 0.03138
0.00589, 0.03166
0.00613, 0.03194
0.00638, 0.03222
0.00664, 0.03250
0.00690, 0.03278
0.00716, 0.03306
0.00743, 0.03335
0.00771, 0.03363
0.00799, 0.03391
0.00828, 0.03419
0.00857, 0.03447
0.00886, 0.03475
0.00916, 0.03503
0.00947, 0.03531
0.00978, 0.03559
0.01009, 0.03587
0.01041, 0.03615
0.01074, 0.03643
0.01107, 0.03671
0.01140, 0.03699
0.01174, 0.03727
0.01208, 0.03755
0.01243, 0.03783
0.01279, 0.03811
0.01315, 0.03839
0.01351, 0.03867
0.01388, 0.03895
0.01426, 0.03923
0.01464, 0.03951
0.01502, 0.03979
0.01541, 0.04007
0.01580, 0.04035
0.01620, 0.04063
0.01661, 0.04091
0.01701, 0.04119
0.01743, 0.04146
0.01785, 0.04174
0.01827, 0.04202
0.01870, 0.04230
0.01913, 0.04258
0.01957, 0.04285
0.02001, 0.04313
0.02046, 0.04341
0.02092, 0.04369
0.02138, 0.04396
0.02184, 0.04424
0.02231, 0.04452
0.02278, 0.04479
0.02326, 0.04507
0.02374, 0.04534
0.02423, 0.04562
0.02472, 0.04589
0.02522, 0.04617
0.02572, 0.04644
0.02623, 0.04672
0.02674, 0.04699
0.02726, 0.04726
0.02778, 0.04754
0.02831, 0.04781
0.02884, 0.04808
0.02938, 0.04836
0.02992, 0.04863
0.03047, 0.04890
0.03102, 0.04917
0.03158, 0.04944
0.03214, 0.04971
0.03271, 0.04998
0.03328, 0.05025
0.03386, 0.05052
0.03444, 0.05079
0.03503, 0.05106
0.03562, 0.05133
0.03622, 0.05160
0.03682, 0.05187
0.03742, 0.05213
0.03804, 0.05240
0.03865, 0.05266
0.03927, 0.05293
0.03990, 0.05320
0.04053, 0.05346
0.04117, 0.05372
0.04181, 0.05399
0.04246, 0.05425
0.04311, 0.05451
0.04376, 0.05477
0.04443, 0.05504
0.04509, 0.05530
0.04576, 0.05556
0.04644, 0.05582
0.04712, 0.05608
0.04781, 0.05633
0.04850, 0.05659
0.04919, 0.05685
0.04990, 0.05710
0.05060, 0.05736
0.05131, 0.05761
0.05203, 0.05787
0.05275, 0.05812
0.05348, 0.05837
0.05421, 0.05863
0.05494, 0.05888
0.05569, 0.05913
0.05643, 0.05938
0.05718, 0.05963
0.05794, 0.05987
0.05870, 0.06012
0.05947, 0.06037
0.06024, 0.06061
0.06101, 0.06086
0.06179, 0.06110
0.06258, 0.06134
0.06337, 0.06158
0.06417, 0.06182
0.06497, 0.06206
0.06578, 0.06230
0.06659, 0.06254
0.06740, 0.06277
0.06822, 0.06301
0.06905, 0.06324
0.06988, 0.06348
0.07072, 0.06371
0.07156, 0.06394
0.07241, 0.06417
0.07326, 0.06440
0.07411, 0.06462
0.07498, 0.06485
0.07584, 0.06507
0.07671, 0.06530
0.07759, 0.06552
0.07847, 0.06574
0.07936, 0.06596
0.08025, 0.06618
0.08115, 0.06639
0.08205, 0.06661
0.08296, 0.06682
0.08387, 0.06704
0.08478, 0.06725
0.08571, 0.06746
0.08663, 0.06766
0.08757, 0.06787
0.08850, 0.06807
0.08944, 0.06828
0.09039, 0.06848
0.09134, 0.06868
0.09230, 0.06888
0.09326, 0.06907
0.09423, 0.06927
0.09520, 0.06946
0.09618, 0.06965
0.09716, 0.06984
0.09815, 0.07003
0.09915, 0.07021
0.10014, 0.07040
0.10115, 0.07058
0.10215, 0.07076
0.10317, 0.07094
0.10419, 0.07111
0.10521, 0.07129
0.10624, 0.07146
0.10727, 0.07163
0.10831, 0.07179
0.10935, 0.07196
0.11040, 0.07212
0.11145, 0.07228
0.11251, 0.07244
0.11358, 0.07260
0.11465, 0.07275
0.11572, 0.07290
0.11680, 0.07305
0.11788, 0.07320
0.11897, 0.07334
0.12007, 0.07348
0.12116, 0.07362
0.12227, 0.07376
0.12338, 0.07389
0.12449, 0.07402
0.12561, 0.07415
0.12674, 0.07427
0.12787, 0.07440
0.12900, 0.07452
0.13014, 0.07463
0.13128, 0.07475
0.13243, 0.07486
0.13359, 0.07497
0.13475, 0.07507
0.13591, 0.07517
0.13708, 0.07527
0.13825, 0.07537
0.13942, 0.07546
0.14060, 0.07555
0.14177, 0.07564
0.14296, 0.07572
0.14414, 0.07580
0.14533, 0.07588
0.14652, 0.07596
0.14772, 0.07603
0.14892, 0.07610
0.15012, 0.07616
0.15132, 0.07623
0.15253, 0.07629
0.15373, 0.07634
0.15495, 0.07640
0.15616, 0.07645
0.15738, 0.07650
0.15860, 0.07655
0.15982, 0.07659
0.16105, 0.07663
0.16227, 0.07667
0.16350, 0.07670
0.16474, 0.07674
0.16597, 0.07676
0.16721, 0.07679
0.16845, 0.07682
0.16969, 0.07684
0.17094, 0.07686
0.17218, 0.07687
0.17343, 0.07689
0.17468, 0.07690
0.17594, 0.07690
0.17719, 0.07691
0.17845, 0.07691
0.17971, 0.07691
0.18098, 0.07691
0.18224, 0.07691
0.18351, 0.07690
0.18477, 0.07689
0.18605, 0.07688
0.18732, 0.07687
0.18859, 0.07685
0.18987, 0.07683
0.19115, 0.07681
0.19243, 0.07679
0.19371, 0.07677
0.19499, 0.07674
0.19628, 0.07671
0.19756, 0.07668
0.19885, 0.07664
0.20014, 0.07661
0.20143, 0.07657
0.20273, 0.07653
0.20402, 0.07649
0.20532, 0.07645
0.20661, 0.07640
0.20791, 0.07636
0.20921, 0.07631
0.21052, 0.07626
0.21182, 0.07620
0.21313, 0.07615
0.21443, 0.07609
0.21574, 0.07604
0.21705, 0.07598
0.21836, 0.07592
0.21967, 0.07585
0.22099, 0.07579
0.22230, 0.07572
0.22362, 0.07566
0.22493, 0.07559
0.22625, 0.07552
0.22757, 0.07545
0.22889, 0.07538
0.23021, 0.07530
0.23154, 0.07523
0.23286, 0.07515
0.23419, 0.07508
0.23551, 0.07500
0.23684, 0.07492
0.23817, 0.07484
0.23949, 0.07476
0.24082, 0.07468
0.24215, 0.07459
0.24349, 0.07451
0.24482, 0.07443
0.24615, 0.07434
0.24748, 0.07425
0.24882, 0.07417
0.25015, 0.07408
0.25149, 0.07399
0.25283, 0.07390
0.25416, 0.07381
0.25550, 0.07372
0.25684, 0.07363
0.25818, 0.07354
0.25952, 0.07345
0.26086, 0.07336
0.26220, 0.07327
0.26354, 0.07318
0.26488, 0.07309
0.26622, 0.07299
0.26756, 0.07290
0.26890, 0.07281
0.27025, 0.07272
0.27159, 0.07263
0.27293, 0.07254
0.27428, 0.07244
0.27563, 0.07235
0.27698, 0.07226
0.27833, 0.07217
0.27969, 0.07208
0.28105, 0.07198
0.28241, 0.07189
0.28377, 0.07180
0.28513, 0.07171
0.28650, 0.07161
0.28787, 0.07152
0.28924, 0.07143
0.29061, 0.07134
0.29199, 0.07124
0.29336, 0.07115
0.29474, 0.07106
0.29613, 0.07097
0.29751, 0.07088
0.29889, 0.07078
0.30028, 0.07069
0.30167, 0.07060
0.30306, 0.07051
0.30446, 0.07041
0.30585, 0.07032
0.30725, 0.07023
0.30865, 0.07014
0.31006, 0.07005
0.31146, 0.06995
0.31287, 0.06986
0.31427, 0.06977
0.31568, 0.06968
0.31710, 0.06958
0.31851, 0.06949
0.31993, 0.06940
0.32135, 0.06931
0.32277, 0.06922
0.32419, 0.06913
0.32561, 0.06903
0.32704, 0.06894
0.32846, 0.06885
0.32989, 0.06876
0.33133, 0.06867
0.33276, 0.06857
0.33419, 0.06848
0.33563, 0.06839
0.33707, 0.06830
0.33851, 0.06821
0.33995, 0.06812
0.34140, 0.06803
0.34284, 0.06794
0.34429, 0.06784
0.34574, 0.06775
0.34719, 0.06766
0.34864, 0.06757
0.35010, 0.06748
0.35155, 0.06739
0.35301, 0.06730
0.35447, 0.06721
0.35593, 0.06712
0.35740, 0.06703
0.35886, 0.06694
0.36033, 0.06685
0.36179, 0.06676
0.36326, 0.06667
0.36473, 0.06658
0.36621, 0.06649
0.36768, 0.06640
0.36916, 0.06631
0.37063, 0.06622
0.37211, 0.06613
0.37359, 0.06604
0.37508, 0.06595
0.37656, 0.06586
0.37804, 0.06577
0.37953, 0.06568
0.38102, 0.06559
0.38251, 0.06550
0.38400, 0.06541
0.38549, 0.06532
0.38698, 0.06523
0.38848, 0.06514
0.38997, 0.06506
0.39147, 0.06497
0.39297, 0.06488
0.39447, 0.06479
0.39597, 0.06470
0.39747, 0.06461
0.39898, 0.06452
0.40048, 0.06444
0.40199, 0.06435
0.40350, 0.06426
0.40501, 0.06417
0.40652, 0.06408
0.40803, 0.06400
0.40954, 0.06391
0.41105, 0.06382
0.41257, 0.06373
0.41408, 0.06364
0.41560, 0.06356
0.41712, 0.06347
0.41864, 0.06338
0.42016, 0.06329
0.42168, 0.06321
0.42321, 0.06312
0.42473, 0.06303
0.42625, 0.06294
0.42778, 0.06286
0.42931, 0.06277
0.43083, 0.06268
0.43236, 0.06259
0.43389, 0.06251
0.43542, 0.06242
0.43696, 0.06233
0.43849, 0.06225
0.44002, 0.06216
0.44156, 0.06207
0.44309, 0.06199
0.44463, 0.06190
0.44616, 0.06181
0.44770, 0.06173
0.44924, 0.06164
0.45078, 0.06155
0.45232, 0.06146
0.45386, 0.06138
0.45540, 0.06129
0.45695, 0.06120
0.45849, 0.06112
0.46003, 0.06103
0.46158, 0.06094
0.46312, 0.06086
0.46467, 0.06077
0.46622, 0.06068
0.46776, 0.06060
0.46931, 0.06051
0.47086, 0.06042
0.47241, 0.06034
0.47396, 0.06025
0.47551, 0.06016
0.47706, 0.06008
0.47861, 0.05999
0.48016, 0.05990
0.48172, 0.05982
0.48327, 0.05973
0.48482, 0.05964
0.48638, 0.05956
0.48793, 0.05947
0.48948, 0.05938
0.49104, 0.05930
0.49259, 0.05921
0.49415, 0.05912
0.49571, 0.05903
0.49726, 0.05895
0.49882, 0.05886
0.50038, 0.05877
0.50193, 0.05868
0.50349, 0.05860
0.50505, 0.05851
0.50661, 0.05842
0.50817, 0.05833
0.50972, 0.05825
0.51128, 0.05816
0.51284, 0.05807
0.51440, 0.05798
0.51596, 0.05789
0.51752, 0.05781
0.51908, 0.05772
0.52064, 0.05763
0.52220, 0.05754
0.52376, 0.05745
0.52532, 0.05736
0.52688, 0.05727
0.52844, 0.05718
0.52999, 0.05709
0.53155, 0.05701
0.53311, 0.05692
0.53467, 0.05683
0.53623, 0.05674
0.53779, 0.05665
0.53935, 0.05656
0.54091, 0.05647
0.54247, 0.05638
0.54403, 0.05629
0.54559, 0.05619
0.54715, 0.05610
0.54870, 0.05601
0.55026, 0.05592
0.55182, 0.05583
0.55338, 0.05574
0.55493, 0.05565
0.55649, 0.05556
0.55805, 0.05546
0.55960, 0.05537
0.56116, 0.05528
0.56271, 0.05519
0.56427, 0.05509
0.56582, 0.05500
0.56738, 0.05491
0.56893, 0.05481
0.57049, 0.05472
0.57204, 0.05463
0.57359, 0.05453
0.57514, 0.05444
0.57669, 0.05434
0.57825, 0.05425
0.57980, 0.05415
0.58135, 0.05406
0.58289, 0.05396
0.58444, 0.05387
0.58599, 0.05377
0.58754, 0.05367
0.58909, 0.05358
0.59063, 0.05348
0.59218, 0.05338
0.59372, 0.05329
0.59527, 0.05319
0.59681, 0.05309
0.59835, 0.05299
0.59989, 0.05289
0.60143, 0.05279
0.60297, 0.05270
0.60451, 0.05260
0.60605, 0.05250
0.60759, 0.05240
0.60912, 0.05230
0.61066, 0.05220
0.61220, 0.05210
0.61373, 0.05199
0.61526, 0.05189
0.61679, 0.05179
0.61832, 0.05169
0.61985, 0.05159
0.62138, 0.05148
0.62291, 0.05138
0.62444, 0.05128
0.62596, 0.05117
0.62749, 0.05107
0.62901, 0.05096
0.63053, 0.05086
0.63206, 0.05075
0.63358, 0.05065
0.63510, 0.05054
0.63661, 0.05044
0.63813, 0.05033
0.63965, 0.05022
0.64116, 0.05012
0.64267, 0.05001
0.64418, 0.04990
0.64569, 0.04979
0.64720, 0.04968
0.64871, 0.04957
0.65022, 0.04946
0.65172, 0.04935
0.65323, 0.04924
0.65473, 0.04913
0.65623, 0.04902
0.65773, 0.04891
0.65923, 0.04880
0.66072, 0.04869
0.66222, 0.04857
0.66371, 0.04846
0.66520, 0.04835
0.66669, 0.04823
0.66818, 0.04812
0.66967, 0.04800
0.67115, 0.04789
0.67263, 0.04777
0.67411, 0.04766
0.67559, 0.04754
0.67706, 0.04743
0.67854, 0.04731
0.68001, 0.04719
0.68148, 0.04708
0.68294, 0.04696
0.68441, 0.04684
0.68587, 0.04672
0.68733, 0.04661
0.68878, 0.04649
0.69024, 0.04637
0.69169, 0.04625
0.69314, 0.04613
0.69459, 0.04602
0.69604, 0.04590
0.69748, 0.04578
0.69892, 0.04566
0.70036, 0.04554
0.70179, 0.04543
0.70323, 0.04531
0.70466, 0.04519
0.70609, 0.04507
0.70752, 0.04496
0.70894, 0.04484
0.71036, 0.04472
0.71178, 0.04460
0.71320, 0.04449
0.71461, 0.04437
0.71602, 0.04425
0.71743, 0.04414
0.71884, 0.04402
0.72025, 0.04390
0.72165, 0.04379
0.72305, 0.04367
0.72445, 0.04356
0.72584, 0.04344
0.72723, 0.04333
0.72862, 0.04322
0.73001, 0.04310
0.73140, 0.04299
0.73278, 0.04288
0.73416, 0.04277
0.73553, 0.04265
0.73691, 0.04254
0.73828, 0.04243
0.73965, 0.04232
0.74102, 0.04221
0.74238, 0.04210
0.74374, 0.04199
0.74510, 0.04189
0.74646, 0.04178
0.74781, 0.04167
0.74917, 0.04157
0.75052, 0.04146
0.75186, 0.04135
0.75321, 0.04125
0.75456, 0.04114
0.75590, 0.04104
0.75724, 0.04094
0.75858, 0.04083
0.75992, 0.04073
0.76126, 0.04063
0.76259, 0.04053
0.76393, 0.04043
0.76526, 0.04032
0.76659, 0.04022
0.76791, 0.04012
0.76924, 0.04002
0.77057, 0.03992
0.77189, 0.03982
0.77321, 0.03972
0.77453, 0.03962
0.77584, 0.03952
0.77716, 0.03942
0.77847, 0.03932
0.77978, 0.03921
0.78109, 0.03911
0.78239, 0.03901
0.78370, 0.03891
0.78500, 0.03881
0.78630, 0.03871
0.78760, 0.03860
0.78889, 0.03850
0.79018, 0.03840
0.79147, 0.03829
0.79276, 0.03819
0.79405, 0.03809
0.79533, 0.03798
0.79661, 0.03788
0.79789, 0.03777
0.79917, 0.03766
0.80044, 0.03756
0.80171, 0.03745
0.80298, 0.03734
0.80424, 0.03723
0.80551, 0.03712
0.80677, 0.03701
0.80802, 0.03690
0.80928, 0.03679
0.81053, 0.03668
0.81178, 0.03656
0.81303, 0.03645
0.81427, 0.03634
0.81551, 0.03622
0.81675, 0.03610
0.81799, 0.03599
0.81922, 0.03587
0.82045, 0.03575
0.82167, 0.03563
0.82290, 0.03551
0.82412, 0.03539
0.82534, 0.03527
0.82655, 0.03514
0.82776, 0.03502
0.82897, 0.03489
0.83018, 0.03477
0.83138, 0.03464
0.83258, 0.03451
0.83377, 0.03438
0.83497, 0.03425
0.83615, 0.03412
0.83734, 0.03398
0.83852, 0.03385
0.83970, 0.03372
0.84087, 0.03358
0.84204, 0.03344
0.84320, 0.03331
0.84437, 0.03317
0.84552, 0.03303
0.84668, 0.03289
0.84783, 0.03275
0.84897, 0.03261
0.85012, 0.03246
0.85126, 0.03232
0.85239, 0.03218
0.85352, 0.03203
0.85465, 0.03189
0.85577, 0.03174
0.85689, 0.03159
0.85800, 0.03145
0.85912, 0.03130
0.86022, 0.03115
0.86133, 0.03100
0.86242, 0.03085
0.86352, 0.03070
0.86461, 0.03055
0.86570, 0.03040
0.86678, 0.03025
0.86786, 0.03010
0.86894, 0.02994
0.87001, 0.02979
0.87108, 0.02964
0.87214, 0.02948
0.87320, 0.02933
0.87426, 0.02917
0.87531, 0.02902
0.87636, 0.02886
0.87740, 0.02871
0.87844, 0.02855
0.87947, 0.02839
0.88051, 0.02824
0.88153, 0.02808
0.88256, 0.02792
0.88358, 0.02777
0.88459, 0.02761
0.88560, 0.02745
0.88661, 0.02729
0.88761, 0.02713
0.88861, 0.02698
0.88961, 0.02682
0.89060, 0.02666
0.89158, 0.02650
0.89257, 0.02634
0.89355, 0.02618
0.89452, 0.02602
0.89549, 0.02587
0.89646, 0.02571
0.89742, 0.02555
0.89838, 0.02539
0.89933, 0.02523
0.90028, 0.02507
0.90123, 0.02491
0.90217, 0.02475
0.90310, 0.02459
0.90404, 0.02444
0.90497, 0.02428
0.90589, 0.02412
0.90681, 0.02396
0.90773, 0.02380
0.90864, 0.02364
0.90955, 0.02349
0.91045, 0.02333
0.91135, 0.02317
0.91224, 0.02301
0.91314, 0.02285
0.91402, 0.02270
0.91490, 0.02254
0.91578, 0.02238
0.91666, 0.02223
0.91753, 0.02207
0.91839, 0.02192
0.91925, 0.02176
0.92011, 0.02161
0.92096, 0.02145
0.92181, 0.02130
0.92265, 0.02114
0.92349, 0.02099
0.92433, 0.02083
0.92516, 0.02068
0.92599, 0.02053
0.92681, 0.02038
0.92763, 0.02022
0.92844, 0.02007
0.92925, 0.01992
0.93006, 0.01977
0.93086, 0.01962
0.93165, 0.01947
0.93245, 0.01932
0.93323, 0.01917
0.93402, 0.01902
0.93480, 0.01887
0.93557, 0.01873
0.93634, 0.01858
0.93711, 0.01843
0.93787, 0.01828
0.93862, 0.01814
0.93938, 0.01799
0.94013, 0.01785
0.94087, 0.01771
0.94161, 0.01756
0.94234, 0.01742
0.94307, 0.01728
0.94380, 0.01713
0.94452, 0.01699
0.94524, 0.01685
0.94595, 0.01671
0.94666, 0.01657
0.94737, 0.01643
0.94806, 0.01630
0.94876, 0.01616
0.94945, 0.01602
0.95014, 0.01589
0.95082, 0.01575
0.95149, 0.01561
0.95217, 0.01548
0.95284, 0.01535
0.95350, 0.01521
0.95416, 0.01508
0.95481, 0.01495
0.95546, 0.01482
0.95611, 0.01469
0.95675, 0.01456
0.95739, 0.01443
0.95802, 0.01430
0.95864, 0.01418
0.95927, 0.01405
0.95989, 0.01392
0.96050, 0.01380
0.96111, 0.01367
0.96171, 0.01355
0.96231, 0.01343
0.96291, 0.01331
0.96350, 0.01318
0.96409, 0.01306
0.96467, 0.01295
0.96524, 0.01283
0.96582, 0.01271
0.96639, 0.01259
0.96695, 0.01247
0.96751, 0.01236
0.96806, 0.01224
0.96861, 0.01213
0.96916, 0.01202
0.96970, 0.01191
0.97023, 0.01179
0.97076, 0.01168
0.97129, 0.01157
0.97181, 0.01146
0.97233, 0.01136
0.97284, 0.01125
0.97335, 0.01114
0.97385, 0.01104
0.97435, 0.01093
0.97484, 0.01083
0.97533, 0.01073
0.97582, 0.01063
0.97630, 0.01052
0.97677, 0.01042
0.97724, 0.01033
0.97771, 0.01023
0.97817, 0.01013
0.97862, 0.01003
0.97908, 0.00994
0.97952, 0.00984
0.97996, 0.00975
0.98040, 0.00966
0.98083, 0.00957
0.98126, 0.00947
0.98169, 0.00938
0.98210, 0.00930
0.98252, 0.00921
0.98293, 0.00912
0.98333, 0.00903
0.98373, 0.00895
0.98413, 0.00887
0.98452, 0.00878
0.98490, 0.00870
0.98528, 0.00862
0.98566, 0.00854
0.98603, 0.00846
0.98639, 0.00838
0.98676, 0.00830
0.98711, 0.00823
0.98746, 0.00815
0.98781, 0.00808
0.98815, 0.00800
0.98849, 0.00793
0.98882, 0.00786
0.98915, 0.00779
0.98947, 0.00772
0.98979, 0.00765
0.99011, 0.00758
0.99042, 0.00752
0.99072, 0.00745
0.99102, 0.00739
0.99131, 0.00732
0.99160, 0.00726
0.99189, 0.00720
0.99217, 0.00714
0.99244, 0.00708
0.99271, 0.00702
0.99298, 0.00696
0.99324, 0.00691
0.99349, 0.00685
0.99375, 0.00680
0.99399, 0.00674
0.99423, 0.00669
0.99447, 0.00664
0.99470, 0.00659
0.99493, 0.00654
0.99515, 0.00649
0.99537, 0.00645
0.99558, 0.00640
0.99579, 0.00635
0.99599, 0.00631
0.99619, 0.00627
0.99638, 0.00623
0.99657, 0.00619
0.99675, 0.00615
0.99693, 0.00611
0.99710, 0.00607
0.99727, 0.00603
0.99743, 0.00600
0.99759, 0.00596
0.99775, 0.00593
0.99790, 0.00590
0.99804, 0.00586
0.99818, 0.00583
0.99831, 0.00581
0.99844, 0.00578
0.99857, 0.00575
0.99869, 0.00572
0.99880, 0.00570
0.99891, 0.00567
0.99902, 0.00565
0.99912, 0.00563
0.99921, 0.00561
0.99930, 0.00559
0.99939, 0.00557
0.99947, 0.00555
0.99955, 0.00554
0.99962, 0.00552
0.99968, 0.00551
0.99974, 0.00549
0.99980, 0.00548
0.99985, 0.00547
0.99990, 0.00546
0.99994, 0.00545
0.99998, 0.00544
1.00001, 0.00544
1.00003, 0.00543
1.00006, 0.00543
1.00007, 0.00542
1.00009, 0.00542
1.00012, 0.00541
1.00014, 0.00541

=== Lower Surface ===
0.00000, 0.01651
0.00004, 0.01624
0.00006, 0.01596
0.00010, 0.01568
0.00014, 0.01541
0.00019, 0.01513
0.00024, 0.01486
0.00030, 0.01458
0.00036, 0.01431
0.00043, 0.01404
0.00050, 0.01377
0.00058, 0.01350
0.00066, 0.01323
0.00074, 0.01296
0.00084, 0.01269
0.00093, 0.01242
0.00103, 0.01216
0.00114, 0.01189
0.00125, 0.01163
0.00137, 0.01136
0.00149, 0.01110
0.00161, 0.01084
0.00174, 0.01058
0.00188, 0.01032
0.00202, 0.01006
0.00217, 0.00980
0.00232, 0.00954
0.00247, 0.00928
0.00263, 0.00903
0.00280, 0.00877
0.00297, 0.00852
0.00314, 0.00827
0.00332, 0.00801
0.00351, 0.00776
0.00369, 0.00751
0.00389, 0.00726
0.00409, 0.00701
0.00429, 0.00676
0.00450, 0.00651
0.00471, 0.00627
0.00493, 0.00602
0.00516, 0.00578
0.00538, 0.00553
0.00562, 0.00529
0.00585, 0.00505
0.00610, 0.00481
0.00634, 0.00457
0.00660, 0.00433
0.00685, 0.00409
0.00712, 0.00385
0.00738, 0.00361
0.00765, 0.00337
0.00793, 0.00314
0.00821, 0.00290
0.00850, 0.00267
0.00879, 0.00244
0.00908, 0.00221
0.00938, 0.00198
0.00969, 0.00174
0.01000, 0.00152
0.01031, 0.00129
0.01063, 0.00106
0.01096, 0.00083
0.01129, 0.00061
0.01162, 0.00038
0.01196, 0.00016
0.01230, -0.00007
0.01265, -0.00029
0.01300, -0.00051
0.01336, -0.00073
0.01372, -0.00095
0.01409, -0.00117
0.01446, -0.00139
0.01483, -0.00160
0.01522, -0.00182
0.01560, -0.00203
0.01599, -0.00225
0.01639, -0.00246
0.01678, -0.00267
0.01719, -0.00289
0.01760, -0.00310
0.01801, -0.00331
0.01843, -0.00352
0.01885, -0.00372
0.01928, -0.00393
0.01971, -0.00414
0.02015, -0.00434
0.02059, -0.00455
0.02103, -0.00475
0.02148, -0.00496
0.02194, -0.00516
0.02240, -0.00536
0.02286, -0.00556
0.02333, -0.00576
0.02380, -0.00596
0.02428, -0.00615
0.02476, -0.00635
0.02525, -0.00655
0.02574, -0.00674
0.02623, -0.00694
0.02673, -0.00713
0.02724, -0.00732
0.02775, -0.00751
0.02826, -0.00770
0.02878, -0.00789
0.02930, -0.00808
0.02983, -0.00827
0.03036, -0.00846
0.03089, -0.00864
0.03143, -0.00883
0.03198, -0.00901
0.03252, -0.00920
0.03308, -0.00938
0.03363, -0.00956
0.03420, -0.00974
0.03476, -0.00992
0.03533, -0.01010
0.03591, -0.01028
0.03648, -0.01046
0.03707, -0.01064
0.03765, -0.01081
0.03825, -0.01099
0.03884, -0.01116
0.03944, -0.01134
0.04004, -0.01151
0.04065, -0.01168
0.04126, -0.01186
0.04188, -0.01203
0.04250, -0.01220
0.04313, -0.01236
0.04376, -0.01253
0.04439, -0.01270
0.04503, -0.01287
0.04567, -0.01303
0.04631, -0.01320
0.04696, -0.01336
0.04761, -0.01353
0.04827, -0.01369
0.04893, -0.01385
0.04960, -0.01401
0.05027, -0.01418
0.05094, -0.01434
0.05162, -0.01449
0.05230, -0.01465
0.05299, -0.01481
0.05367, -0.01497
0.05437, -0.01513
0.05506, -0.01528
0.05577, -0.01544
0.05647, -0.01559
0.05718, -0.01575
0.05789, -0.01590
0.05861, -0.01605
0.05933, -0.01620
0.06005, -0.01636
0.06078, -0.01651
0.06151, -0.01666
0.06224, -0.01681
0.06298, -0.01696
0.06372, -0.01710
0.06447, -0.01725
0.06522, -0.01740
0.06597, -0.01755
0.06673, -0.01769
0.06749, -0.01784
0.06825, -0.01799
0.06902, -0.01813
0.06979, -0.01827
0.07057, -0.01842
0.07135, -0.01856
0.07213, -0.01870
0.07291, -0.01885
0.07370, -0.01899
0.07449, -0.01913
0.07529, -0.01927
0.07609, -0.01941
0.07689, -0.01955
0.07770, -0.01969
0.07851, -0.01983
0.07932, -0.01997
0.08013, -0.02011
0.08095, -0.02025
0.08178, -0.02039
0.08260, -0.02053
0.08343, -0.02067
0.08426, -0.02080
0.08510, -0.02094
0.08594, -0.02108
0.08678, -0.02122
0.08762, -0.02135
0.08847, -0.02149
0.08932, -0.02163
0.09018, -0.02176
0.09103, -0.02190
0.09189, -0.02204
0.09276, -0.02217
0.09362, -0.02231
0.09449, -0.02244
0.09537, -0.02258
0.09624, -0.02271
0.09712, -0.02285
0.09800, -0.02299
0.09889, -0.02312
0.09977, -0.02326
0.10066, -0.02339
0.10156, -0.02353
0.10245, -0.02366
0.10335, -0.02380
0.10425, -0.02394
0.10516, -0.02407
0.10606, -0.02421
0.10697, -0.02435
0.10789, -0.02448
0.10880, -0.02462
0.10972, -0.02476
0.11064, -0.02490
0.11156, -0.02503
0.11249, -0.02517
0.11342, -0.02531
0.11435, -0.02545
0.11528, -0.02559
0.11622, -0.02573
0.11716, -0.02587
0.11810, -0.02601
0.11904, -0.02615
0.11999, -0.02629
0.12094, -0.02643
0.12189, -0.02657
0.12284, -0.02672
0.12380, -0.02686
0.12476, -0.02700
0.12572, -0.02715
0.12668, -0.02729
0.12765, -0.02744
0.12861, -0.02759
0.12958, -0.02773
0.13055, -0.02788
0.13153, -0.02803
0.13251, -0.02818
0.13349, -0.02833
0.13447, -0.02848
0.13546, -0.02863
0.13645, -0.02879
0.13745, -0.02894
0.13845, -0.02909
0.13945, -0.02925
0.14046, -0.02941
0.14147, -0.02956
0.14249, -0.02972
0.14351, -0.02988
0.14453, -0.03004
0.14556, -0.03020
0.14660, -0.03036
0.14763, -0.03052
0.14867, -0.03068
0.14972, -0.03085
0.15077, -0.03101
0.15182, -0.03117
0.15288, -0.03134
0.15394, -0.03151
0.15500, -0.03167
0.15607, -0.03184
0.15715, -0.03201
0.15823, -0.03218
0.15931, -0.03235
0.16040, -0.03252
0.16149, -0.03269
0.16258, -0.03286
0.16368, -0.03303
0.16478, -0.03320
0.16589, -0.03338
0.16700, -0.03355
0.16812, -0.03373
0.16924, -0.03390
0.17037, -0.03408
0.17150, -0.03425
0.17263, -0.03443
0.17377, -0.03461
0.17491, -0.03478
0.17606, -0.03496
0.17721, -0.03514
0.17836, -0.03532
0.17952, -0.03550
0.18069, -0.03568
0.18186, -0.03586
0.18303, -0.03604
0.18421, -0.03622
0.18539, -0.03640
0.18658, -0.03658
0.18777, -0.03676
0.18896, -0.03695
0.19016, -0.03713
0.19137, -0.03731
0.19258, -0.03749
0.19379, -0.03768
0.19501, -0.03786
0.19623, -0.03804
0.19745, -0.03822
0.19868, -0.03841
0.19992, -0.03859
0.20116, -0.03877
0.20240, -0.03896
0.20365, -0.03914
0.20490, -0.03932
0.20616, -0.03950
0.20742, -0.03969
0.20868, -0.03987
0.20995, -0.04005
0.21123, -0.04023
0.21251, -0.04041
0.21379, -0.04059
0.21508, -0.04077
0.21637, -0.04095
0.21766, -0.04113
0.21896, -0.04131
0.22027, -0.04149
0.22158, -0.04167
0.22289, -0.04185
0.22421, -0.04203
0.22553, -0.04220
0.22686, -0.04238
0.22819, -0.04255
0.22952, -0.04273
0.23086, -0.04290
0.23221, -0.04308
0.23356, -0.04325
0.23491, -0.04342
0.23627, -0.04359
0.23763, -0.04376
0.23899, -0.04393
0.24036, -0.04410
0.24174, -0.04426
0.24312, -0.04443
0.24450, -0.04459
0.24589, -0.04475
0.24728, -0.04491
0.24868, -0.04507
0.25008, -0.04523
0.25148, -0.04539
0.25289, -0.04555
0.25431, -0.04570
0.25572, -0.04585
0.25715, -0.04601
0.25857, -0.04615
0.26000, -0.04630
0.26144, -0.04645
0.26288, -0.04659
0.26432, -0.04674
0.26576, -0.04688
0.26721, -0.04701
0.26866, -0.04715
0.27011, -0.04728
0.27156, -0.04742
0.27301, -0.04755
0.27447, -0.04768
0.27593, -0.04780
0.27739, -0.04793
0.27886, -0.04805
0.28032, -0.04817
0.28179, -0.04829
0.28326, -0.04840
0.28473, -0.04852
0.28620, -0.04863
0.28768, -0.04874
0.28916, -0.04885
0.29064, -0.04896
0.29212, -0.04906
0.29360, -0.04916
0.29509, -0.04926
0.29658, -0.04936
0.29807, -0.04946
0.29956, -0.04955
0.30105, -0.04964
0.30254, -0.04974
0.30404, -0.04982
0.30554, -0.04991
0.30704, -0.05000
0.30854, -0.05008
0.31005, -0.05016
0.31155, -0.05024
0.31306, -0.05031
0.31457, -0.05039
0.31608, -0.05046
0.31759, -0.05053
0.31911, -0.05060
0.32062, -0.05067
0.32214, -0.05073
0.32366, -0.05080
0.32518, -0.05086
0.32670, -0.05092
0.32822, -0.05098
0.32975, -0.05103
0.33127, -0.05109
0.33280, -0.05114
0.33433, -0.05119
0.33586, -0.05123
0.33739, -0.05128
0.33893, -0.05132
0.34046, -0.05137
0.34200, -0.05141
0.34354, -0.05145
0.34508, -0.05148
0.34662, -0.05152
0.34816, -0.05155
0.34970, -0.05158
0.35124, -0.05161
0.35279, -0.05164
0.35434, -0.05166
0.35588, -0.05169
0.35743, -0.05171
0.35898, -0.05173
0.36053, -0.05175
0.36209, -0.05176
0.36364, -0.05178
0.36520, -0.05179
0.36675, -0.05180
0.36831, -0.05181
0.36987, -0.05182
0.37143, -0.05182
0.37299, -0.05183
0.37455, -0.05183
0.37611, -0.05183
0.37767, -0.05183
0.37924, -0.05182
0.38080, -0.05182
0.38237, -0.05181
0.38393, -0.05180
0.38550, -0.05179
0.38707, -0.05178
0.38864, -0.05177
0.39021, -0.05175
0.39178, -0.05174
0.39335, -0.05172
0.39492, -0.05170
0.39650, -0.05168
0.39807, -0.05165
0.39965, -0.05163
0.40122, -0.05160
0.40280, -0.05157
0.40437, -0.05154
0.40595, -0.05151
0.40753, -0.05148
0.40911, -0.05144
0.41069, -0.05141
0.41227, -0.05137
0.41385, -0.05133
0.41543, -0.05129
0.41701, -0.05125
0.41859, -0.05120
0.42018, -0.05116
0.42176, -0.05111
0.42334, -0.05106
0.42493, -0.05101
0.42651, -0.05096
0.42810, -0.05090
0.42968, -0.05085
0.43127, -0.05079
0.43285, -0.05073
0.43444, -0.05068
0.43603, -0.05061
0.43761, -0.05055
0.43920, -0.05049
0.44079, -0.05042
0.44238, -0.05036
0.44397, -0.05029
0.44555, -0.05022
0.44714, -0.05015
0.44873, -0.05008
0.45032, -0.05001
0.45191, -0.04993
0.45350, -0.04986
0.45509, -0.04978
0.45668, -0.04970
0.45827, -0.04962
0.45986, -0.04954
0.46145, -0.04946
0.46304, -0.04937
0.46463, -0.04929
0.46622, -0.04920
0.46781, -0.04911
0.46940, -0.04902
0.47099, -0.04893
0.47259, -0.04884
0.47418, -0.04875
0.47577, -0.04866
0.47736, -0.04856
0.47895, -0.04847
0.48054, -0.04837
0.48213, -0.04827
0.48372, -0.04817
0.48531, -0.04807
0.48690, -0.04797
0.48849, -0.04787
0.49008, -0.04776
0.49167, -0.04766
0.49325, -0.04755
0.49484, -0.04745
0.49643, -0.04734
0.49802, -0.04723
0.49961, -0.04712
0.50120, -0.04701
0.50278, -0.04689
0.50437, -0.04678
0.50596, -0.04667
0.50754, -0.04655
0.50913, -0.04643
0.51072, -0.04632
0.51230, -0.04620
0.51389, -0.04608
0.51547, -0.04596
0.51705, -0.04584
0.51864, -0.04572
0.52022, -0.04559
0.52180, -0.04547
0.52339, -0.04535
0.52497, -0.04522
0.52655, -0.04509
0.52813, -0.04497
0.52971, -0.04484
0.53129, -0.04471
0.53287, -0.04458
0.53445, -0.04445
0.53602, -0.04432
0.53760, -0.04419
0.53918, -0.04405
0.54075, -0.04392
0.54233, -0.04379
0.54390, -0.04365
0.54548, -0.04352
0.54705, -0.04338
0.54862, -0.04324
0.55019, -0.04310
0.55176, -0.04297
0.55334, -0.04283
0.55490, -0.04269
0.55647, -0.04255
0.55804, -0.04241
0.55961, -0.04226
0.56117, -0.04212
0.56274, -0.04198
0.56430, -0.04184
0.56587, -0.04169
0.56743, -0.04155
0.56899, -0.04140
0.57055, -0.04126
0.57211, -0.04111
0.57367, -0.04096
0.57523, -0.04081
0.57679, -0.04067
0.57834, -0.04052
0.57990, -0.04037
0.58145, -0.04022
0.58300, -0.04007
0.58456, -0.03992
0.58611, -0.03977
0.58766, -0.03962
0.58921, -0.03947
0.59075, -0.03931
0.59230, -0.03916
0.59385, -0.03901
0.59539, -0.03886
0.59693, -0.03870
0.59847, -0.03855
0.60002, -0.03839
0.60156, -0.03824
0.60309, -0.03808
0.60463, -0.03793
0.60617, -0.03777
0.60770, -0.03762
0.60924, -0.03746
0.61077, -0.03731
0.61230, -0.03715
0.61383, -0.03699
0.61536, -0.03683
0.61688, -0.03668
0.61841, -0.03652
0.61993, -0.03636
0.62146, -0.03620
0.62298, -0.03604
0.62450, -0.03589
0.62602, -0.03573
0.62754, -0.03557
0.62905, -0.03541
0.63057, -0.03525
0.63208, -0.03509
0.63359, -0.03493
0.63510, -0.03477
0.63661, -0.03461
0.63812, -0.03445
0.63962, -0.03429
0.64113, -0.03413
0.64263, -0.03397
0.64413, -0.03381
0.64563, -0.03365
0.64713, -0.03349
0.64863, -0.03333
0.65012, -0.03317
0.65161, -0.03301
0.65310, -0.03285
0.65459, -0.03269
0.65608, -0.03253
0.65757, -0.03237
0.65905, -0.03221
0.66054, -0.03205
0.66202, -0.03188
0.66350, -0.03172
0.66498, -0.03156
0.66645, -0.03140
0.66793, -0.03124
0.66940, -0.03108
0.67088, -0.03092
0.67235, -0.03076
0.67382, -0.03060
0.67528, -0.03044
0.67675, -0.03028
0.67822, -0.03012
0.67968, -0.02996
0.68115, -0.02980
0.68261, -0.02964
0.68407, -0.02948
0.68553, -0.02932
0.68699, -0.02916
0.68844, -0.02900
0.68990, -0.02884
0.69135, -0.02868
0.69281, -0.02852
0.69426, -0.02836
0.69571, -0.02819
0.69715, -0.02803
0.69860, -0.02787
0.70005, -0.02771
0.70149, -0.02755
0.70293, -0.02738
0.70437, -0.02722
0.70581, -0.02706
0.70725, -0.02689
0.70868, -0.02673
0.71011, -0.02656
0.71154, -0.02640
0.71297, -0.02624
0.71440, -0.02607
0.71583, -0.02590
0.71725, -0.02574
0.71867, -0.02557
0.72010, -0.02541
0.72151, -0.02524
0.72293, -0.02507
0.72435, -0.02490
0.72576, -0.02473
0.72717, -0.02457
0.72858, -0.02440
0.72998, -0.02423
0.73139, -0.02406
0.73279, -0.02389
0.73419, -0.02371
0.73559, -0.02354
0.73699, -0.02337
0.73838, -0.02320
0.73977, -0.02303
0.74117, -0.02285
0.74255, -0.02268
0.74394, -0.02250
0.74532, -0.02233
0.74670, -0.02215
0.74808, -0.02197
0.74946, -0.02180
0.75083, -0.02162
0.75220, -0.02144
0.75357, -0.02126
0.75494, -0.02108
0.75630, -0.02090
0.75766, -0.02072
0.75901, -0.02054
0.76036, -0.02036
0.76171, -0.02018
0.76305, -0.02000
0.76439, -0.01982
0.76573, -0.01964
0.76706, -0.01945
0.76839, -0.01927
0.76972, -0.01909
0.77104, -0.01891
0.77236, -0.01873
0.77367, -0.01855
0.77499, -0.01837
0.77630, -0.01818
0.77760, -0.01800
0.77890, -0.01782
0.78020, -0.01764
0.78150, -0.01746
0.78279, -0.01728
0.78408, -0.01710
0.78536, -0.01692
0.78664, -0.01674
0.78792, -0.01657
0.78920, -0.01639
0.79047, -0.01621
0.79173, -0.01603
0.79300, -0.01586
0.79426, -0.01568
0.79552, -0.01551
0.79677, -0.01533
0.79802, -0.01516
0.79927, -0.01499
0.80051, -0.01482
0.80175, -0.01465
0.80299, -0.01448
0.80422, -0.01431
0.80545, -0.01414
0.80668, -0.01397
0.80790, -0.01381
0.80912, -0.01364
0.81034, -0.01348
0.81155, -0.01331
0.81276, -0.01315
0.81397, -0.01299
0.81517, -0.01283
0.81637, -0.01267
0.81757, -0.01251
0.81876, -0.01235
0.81995, -0.01220
0.82113, -0.01204
0.82232, -0.01189
0.82350, -0.01174
0.82467, -0.01159
0.82584, -0.01144
0.82701, -0.01129
0.82818, -0.01114
0.82934, -0.01100
0.83050, -0.01085
0.83165, -0.01071
0.83280, -0.01057
0.83395, -0.01043
0.83510, -0.01029
0.83624, -0.01015
0.83738, -0.01002
0.83852, -0.00988
0.83965, -0.00975
0.84078, -0.00961
0.84191, -0.00948
0.84304, -0.00935
0.84416, -0.00923
0.84528, -0.00910
0.84640, -0.00897
0.84751, -0.00885
0.84862, -0.00873
0.84973, -0.00860
0.85083, -0.00848
0.85193, -0.00836
0.85303, -0.00824
0.85413, -0.00813
0.85522, -0.00801
0.85631, -0.00790
0.85739, -0.00778
0.85847, -0.00767
0.85955, -0.00756
0.86063, -0.00745
0.86170, -0.00734
0.86277, -0.00723
0.86384, -0.00712
0.86490, -0.00702
0.86596, -0.00691
0.86702, -0.00681
0.86807, -0.00670
0.86912, -0.00660
0.87017, -0.00650
0.87121, -0.00640
0.87225, -0.00630
0.87329, -0.00620
0.87432, -0.00610
0.87535, -0.00601
0.87638, -0.00591
0.87740, -0.00582
0.87842, -0.00572
0.87944, -0.00563
0.88045, -0.00554
0.88146, -0.00545
0.88247, -0.00536
0.88347, -0.00527
0.88447, -0.00518
0.88546, -0.00509
0.88646, -0.00500
0.88744, -0.00492
0.88843, -0.00483
0.88941, -0.00475
0.89039, -0.00466
0.89136, -0.00458
0.89233, -0.00450
0.89330, -0.00442
0.89426, -0.00434
0.89522, -0.00426
0.89617, -0.00418
0.89713, -0.00410
0.89807, -0.00402
0.89902, -0.00394
0.89996, -0.00387
0.90089, -0.00379
0.90183, -0.00372
0.90276, -0.00364
0.90368, -0.00357
0.90460, -0.00350
0.90552, -0.00342
0.90643, -0.00335
0.90734, -0.00328
0.90825, -0.00321
0.90915, -0.00314
0.91005, -0.00307
0.91095, -0.00300
0.91184, -0.00293
0.91272, -0.00287
0.91361, -0.00280
0.91448, -0.00273
0.91536, -0.00267
0.91623, -0.00260
0.91710, -0.00254
0.91796, -0.00248
0.91882, -0.00241
0.91967, -0.00235
0.92052, -0.00229
0.92137, -0.00222
0.92221, -0.00216
0.92305, -0.00210
0.92389, -0.00204
0.92472, -0.00198
0.92554, -0.00192
0.92637, -0.00187
0.92718, -0.00181
0.92800, -0.00175
0.92881, -0.00169
0.92961, -0.00164
0.93041, -0.00158
0.93121, -0.00152
0.93200, -0.00147
0.93279, -0.00141
0.93358, -0.00136
0.93436, -0.00131
0.93514, -0.00125
0.93591, -0.00120
0.93668, -0.00115
0.93744, -0.00109
0.93820, -0.00104
0.93895, -0.00099
0.93970, -0.00094
0.94045, -0.00089
0.94119, -0.00084
0.94193, -0.00079
0.94266, -0.00074
0.94339, -0.00069
0.94412, -0.00064
0.94484, -0.00060
0.94556, -0.00055
0.94627, -0.00050
0.94697, -0.00045
0.94768, -0.00041
0.94838, -0.00036
0.94907, -0.00032
0.94976, -0.00027
0.95045, -0.00023
0.95113, -0.00018
0.95180, -0.00014
0.95248, -0.00009
0.95314, -0.00005
0.95381, -0.00001
0.95447, 0.00004
0.95512, 0.00008
0.95577, 0.00012
0.95642, 0.00016
0.95706, 0.00020
0.95769, 0.00025
0.95832, 0.00029
0.95895, 0.00033
0.95957, 0.00037
0.96019, 0.00041
0.96081, 0.00044
0.96142, 0.00048
0.96202, 0.00052
0.96262, 0.00056
0.96322, 0.00060
0.96381, 0.00064
0.96439, 0.00067
0.96497, 0.00071
0.96555, 0.00075
0.96612, 0.00078
0.96669, 0.00082
0.96725, 0.00085
0.96781, 0.00089
0.96837, 0.00093
0.96892, 0.00096
0.96946, 0.00099
0.97000, 0.00103
0.97054, 0.00106
0.97107, 0.00110
0.97159, 0.00113
0.97211, 0.00116
0.97263, 0.00119
0.97314, 0.00123
0.97365, 0.00126
0.97415, 0.00129
0.97465, 0.00132
0.97514, 0.00135
0.97563, 0.00138
0.97612, 0.00141
0.97659, 0.00144
0.97707, 0.00147
0.97754, 0.00150
0.97800, 0.00153
0.97846, 0.00156
0.97892, 0.00159
0.97937, 0.00162
0.97981, 0.00164
0.98025, 0.00167
0.98069, 0.00170
0.98112, 0.00173
0.98155, 0.00175
0.98197, 0.00178
0.98239, 0.00181
0.98280, 0.00183
0.98321, 0.00186
0.98361, 0.00188
0.98401, 0.00191
0.98440, 0.00193
0.98479, 0.00196
0.98517, 0.00198
0.98555, 0.00200
0.98592, 0.00203
0.98629, 0.00205
0.98665, 0.00207
0.98701, 0.00209
0.98737, 0.00212
0.98772, 0.00214
0.98806, 0.00216
0.98840, 0.00218
0.98873, 0.00220
0.98906, 0.00222
0.98939, 0.00224
0.98971, 0.00226
0.99002, 0.00228
0.99033, 0.00230
0.99064, 0.00232
0.99094, 0.00234
0.99123, 0.00236
0.99152, 0.00238
0.99181, 0.00239
0.99209, 0.00241
0.99237, 0.00243
0.99264, 0.00245
0.99290, 0.00246
0.99316, 0.00248
0.99342, 0.00250
0.99367, 0.00251
0.99392, 0.00253
0.99416, 0.00254
0.99440, 0.00256
0.99463, 0.00257
0.99485, 0.00259
0.99508, 0.00260
0.99529, 0.00261
0.99550, 0.00263
0.99571, 0.00264
0.99591, 0.00265
0.99611, 0.00266
0.99630, 0.00268
0.99649, 0.00269
0.99667, 0.00270
0.99685, 0.00271
0.99702, 0.00272
0.99719, 0.00273
0.99735, 0.00274
0.99751, 0.00275
0.99766, 0.00276
0.99780, 0.00277
0.99795, 0.00278
0.99808, 0.00279
0.99822, 0.00280
0.99834, 0.00281
0.99847, 0.00281
0.99858, 0.00282
0.99870, 0.00283
0.99880, 0.00283
0.99891, 0.00284
0.99900, 0.00285
0.99910, 0.00285
0.99918, 0.00286
0.99926, 0.00286
0.99934, 0.00287
0.99941, 0.00287
0.99948, 0.00288
0.99954, 0.00288
0.99960, 0.00288
0.99965, 0.00289
0.99970, 0.00289
0.99974, 0.00289
0.99978, 0.00290
0.99981, 0.00290
0.99984, 0.00290
0.99986, 0.00290
0.99988, 0.00290
0.99989, 0.00290
0.99987, 0.00291
0.99986, 0.00291
