airfoil_points_007
1.000000 0.000710
0.999748 0.000736
0.998993 0.000824
0.997736 0.000967
0.995977 0.001163
0.993719 0.001407
0.990964 0.001694
0.987715 0.002017
0.983974 0.002370
0.979746 0.002747
0.975036 0.003139
0.969846 0.003540
0.964184 0.003945
0.958054 0.004348
0.951463 0.004747
0.944418 0.005140
0.936925 0.005527
0.928992 0.005913
0.920627 0.006304
0.911838 0.006709
0.902635 0.007143
0.893027 0.007622
0.883022 0.008171
0.872632 0.008817
0.861867 0.009593
0.850737 0.010538
0.839255 0.011700
0.827430 0.013128
0.815276 0.014851
0.802805 0.016881
0.790028 0.019226
0.776960 0.021894
0.763613 0.024890
0.750000 0.028214
0.736136 0.031820
0.722033 0.035615
0.707708 0.039496
0.693173 0.043360
0.678443 0.047097
0.663534 0.050608
0.648460 0.053867
0.633237 0.056876
0.617879 0.059642
0.602403 0.062171
0.586824 0.064469
0.571157 0.066546
0.555419 0.068411
0.539625 0.070076
0.523791 0.071553
0.507933 0.072852
0.492067 0.073989
0.476209 0.074975
0.460375 0.075826
0.444581 0.076555
0.428843 0.077177
0.413176 0.077706
0.397597 0.078154
0.382121 0.078537
0.366763 0.078866
0.351540 0.079154
0.336466 0.079412
0.321557 0.079651
0.306827 0.079881
0.292292 0.080110
0.277967 0.080344
0.263864 0.080590
0.250000 0.080812
0.236387 0.080911
0.223040 0.080804
0.209972 0.080421
0.197195 0.079710
0.184724 0.078636
0.172570 0.077208
0.160745 0.075447
0.149263 0.073374
0.138133 0.071010
0.127368 0.068380
0.116978 0.065501
0.106973 0.062404
0.097365 0.059125
0.088162 0.055700
0.079373 0.052162
0.071008 0.048541
0.063075 0.044864
0.055582 0.041155
0.048537 0.037434
0.041946 0.033722
0.035816 0.030033
0.030154 0.026382
0.024964 0.022781
0.020254 0.019239
0.016026 0.015765
0.012285 0.012367
0.009036 0.009055
0.006281 0.005838
0.004023 0.002734
0.002264 -0.000226
0.001007 -0.002962
0.000252 -0.005229
0.000000 -0.006260
0.000252 -0.014390
0.001007 -0.016385
0.002264 -0.018623
0.004023 -0.020849
0.006281 -0.022977
0.009036 -0.024973
0.012285 -0.026819
0.016026 -0.028503
0.020254 -0.030021
0.024964 -0.031365
0.030154 -0.032534
0.035816 -0.033525
0.041946 -0.034339
0.048537 -0.034975
0.055582 -0.035439
0.063075 -0.035736
0.071008 -0.035877
0.079373 -0.035873
0.088162 -0.035743
0.097365 -0.035509
0.106973 -0.035198
0.116978 -0.034845
0.127368 -0.034491
0.138133 -0.034187
0.149263 -0.033984
0.160745 -0.033908
0.172570 -0.033985
0.184724 -0.034245
0.197195 -0.034716
0.209972 -0.035412
0.223040 -0.036266
0.236387 -0.037193
0.250000 -0.038102
0.263864 -0.038900
0.277967 -0.039510
0.292292 -0.039921
0.306827 -0.040140
0.321557 -0.040178
0.336466 -0.040046
0.351540 -0.039755
0.366763 -0.039321
0.382121 -0.038760
0.397597 -0.038089
0.413176 -0.037327
0.428843 -0.036493
0.444581 -0.035610
0.460375 -0.034698
0.476209 -0.033781
0.492067 -0.032881
0.507933 -0.032021
0.523791 -0.031224
0.539625 -0.030514
0.555419 -0.029911
0.571157 -0.029438
0.586824 -0.029115
0.602403 -0.028961
0.617879 -0.028993
0.633237 -0.029227
0.648460 -0.029677
0.663534 -0.030355
0.678443 -0.031252
0.693173 -0.032274
0.707708 -0.033311
0.722033 -0.034270
0.736136 -0.035066
0.750000 -0.035628
0.763613 -0.035905
0.776960 -0.035896
0.790028 -0.035608
0.802805 -0.035049
0.815276 -0.034230
0.827430 -0.033163
0.839255 -0.031861
0.850737 -0.030352
0.861867 -0.028682
0.872632 -0.026896
0.883022 -0.025036
0.893027 -0.023139
0.902635 -0.021237
0.911838 -0.019360
0.920627 -0.017531
0.928992 -0.015770
0.936925 -0.014094
0.944418 -0.012515
0.951463 -0.011042
0.958054 -0.009681
0.964184 -0.008436
0.969846 -0.007308
0.975036 -0.006295
0.979746 -0.005397
0.983974 -0.004610
0.987715 -0.003929
0.990964 -0.003351
0.993719 -0.002871
0.995977 -0.002485
0.997736 -0.002189
0.998993 -0.001980
0.999748 -0.001855
1.000000 -0.001814
