airfoil_points_601
1.000000 0.016941
0.999748 0.016989
0.998993 0.017133
0.997736 0.017373
0.995977 0.017705
0.993719 0.018129
0.990964 0.018640
0.987715 0.019236
0.983974 0.019912
0.979746 0.020664
0.975036 0.021486
0.969846 0.022373
0.964184 0.023320
0.958054 0.024320
0.951463 0.025367
0.944418 0.026455
0.936925 0.027578
0.928992 0.028729
0.920627 0.029902
0.911838 0.031092
0.902635 0.032292
0.893027 0.033497
0.883022 0.034702
0.872632 0.035902
0.861867 0.037094
0.850737 0.038273
0.839255 0.039437
0.827430 0.040584
0.815276 0.041723
0.802805 0.042873
0.790028 0.044057
0.776960 0.045300
0.763613 0.046633
0.750000 0.048091
0.736136 0.049691
0.722033 0.051409
0.707708 0.053211
0.693173 0.055062
0.678443 0.056924
0.663534 0.058756
0.648460 0.060538
0.633237 0.062267
0.617879 0.063940
0.602403 0.065556
0.586824 0.067111
0.571157 0.068604
0.555419 0.070034
0.539625 0.071398
0.523791 0.072696
0.507933 0.073924
0.492067 0.075084
0.476209 0.076171
0.460375 0.077187
0.444581 0.078129
0.428843 0.078995
0.413176 0.079786
0.397597 0.080499
0.382121 0.081134
0.366763 0.081690
0.351540 0.082164
0.336466 0.082558
0.321557 0.082868
0.306827 0.083095
0.292292 0.083237
0.277967 0.083293
0.263864 0.083263
0.250000 0.083129
0.236387 0.082842
0.223040 0.082357
0.209972 0.081634
0.197195 0.080646
0.184724 0.079373
0.172570 0.077843
0.160745 0.076102
0.149263 0.074193
0.138133 0.072153
0.127368 0.070016
0.116978 0.067816
0.106973 0.065565
0.097365 0.063265
0.088162 0.060919
0.079373 0.058528
0.071008 0.056096
0.063075 0.053625
0.055582 0.051116
0.048537 0.048574
0.041946 0.045999
0.035816 0.043395
0.030154 0.040763
0.024964 0.038106
0.020254 0.035427
0.016026 0.032727
0.012285 0.030008
0.009036 0.027273
0.006281 0.024523
0.004023 0.021762
0.002264 0.018993
0.001007 0.016224
0.000252 0.013489
0.000000 0.011424
0.000252 0.007608
0.001007 0.004929
0.002264 0.002276
0.004023 -0.000316
0.006281 -0.002839
0.009036 -0.005289
0.012285 -0.007661
0.016026 -0.009952
0.020254 -0.012159
0.024964 -0.014278
0.030154 -0.016305
0.035816 -0.018237
0.041946 -0.020069
0.048537 -0.021796
0.055582 -0.023416
0.063075 -0.024924
0.071008 -0.026315
0.079373 -0.027586
0.088162 -0.028734
0.097365 -0.029755
0.106973 -0.030645
0.116978 -0.031402
0.127368 -0.032024
0.138133 -0.032508
0.149263 -0.032869
0.160745 -0.033139
0.172570 -0.033357
0.184724 -0.033570
0.197195 -0.033836
0.209972 -0.034210
0.223040 -0.034675
0.236387 -0.035189
0.250000 -0.035703
0.263864 -0.036164
0.277967 -0.036526
0.292292 -0.036778
0.306827 -0.036923
0.321557 -0.036964
0.336466 -0.036904
0.351540 -0.036747
0.366763 -0.036498
0.382121 -0.036161
0.397597 -0.035741
0.413176 -0.035243
0.428843 -0.034673
0.444581 -0.034037
0.460375 -0.033340
0.476209 -0.032589
0.492067 -0.031789
0.507933 -0.030947
0.523791 -0.030068
0.539625 -0.029159
0.555419 -0.028225
0.571157 -0.027272
0.586824 -0.026307
0.602403 -0.025333
0.617879 -0.024358
0.633237 -0.023384
0.648460 -0.022417
0.663534 -0.021462
0.678443 -0.020521
0.693173 -0.019574
0.707708 -0.018588
0.722033 -0.017534
0.736136 -0.016384
0.750000 -0.015117
0.763613 -0.013714
0.776960 -0.012199
0.790028 -0.010608
0.802805 -0.008976
0.815276 -0.007334
0.827430 -0.005710
0.839255 -0.004129
0.850737 -0.002608
0.861867 -0.001152
0.872632 0.000239
0.883022 0.001561
0.893027 0.002813
0.902635 0.003994
0.911838 0.005105
0.920627 0.006146
0.928992 0.007116
0.936925 0.008017
0.944418 0.008851
0.951463 0.009618
0.958054 0.010321
0.964184 0.010961
0.969846 0.011540
0.975036 0.012061
0.979746 0.012524
0.983974 0.012933
0.987715 0.013289
0.990964 0.013593
0.993719 0.013848
0.995977 0.014055
0.997736 0.014214
0.998993 0.014327
0.999748 0.014395
1.000000 0.014413
