airfoil_points_879
1.000000 -0.005856
0.999748 -0.005796
0.998993 -0.005615
0.997736 -0.005314
0.995977 -0.004892
0.993719 -0.004346
0.990964 -0.003675
0.987715 -0.002878
0.983974 -0.001953
0.979746 -0.000897
0.975036 0.000291
0.969846 0.001612
0.964184 0.003069
0.958054 0.004662
0.951463 0.006391
0.944418 0.008256
0.936925 0.010255
0.928992 0.012386
0.920627 0.014645
0.911838 0.017027
0.902635 0.019526
0.893027 0.022133
0.883022 0.024839
0.872632 0.027632
0.861867 0.030499
0.850737 0.033426
0.839255 0.036394
0.827430 0.039384
0.815276 0.042368
0.802805 0.045314
0.790028 0.048188
0.776960 0.050953
0.763613 0.053570
0.750000 0.055998
0.736136 0.058226
0.722033 0.060283
0.707708 0.062209
0.693173 0.064045
0.678443 0.065842
0.663534 0.067654
0.648460 0.069503
0.633237 0.071374
0.617879 0.073253
0.602403 0.075125
0.586824 0.076974
0.571157 0.078784
0.555419 0.080538
0.539625 0.082220
0.523791 0.083812
0.507933 0.085300
0.492067 0.086665
0.476209 0.087894
0.460375 0.088970
0.444581 0.089880
0.428843 0.090609
0.413176 0.091147
0.397597 0.091481
0.382121 0.091601
0.366763 0.091498
0.351540 0.091164
0.336466 0.090594
0.321557 0.089781
0.306827 0.088723
0.292292 0.087417
0.277967 0.085862
0.263864 0.084060
0.250000 0.082015
0.236387 0.079760
0.223040 0.077356
0.209972 0.074857
0.197195 0.072315
0.184724 0.069781
0.172570 0.067278
0.160745 0.064800
0.149263 0.062335
0.138133 0.059876
0.127368 0.057416
0.116978 0.054948
0.106973 0.052466
0.097365 0.049960
0.088162 0.047425
0.079373 0.044858
0.071008 0.042254
0.063075 0.039614
0.055582 0.036937
0.048537 0.034225
0.041946 0.031480
0.035816 0.028706
0.030154 0.025905
0.024964 0.023084
0.020254 0.020246
0.016026 0.017397
0.012285 0.014542
0.009036 0.011688
0.006281 0.008839
0.004023 0.006005
0.002264 0.003200
0.001007 0.000454
0.000252 -0.002116
0.000000 -0.003630
0.000252 -0.008836
0.001007 -0.011304
0.002264 -0.013846
0.004023 -0.016341
0.006281 -0.018760
0.009036 -0.021093
0.012285 -0.023334
0.016026 -0.025482
0.020254 -0.027534
0.024964 -0.029489
0.030154 -0.031345
0.035816 -0.033102
0.041946 -0.034758
0.048537 -0.036309
0.055582 -0.037754
0.063075 -0.039089
0.071008 -0.040309
0.079373 -0.041410
0.088162 -0.042385
0.097365 -0.043227
0.106973 -0.043928
0.116978 -0.044479
0.127368 -0.044868
0.138133 -0.045084
0.149263 -0.045117
0.160745 -0.044956
0.172570 -0.044594
0.184724 -0.044020
0.197195 -0.043223
0.209972 -0.042194
0.223040 -0.040943
0.236387 -0.039514
0.250000 -0.037960
0.263864 -0.036346
0.277967 -0.034747
0.292292 -0.033219
0.306827 -0.031770
0.321557 -0.030402
0.336466 -0.029117
0.351540 -0.027915
0.366763 -0.026795
0.382121 -0.025753
0.397597 -0.024786
0.413176 -0.023890
0.428843 -0.023058
0.444581 -0.022283
0.460375 -0.021559
0.476209 -0.020876
0.492067 -0.020226
0.507933 -0.019601
0.523791 -0.018989
0.539625 -0.018383
0.555419 -0.017771
0.571157 -0.017145
0.586824 -0.016494
0.602403 -0.015810
0.617879 -0.015083
0.633237 -0.014306
0.648460 -0.013469
0.663534 -0.012566
0.678443 -0.011593
0.693173 -0.010583
0.707708 -0.009598
0.722033 -0.008696
0.736136 -0.007931
0.750000 -0.007351
0.763613 -0.006992
0.776960 -0.006824
0.790028 -0.006808
0.802805 -0.006907
0.815276 -0.007089
0.827430 -0.007326
0.839255 -0.007591
0.850737 -0.007868
0.861867 -0.008144
0.872632 -0.008410
0.883022 -0.008656
0.893027 -0.008877
0.902635 -0.009068
0.911838 -0.009225
0.920627 -0.009347
0.928992 -0.009433
0.936925 -0.009483
0.944418 -0.009500
0.951463 -0.009485
0.958054 -0.009443
0.964184 -0.009377
0.969846 -0.009292
0.975036 -0.009192
0.979746 -0.009082
0.983974 -0.008968
0.987715 -0.008854
0.990964 -0.008744
0.993719 -0.008644
0.995977 -0.008556
0.997736 -0.008484
0.998993 -0.008431
0.999748 -0.008398
1.000000 -0.008387
