=== Airfoil Parameters ===
m = 0.02
p = 0.4
t = 0.12

=== Control Points ===
0.00000, 0.00163, 0.00163
0.06667, -0.00353, -0.00964
0.13333, -0.01289, -0.02400
0.20000, -0.01809, -0.03309
0.26667, -0.01542, -0.03319
0.66667, -0.00947, -0.02552
0.75000, -0.00289, -0.01609
0.83333, -0.00161, -0.01118
0.91667, -0.00628, -0.01145
1.00000, -0.01322, -0.01322

=== Upper Surface ===
0.00000, 0.00163
0.00000, 0.00191
0.00001, 0.00219
0.00002, 0.00247
0.00004, 0.00274
0.00007, 0.00302
0.00009, 0.00330
0.00013, 0.00358
0.00017, 0.00385
0.00021, 0.00413
0.00026, 0.00441
0.00031, 0.00468
0.00037, 0.00496
0.00043, 0.00523
0.00050, 0.00551
0.00057, 0.00578
0.00065, 0.00606
0.00074, 0.00633
0.00083, 0.00660
0.00092, 0.00688
0.00102, 0.00715
0.00112, 0.00742
0.00123, 0.00769
0.00135, 0.00796
0.00147, 0.00823
0.00159, 0.00850
0.00172, 0.00877
0.00186, 0.00904
0.00200, 0.00931
0.00215, 0.00958
0.00230, 0.00984
0.00245, 0.01011
0.00262, 0.01038
0.00278, 0.01064
0.00296, 0.01091
0.00313, 0.01117
0.00332, 0.01144
0.00350, 0.01170
0.00370, 0.01196
0.00390, 0.01223
0.00410, 0.01249
0.00431, 0.01275
0.00453, 0.01301
0.00475, 0.01327
0.00497, 0.01353
0.00520, 0.01379
0.00544, 0.01405
0.00568, 0.01430
0.00593, 0.01456
0.00618, 0.01482
0.00644, 0.01507
0.00670, 0.01532
0.00697, 0.01558
0.00724, 0.01583
0.00752, 0.01608
0.00781, 0.01634
0.00810, 0.01659
0.00839, 0.01684
0.00869, 0.01709
0.00900, 0.01733
0.00931, 0.01758
0.00963, 0.01783
0.00995, 0.01807
0.01028, 0.01832
0.01061, 0.01856
0.01095, 0.01881
0.01129, 0.01905
0.01164, 0.01929
0.01200, 0.01953
0.01236, 0.01977
0.01272, 0.02001
0.01309, 0.02024
0.01347, 0.02048
0.01385, 0.02072
0.01424, 0.02095
0.01463, 0.02118
0.01503, 0.02142
0.01543, 0.02165
0.01584, 0.02188
0.01626, 0.02211
0.01668, 0.02233
0.01710, 0.02256
0.01753, 0.02279
0.01797, 0.02301
0.01841, 0.02323
0.01886, 0.02345
0.01931, 0.02368
0.01977, 0.02389
0.02023, 0.02411
0.02070, 0.02433
0.02117, 0.02455
0.02165, 0.02476
0.02213, 0.02497
0.02262, 0.02518
0.02312, 0.02540
0.02362, 0.02560
0.02412, 0.02581
0.02463, 0.02602
0.02515, 0.02622
0.02567, 0.02643
0.02619, 0.02663
0.02672, 0.02683
0.02726, 0.02703
0.02780, 0.02723
0.02835, 0.02742
0.02890, 0.02762
0.02946, 0.02781
0.03002, 0.02800
0.03059, 0.02819
0.03116, 0.02838
0.03174, 0.02857
0.03232, 0.02875
0.03291, 0.02894
0.03351, 0.02912
0.03410, 0.02930
0.03471, 0.02948
0.03532, 0.02965
0.03593, 0.02983
0.03655, 0.03000
0.03717, 0.03017
0.03780, 0.03035
0.03843, 0.03051
0.03907, 0.03068
0.03972, 0.03085
0.04036, 0.03101
0.04102, 0.03117
0.04168, 0.03133
0.04234, 0.03149
0.04301, 0.03165
0.04368, 0.03180
0.04436, 0.03195
0.04504, 0.03210
0.04573, 0.03225
0.04642, 0.03240
0.04712, 0.03255
0.04782, 0.03269
0.04852, 0.03283
0.04923, 0.03297
0.04995, 0.03311
0.05067, 0.03324
0.05139, 0.03338
0.05212, 0.03351
0.05286, 0.03364
0.05360, 0.03377
0.05434, 0.03390
0.05509, 0.03402
0.05584, 0.03414
0.05659, 0.03426
0.05735, 0.03438
0.05812, 0.03450
0.05889, 0.03462
0.05966, 0.03473
0.06044, 0.03484
0.06122, 0.03495
0.06201, 0.03506
0.06280, 0.03516
0.06360, 0.03527
0.06439, 0.03537
0.06520, 0.03547
0.06601, 0.03556
0.06682, 0.03566
0.06763, 0.03575
0.06845, 0.03585
0.06928, 0.03594
0.07010, 0.03602
0.07094, 0.03611
0.07177, 0.03619
0.07261, 0.03628
0.07346, 0.03636
0.07430, 0.03644
0.07515, 0.03651
0.07601, 0.03659
0.07687, 0.03666
0.07773, 0.03673
0.07860, 0.03680
0.07947, 0.03687
0.08034, 0.03694
0.08122, 0.03700
0.08210, 0.03706
0.08298, 0.03712
0.08387, 0.03718
0.08476, 0.03724
0.08566, 0.03729
0.08656, 0.03735
0.08746, 0.03740
0.08836, 0.03745
0.08927, 0.03750
0.09018, 0.03754
0.09110, 0.03759
0.09202, 0.03763
0.09294, 0.03767
0.09386, 0.03771
0.09479, 0.03775
0.09572, 0.03779
0.09665, 0.03783
0.09759, 0.03786
0.09853, 0.03789
0.09947, 0.03792
0.10042, 0.03795
0.10137, 0.03798
0.10232, 0.03801
0.10327, 0.03803
0.10423, 0.03806
0.10519, 0.03808
0.10615, 0.03810
0.10711, 0.03812
0.10808, 0.03814
0.10905, 0.03816
0.11003, 0.03818
0.11100, 0.03819
0.11198, 0.03821
0.11296, 0.03822
0.11394, 0.03823
0.11493, 0.03824
0.11591, 0.03825
0.11690, 0.03826
0.11789, 0.03827
0.11889, 0.03828
0.11988, 0.03829
0.12088, 0.03829
0.12188, 0.03830
0.12289, 0.03830
0.12389, 0.03830
0.12490, 0.03831
0.12591, 0.03831
0.12692, 0.03831
0.12793, 0.03831
0.12894, 0.03831
0.12996, 0.03831
0.13098, 0.03831
0.13200, 0.03831
0.13302, 0.03831
0.13404, 0.03831
0.13506, 0.03830
0.13609, 0.03830
0.13712, 0.03830
0.13814, 0.03830
0.13917, 0.03829
0.14021, 0.03829
0.14124, 0.03829
0.14227, 0.03829
0.14331, 0.03828
0.14435, 0.03828
0.14539, 0.03828
0.14643, 0.03827
0.14747, 0.03827
0.14851, 0.03827
0.14956, 0.03827
0.15061, 0.03826
0.15165, 0.03826
0.15270, 0.03826
0.15375, 0.03826
0.15480, 0.03826
0.15586, 0.03826
0.15691, 0.03826
0.15797, 0.03826
0.15902, 0.03826
0.16008, 0.03827
0.16114, 0.03827
0.16220, 0.03827
0.16326, 0.03828
0.16432, 0.03828
0.16538, 0.03829
0.16644, 0.03830
0.16750, 0.03831
0.16857, 0.03832
0.16963, 0.03833
0.17070, 0.03834
0.17177, 0.03835
0.17283, 0.03836
0.17390, 0.03838
0.17497, 0.03839
0.17604, 0.03841
0.17710, 0.03843
0.17817, 0.03845
0.17924, 0.03847
0.18031, 0.03850
0.18139, 0.03852
0.18246, 0.03855
0.18353, 0.03858
0.18460, 0.03861
0.18567, 0.03864
0.18674, 0.03867
0.18782, 0.03871
0.18889, 0.03875
0.18996, 0.03878
0.19103, 0.03883
0.19211, 0.03887
0.19318, 0.03891
0.19425, 0.03896
0.19532, 0.03901
0.19640, 0.03906
0.19747, 0.03912
0.19854, 0.03917
0.19962, 0.03923
0.20069, 0.03929
0.20177, 0.03936
0.20285, 0.03942
0.20394, 0.03949
0.20504, 0.03956
0.20614, 0.03964
0.20725, 0.03971
0.20837, 0.03979
0.20949, 0.03987
0.21062, 0.03995
0.21176, 0.04003
0.21291, 0.04012
0.21406, 0.04021
0.21521, 0.04030
0.21638, 0.04039
0.21755, 0.04048
0.21873, 0.04057
0.21992, 0.04067
0.22111, 0.04077
0.22231, 0.04087
0.22352, 0.04097
0.22474, 0.04107
0.22596, 0.04118
0.22719, 0.04128
0.22843, 0.04139
0.22967, 0.04149
0.23093, 0.04160
0.23219, 0.04171
0.23345, 0.04182
0.23473, 0.04193
0.23601, 0.04204
0.23730, 0.04215
0.23860, 0.04227
0.23991, 0.04238
0.24122, 0.04249
0.24254, 0.04261
0.24387, 0.04272
0.24521, 0.04283
0.24655, 0.04295
0.24791, 0.04306
0.24927, 0.04317
0.25064, 0.04328
0.25201, 0.04339
0.25340, 0.04350
0.25479, 0.04361
0.25619, 0.04372
0.25760, 0.04383
0.25901, 0.04393
0.26044, 0.04404
0.26187, 0.04414
0.26331, 0.04424
0.26475, 0.04434
0.26620, 0.04444
0.26765, 0.04453
0.26910, 0.04463
0.27056, 0.04472
0.27201, 0.04480
0.27347, 0.04489
0.27493, 0.04497
0.27640, 0.04506
0.27786, 0.04513
0.27933, 0.04521
0.28079, 0.04529
0.28226, 0.04536
0.28374, 0.04543
0.28521, 0.04550
0.28668, 0.04556
0.28816, 0.04563
0.28964, 0.04569
0.29112, 0.04575
0.29260, 0.04581
0.29409, 0.04586
0.29557, 0.04592
0.29706, 0.04597
0.29855, 0.04602
0.30004, 0.04607
0.30153, 0.04611
0.30303, 0.04616
0.30452, 0.04620
0.30602, 0.04624
0.30752, 0.04627
0.30902, 0.04631
0.31052, 0.04634
0.31202, 0.04637
0.31352, 0.04640
0.31503, 0.04643
0.31654, 0.04645
0.31805, 0.04648
0.31956, 0.04650
0.32107, 0.04652
0.32258, 0.04654
0.32409, 0.04655
0.32561, 0.04656
0.32712, 0.04658
0.32864, 0.04659
0.33016, 0.04659
0.33168, 0.04660
0.33320, 0.04660
0.33473, 0.04661
0.33625, 0.04661
0.33777, 0.04660
0.33930, 0.04660
0.34083, 0.04660
0.34236, 0.04659
0.34389, 0.04658
0.34542, 0.04657
0.34695, 0.04656
0.34848, 0.04655
0.35001, 0.04653
0.35155, 0.04651
0.35308, 0.04649
0.35462, 0.04647
0.35616, 0.04645
0.35770, 0.04643
0.35924, 0.04640
0.36078, 0.04637
0.36232, 0.04635
0.36386, 0.04632
0.36540, 0.04628
0.36695, 0.04625
0.36849, 0.04621
0.37004, 0.04618
0.37158, 0.04614
0.37313, 0.04610
0.37468, 0.04606
0.37622, 0.04602
0.37777, 0.04597
0.37932, 0.04593
0.38087, 0.04588
0.38242, 0.04583
0.38398, 0.04578
0.38553, 0.04573
0.38708, 0.04568
0.38863, 0.04562
0.39019, 0.04557
0.39174, 0.04551
0.39330, 0.04545
0.39485, 0.04539
0.39641, 0.04533
0.39797, 0.04527
0.39952, 0.04521
0.40108, 0.04515
0.40264, 0.04508
0.40420, 0.04501
0.40576, 0.04495
0.40732, 0.04488
0.40888, 0.04481
0.41044, 0.04473
0.41200, 0.04466
0.41356, 0.04459
0.41512, 0.04451
0.41668, 0.04444
0.41824, 0.04436
0.41981, 0.04428
0.42137, 0.04420
0.42293, 0.04412
0.42449, 0.04404
0.42606, 0.04396
0.42762, 0.04388
0.42918, 0.04379
0.43075, 0.04371
0.43231, 0.04362
0.43388, 0.04354
0.43544, 0.04345
0.43700, 0.04336
0.43857, 0.04327
0.44013, 0.04318
0.44170, 0.04309
0.44326, 0.04300
0.44483, 0.04291
0.44639, 0.04282
0.44796, 0.04272
0.44952, 0.04263
0.45109, 0.04253
0.45265, 0.04244
0.45422, 0.04234
0.45578, 0.04224
0.45735, 0.04215
0.45891, 0.04205
0.46047, 0.04195
0.46204, 0.04185
0.46360, 0.04175
0.46517, 0.04165
0.46673, 0.04155
0.46830, 0.04145
0.46986, 0.04134
0.47142, 0.04124
0.47299, 0.04114
0.47455, 0.04104
0.47611, 0.04093
0.47767, 0.04083
0.47924, 0.04072
0.48080, 0.04062
0.48236, 0.04051
0.48392, 0.04041
0.48548, 0.04030
0.48705, 0.04019
0.48861, 0.04009
0.49017, 0.03998
0.49173, 0.03987
0.49329, 0.03977
0.49485, 0.03966
0.49641, 0.03955
0.49796, 0.03944
0.49952, 0.03934
0.50108, 0.03923
0.50264, 0.03912
0.50419, 0.03901
0.50575, 0.03890
0.50731, 0.03879
0.50886, 0.03869
0.51042, 0.03858
0.51197, 0.03847
0.51353, 0.03836
0.51508, 0.03825
0.51663, 0.03814
0.51818, 0.03803
0.51974, 0.03793
0.52129, 0.03782
0.52284, 0.03771
0.52439, 0.03760
0.52594, 0.03749
0.52749, 0.03739
0.52903, 0.03728
0.53058, 0.03717
0.53213, 0.03706
0.53367, 0.03696
0.53522, 0.03685
0.53677, 0.03674
0.53831, 0.03664
0.53985, 0.03653
0.54140, 0.03643
0.54294, 0.03632
0.54448, 0.03622
0.54602, 0.03611
0.54756, 0.03601
0.54910, 0.03590
0.55064, 0.03580
0.55217, 0.03570
0.55371, 0.03559
0.55525, 0.03549
0.55678, 0.03539
0.55831, 0.03529
0.55985, 0.03519
0.56138, 0.03509
0.56291, 0.03499
0.56444, 0.03489
0.56597, 0.03479
0.56750, 0.03469
0.56903, 0.03460
0.57055, 0.03450
0.57208, 0.03440
0.57360, 0.03431
0.57513, 0.03421
0.57665, 0.03412
0.57817, 0.03403
0.57969, 0.03393
0.58121, 0.03384
0.58273, 0.03375
0.58425, 0.03366
0.58577, 0.03357
0.58728, 0.03348
0.58880, 0.03339
0.59031, 0.03330
0.59182, 0.03322
0.59334, 0.03313
0.59485, 0.03305
0.59636, 0.03296
0.59786, 0.03288
0.59937, 0.03280
0.60088, 0.03271
0.60238, 0.03263
0.60389, 0.03255
0.60539, 0.03248
0.60689, 0.03240
0.60839, 0.03232
0.60989, 0.03224
0.61139, 0.03217
0.61288, 0.03210
0.61438, 0.03202
0.61587, 0.03195
0.61736, 0.03188
0.61886, 0.03181
0.62035, 0.03174
0.62183, 0.03167
0.62332, 0.03161
0.62481, 0.03154
0.62629, 0.03148
0.62778, 0.03141
0.62926, 0.03135
0.63074, 0.03129
0.63222, 0.03123
0.63370, 0.03117
0.63517, 0.03111
0.63665, 0.03106
0.63812, 0.03100
0.63960, 0.03095
0.64107, 0.03089
0.64254, 0.03084
0.64401, 0.03079
0.64547, 0.03074
0.64694, 0.03069
0.64840, 0.03065
0.64986, 0.03060
0.65133, 0.03056
0.65279, 0.03051
0.65424, 0.03047
0.65570, 0.03043
0.65715, 0.03039
0.65861, 0.03036
0.66006, 0.03032
0.66151, 0.03028
0.66296, 0.03025
0.66441, 0.03022
0.66586, 0.03019
0.66731, 0.03016
0.66875, 0.03013
0.67020, 0.03010
0.67165, 0.03008
0.67310, 0.03005
0.67456, 0.03003
0.67601, 0.03001
0.67746, 0.02999
0.67891, 0.02997
0.68036, 0.02995
0.68181, 0.02993
0.68327, 0.02991
0.68472, 0.02989
0.68617, 0.02987
0.68763, 0.02986
0.68908, 0.02984
0.69053, 0.02982
0.69198, 0.02981
0.69344, 0.02979
0.69489, 0.02977
0.69634, 0.02976
0.69779, 0.02974
0.69924, 0.02973
0.70070, 0.02971
0.70215, 0.02969
0.70360, 0.02968
0.70505, 0.02966
0.70650, 0.02964
0.70795, 0.02962
0.70939, 0.02961
0.71084, 0.02959
0.71229, 0.02957
0.71374, 0.02955
0.71518, 0.02952
0.71663, 0.02950
0.71807, 0.02948
0.71951, 0.02945
0.72096, 0.02943
0.72240, 0.02940
0.72384, 0.02937
0.72528, 0.02934
0.72672, 0.02931
0.72815, 0.02928
0.72959, 0.02925
0.73102, 0.02921
0.73246, 0.02918
0.73389, 0.02914
0.73532, 0.02910
0.73675, 0.02906
0.73818, 0.02901
0.73961, 0.02897
0.74103, 0.02892
0.74246, 0.02887
0.74388, 0.02882
0.74530, 0.02877
0.74672, 0.02871
0.74814, 0.02865
0.74956, 0.02860
0.75097, 0.02853
0.75238, 0.02847
0.75378, 0.02840
0.75519, 0.02833
0.75659, 0.02826
0.75798, 0.02819
0.75938, 0.02812
0.76077, 0.02804
0.76216, 0.02796
0.76354, 0.02788
0.76492, 0.02779
0.76630, 0.02771
0.76767, 0.02762
0.76905, 0.02753
0.77041, 0.02744
0.77178, 0.02735
0.77314, 0.02725
0.77450, 0.02715
0.77585, 0.02705
0.77720, 0.02695
0.77855, 0.02685
0.77990, 0.02675
0.78124, 0.02664
0.78258, 0.02653
0.78391, 0.02642
0.78524, 0.02631
0.78657, 0.02619
0.78790, 0.02608
0.78922, 0.02596
0.79054, 0.02584
0.79185, 0.02572
0.79316, 0.02560
0.79447, 0.02548
0.79577, 0.02535
0.79708, 0.02522
0.79837, 0.02510
0.79967, 0.02497
0.80096, 0.02483
0.80224, 0.02470
0.80353, 0.02457
0.80481, 0.02443
0.80608, 0.02429
0.80736, 0.02415
0.80863, 0.02401
0.80989, 0.02387
0.81115, 0.02373
0.81241, 0.02358
0.81367, 0.02344
0.81492, 0.02329
0.81617, 0.02314
0.81741, 0.02299
0.81865, 0.02284
0.81989, 0.02269
0.82112, 0.02254
0.82235, 0.02238
0.82358, 0.02223
0.82480, 0.02207
0.82602, 0.02191
0.82724, 0.02175
0.82845, 0.02159
0.82966, 0.02143
0.83086, 0.02127
0.83206, 0.02110
0.83326, 0.02094
0.83445, 0.02077
0.83564, 0.02060
0.83683, 0.02044
0.83801, 0.02027
0.83918, 0.02010
0.84036, 0.01993
0.84153, 0.01976
0.84269, 0.01959
0.84386, 0.01941
0.84501, 0.01924
0.84617, 0.01906
0.84732, 0.01889
0.84846, 0.01871
0.84961, 0.01854
0.85075, 0.01836
0.85188, 0.01818
0.85301, 0.01800
0.85414, 0.01782
0.85526, 0.01764
0.85638, 0.01746
0.85749, 0.01728
0.85860, 0.01710
0.85971, 0.01692
0.86081, 0.01674
0.86191, 0.01655
0.86301, 0.01637
0.86410, 0.01619
0.86518, 0.01600
0.86627, 0.01582
0.86735, 0.01563
0.86842, 0.01545
0.86949, 0.01526
0.87056, 0.01508
0.87162, 0.01489
0.87268, 0.01471
0.87374, 0.01452
0.87479, 0.01433
0.87583, 0.01415
0.87688, 0.01396
0.87792, 0.01377
0.87895, 0.01359
0.87998, 0.01340
0.88101, 0.01321
0.88203, 0.01302
0.88305, 0.01284
0.88406, 0.01265
0.88507, 0.01246
0.88608, 0.01228
0.88708, 0.01209
0.88808, 0.01190
0.88907, 0.01171
0.89006, 0.01153
0.89105, 0.01134
0.89203, 0.01115
0.89301, 0.01096
0.89398, 0.01078
0.89495, 0.01059
0.89592, 0.01041
0.89688, 0.01022
0.89784, 0.01003
0.89879, 0.00985
0.89974, 0.00966
0.90068, 0.00948
0.90162, 0.00929
0.90256, 0.00911
0.90349, 0.00892
0.90442, 0.00874
0.90534, 0.00855
0.90626, 0.00837
0.90718, 0.00819
0.90809, 0.00800
0.90900, 0.00782
0.90990, 0.00764
0.91080, 0.00746
0.91169, 0.00728
0.91259, 0.00709
0.91347, 0.00691
0.91435, 0.00673
0.91523, 0.00655
0.91611, 0.00638
0.91697, 0.00620
0.91784, 0.00602
0.91870, 0.00584
0.91956, 0.00566
0.92041, 0.00549
0.92126, 0.00531
0.92210, 0.00514
0.92294, 0.00496
0.92378, 0.00479
0.92461, 0.00461
0.92543, 0.00444
0.92626, 0.00427
0.92708, 0.00409
0.92789, 0.00392
0.92870, 0.00375
0.92950, 0.00358
0.93031, 0.00341
0.93110, 0.00324
0.93189, 0.00307
0.93268, 0.00291
0.93347, 0.00274
0.93425, 0.00257
0.93502, 0.00241
0.93579, 0.00224
0.93656, 0.00208
0.93732, 0.00191
0.93808, 0.00175
0.93883, 0.00159
0.93958, 0.00143
0.94033, 0.00127
0.94107, 0.00111
0.94180, 0.00095
0.94253, 0.00079
0.94326, 0.00063
0.94398, 0.00048
0.94470, 0.00032
0.94542, 0.00017
0.94613, 0.00001
0.94683, -0.00014
0.94753, -0.00029
0.94823, -0.00045
0.94892, -0.00060
0.94961, -0.00075
0.95029, -0.00090
0.95097, -0.00104
0.95164, -0.00119
0.95231, -0.00134
0.95298, -0.00148
0.95364, -0.00163
0.95429, -0.00177
0.95495, -0.00192
0.95559, -0.00206
0.95624, -0.00220
0.95687, -0.00234
0.95751, -0.00248
0.95814, -0.00262
0.95876, -0.00276
0.95938, -0.00289
0.96000, -0.00303
0.96061, -0.00317
0.96122, -0.00330
0.96182, -0.00343
0.96242, -0.00357
0.96301, -0.00370
0.96360, -0.00383
0.96418, -0.00396
0.96476, -0.00408
0.96534, -0.00421
0.96591, -0.00434
0.96647, -0.00446
0.96703, -0.00459
0.96759, -0.00471
0.96814, -0.00484
0.96869, -0.00496
0.96923, -0.00508
0.96977, -0.00520
0.97031, -0.00532
0.97083, -0.00543
0.97136, -0.00555
0.97188, -0.00567
0.97239, -0.00578
0.97290, -0.00589
0.97341, -0.00601
0.97391, -0.00612
0.97441, -0.00623
0.97490, -0.00634
0.97539, -0.00645
0.97587, -0.00656
0.97635, -0.00666
0.97682, -0.00677
0.97729, -0.00687
0.97776, -0.00698
0.97822, -0.00708
0.97867, -0.00718
0.97912, -0.00728
0.97957, -0.00738
0.98001, -0.00748
0.98044, -0.00758
0.98088, -0.00767
0.98130, -0.00777
0.98172, -0.00786
0.98214, -0.00795
0.98255, -0.00805
0.98296, -0.00814
0.98337, -0.00823
0.98376, -0.00832
0.98416, -0.00840
0.98455, -0.00849
0.98493, -0.00858
0.98531, -0.00866
0.98569, -0.00875
0.98606, -0.00883
0.98642, -0.00891
0.98678, -0.00899
0.98714, -0.00907
0.98749, -0.00915
0.98784, -0.00923
0.98818, -0.00930
0.98851, -0.00938
0.98885, -0.00945
0.98917, -0.00952
0.98950, -0.00960
0.98981, -0.00967
0.99013, -0.00974
0.99043, -0.00981
0.99074, -0.00987
0.99104, -0.00994
0.99133, -0.01001
0.99162, -0.01007
0.99190, -0.01013
0.99218, -0.01020
0.99246, -0.01026
0.99273, -0.01032
0.99299, -0.01038
0.99325, -0.01043
0.99351, -0.01049
0.99376, -0.01055
0.99400, -0.01060
0.99425, -0.01066
0.99448, -0.01071
0.99471, -0.01076
0.99494, -0.01081
0.99516, -0.01086
0.99538, -0.01091
0.99559, -0.01096
0.99580, -0.01100
0.99600, -0.01105
0.99620, -0.01109
0.99639, -0.01113
0.99658, -0.01118
0.99676, -0.01122
0.99694, -0.01126
0.99711, -0.01129
0.99728, -0.01133
0.99744, -0.01137
0.99760, -0.01140
0.99775, -0.01144
0.99790, -0.01147
0.99805, -0.01150
0.99819, -0.01153
0.99832, -0.01156
0.99845, -0.01159
0.99857, -0.01162
0.99869, -0.01165
0.99881, -0.01167
0.99892, -0.01170
0.99902, -0.01172
0.99912, -0.01174
0.99922, -0.01176
0.99931, -0.01178
0.99939, -0.01180
0.99948, -0.01182
0.99955, -0.01184
0.99962, -0.01185
0.99969, -0.01187
0.99975, -0.01188
0.99980, -0.01189
0.99986, -0.01191
0.99990, -0.01192
0.99994, -0.01193
0.99998, -0.01193
1.00001, -0.01194
1.00004, -0.01195
1.00006, -0.01195
1.00008, -0.01196
1.00009, -0.01196
1.00013, -0.01196
1.00014, -0.01196

=== Lower Surface ===
0.00000, 0.00163
0.00000, 0.00135
0.00001, 0.00107
0.00002, 0.00079
0.00004, 0.00051
0.00006, 0.00023
0.00008, -0.00005
0.00012, -0.00033
0.00015, -0.00060
0.00019, -0.00088
0.00024, -0.00116
0.00029, -0.00143
0.00034, -0.00171
0.00040, -0.00198
0.00047, -0.00226
0.00054, -0.00253
0.00061, -0.00281
0.00069, -0.00308
0.00078, -0.00336
0.00087, -0.00363
0.00096, -0.00390
0.00106, -0.00418
0.00116, -0.00445
0.00127, -0.00472
0.00138, -0.00499
0.00150, -0.00526
0.00162, -0.00554
0.00174, -0.00581
0.00187, -0.00608
0.00201, -0.00635
0.00215, -0.00662
0.00229, -0.00689
0.00244, -0.00716
0.00260, -0.00742
0.00276, -0.00769
0.00292, -0.00796
0.00309, -0.00823
0.00326, -0.00850
0.00343, -0.00877
0.00361, -0.00903
0.00380, -0.00930
0.00399, -0.00957
0.00418, -0.00983
0.00438, -0.01010
0.00459, -0.01037
0.00479, -0.01063
0.00501, -0.01090
0.00522, -0.01116
0.00544, -0.01143
0.00567, -0.01169
0.00590, -0.01196
0.00613, -0.01222
0.00637, -0.01249
0.00662, -0.01275
0.00686, -0.01301
0.00711, -0.01328
0.00737, -0.01354
0.00763, -0.01381
0.00790, -0.01407
0.00816, -0.01433
0.00844, -0.01459
0.00872, -0.01486
0.00900, -0.01512
0.00928, -0.01538
0.00957, -0.01565
0.00987, -0.01591
0.01017, -0.01617
0.01047, -0.01643
0.01078, -0.01670
0.01109, -0.01696
0.01141, -0.01722
0.01173, -0.01748
0.01205, -0.01774
0.01238, -0.01801
0.01271, -0.01827
0.01305, -0.01853
0.01339, -0.01879
0.01374, -0.01905
0.01409, -0.01932
0.01444, -0.01958
0.01480, -0.01984
0.01516, -0.02010
0.01553, -0.02036
0.01590, -0.02063
0.01628, -0.02089
0.01666, -0.02115
0.01704, -0.02141
0.01743, -0.02168
0.01782, -0.02194
0.01822, -0.02220
0.01862, -0.02246
0.01902, -0.02273
0.01943, -0.02299
0.01984, -0.02325
0.02026, -0.02351
0.02068, -0.02378
0.02110, -0.02404
0.02153, -0.02431
0.02197, -0.02457
0.02241, -0.02483
0.02285, -0.02510
0.02329, -0.02536
0.02374, -0.02563
0.02420, -0.02589
0.02466, -0.02616
0.02512, -0.02642
0.02559, -0.02669
0.02606, -0.02695
0.02653, -0.02722
0.02701, -0.02748
0.02750, -0.02775
0.02798, -0.02802
0.02848, -0.02828
0.02897, -0.02855
0.02947, -0.02882
0.02998, -0.02909
0.03048, -0.02935
0.03100, -0.02962
0.03151, -0.02989
0.03204, -0.03016
0.03256, -0.03043
0.03309, -0.03070
0.03363, -0.03097
0.03416, -0.03124
0.03471, -0.03151
0.03525, -0.03178
0.03580, -0.03205
0.03636, -0.03232
0.03692, -0.03259
0.03748, -0.03287
0.03805, -0.03314
0.03862, -0.03341
0.03920, -0.03369
0.03978, -0.03396
0.04036, -0.03423
0.04095, -0.03451
0.04155, -0.03478
0.04215, -0.03506
0.04275, -0.03534
0.04336, -0.03561
0.04397, -0.03589
0.04458, -0.03617
0.04520, -0.03644
0.04583, -0.03672
0.04645, -0.03700
0.04709, -0.03728
0.04773, -0.03756
0.04837, -0.03784
0.04901, -0.03812
0.04966, -0.03840
0.05032, -0.03868
0.05098, -0.03896
0.05164, -0.03924
0.05231, -0.03952
0.05298, -0.03981
0.05366, -0.04009
0.05434, -0.04037
0.05503, -0.04066
0.05572, -0.04094
0.05642, -0.04123
0.05712, -0.04151
0.05782, -0.04180
0.05853, -0.04208
0.05925, -0.04237
0.05997, -0.04266
0.06069, -0.04294
0.06142, -0.04323
0.06215, -0.04352
0.06289, -0.04381
0.06363, -0.04410
0.06438, -0.04439
0.06513, -0.04468
0.06588, -0.04497
0.06664, -0.04526
0.06741, -0.04555
0.06818, -0.04584
0.06896, -0.04613
0.06974, -0.04642
0.07052, -0.04671
0.07131, -0.04701
0.07210, -0.04730
0.07290, -0.04759
0.07371, -0.04788
0.07452, -0.04818
0.07533, -0.04847
0.07615, -0.04877
0.07697, -0.04906
0.07780, -0.04935
0.07864, -0.04965
0.07948, -0.04994
0.08032, -0.05024
0.08117, -0.05053
0.08202, -0.05083
0.08288, -0.05112
0.08374, -0.05142
0.08461, -0.05171
0.08549, -0.05201
0.08637, -0.05231
0.08725, -0.05260
0.08814, -0.05290
0.08904, -0.05319
0.08994, -0.05349
0.09084, -0.05378
0.09175, -0.05408
0.09267, -0.05437
0.09359, -0.05467
0.09451, -0.05496
0.09545, -0.05526
0.09638, -0.05555
0.09732, -0.05585
0.09827, -0.05614
0.09922, -0.05644
0.10018, -0.05673
0.10115, -0.05702
0.10212, -0.05732
0.10309, -0.05761
0.10407, -0.05790
0.10506, -0.05819
0.10605, -0.05848
0.10704, -0.05878
0.10804, -0.05907
0.10905, -0.05935
0.11006, -0.05964
0.11108, -0.05993
0.11211, -0.06022
0.11314, -0.06051
0.11417, -0.06079
0.11521, -0.06108
0.11626, -0.06136
0.11731, -0.06164
0.11837, -0.06193
0.11944, -0.06221
0.12051, -0.06249
0.12158, -0.06277
0.12266, -0.06304
0.12375, -0.06332
0.12484, -0.06360
0.12594, -0.06387
0.12705, -0.06414
0.12816, -0.06441
0.12927, -0.06468
0.13040, -0.06495
0.13152, -0.06522
0.13266, -0.06548
0.13379, -0.06575
0.13494, -0.06601
0.13609, -0.06627
0.13724, -0.06653
0.13841, -0.06678
0.13957, -0.06704
0.14075, -0.06729
0.14192, -0.06754
0.14311, -0.06779
0.14430, -0.06803
0.14550, -0.06828
0.14670, -0.06852
0.14790, -0.06876
0.14912, -0.06899
0.15034, -0.06923
0.15156, -0.06946
0.15279, -0.06969
0.15403, -0.06991
0.15527, -0.07014
0.15652, -0.07036
0.15777, -0.07057
0.15904, -0.07079
0.16030, -0.07100
0.16157, -0.07121
0.16285, -0.07141
0.16414, -0.07162
0.16543, -0.07182
0.16672, -0.07201
0.16802, -0.07220
0.16933, -0.07239
0.17065, -0.07258
0.17197, -0.07276
0.17329, -0.07293
0.17462, -0.07311
0.17596, -0.07328
0.17731, -0.07344
0.17866, -0.07360
0.18001, -0.07376
0.18137, -0.07392
0.18274, -0.07406
0.18412, -0.07421
0.18550, -0.07435
0.18688, -0.07448
0.18828, -0.07461
0.18967, -0.07474
0.19108, -0.07486
0.19249, -0.07497
0.19391, -0.07508
0.19533, -0.07519
0.19676, -0.07529
0.19819, -0.07538
0.19963, -0.07547
0.20107, -0.07555
0.20251, -0.07563
0.20395, -0.07570
0.20539, -0.07577
0.20683, -0.07583
0.20827, -0.07589
0.20971, -0.07594
0.21115, -0.07598
0.21258, -0.07603
0.21402, -0.07606
0.21545, -0.07609
0.21688, -0.07612
0.21831, -0.07615
0.21974, -0.07617
0.22117, -0.07618
0.22260, -0.07619
0.22402, -0.07620
0.22544, -0.07620
0.22687, -0.07620
0.22828, -0.07620
0.22970, -0.07619
0.23112, -0.07618
0.23253, -0.07617
0.23394, -0.07615
0.23535, -0.07613
0.23676, -0.07611
0.23816, -0.07609
0.23956, -0.07606
0.24096, -0.07603
0.24236, -0.07600
0.24376, -0.07596
0.24515, -0.07593
0.24654, -0.07589
0.24792, -0.07585
0.24931, -0.07581
0.25069, -0.07577
0.25207, -0.07572
0.25345, -0.07568
0.25482, -0.07563
0.25619, -0.07559
0.25756, -0.07554
0.25892, -0.07549
0.26028, -0.07544
0.26164, -0.07539
0.26299, -0.07534
0.26435, -0.07529
0.26569, -0.07524
0.26704, -0.07519
0.26838, -0.07514
0.26972, -0.07509
0.27106, -0.07504
0.27240, -0.07499
0.27374, -0.07495
0.27509, -0.07490
0.27643, -0.07485
0.27778, -0.07480
0.27913, -0.07475
0.28049, -0.07470
0.28184, -0.07466
0.28320, -0.07461
0.28457, -0.07456
0.28593, -0.07451
0.28730, -0.07446
0.28867, -0.07442
0.29004, -0.07437
0.29141, -0.07432
0.29279, -0.07428
0.29416, -0.07423
0.29555, -0.07418
0.29693, -0.07414
0.29831, -0.07409
0.29970, -0.07404
0.30109, -0.07400
0.30249, -0.07395
0.30388, -0.07390
0.30528, -0.07386
0.30668, -0.07381
0.30808, -0.07377
0.30948, -0.07372
0.31089, -0.07367
0.31230, -0.07363
0.31371, -0.07358
0.31512, -0.07354
0.31654, -0.07349
0.31796, -0.07345
0.31938, -0.07340
0.32080, -0.07336
0.32222, -0.07331
0.32365, -0.07327
0.32508, -0.07322
0.32651, -0.07318
0.32794, -0.07313
0.32938, -0.07309
0.33082, -0.07304
0.33225, -0.07300
0.33370, -0.07295
0.33514, -0.07291
0.33659, -0.07286
0.33803, -0.07282
0.33948, -0.07277
0.34094, -0.07273
0.34239, -0.07268
0.34385, -0.07264
0.34530, -0.07259
0.34676, -0.07255
0.34823, -0.07250
0.34969, -0.07246
0.35116, -0.07241
0.35262, -0.07237
0.35409, -0.07232
0.35556, -0.07228
0.35704, -0.07223
0.35851, -0.07219
0.35999, -0.07214
0.36147, -0.07210
0.36295, -0.07205
0.36444, -0.07200
0.36592, -0.07196
0.36741, -0.07191
0.36890, -0.07187
0.37039, -0.07182
0.37188, -0.07177
0.37337, -0.07173
0.37487, -0.07168
0.37637, -0.07163
0.37786, -0.07159
0.37937, -0.07154
0.38087, -0.07149
0.38237, -0.07144
0.38388, -0.07140
0.38539, -0.07135
0.38690, -0.07130
0.38841, -0.07125
0.38992, -0.07120
0.39143, -0.07115
0.39295, -0.07110
0.39447, -0.07105
0.39599, -0.07100
0.39751, -0.07095
0.39903, -0.07090
0.40055, -0.07085
0.40208, -0.07080
0.40360, -0.07075
0.40513, -0.07070
0.40666, -0.07065
0.40819, -0.07059
0.40972, -0.07054
0.41126, -0.07049
0.41279, -0.07044
0.41433, -0.07038
0.41587, -0.07033
0.41741, -0.07027
0.41895, -0.07022
0.42049, -0.07016
0.42203, -0.07011
0.42358, -0.07005
0.42512, -0.06999
0.42667, -0.06994
0.42822, -0.06988
0.42977, -0.06982
0.43132, -0.06976
0.43287, -0.06970
0.43442, -0.06964
0.43598, -0.06958
0.43753, -0.06952
0.43909, -0.06946
0.44065, -0.06940
0.44221, -0.06934
0.44377, -0.06928
0.44533, -0.06921
0.44689, -0.06915
0.44845, -0.06908
0.45002, -0.06902
0.45158, -0.06895
0.45315, -0.06889
0.45471, -0.06882
0.45628, -0.06875
0.45785, -0.06868
0.45942, -0.06862
0.46099, -0.06855
0.46256, -0.06848
0.46414, -0.06840
0.46571, -0.06833
0.46728, -0.06826
0.46886, -0.06819
0.47043, -0.06811
0.47201, -0.06804
0.47359, -0.06796
0.47516, -0.06789
0.47674, -0.06781
0.47832, -0.06773
0.47990, -0.06765
0.48148, -0.06757
0.48306, -0.06749
0.48464, -0.06741
0.48623, -0.06733
0.48781, -0.06725
0.48939, -0.06716
0.49098, -0.06708
0.49256, -0.06699
0.49415, -0.06691
0.49573, -0.06682
0.49732, -0.06673
0.49891, -0.06664
0.50049, -0.06655
0.50208, -0.06646
0.50367, -0.06637
0.50526, -0.06628
0.50684, -0.06618
0.50843, -0.06609
0.51002, -0.06599
0.51161, -0.06589
0.51320, -0.06579
0.51479, -0.06570
0.51638, -0.06559
0.51797, -0.06549
0.51956, -0.06539
0.52115, -0.06529
0.52275, -0.06518
0.52434, -0.06508
0.52593, -0.06497
0.52752, -0.06486
0.52911, -0.06475
0.53070, -0.06464
0.53229, -0.06453
0.53389, -0.06442
0.53548, -0.06430
0.53707, -0.06419
0.53866, -0.06407
0.54025, -0.06395
0.54184, -0.06384
0.54344, -0.06372
0.54503, -0.06359
0.54662, -0.06347
0.54821, -0.06335
0.54980, -0.06322
0.55139, -0.06310
0.55298, -0.06297
0.55457, -0.06284
0.55616, -0.06271
0.55775, -0.06258
0.55934, -0.06244
0.56093, -0.06231
0.56252, -0.06217
0.56411, -0.06204
0.56570, -0.06190
0.56728, -0.06176
0.56887, -0.06162
0.57046, -0.06148
0.57204, -0.06133
0.57363, -0.06119
0.57522, -0.06104
0.57680, -0.06089
0.57839, -0.06074
0.57997, -0.06059
0.58155, -0.06044
0.58314, -0.06028
0.58472, -0.06013
0.58630, -0.05997
0.58788, -0.05981
0.58946, -0.05965
0.59104, -0.05949
0.59262, -0.05932
0.59420, -0.05916
0.59577, -0.05899
0.59735, -0.05883
0.59893, -0.05866
0.60050, -0.05848
0.60208, -0.05831
0.60365, -0.05814
0.60522, -0.05796
0.60679, -0.05778
0.60836, -0.05760
0.60993, -0.05742
0.61150, -0.05724
0.61307, -0.05706
0.61464, -0.05687
0.61620, -0.05669
0.61777, -0.05650
0.61933, -0.05631
0.62089, -0.05611
0.62246, -0.05592
0.62402, -0.05572
0.62558, -0.05553
0.62713, -0.05533
0.62869, -0.05513
0.63025, -0.05493
0.63180, -0.05472
0.63336, -0.05452
0.63491, -0.05431
0.63646, -0.05410
0.63801, -0.05389
0.63956, -0.05368
0.64110, -0.05346
0.64265, -0.05325
0.64419, -0.05303
0.64574, -0.05281
0.64728, -0.05259
0.64882, -0.05236
0.65036, -0.05214
0.65189, -0.05191
0.65343, -0.05168
0.65496, -0.05145
0.65649, -0.05122
0.65803, -0.05099
0.65956, -0.05075
0.66108, -0.05052
0.66261, -0.05028
0.66413, -0.05004
0.66566, -0.04979
0.66718, -0.04955
0.66870, -0.04930
0.67021, -0.04906
0.67173, -0.04881
0.67324, -0.04856
0.67474, -0.04830
0.67625, -0.04805
0.67774, -0.04780
0.67924, -0.04754
0.68073, -0.04728
0.68221, -0.04702
0.68370, -0.04677
0.68518, -0.04651
0.68665, -0.04624
0.68812, -0.04598
0.68959, -0.04572
0.69105, -0.04546
0.69251, -0.04520
0.69397, -0.04493
0.69542, -0.04467
0.69687, -0.04441
0.69831, -0.04414
0.69975, -0.04388
0.70119, -0.04361
0.70262, -0.04335
0.70405, -0.04309
0.70548, -0.04282
0.70690, -0.04256
0.70832, -0.04230
0.70974, -0.04203
0.71115, -0.04177
0.71256, -0.04151
0.71396, -0.04125
0.71536, -0.04099
0.71676, -0.04073
0.71815, -0.04047
0.71954, -0.04022
0.72093, -0.03996
0.72231, -0.03970
0.72369, -0.03945
0.72507, -0.03919
0.72644, -0.03894
0.72781, -0.03869
0.72917, -0.03844
0.73053, -0.03819
0.73189, -0.03795
0.73325, -0.03770
0.73460, -0.03746
0.73595, -0.03721
0.73729, -0.03697
0.73863, -0.03673
0.73997, -0.03650
0.74130, -0.03626
0.74264, -0.03603
0.74396, -0.03579
0.74529, -0.03556
0.74661, -0.03533
0.74793, -0.03511
0.74924, -0.03488
0.75055, -0.03466
0.75186, -0.03444
0.75317, -0.03422
0.75447, -0.03401
0.75577, -0.03379
0.75707, -0.03358
0.75837, -0.03337
0.75966, -0.03317
0.76096, -0.03296
0.76225, -0.03276
0.76354, -0.03255
0.76483, -0.03235
0.76611, -0.03216
0.76740, -0.03196
0.76868, -0.03177
0.76996, -0.03158
0.77123, -0.03139
0.77251, -0.03120
0.77378, -0.03101
0.77505, -0.03083
0.77632, -0.03065
0.77759, -0.03047
0.77886, -0.03029
0.78012, -0.03011
0.78138, -0.02994
0.78264, -0.02976
0.78389, -0.02959
0.78515, -0.02942
0.78640, -0.02926
0.78765, -0.02909
0.78889, -0.02893
0.79014, -0.02876
0.79138, -0.02860
0.79262, -0.02845
0.79386, -0.02829
0.79509, -0.02813
0.79633, -0.02798
0.79756, -0.02783
0.79879, -0.02768
0.80001, -0.02753
0.80123, -0.02738
0.80245, -0.02724
0.80367, -0.02710
0.80489, -0.02695
0.80610, -0.02681
0.80731, -0.02668
0.80852, -0.02654
0.80973, -0.02640
0.81093, -0.02627
0.81213, -0.02614
0.81333, -0.02601
0.81452, -0.02588
0.81571, -0.02575
0.81690, -0.02563
0.81809, -0.02550
0.81928, -0.02538
0.82046, -0.02526
0.82164, -0.02514
0.82281, -0.02502
0.82399, -0.02490
0.82516, -0.02479
0.82633, -0.02467
0.82749, -0.02456
0.82865, -0.02445
0.82981, -0.02434
0.83097, -0.02423
0.83213, -0.02413
0.83328, -0.02402
0.83442, -0.02392
0.83557, -0.02381
0.83671, -0.02371
0.83785, -0.02361
0.83899, -0.02351
0.84013, -0.02342
0.84126, -0.02332
0.84239, -0.02322
0.84351, -0.02313
0.84463, -0.02304
0.84576, -0.02295
0.84687, -0.02286
0.84799, -0.02277
0.84910, -0.02268
0.85021, -0.02259
0.85131, -0.02251
0.85241, -0.02242
0.85351, -0.02234
0.85461, -0.02225
0.85570, -0.02217
0.85679, -0.02209
0.85788, -0.02201
0.85896, -0.02193
0.86004, -0.02186
0.86112, -0.02178
0.86220, -0.02170
0.86327, -0.02163
0.86433, -0.02156
0.86540, -0.02148
0.86646, -0.02141
0.86752, -0.02134
0.86857, -0.02127
0.86963, -0.02120
0.87067, -0.02113
0.87172, -0.02106
0.87276, -0.02100
0.87380, -0.02093
0.87483, -0.02086
0.87586, -0.02080
0.87689, -0.02073
0.87792, -0.02067
0.87894, -0.02061
0.87996, -0.02055
0.88097, -0.02049
0.88198, -0.02043
0.88299, -0.02037
0.88399, -0.02031
0.88499, -0.02025
0.88599, -0.02019
0.88698, -0.02013
0.88797, -0.02008
0.88896, -0.02002
0.88994, -0.01997
0.89092, -0.01991
0.89189, -0.01986
0.89286, -0.01980
0.89383, -0.01975
0.89480, -0.01970
0.89576, -0.01964
0.89671, -0.01959
0.89767, -0.01954
0.89861, -0.01949
0.89956, -0.01944
0.90050, -0.01939
0.90144, -0.01934
0.90237, -0.01929
0.90330, -0.01925
0.90423, -0.01920
0.90515, -0.01915
0.90607, -0.01910
0.90698, -0.01906
0.90790, -0.01901
0.90880, -0.01897
0.90971, -0.01892
0.91060, -0.01888
0.91150, -0.01883
0.91239, -0.01879
0.91328, -0.01874
0.91416, -0.01870
0.91504, -0.01866
0.91592, -0.01862
0.91679, -0.01857
0.91765, -0.01853
0.91852, -0.01849
0.91938, -0.01845
0.92023, -0.01841
0.92108, -0.01837
0.92193, -0.01833
0.92277, -0.01829
0.92361, -0.01825
0.92445, -0.01821
0.92528, -0.01817
0.92610, -0.01813
0.92693, -0.01809
0.92774, -0.01805
0.92856, -0.01802
0.92937, -0.01798
0.93017, -0.01794
0.93097, -0.01790
0.93177, -0.01787
0.93256, -0.01783
0.93335, -0.01779
0.93414, -0.01776
0.93492, -0.01772
0.93569, -0.01768
0.93646, -0.01765
0.93723, -0.01761
0.93800, -0.01758
0.93875, -0.01754
0.93951, -0.01751
0.94026, -0.01747
0.94100, -0.01744
0.94175, -0.01741
0.94248, -0.01737
0.94321, -0.01734
0.94394, -0.01730
0.94467, -0.01727
0.94539, -0.01724
0.94610, -0.01720
0.94681, -0.01717
0.94752, -0.01714
0.94822, -0.01711
0.94892, -0.01707
0.94961, -0.01704
0.95030, -0.01701
0.95098, -0.01698
0.95166, -0.01695
0.95234, -0.01692
0.95301, -0.01688
0.95367, -0.01685
0.95434, -0.01682
0.95499, -0.01679
0.95565, -0.01676
0.95629, -0.01673
0.95694, -0.01670
0.95758, -0.01667
0.95821, -0.01664
0.95884, -0.01661
0.95946, -0.01658
0.96009, -0.01655
0.96070, -0.01652
0.96131, -0.01649
0.96192, -0.01646
0.96252, -0.01644
0.96312, -0.01641
0.96371, -0.01638
0.96430, -0.01635
0.96488, -0.01632
0.96546, -0.01629
0.96604, -0.01627
0.96661, -0.01624
0.96717, -0.01621
0.96773, -0.01618
0.96829, -0.01616
0.96884, -0.01613
0.96939, -0.01610
0.96993, -0.01608
0.97047, -0.01605
0.97100, -0.01602
0.97153, -0.01600
0.97205, -0.01597
0.97257, -0.01595
0.97308, -0.01592
0.97359, -0.01590
0.97409, -0.01587
0.97459, -0.01585
0.97509, -0.01582
0.97558, -0.01580
0.97606, -0.01577
0.97654, -0.01575
0.97702, -0.01572
0.97749, -0.01570
0.97795, -0.01568
0.97842, -0.01565
0.97887, -0.01563
0.97932, -0.01560
0.97977, -0.01558
0.98021, -0.01556
0.98065, -0.01554
0.98108, -0.01551
0.98151, -0.01549
0.98193, -0.01547
0.98235, -0.01545
0.98276, -0.01543
0.98317, -0.01540
0.98357, -0.01538
0.98397, -0.01536
0.98437, -0.01534
0.98476, -0.01532
0.98514, -0.01530
0.98552, -0.01528
0.98589, -0.01526
0.98626, -0.01524
0.98663, -0.01522
0.98699, -0.01520
0.98734, -0.01518
0.98769, -0.01516
0.98804, -0.01514
0.98838, -0.01513
0.98871, -0.01511
0.98904, -0.01509
0.98937, -0.01507
0.98969, -0.01505
0.99000, -0.01504
0.99031, -0.01502
0.99062, -0.01500
0.99092, -0.01499
0.99122, -0.01497
0.99151, -0.01495
0.99179, -0.01494
0.99208, -0.01492
0.99235, -0.01491
0.99262, -0.01489
0.99289, -0.01488
0.99315, -0.01486
0.99341, -0.01485
0.99366, -0.01483
0.99391, -0.01482
0.99415, -0.01481
0.99438, -0.01479
0.99462, -0.01478
0.99484, -0.01477
0.99506, -0.01475
0.99528, -0.01474
0.99549, -0.01473
0.99570, -0.01472
0.99590, -0.01470
0.99610, -0.01469
0.99629, -0.01468
0.99648, -0.01467
0.99666, -0.01466
0.99684, -0.01465
0.99701, -0.01464
0.99718, -0.01463
0.99734, -0.01462
0.99750, -0.01461
0.99765, -0.01460
0.99780, -0.01460
0.99794, -0.01459
0.99808, -0.01458
0.99821, -0.01457
0.99834, -0.01456
0.99846, -0.01456
0.99858, -0.01455
0.99869, -0.01454
0.99880, -0.01454
0.99890, -0.01453
0.99900, -0.01453
0.99909, -0.01452
0.99918, -0.01451
0.99926, -0.01451
0.99934, -0.01451
0.99941, -0.01450
0.99948, -0.01450
0.99954, -0.01449
0.99960, -0.01449
0.99965, -0.01449
0.99970, -0.01448
0.99974, -0.01448
0.99978, -0.01448
0.99981, -0.01448
0.99984, -0.01448
0.99986, -0.01447
0.99988, -0.01447
0.99989, -0.01447
0.99986, -0.01447
0.99986, -0.01447
