=== Airfoil Parameters ===
m = 0.02
p = 0.4
t = 0.12

=== Control Points ===
0.00000, -0.01332, -0.01332
0.06667, 0.00203, -0.00408
0.13333, 0.02134, 0.01023
0.20000, 0.04054, 0.02554
0.26667, 0.05377, 0.03599
0.66667, 0.05254, 0.03649
0.75000, 0.04257, 0.02937
0.83333, 0.02971, 0.02014
0.91667, 0.01716, 0.01199
1.00000, 0.00721, 0.00721

=== Upper Surface ===
0.00000, -0.01332
-0.00006, -0.01305
-0.00009, -0.01277
-0.00013, -0.01250
-0.00016, -0.01222
-0.00019, -0.01194
-0.00022, -0.01166
-0.00023, -0.01138
-0.00025, -0.01110
-0.00026, -0.01082
-0.00026, -0.01054
-0.00026, -0.01026
-0.00025, -0.00998
-0.00024, -0.00970
-0.00022, -0.00941
-0.00020, -0.00913
-0.00018, -0.00885
-0.00015, -0.00856
-0.00011, -0.00828
-0.00007, -0.00799
-0.00002, -0.00771
0.00003, -0.00742
0.00008, -0.00713
0.00014, -0.00685
0.00021, -0.00656
0.00028, -0.00627
0.00035, -0.00598
0.00043, -0.00569
0.00052, -0.00540
0.00060, -0.00511
0.00070, -0.00482
0.00080, -0.00453
0.00090, -0.00424
0.00101, -0.00394
0.00112, -0.00365
0.00124, -0.00336
0.00136, -0.00306
0.00149, -0.00277
0.00163, -0.00247
0.00176, -0.00218
0.00190, -0.00188
0.00205, -0.00158
0.00220, -0.00129
0.00236, -0.00099
0.00252, -0.00069
0.00269, -0.00039
0.00286, -0.00009
0.00303, 0.00021
0.00321, 0.00051
0.00340, 0.00081
0.00359, 0.00111
0.00378, 0.00142
0.00398, 0.00172
0.00418, 0.00202
0.00439, 0.00233
0.00460, 0.00263
0.00482, 0.00294
0.00504, 0.00324
0.00527, 0.00355
0.00550, 0.00386
0.00574, 0.00416
0.00598, 0.00447
0.00622, 0.00478
0.00647, 0.00509
0.00673, 0.00540
0.00699, 0.00571
0.00725, 0.00602
0.00752, 0.00633
0.00779, 0.00665
0.00807, 0.00696
0.00835, 0.00727
0.00864, 0.00759
0.00893, 0.00790
0.00923, 0.00822
0.00953, 0.00853
0.00983, 0.00885
0.01014, 0.00917
0.01046, 0.00948
0.01078, 0.00980
0.01110, 0.01012
0.01143, 0.01044
0.01176, 0.01076
0.01210, 0.01108
0.01244, 0.01140
0.01278, 0.01173
0.01313, 0.01205
0.01349, 0.01237
0.01385, 0.01270
0.01421, 0.01302
0.01458, 0.01335
0.01495, 0.01367
0.01533, 0.01400
0.01571, 0.01433
0.01610, 0.01466
0.01649, 0.01498
0.01689, 0.01531
0.01729, 0.01564
0.01769, 0.01598
0.01810, 0.01631
0.01851, 0.01664
0.01893, 0.01697
0.01935, 0.01731
0.01978, 0.01764
0.02021, 0.01798
0.02065, 0.01831
0.02109, 0.01865
0.02153, 0.01899
0.02198, 0.01932
0.02243, 0.01966
0.02289, 0.02000
0.02335, 0.02034
0.02382, 0.02068
0.02429, 0.02103
0.02477, 0.02137
0.02525, 0.02171
0.02573, 0.02206
0.02622, 0.02240
0.02671, 0.02275
0.02721, 0.02309
0.02771, 0.02344
0.02822, 0.02379
0.02873, 0.02414
0.02924, 0.02449
0.02976, 0.02484
0.03029, 0.02519
0.03081, 0.02554
0.03135, 0.02589
0.03188, 0.02625
0.03243, 0.02660
0.03297, 0.02696
0.03352, 0.02731
0.03408, 0.02767
0.03464, 0.02803
0.03520, 0.02838
0.03577, 0.02874
0.03634, 0.02910
0.03692, 0.02947
0.03750, 0.02983
0.03808, 0.03019
0.03867, 0.03055
0.03926, 0.03092
0.03986, 0.03128
0.04047, 0.03165
0.04107, 0.03202
0.04168, 0.03238
0.04230, 0.03275
0.04292, 0.03312
0.04354, 0.03349
0.04417, 0.03386
0.04481, 0.03424
0.04544, 0.03461
0.04609, 0.03498
0.04673, 0.03536
0.04738, 0.03573
0.04804, 0.03611
0.04870, 0.03649
0.04936, 0.03687
0.05003, 0.03724
0.05070, 0.03762
0.05138, 0.03801
0.05206, 0.03839
0.05275, 0.03877
0.05343, 0.03915
0.05413, 0.03954
0.05483, 0.03992
0.05553, 0.04031
0.05624, 0.04070
0.05695, 0.04109
0.05767, 0.04147
0.05839, 0.04186
0.05911, 0.04225
0.05984, 0.04265
0.06057, 0.04304
0.06131, 0.04343
0.06205, 0.04383
0.06280, 0.04422
0.06355, 0.04462
0.06430, 0.04502
0.06506, 0.04541
0.06583, 0.04581
0.06660, 0.04621
0.06737, 0.04661
0.06815, 0.04702
0.06893, 0.04742
0.06971, 0.04782
0.07050, 0.04823
0.07130, 0.04863
0.07210, 0.04904
0.07290, 0.04944
0.07371, 0.04985
0.07452, 0.05026
0.07533, 0.05067
0.07615, 0.05108
0.07698, 0.05149
0.07781, 0.05190
0.07864, 0.05232
0.07948, 0.05273
0.08032, 0.05315
0.08117, 0.05356
0.08202, 0.05398
0.08288, 0.05440
0.08374, 0.05482
0.08460, 0.05523
0.08547, 0.05565
0.08634, 0.05608
0.08722, 0.05650
0.08810, 0.05692
0.08899, 0.05734
0.08988, 0.05777
0.09077, 0.05819
0.09167, 0.05862
0.09257, 0.05904
0.09348, 0.05947
0.09439, 0.05990
0.09531, 0.06033
0.09623, 0.06076
0.09716, 0.06119
0.09809, 0.06162
0.09902, 0.06205
0.09996, 0.06248
0.10090, 0.06292
0.10185, 0.06335
0.10280, 0.06379
0.10376, 0.06422
0.10472, 0.06466
0.10568, 0.06510
0.10665, 0.06553
0.10762, 0.06597
0.10860, 0.06641
0.10958, 0.06685
0.11057, 0.06729
0.11156, 0.06773
0.11256, 0.06817
0.11356, 0.06862
0.11456, 0.06906
0.11557, 0.06950
0.11658, 0.06995
0.11760, 0.07039
0.11862, 0.07084
0.11965, 0.07128
0.12068, 0.07173
0.12172, 0.07218
0.12276, 0.07262
0.12381, 0.07307
0.12486, 0.07352
0.12592, 0.07397
0.12698, 0.07442
0.12805, 0.07488
0.12913, 0.07533
0.13021, 0.07578
0.13130, 0.07623
0.13239, 0.07669
0.13349, 0.07714
0.13459, 0.07759
0.13570, 0.07805
0.13682, 0.07850
0.13794, 0.07896
0.13906, 0.07941
0.14019, 0.07987
0.14133, 0.08032
0.14248, 0.08078
0.14362, 0.08123
0.14478, 0.08169
0.14594, 0.08214
0.14711, 0.08260
0.14828, 0.08305
0.14946, 0.08351
0.15064, 0.08396
0.15183, 0.08441
0.15303, 0.08487
0.15423, 0.08532
0.15544, 0.08577
0.15665, 0.08622
0.15787, 0.08667
0.15909, 0.08712
0.16033, 0.08757
0.16156, 0.08802
0.16281, 0.08846
0.16406, 0.08891
0.16531, 0.08935
0.16657, 0.08980
0.16784, 0.09024
0.16912, 0.09068
0.17040, 0.09112
0.17168, 0.09156
0.17298, 0.09199
0.17427, 0.09243
0.17558, 0.09286
0.17689, 0.09329
0.17821, 0.09372
0.17953, 0.09415
0.18086, 0.09457
0.18220, 0.09499
0.18354, 0.09541
0.18489, 0.09583
0.18625, 0.09625
0.18761, 0.09666
0.18897, 0.09707
0.19034, 0.09747
0.19171, 0.09788
0.19308, 0.09828
0.19445, 0.09867
0.19583, 0.09906
0.19721, 0.09945
0.19860, 0.09984
0.19998, 0.10022
0.20137, 0.10060
0.20276, 0.10097
0.20416, 0.10135
0.20555, 0.10172
0.20695, 0.10208
0.20836, 0.10244
0.20976, 0.10280
0.21117, 0.10316
0.21258, 0.10351
0.21399, 0.10386
0.21541, 0.10420
0.21683, 0.10454
0.21824, 0.10488
0.21967, 0.10522
0.22109, 0.10555
0.22252, 0.10588
0.22395, 0.10620
0.22538, 0.10652
0.22681, 0.10684
0.22825, 0.10716
0.22968, 0.10747
0.23112, 0.10778
0.23257, 0.10808
0.23401, 0.10839
0.23546, 0.10868
0.23690, 0.10898
0.23835, 0.10927
0.23980, 0.10956
0.24126, 0.10985
0.24271, 0.11013
0.24417, 0.11041
0.24563, 0.11069
0.24709, 0.11096
0.24855, 0.11123
0.25002, 0.11150
0.25148, 0.11177
0.25295, 0.11203
0.25442, 0.11229
0.25589, 0.11254
0.25736, 0.11279
0.25884, 0.11304
0.26031, 0.11329
0.26179, 0.11354
0.26327, 0.11378
0.26476, 0.11401
0.26624, 0.11425
0.26773, 0.11448
0.26922, 0.11471
0.27071, 0.11494
0.27221, 0.11516
0.27371, 0.11539
0.27521, 0.11560
0.27671, 0.11582
0.27821, 0.11603
0.27972, 0.11624
0.28123, 0.11645
0.28274, 0.11665
0.28425, 0.11686
0.28577, 0.11705
0.28729, 0.11725
0.28881, 0.11744
0.29033, 0.11763
0.29185, 0.11782
0.29338, 0.11800
0.29490, 0.11818
0.29643, 0.11836
0.29796, 0.11854
0.29950, 0.11871
0.30103, 0.11888
0.30257, 0.11904
0.30411, 0.11921
0.30565, 0.11937
0.30719, 0.11953
0.30874, 0.11968
0.31028, 0.11983
0.31183, 0.11998
0.31338, 0.12013
0.31493, 0.12027
0.31648, 0.12041
0.31804, 0.12055
0.31960, 0.12068
0.32115, 0.12082
0.32271, 0.12094
0.32427, 0.12107
0.32584, 0.12119
0.32740, 0.12131
0.32897, 0.12143
0.33053, 0.12154
0.33210, 0.12165
0.33367, 0.12176
0.33524, 0.12187
0.33682, 0.12197
0.33839, 0.12207
0.33997, 0.12217
0.34155, 0.12226
0.34312, 0.12235
0.34470, 0.12244
0.34629, 0.12252
0.34787, 0.12260
0.34945, 0.12268
0.35104, 0.12276
0.35262, 0.12283
0.35421, 0.12290
0.35580, 0.12297
0.35739, 0.12304
0.35898, 0.12310
0.36057, 0.12316
0.36216, 0.12321
0.36376, 0.12327
0.36535, 0.12332
0.36695, 0.12337
0.36855, 0.12341
0.37015, 0.12345
0.37174, 0.12349
0.37335, 0.12353
0.37495, 0.12356
0.37655, 0.12359
0.37815, 0.12362
0.37976, 0.12365
0.38136, 0.12367
0.38297, 0.12369
0.38457, 0.12371
0.38618, 0.12372
0.38779, 0.12373
0.38940, 0.12374
0.39101, 0.12375
0.39262, 0.12375
0.39423, 0.12375
0.39584, 0.12375
0.39745, 0.12374
0.39906, 0.12374
0.40068, 0.12372
0.40229, 0.12371
0.40391, 0.12370
0.40552, 0.12368
0.40714, 0.12366
0.40875, 0.12363
0.41037, 0.12361
0.41199, 0.12358
0.41360, 0.12355
0.41522, 0.12351
0.41684, 0.12347
0.41846, 0.12344
0.42008, 0.12339
0.42170, 0.12335
0.42332, 0.12330
0.42494, 0.12325
0.42656, 0.12320
0.42818, 0.12314
0.42981, 0.12309
0.43143, 0.12303
0.43305, 0.12296
0.43467, 0.12290
0.43629, 0.12283
0.43792, 0.12276
0.43954, 0.12269
0.44116, 0.12261
0.44279, 0.12254
0.44441, 0.12246
0.44603, 0.12237
0.44766, 0.12229
0.44928, 0.12220
0.45090, 0.12211
0.45253, 0.12202
0.45415, 0.12193
0.45578, 0.12183
0.45740, 0.12173
0.45902, 0.12163
0.46065, 0.12153
0.46227, 0.12142
0.46389, 0.12131
0.46552, 0.12120
0.46714, 0.12109
0.46877, 0.12097
0.47039, 0.12086
0.47201, 0.12074
0.47363, 0.12061
0.47526, 0.12049
0.47688, 0.12036
0.47850, 0.12024
0.48012, 0.12010
0.48174, 0.11997
0.48337, 0.11984
0.48499, 0.11970
0.48661, 0.11956
0.48823, 0.11942
0.48985, 0.11928
0.49147, 0.11913
0.49309, 0.11898
0.49471, 0.11883
0.49633, 0.11868
0.49794, 0.11853
0.49956, 0.11837
0.50118, 0.11821
0.50280, 0.11805
0.50441, 0.11789
0.50603, 0.11773
0.50764, 0.11756
0.50926, 0.11739
0.51087, 0.11722
0.51249, 0.11705
0.51410, 0.11688
0.51571, 0.11670
0.51732, 0.11652
0.51893, 0.11634
0.52054, 0.11616
0.52215, 0.11598
0.52376, 0.11579
0.52537, 0.11561
0.52698, 0.11542
0.52859, 0.11523
0.53019, 0.11504
0.53180, 0.11484
0.53340, 0.11465
0.53501, 0.11445
0.53661, 0.11425
0.53821, 0.11405
0.53982, 0.11385
0.54142, 0.11364
0.54302, 0.11344
0.54462, 0.11323
0.54621, 0.11302
0.54781, 0.11281
0.54941, 0.11260
0.55100, 0.11239
0.55260, 0.11217
0.55419, 0.11195
0.55578, 0.11173
0.55737, 0.11151
0.55897, 0.11129
0.56056, 0.11107
0.56214, 0.11085
0.56373, 0.11062
0.56532, 0.11039
0.56690, 0.11016
0.56849, 0.10993
0.57007, 0.10970
0.57165, 0.10947
0.57323, 0.10923
0.57481, 0.10900
0.57639, 0.10876
0.57797, 0.10852
0.57955, 0.10828
0.58112, 0.10804
0.58270, 0.10780
0.58427, 0.10755
0.58584, 0.10731
0.58741, 0.10706
0.58898, 0.10681
0.59055, 0.10657
0.59211, 0.10632
0.59368, 0.10606
0.59524, 0.10581
0.59680, 0.10556
0.59837, 0.10530
0.59993, 0.10505
0.60148, 0.10479
0.60304, 0.10453
0.60460, 0.10427
0.60615, 0.10401
0.60770, 0.10375
0.60925, 0.10349
0.61080, 0.10323
0.61235, 0.10296
0.61390, 0.10270
0.61545, 0.10243
0.61699, 0.10216
0.61853, 0.10189
0.62007, 0.10162
0.62161, 0.10135
0.62315, 0.10108
0.62469, 0.10081
0.62622, 0.10054
0.62775, 0.10026
0.62929, 0.09999
0.63082, 0.09971
0.63234, 0.09944
0.63387, 0.09916
0.63540, 0.09888
0.63692, 0.09860
0.63844, 0.09832
0.63996, 0.09804
0.64148, 0.09776
0.64300, 0.09748
0.64451, 0.09719
0.64602, 0.09691
0.64753, 0.09663
0.64904, 0.09634
0.65055, 0.09606
0.65206, 0.09577
0.65356, 0.09548
0.65506, 0.09520
0.65656, 0.09491
0.65806, 0.09462
0.65956, 0.09433
0.66106, 0.09404
0.66255, 0.09375
0.66404, 0.09346
0.66553, 0.09317
0.66702, 0.09288
0.66850, 0.09258
0.66999, 0.09229
0.67147, 0.09200
0.67295, 0.09170
0.67443, 0.09141
0.67590, 0.09111
0.67738, 0.09082
0.67885, 0.09052
0.68033, 0.09023
0.68180, 0.08993
0.68327, 0.08963
0.68474, 0.08933
0.68620, 0.08903
0.68767, 0.08873
0.68913, 0.08843
0.69059, 0.08813
0.69205, 0.08783
0.69351, 0.08753
0.69497, 0.08722
0.69642, 0.08692
0.69788, 0.08662
0.69933, 0.08631
0.70078, 0.08601
0.70223, 0.08570
0.70367, 0.08539
0.70512, 0.08509
0.70656, 0.08478
0.70800, 0.08447
0.70944, 0.08416
0.71087, 0.08385
0.71231, 0.08354
0.71374, 0.08323
0.71517, 0.08291
0.71660, 0.08260
0.71803, 0.08229
0.71945, 0.08197
0.72088, 0.08166
0.72230, 0.08134
0.72372, 0.08103
0.72513, 0.08071
0.72655, 0.08039
0.72796, 0.08007
0.72937, 0.07975
0.73078, 0.07943
0.73218, 0.07911
0.73359, 0.07879
0.73499, 0.07846
0.73639, 0.07814
0.73779, 0.07782
0.73918, 0.07749
0.74057, 0.07717
0.74196, 0.07684
0.74335, 0.07651
0.74474, 0.07618
0.74612, 0.07586
0.74750, 0.07553
0.74888, 0.07520
0.75025, 0.07486
0.75163, 0.07453
0.75300, 0.07420
0.75436, 0.07387
0.75573, 0.07353
0.75709, 0.07320
0.75845, 0.07286
0.75981, 0.07253
0.76116, 0.07219
0.76251, 0.07185
0.76385, 0.07152
0.76520, 0.07118
0.76654, 0.07084
0.76787, 0.07050
0.76921, 0.07016
0.77054, 0.06982
0.77186, 0.06948
0.77318, 0.06914
0.77450, 0.06880
0.77582, 0.06846
0.77713, 0.06812
0.77844, 0.06778
0.77975, 0.06744
0.78105, 0.06710
0.78235, 0.06676
0.78365, 0.06642
0.78494, 0.06608
0.78623, 0.06574
0.78752, 0.06540
0.78881, 0.06505
0.79009, 0.06471
0.79136, 0.06437
0.79264, 0.06403
0.79391, 0.06369
0.79517, 0.06335
0.79644, 0.06301
0.79770, 0.06267
0.79895, 0.06233
0.80021, 0.06199
0.80146, 0.06166
0.80270, 0.06132
0.80395, 0.06098
0.80519, 0.06064
0.80642, 0.06030
0.80766, 0.05997
0.80889, 0.05963
0.81011, 0.05930
0.81134, 0.05896
0.81256, 0.05863
0.81377, 0.05829
0.81499, 0.05796
0.81620, 0.05762
0.81740, 0.05729
0.81861, 0.05696
0.81980, 0.05663
0.82100, 0.05630
0.82219, 0.05597
0.82338, 0.05564
0.82457, 0.05531
0.82575, 0.05498
0.82693, 0.05466
0.82810, 0.05433
0.82928, 0.05400
0.83045, 0.05368
0.83161, 0.05335
0.83277, 0.05303
0.83393, 0.05271
0.83508, 0.05239
0.83624, 0.05207
0.83738, 0.05175
0.83853, 0.05143
0.83967, 0.05111
0.84081, 0.05080
0.84194, 0.05048
0.84307, 0.05017
0.84420, 0.04985
0.84532, 0.04954
0.84645, 0.04923
0.84756, 0.04891
0.84868, 0.04860
0.84979, 0.04830
0.85090, 0.04799
0.85200, 0.04768
0.85310, 0.04737
0.85420, 0.04707
0.85529, 0.04676
0.85638, 0.04646
0.85747, 0.04616
0.85855, 0.04586
0.85963, 0.04556
0.86071, 0.04526
0.86178, 0.04496
0.86285, 0.04466
0.86392, 0.04437
0.86498, 0.04407
0.86604, 0.04378
0.86709, 0.04349
0.86814, 0.04319
0.86919, 0.04290
0.87024, 0.04261
0.87128, 0.04232
0.87231, 0.04204
0.87335, 0.04175
0.87438, 0.04147
0.87540, 0.04118
0.87643, 0.04090
0.87745, 0.04062
0.87846, 0.04034
0.87947, 0.04006
0.88048, 0.03978
0.88149, 0.03950
0.88249, 0.03922
0.88349, 0.03895
0.88448, 0.03867
0.88547, 0.03840
0.88646, 0.03813
0.88744, 0.03786
0.88842, 0.03759
0.88939, 0.03732
0.89036, 0.03705
0.89133, 0.03679
0.89229, 0.03652
0.89325, 0.03626
0.89421, 0.03600
0.89516, 0.03574
0.89611, 0.03548
0.89706, 0.03522
0.89800, 0.03496
0.89894, 0.03470
0.89987, 0.03445
0.90080, 0.03419
0.90172, 0.03394
0.90265, 0.03369
0.90356, 0.03344
0.90448, 0.03319
0.90539, 0.03294
0.90629, 0.03270
0.90720, 0.03245
0.90810, 0.03221
0.90899, 0.03196
0.90988, 0.03172
0.91077, 0.03148
0.91165, 0.03124
0.91253, 0.03100
0.91340, 0.03077
0.91428, 0.03053
0.91514, 0.03030
0.91601, 0.03006
0.91687, 0.02983
0.91772, 0.02960
0.91857, 0.02937
0.91942, 0.02914
0.92026, 0.02892
0.92110, 0.02869
0.92194, 0.02847
0.92277, 0.02824
0.92359, 0.02802
0.92442, 0.02780
0.92524, 0.02758
0.92605, 0.02736
0.92686, 0.02715
0.92767, 0.02693
0.92847, 0.02672
0.92927, 0.02650
0.93006, 0.02629
0.93085, 0.02608
0.93164, 0.02587
0.93242, 0.02566
0.93320, 0.02546
0.93397, 0.02525
0.93474, 0.02505
0.93551, 0.02484
0.93627, 0.02464
0.93703, 0.02444
0.93778, 0.02424
0.93853, 0.02404
0.93927, 0.02385
0.94001, 0.02365
0.94075, 0.02346
0.94148, 0.02327
0.94221, 0.02307
0.94293, 0.02288
0.94365, 0.02270
0.94437, 0.02251
0.94508, 0.02232
0.94578, 0.02214
0.94648, 0.02195
0.94718, 0.02177
0.94788, 0.02159
0.94857, 0.02141
0.94925, 0.02123
0.94993, 0.02105
0.95061, 0.02088
0.95128, 0.02070
0.95195, 0.02053
0.95261, 0.02036
0.95327, 0.02019
0.95392, 0.02002
0.95457, 0.01985
0.95522, 0.01968
0.95586, 0.01951
0.95650, 0.01935
0.95713, 0.01919
0.95776, 0.01902
0.95838, 0.01886
0.95900, 0.01870
0.95962, 0.01855
0.96023, 0.01839
0.96084, 0.01823
0.96144, 0.01808
0.96204, 0.01793
0.96263, 0.01777
0.96322, 0.01762
0.96380, 0.01747
0.96438, 0.01733
0.96496, 0.01718
0.96553, 0.01703
0.96609, 0.01689
0.96665, 0.01675
0.96721, 0.01660
0.96777, 0.01646
0.96831, 0.01632
0.96886, 0.01619
0.96940, 0.01605
0.96993, 0.01591
0.97046, 0.01578
0.97099, 0.01565
0.97151, 0.01552
0.97203, 0.01538
0.97254, 0.01526
0.97304, 0.01513
0.97355, 0.01500
0.97405, 0.01488
0.97454, 0.01475
0.97503, 0.01463
0.97551, 0.01451
0.97599, 0.01439
0.97647, 0.01427
0.97694, 0.01415
0.97741, 0.01403
0.97787, 0.01392
0.97833, 0.01380
0.97878, 0.01369
0.97923, 0.01358
0.97967, 0.01347
0.98011, 0.01336
0.98054, 0.01325
0.98097, 0.01314
0.98140, 0.01304
0.98182, 0.01293
0.98223, 0.01283
0.98264, 0.01273
0.98305, 0.01263
0.98345, 0.01253
0.98385, 0.01243
0.98424, 0.01233
0.98463, 0.01224
0.98501, 0.01214
0.98539, 0.01205
0.98576, 0.01196
0.98613, 0.01187
0.98649, 0.01178
0.98685, 0.01169
0.98720, 0.01160
0.98755, 0.01152
0.98790, 0.01143
0.98824, 0.01135
0.98857, 0.01126
0.98891, 0.01118
0.98923, 0.01110
0.98955, 0.01102
0.98987, 0.01095
0.99018, 0.01087
0.99049, 0.01080
0.99079, 0.01072
0.99109, 0.01065
0.99138, 0.01058
0.99167, 0.01051
0.99195, 0.01044
0.99223, 0.01037
0.99250, 0.01030
0.99277, 0.01024
0.99304, 0.01017
0.99330, 0.01011
0.99355, 0.01005
0.99380, 0.00999
0.99404, 0.00993
0.99428, 0.00987
0.99452, 0.00981
0.99475, 0.00976
0.99498, 0.00970
0.99520, 0.00965
0.99541, 0.00960
0.99562, 0.00955
0.99583, 0.00950
0.99603, 0.00945
0.99623, 0.00940
0.99642, 0.00935
0.99661, 0.00931
0.99679, 0.00926
0.99697, 0.00922
0.99714, 0.00918
0.99731, 0.00914
0.99747, 0.00910
0.99763, 0.00906
0.99778, 0.00902
0.99793, 0.00899
0.99807, 0.00895
0.99821, 0.00892
0.99835, 0.00889
0.99848, 0.00886
0.99860, 0.00883
0.99872, 0.00880
0.99883, 0.00877
0.99894, 0.00875
0.99905, 0.00872
0.99915, 0.00870
0.99924, 0.00867
0.99933, 0.00865
0.99942, 0.00863
0.99950, 0.00861
0.99957, 0.00859
0.99964, 0.00858
0.99971, 0.00856
0.99977, 0.00855
0.99983, 0.00853
0.99988, 0.00852
0.99992, 0.00851
0.99997, 0.00850
1.00000, 0.00849
1.00003, 0.00848
1.00006, 0.00848
1.00008, 0.00847
1.00010, 0.00847
1.00011, 0.00846
1.00016, 0.00846
1.00017, 0.00846

=== Lower Surface ===
0.00000, -0.01332
0.00007, -0.01360
0.00011, -0.01387
0.00018, -0.01414
0.00024, -0.01442
0.00032, -0.01468
0.00039, -0.01495
0.00048, -0.01522
0.00056, -0.01549
0.00066, -0.01575
0.00075, -0.01601
0.00086, -0.01628
0.00096, -0.01654
0.00108, -0.01680
0.00119, -0.01705
0.00132, -0.01731
0.00144, -0.01756
0.00158, -0.01782
0.00171, -0.01807
0.00185, -0.01832
0.00200, -0.01857
0.00215, -0.01882
0.00231, -0.01907
0.00247, -0.01931
0.00264, -0.01956
0.00281, -0.01980
0.00299, -0.02004
0.00317, -0.02028
0.00336, -0.02052
0.00355, -0.02076
0.00375, -0.02100
0.00395, -0.02123
0.00416, -0.02147
0.00437, -0.02170
0.00459, -0.02193
0.00481, -0.02216
0.00504, -0.02238
0.00527, -0.02261
0.00551, -0.02284
0.00575, -0.02306
0.00600, -0.02328
0.00625, -0.02350
0.00651, -0.02372
0.00677, -0.02394
0.00704, -0.02415
0.00731, -0.02437
0.00759, -0.02458
0.00787, -0.02479
0.00816, -0.02500
0.00845, -0.02521
0.00875, -0.02542
0.00905, -0.02563
0.00936, -0.02583
0.00968, -0.02603
0.00999, -0.02623
0.01032, -0.02643
0.01065, -0.02663
0.01098, -0.02683
0.01132, -0.02702
0.01166, -0.02721
0.01201, -0.02741
0.01236, -0.02760
0.01272, -0.02778
0.01309, -0.02797
0.01346, -0.02816
0.01383, -0.02834
0.01421, -0.02852
0.01460, -0.02870
0.01498, -0.02888
0.01538, -0.02905
0.01578, -0.02923
0.01618, -0.02940
0.01659, -0.02957
0.01701, -0.02974
0.01743, -0.02991
0.01785, -0.03008
0.01828, -0.03024
0.01872, -0.03041
0.01916, -0.03057
0.01960, -0.03073
0.02005, -0.03088
0.02051, -0.03104
0.02097, -0.03119
0.02143, -0.03135
0.02190, -0.03150
0.02238, -0.03164
0.02286, -0.03179
0.02335, -0.03193
0.02384, -0.03208
0.02433, -0.03222
0.02483, -0.03236
0.02534, -0.03249
0.02585, -0.03263
0.02636, -0.03276
0.02688, -0.03289
0.02741, -0.03302
0.02794, -0.03315
0.02847, -0.03328
0.02901, -0.03340
0.02956, -0.03352
0.03011, -0.03364
0.03067, -0.03376
0.03123, -0.03387
0.03179, -0.03399
0.03236, -0.03410
0.03294, -0.03421
0.03352, -0.03432
0.03410, -0.03442
0.03469, -0.03453
0.03528, -0.03463
0.03588, -0.03473
0.03649, -0.03482
0.03710, -0.03492
0.03771, -0.03501
0.03833, -0.03510
0.03895, -0.03519
0.03958, -0.03528
0.04022, -0.03536
0.04085, -0.03544
0.04150, -0.03552
0.04215, -0.03560
0.04280, -0.03568
0.04346, -0.03575
0.04412, -0.03582
0.04478, -0.03589
0.04546, -0.03596
0.04613, -0.03602
0.04681, -0.03608
0.04750, -0.03614
0.04819, -0.03620
0.04889, -0.03626
0.04959, -0.03631
0.05029, -0.03636
0.05100, -0.03641
0.05171, -0.03645
0.05243, -0.03650
0.05316, -0.03654
0.05388, -0.03658
0.05462, -0.03662
0.05535, -0.03665
0.05610, -0.03668
0.05684, -0.03671
0.05759, -0.03674
0.05835, -0.03677
0.05911, -0.03679
0.05987, -0.03681
0.06064, -0.03683
0.06142, -0.03684
0.06219, -0.03686
0.06298, -0.03687
0.06376, -0.03688
0.06455, -0.03688
0.06535, -0.03688
0.06615, -0.03689
0.06696, -0.03688
0.06777, -0.03688
0.06858, -0.03687
0.06940, -0.03687
0.07022, -0.03686
0.07105, -0.03684
0.07188, -0.03683
0.07271, -0.03681
0.07355, -0.03679
0.07439, -0.03676
0.07524, -0.03674
0.07610, -0.03671
0.07695, -0.03668
0.07781, -0.03664
0.07868, -0.03661
0.07955, -0.03657
0.08042, -0.03653
0.08130, -0.03649
0.08218, -0.03644
0.08306, -0.03639
0.08395, -0.03634
0.08485, -0.03629
0.08575, -0.03623
0.08665, -0.03617
0.08755, -0.03611
0.08847, -0.03605
0.08938, -0.03598
0.09030, -0.03591
0.09122, -0.03584
0.09215, -0.03577
0.09308, -0.03569
0.09401, -0.03562
0.09495, -0.03553
0.09589, -0.03545
0.09683, -0.03537
0.09778, -0.03528
0.09874, -0.03519
0.09969, -0.03509
0.10066, -0.03500
0.10162, -0.03490
0.10259, -0.03480
0.10356, -0.03469
0.10454, -0.03459
0.10552, -0.03448
0.10650, -0.03437
0.10749, -0.03426
0.10848, -0.03414
0.10947, -0.03402
0.11047, -0.03390
0.11147, -0.03378
0.11248, -0.03365
0.11348, -0.03352
0.11450, -0.03339
0.11551, -0.03326
0.11653, -0.03312
0.11755, -0.03299
0.11858, -0.03285
0.11961, -0.03270
0.12064, -0.03256
0.12168, -0.03241
0.12272, -0.03226
0.12376, -0.03211
0.12481, -0.03195
0.12586, -0.03180
0.12691, -0.03164
0.12797, -0.03148
0.12903, -0.03131
0.13009, -0.03115
0.13116, -0.03098
0.13223, -0.03081
0.13330, -0.03064
0.13437, -0.03046
0.13545, -0.03028
0.13653, -0.03010
0.13762, -0.02992
0.13871, -0.02974
0.13980, -0.02955
0.14089, -0.02936
0.14199, -0.02917
0.14309, -0.02898
0.14419, -0.02878
0.14530, -0.02859
0.14641, -0.02839
0.14752, -0.02818
0.14863, -0.02798
0.14975, -0.02778
0.15087, -0.02757
0.15199, -0.02736
0.15311, -0.02715
0.15424, -0.02694
0.15536, -0.02672
0.15649, -0.02651
0.15762, -0.02629
0.15875, -0.02607
0.15988, -0.02586
0.16102, -0.02563
0.16215, -0.02541
0.16329, -0.02519
0.16443, -0.02497
0.16556, -0.02474
0.16671, -0.02451
0.16785, -0.02429
0.16899, -0.02406
0.17013, -0.02383
0.17128, -0.02360
0.17243, -0.02337
0.17357, -0.02314
0.17472, -0.02291
0.17587, -0.02267
0.17702, -0.02244
0.17817, -0.02221
0.17933, -0.02198
0.18048, -0.02174
0.18163, -0.02151
0.18279, -0.02127
0.18394, -0.02104
0.18510, -0.02080
0.18625, -0.02057
0.18741, -0.02033
0.18857, -0.02010
0.18973, -0.01986
0.19088, -0.01963
0.19204, -0.01940
0.19320, -0.01916
0.19436, -0.01893
0.19552, -0.01870
0.19668, -0.01846
0.19784, -0.01823
0.19900, -0.01800
0.20016, -0.01777
0.20132, -0.01754
0.20248, -0.01732
0.20364, -0.01709
0.20480, -0.01686
0.20596, -0.01664
0.20712, -0.01641
0.20828, -0.01619
0.20944, -0.01597
0.21060, -0.01575
0.21176, -0.01553
0.21292, -0.01531
0.21407, -0.01510
0.21523, -0.01488
0.21640, -0.01467
0.21756, -0.01446
0.21873, -0.01425
0.21990, -0.01403
0.22107, -0.01382
0.22225, -0.01361
0.22343, -0.01341
0.22461, -0.01320
0.22580, -0.01299
0.22699, -0.01278
0.22818, -0.01258
0.22937, -0.01237
0.23057, -0.01217
0.23177, -0.01197
0.23297, -0.01177
0.23418, -0.01156
0.23539, -0.01136
0.23660, -0.01116
0.23781, -0.01096
0.23903, -0.01077
0.24025, -0.01057
0.24148, -0.01037
0.24270, -0.01017
0.24393, -0.00998
0.24516, -0.00978
0.24640, -0.00959
0.24764, -0.00940
0.24888, -0.00920
0.25013, -0.00901
0.25137, -0.00882
0.25263, -0.00863
0.25388, -0.00844
0.25514, -0.00825
0.25640, -0.00806
0.25766, -0.00787
0.25893, -0.00769
0.26020, -0.00750
0.26147, -0.00731
0.26274, -0.00713
0.26402, -0.00694
0.26530, -0.00676
0.26659, -0.00657
0.26788, -0.00639
0.26917, -0.00621
0.27046, -0.00603
0.27176, -0.00584
0.27306, -0.00566
0.27436, -0.00548
0.27567, -0.00530
0.27698, -0.00512
0.27829, -0.00494
0.27960, -0.00477
0.28092, -0.00459
0.28223, -0.00441
0.28355, -0.00423
0.28488, -0.00406
0.28620, -0.00388
0.28753, -0.00371
0.28885, -0.00354
0.29018, -0.00336
0.29152, -0.00319
0.29285, -0.00302
0.29419, -0.00285
0.29552, -0.00268
0.29686, -0.00251
0.29821, -0.00234
0.29955, -0.00217
0.30090, -0.00200
0.30225, -0.00184
0.30360, -0.00167
0.30495, -0.00151
0.30630, -0.00134
0.30766, -0.00118
0.30902, -0.00102
0.31038, -0.00085
0.31174, -0.00069
0.31310, -0.00053
0.31447, -0.00037
0.31584, -0.00021
0.31721, -0.00006
0.31858, 0.00010
0.31995, 0.00026
0.32133, 0.00041
0.32270, 0.00057
0.32408, 0.00072
0.32546, 0.00087
0.32685, 0.00103
0.32823, 0.00118
0.32962, 0.00133
0.33101, 0.00148
0.33240, 0.00163
0.33379, 0.00177
0.33518, 0.00192
0.33658, 0.00207
0.33798, 0.00221
0.33938, 0.00236
0.34078, 0.00250
0.34218, 0.00264
0.34359, 0.00278
0.34499, 0.00293
0.34640, 0.00307
0.34781, 0.00320
0.34922, 0.00334
0.35063, 0.00348
0.35205, 0.00362
0.35347, 0.00375
0.35488, 0.00389
0.35630, 0.00402
0.35773, 0.00415
0.35915, 0.00428
0.36057, 0.00441
0.36200, 0.00454
0.36343, 0.00467
0.36486, 0.00480
0.36629, 0.00493
0.36772, 0.00505
0.36916, 0.00518
0.37059, 0.00530
0.37203, 0.00543
0.37347, 0.00555
0.37491, 0.00567
0.37635, 0.00579
0.37780, 0.00591
0.37924, 0.00603
0.38069, 0.00614
0.38214, 0.00626
0.38359, 0.00638
0.38504, 0.00649
0.38649, 0.00660
0.38795, 0.00672
0.38940, 0.00683
0.39086, 0.00694
0.39232, 0.00705
0.39378, 0.00716
0.39524, 0.00727
0.39671, 0.00737
0.39817, 0.00748
0.39964, 0.00758
0.40110, 0.00769
0.40257, 0.00779
0.40404, 0.00789
0.40551, 0.00799
0.40698, 0.00809
0.40846, 0.00819
0.40993, 0.00829
0.41141, 0.00838
0.41289, 0.00848
0.41436, 0.00858
0.41584, 0.00867
0.41733, 0.00876
0.41881, 0.00885
0.42029, 0.00895
0.42178, 0.00904
0.42326, 0.00912
0.42475, 0.00921
0.42624, 0.00930
0.42773, 0.00938
0.42922, 0.00947
0.43071, 0.00955
0.43220, 0.00964
0.43370, 0.00972
0.43519, 0.00980
0.43669, 0.00988
0.43818, 0.00996
0.43968, 0.01004
0.44118, 0.01011
0.44268, 0.01019
0.44418, 0.01027
0.44569, 0.01034
0.44719, 0.01041
0.44869, 0.01049
0.45020, 0.01056
0.45170, 0.01063
0.45321, 0.01070
0.45472, 0.01077
0.45623, 0.01083
0.45774, 0.01090
0.45925, 0.01097
0.46076, 0.01103
0.46227, 0.01109
0.46378, 0.01116
0.46530, 0.01122
0.46681, 0.01128
0.46833, 0.01134
0.46984, 0.01140
0.47136, 0.01146
0.47288, 0.01151
0.47440, 0.01157
0.47592, 0.01163
0.47744, 0.01168
0.47896, 0.01173
0.48048, 0.01179
0.48200, 0.01184
0.48352, 0.01189
0.48504, 0.01194
0.48657, 0.01199
0.48809, 0.01204
0.48962, 0.01208
0.49114, 0.01213
0.49267, 0.01217
0.49419, 0.01222
0.49572, 0.01226
0.49725, 0.01231
0.49878, 0.01235
0.50031, 0.01239
0.50183, 0.01243
0.50336, 0.01247
0.50489, 0.01251
0.50642, 0.01254
0.50795, 0.01258
0.50949, 0.01262
0.51102, 0.01265
0.51255, 0.01269
0.51408, 0.01272
0.51561, 0.01275
0.51714, 0.01278
0.51868, 0.01281
0.52021, 0.01285
0.52174, 0.01287
0.52328, 0.01290
0.52481, 0.01293
0.52635, 0.01296
0.52788, 0.01298
0.52941, 0.01301
0.53095, 0.01303
0.53248, 0.01306
0.53402, 0.01308
0.53555, 0.01310
0.53709, 0.01313
0.53862, 0.01315
0.54016, 0.01317
0.54169, 0.01319
0.54323, 0.01321
0.54476, 0.01322
0.54630, 0.01324
0.54784, 0.01326
0.54937, 0.01327
0.55091, 0.01329
0.55244, 0.01330
0.55398, 0.01332
0.55551, 0.01333
0.55705, 0.01334
0.55858, 0.01335
0.56011, 0.01337
0.56165, 0.01338
0.56318, 0.01339
0.56472, 0.01340
0.56625, 0.01340
0.56778, 0.01341
0.56932, 0.01342
0.57085, 0.01343
0.57238, 0.01343
0.57392, 0.01344
0.57545, 0.01344
0.57698, 0.01345
0.57851, 0.01345
0.58004, 0.01345
0.58157, 0.01346
0.58310, 0.01346
0.58463, 0.01346
0.58616, 0.01346
0.58769, 0.01346
0.58922, 0.01346
0.59075, 0.01346
0.59227, 0.01346
0.59380, 0.01346
0.59533, 0.01346
0.59685, 0.01345
0.59838, 0.01345
0.59990, 0.01345
0.60142, 0.01344
0.60295, 0.01344
0.60447, 0.01343
0.60599, 0.01343
0.60751, 0.01342
0.60903, 0.01342
0.61055, 0.01341
0.61207, 0.01340
0.61359, 0.01339
0.61511, 0.01339
0.61662, 0.01338
0.61814, 0.01337
0.61966, 0.01336
0.62117, 0.01335
0.62268, 0.01334
0.62420, 0.01333
0.62571, 0.01332
0.62722, 0.01331
0.62873, 0.01329
0.63024, 0.01328
0.63174, 0.01327
0.63325, 0.01326
0.63476, 0.01324
0.63626, 0.01323
0.63777, 0.01322
0.63927, 0.01320
0.64077, 0.01319
0.64227, 0.01318
0.64377, 0.01316
0.64527, 0.01315
0.64677, 0.01313
0.64826, 0.01311
0.64976, 0.01310
0.65125, 0.01308
0.65274, 0.01307
0.65423, 0.01305
0.65572, 0.01303
0.65721, 0.01302
0.65870, 0.01300
0.66019, 0.01298
0.66167, 0.01296
0.66315, 0.01295
0.66464, 0.01293
0.66612, 0.01291
0.66759, 0.01289
0.66907, 0.01287
0.67054, 0.01285
0.67202, 0.01284
0.67349, 0.01282
0.67495, 0.01280
0.67642, 0.01278
0.67788, 0.01276
0.67935, 0.01274
0.68081, 0.01272
0.68226, 0.01270
0.68372, 0.01268
0.68517, 0.01265
0.68663, 0.01263
0.68808, 0.01261
0.68952, 0.01259
0.69097, 0.01257
0.69241, 0.01254
0.69385, 0.01252
0.69529, 0.01249
0.69673, 0.01247
0.69817, 0.01245
0.69960, 0.01242
0.70103, 0.01239
0.70246, 0.01237
0.70389, 0.01234
0.70531, 0.01231
0.70673, 0.01229
0.70815, 0.01226
0.70957, 0.01223
0.71099, 0.01220
0.71240, 0.01217
0.71381, 0.01214
0.71522, 0.01211
0.71663, 0.01208
0.71803, 0.01205
0.71943, 0.01201
0.72083, 0.01198
0.72223, 0.01195
0.72363, 0.01191
0.72502, 0.01188
0.72641, 0.01184
0.72780, 0.01180
0.72919, 0.01177
0.73057, 0.01173
0.73195, 0.01169
0.73333, 0.01165
0.73471, 0.01161
0.73608, 0.01157
0.73745, 0.01153
0.73882, 0.01149
0.74019, 0.01144
0.74156, 0.01140
0.74292, 0.01136
0.74428, 0.01131
0.74564, 0.01127
0.74699, 0.01122
0.74834, 0.01117
0.74970, 0.01112
0.75105, 0.01108
0.75240, 0.01103
0.75374, 0.01098
0.75509, 0.01093
0.75643, 0.01087
0.75777, 0.01082
0.75911, 0.01077
0.76045, 0.01071
0.76178, 0.01066
0.76312, 0.01061
0.76445, 0.01055
0.76578, 0.01049
0.76710, 0.01044
0.76843, 0.01038
0.76975, 0.01032
0.77107, 0.01027
0.77239, 0.01021
0.77371, 0.01015
0.77502, 0.01009
0.77633, 0.01003
0.77764, 0.00997
0.77895, 0.00992
0.78025, 0.00986
0.78156, 0.00980
0.78286, 0.00974
0.78416, 0.00968
0.78545, 0.00962
0.78675, 0.00955
0.78804, 0.00949
0.78933, 0.00943
0.79061, 0.00937
0.79190, 0.00931
0.79318, 0.00925
0.79445, 0.00919
0.79573, 0.00913
0.79700, 0.00907
0.79828, 0.00901
0.79954, 0.00895
0.80081, 0.00889
0.80207, 0.00882
0.80333, 0.00876
0.80459, 0.00870
0.80585, 0.00864
0.80710, 0.00858
0.80835, 0.00852
0.80959, 0.00846
0.81084, 0.00840
0.81208, 0.00835
0.81332, 0.00829
0.81455, 0.00823
0.81578, 0.00817
0.81701, 0.00811
0.81824, 0.00805
0.81946, 0.00800
0.82069, 0.00794
0.82190, 0.00788
0.82312, 0.00783
0.82433, 0.00777
0.82554, 0.00772
0.82674, 0.00766
0.82795, 0.00761
0.82915, 0.00755
0.83034, 0.00750
0.83154, 0.00744
0.83273, 0.00739
0.83391, 0.00734
0.83510, 0.00729
0.83628, 0.00724
0.83745, 0.00719
0.83863, 0.00714
0.83980, 0.00709
0.84096, 0.00704
0.84212, 0.00699
0.84328, 0.00694
0.84444, 0.00689
0.84559, 0.00685
0.84674, 0.00680
0.84789, 0.00675
0.84903, 0.00671
0.85017, 0.00666
0.85130, 0.00662
0.85244, 0.00657
0.85356, 0.00653
0.85469, 0.00649
0.85581, 0.00645
0.85693, 0.00640
0.85804, 0.00636
0.85915, 0.00632
0.86026, 0.00628
0.86136, 0.00624
0.86246, 0.00620
0.86355, 0.00617
0.86465, 0.00613
0.86573, 0.00609
0.86682, 0.00605
0.86790, 0.00602
0.86898, 0.00598
0.87005, 0.00595
0.87112, 0.00591
0.87219, 0.00588
0.87325, 0.00584
0.87431, 0.00581
0.87536, 0.00578
0.87641, 0.00575
0.87746, 0.00571
0.87850, 0.00568
0.87954, 0.00565
0.88057, 0.00562
0.88161, 0.00559
0.88263, 0.00557
0.88366, 0.00554
0.88468, 0.00551
0.88569, 0.00548
0.88671, 0.00546
0.88771, 0.00543
0.88872, 0.00540
0.88972, 0.00538
0.89071, 0.00535
0.89171, 0.00533
0.89269, 0.00531
0.89368, 0.00528
0.89466, 0.00526
0.89563, 0.00524
0.89661, 0.00522
0.89757, 0.00520
0.89854, 0.00518
0.89950, 0.00516
0.90045, 0.00514
0.90141, 0.00512
0.90235, 0.00510
0.90330, 0.00508
0.90424, 0.00507
0.90517, 0.00505
0.90610, 0.00503
0.90703, 0.00502
0.90795, 0.00500
0.90887, 0.00499
0.90979, 0.00497
0.91070, 0.00496
0.91160, 0.00494
0.91250, 0.00493
0.91340, 0.00492
0.91429, 0.00491
0.91518, 0.00489
0.91607, 0.00488
0.91695, 0.00487
0.91783, 0.00486
0.91870, 0.00485
0.91957, 0.00484
0.92043, 0.00483
0.92129, 0.00483
0.92215, 0.00482
0.92300, 0.00481
0.92384, 0.00480
0.92468, 0.00479
0.92552, 0.00479
0.92636, 0.00478
0.92719, 0.00478
0.92801, 0.00477
0.92883, 0.00477
0.92965, 0.00476
0.93046, 0.00476
0.93127, 0.00475
0.93207, 0.00475
0.93287, 0.00475
0.93366, 0.00475
0.93445, 0.00474
0.93523, 0.00474
0.93602, 0.00474
0.93679, 0.00474
0.93756, 0.00474
0.93833, 0.00474
0.93909, 0.00474
0.93985, 0.00474
0.94061, 0.00474
0.94136, 0.00474
0.94210, 0.00474
0.94284, 0.00474
0.94358, 0.00474
0.94431, 0.00475
0.94503, 0.00475
0.94576, 0.00475
0.94647, 0.00475
0.94719, 0.00476
0.94790, 0.00476
0.94860, 0.00477
0.94930, 0.00477
0.94999, 0.00477
0.95068, 0.00478
0.95137, 0.00478
0.95205, 0.00479
0.95273, 0.00480
0.95340, 0.00480
0.95407, 0.00481
0.95473, 0.00481
0.95539, 0.00482
0.95604, 0.00483
0.95669, 0.00483
0.95733, 0.00484
0.95797, 0.00485
0.95861, 0.00486
0.95924, 0.00486
0.95986, 0.00487
0.96048, 0.00488
0.96110, 0.00489
0.96171, 0.00490
0.96232, 0.00491
0.96292, 0.00491
0.96352, 0.00492
0.96411, 0.00493
0.96470, 0.00494
0.96528, 0.00495
0.96586, 0.00496
0.96643, 0.00497
0.96700, 0.00498
0.96757, 0.00499
0.96813, 0.00500
0.96868, 0.00501
0.96923, 0.00502
0.96978, 0.00503
0.97032, 0.00504
0.97085, 0.00506
0.97138, 0.00507
0.97191, 0.00508
0.97243, 0.00509
0.97295, 0.00510
0.97346, 0.00511
0.97397, 0.00512
0.97447, 0.00513
0.97497, 0.00514
0.97546, 0.00516
0.97595, 0.00517
0.97643, 0.00518
0.97691, 0.00519
0.97738, 0.00520
0.97785, 0.00522
0.97831, 0.00523
0.97877, 0.00524
0.97922, 0.00525
0.97967, 0.00526
0.98012, 0.00527
0.98056, 0.00529
0.98099, 0.00530
0.98142, 0.00531
0.98185, 0.00532
0.98226, 0.00533
0.98268, 0.00535
0.98309, 0.00536
0.98350, 0.00537
0.98390, 0.00538
0.98429, 0.00539
0.98468, 0.00541
0.98507, 0.00542
0.98545, 0.00543
0.98582, 0.00544
0.98619, 0.00545
0.98656, 0.00546
0.98692, 0.00547
0.98728, 0.00549
0.98763, 0.00550
0.98798, 0.00551
0.98832, 0.00552
0.98865, 0.00553
0.98899, 0.00554
0.98931, 0.00555
0.98963, 0.00556
0.98995, 0.00558
0.99026, 0.00559
0.99057, 0.00560
0.99087, 0.00561
0.99117, 0.00562
0.99146, 0.00563
0.99175, 0.00564
0.99203, 0.00565
0.99231, 0.00566
0.99258, 0.00567
0.99285, 0.00568
0.99311, 0.00569
0.99337, 0.00570
0.99362, 0.00571
0.99387, 0.00572
0.99411, 0.00572
0.99435, 0.00573
0.99458, 0.00574
0.99481, 0.00575
0.99503, 0.00576
0.99525, 0.00577
0.99546, 0.00578
0.99567, 0.00578
0.99587, 0.00579
0.99607, 0.00580
0.99626, 0.00581
0.99645, 0.00581
0.99663, 0.00582
0.99681, 0.00583
0.99698, 0.00584
0.99715, 0.00584
0.99731, 0.00585
0.99747, 0.00585
0.99762, 0.00586
0.99777, 0.00587
0.99791, 0.00587
0.99805, 0.00588
0.99818, 0.00588
0.99831, 0.00589
0.99843, 0.00589
0.99855, 0.00590
0.99867, 0.00590
0.99877, 0.00591
0.99888, 0.00591
0.99897, 0.00592
0.99907, 0.00592
0.99915, 0.00592
0.99924, 0.00593
0.99931, 0.00593
0.99939, 0.00593
0.99945, 0.00594
0.99952, 0.00594
0.99957, 0.00594
0.99963, 0.00594
0.99968, 0.00595
0.99972, 0.00595
0.99976, 0.00595
0.99979, 0.00595
0.99982, 0.00595
0.99984, 0.00595
0.99986, 0.00595
0.99987, 0.00595
0.99984, 0.00596
0.99983, 0.00596
