=== Airfoil Parameters ===
m = 0.02
p = 0.4
t = 0.12

=== Control Points ===
0.00000, -0.02404, -0.02404
0.06667, -0.00370, -0.00981
0.13333, 0.02153, 0.01042
0.20000, 0.03787, 0.02287
0.26667, 0.03793, 0.02015
0.66667, 0.02639, 0.01034
0.75000, 0.01718, 0.00399
0.83333, 0.01147, 0.00190
0.91667, 0.00816, 0.00299
1.00000, 0.00601, 0.00601

=== Upper Surface ===
0.00000, -0.02404
-0.00007, -0.02377
-0.00010, -0.02349
-0.00014, -0.02321
-0.00018, -0.02293
-0.00021, -0.02266
-0.00024, -0.02238
-0.00026, -0.02210
-0.00028, -0.02182
-0.00029, -0.02154
-0.00030, -0.02126
-0.00030, -0.02098
-0.00030, -0.02070
-0.00030, -0.02042
-0.00028, -0.02013
-0.00027, -0.01985
-0.00025, -0.01956
-0.00022, -0.01928
-0.00019, -0.01900
-0.00016, -0.01871
-0.00012, -0.01842
-0.00007, -0.01814
-0.00002, -0.01785
0.00003, -0.01756
0.00009, -0.01727
0.00015, -0.01698
0.00022, -0.01669
0.00029, -0.01640
0.00037, -0.01611
0.00045, -0.01582
0.00054, -0.01553
0.00063, -0.01523
0.00073, -0.01494
0.00083, -0.01464
0.00093, -0.01435
0.00104, -0.01405
0.00115, -0.01376
0.00127, -0.01346
0.00139, -0.01316
0.00152, -0.01287
0.00165, -0.01257
0.00179, -0.01227
0.00193, -0.01197
0.00207, -0.01167
0.00222, -0.01136
0.00237, -0.01106
0.00253, -0.01076
0.00269, -0.01045
0.00286, -0.01015
0.00303, -0.00985
0.00320, -0.00954
0.00338, -0.00923
0.00357, -0.00893
0.00375, -0.00862
0.00395, -0.00831
0.00414, -0.00800
0.00434, -0.00769
0.00455, -0.00738
0.00476, -0.00706
0.00497, -0.00675
0.00519, -0.00644
0.00541, -0.00612
0.00564, -0.00581
0.00587, -0.00549
0.00610, -0.00517
0.00634, -0.00486
0.00658, -0.00454
0.00683, -0.00422
0.00708, -0.00390
0.00734, -0.00358
0.00760, -0.00325
0.00786, -0.00293
0.00813, -0.00261
0.00840, -0.00228
0.00868, -0.00195
0.00896, -0.00163
0.00925, -0.00130
0.00953, -0.00097
0.00983, -0.00064
0.01013, -0.00031
0.01043, 0.00003
0.01073, 0.00036
0.01104, 0.00069
0.01136, 0.00103
0.01168, 0.00137
0.01200, 0.00170
0.01232, 0.00204
0.01265, 0.00238
0.01299, 0.00272
0.01333, 0.00307
0.01367, 0.00341
0.01402, 0.00375
0.01437, 0.00410
0.01473, 0.00445
0.01509, 0.00479
0.01545, 0.00514
0.01582, 0.00549
0.01619, 0.00585
0.01657, 0.00620
0.01695, 0.00655
0.01733, 0.00691
0.01772, 0.00727
0.01812, 0.00762
0.01851, 0.00798
0.01891, 0.00835
0.01932, 0.00871
0.01973, 0.00907
0.02015, 0.00944
0.02056, 0.00980
0.02099, 0.01017
0.02141, 0.01054
0.02185, 0.01091
0.02228, 0.01128
0.02272, 0.01166
0.02317, 0.01203
0.02362, 0.01241
0.02407, 0.01278
0.02453, 0.01316
0.02499, 0.01354
0.02545, 0.01393
0.02592, 0.01431
0.02640, 0.01470
0.02688, 0.01508
0.02736, 0.01547
0.02785, 0.01586
0.02834, 0.01625
0.02884, 0.01665
0.02934, 0.01704
0.02985, 0.01744
0.03036, 0.01784
0.03087, 0.01824
0.03139, 0.01864
0.03191, 0.01904
0.03244, 0.01945
0.03297, 0.01985
0.03351, 0.02026
0.03405, 0.02067
0.03460, 0.02108
0.03515, 0.02149
0.03570, 0.02191
0.03626, 0.02233
0.03683, 0.02274
0.03740, 0.02316
0.03797, 0.02358
0.03855, 0.02401
0.03913, 0.02443
0.03972, 0.02486
0.04032, 0.02529
0.04091, 0.02572
0.04152, 0.02615
0.04212, 0.02658
0.04273, 0.02702
0.04335, 0.02746
0.04397, 0.02790
0.04460, 0.02834
0.04523, 0.02878
0.04587, 0.02923
0.04651, 0.02967
0.04715, 0.03012
0.04780, 0.03057
0.04846, 0.03102
0.04912, 0.03147
0.04979, 0.03193
0.05046, 0.03239
0.05113, 0.03284
0.05181, 0.03330
0.05250, 0.03377
0.05319, 0.03423
0.05389, 0.03470
0.05459, 0.03516
0.05529, 0.03563
0.05601, 0.03610
0.05672, 0.03658
0.05744, 0.03705
0.05817, 0.03753
0.05890, 0.03800
0.05964, 0.03848
0.06038, 0.03896
0.06113, 0.03945
0.06189, 0.03993
0.06265, 0.04042
0.06341, 0.04090
0.06418, 0.04139
0.06496, 0.04188
0.06574, 0.04238
0.06652, 0.04287
0.06731, 0.04336
0.06811, 0.04386
0.06891, 0.04436
0.06972, 0.04486
0.07054, 0.04536
0.07136, 0.04586
0.07218, 0.04637
0.07301, 0.04687
0.07385, 0.04738
0.07469, 0.04789
0.07554, 0.04840
0.07639, 0.04891
0.07725, 0.04942
0.07812, 0.04993
0.07899, 0.05045
0.07987, 0.05096
0.08075, 0.05148
0.08164, 0.05199
0.08254, 0.05251
0.08344, 0.05303
0.08435, 0.05355
0.08526, 0.05407
0.08618, 0.05460
0.08710, 0.05512
0.08804, 0.05564
0.08897, 0.05617
0.08992, 0.05669
0.09087, 0.05722
0.09182, 0.05775
0.09279, 0.05828
0.09376, 0.05880
0.09473, 0.05933
0.09571, 0.05986
0.09670, 0.06039
0.09770, 0.06092
0.09870, 0.06145
0.09971, 0.06198
0.10072, 0.06251
0.10174, 0.06304
0.10277, 0.06357
0.10381, 0.06410
0.10485, 0.06463
0.10590, 0.06516
0.10695, 0.06569
0.10801, 0.06622
0.10908, 0.06675
0.11016, 0.06728
0.11124, 0.06781
0.11233, 0.06833
0.11343, 0.06886
0.11453, 0.06939
0.11564, 0.06991
0.11676, 0.07044
0.11788, 0.07096
0.11902, 0.07148
0.12016, 0.07200
0.12130, 0.07252
0.12246, 0.07304
0.12362, 0.07356
0.12479, 0.07407
0.12597, 0.07459
0.12715, 0.07510
0.12834, 0.07561
0.12954, 0.07612
0.13075, 0.07662
0.13197, 0.07713
0.13319, 0.07763
0.13442, 0.07813
0.13566, 0.07862
0.13691, 0.07912
0.13817, 0.07961
0.13943, 0.08010
0.14070, 0.08058
0.14198, 0.08106
0.14327, 0.08154
0.14457, 0.08202
0.14587, 0.08249
0.14719, 0.08296
0.14851, 0.08342
0.14984, 0.08388
0.15118, 0.08434
0.15253, 0.08479
0.15388, 0.08524
0.15525, 0.08568
0.15662, 0.08612
0.15801, 0.08655
0.15940, 0.08698
0.16080, 0.08740
0.16221, 0.08782
0.16363, 0.08823
0.16506, 0.08863
0.16650, 0.08903
0.16794, 0.08942
0.16940, 0.08981
0.17086, 0.09019
0.17234, 0.09056
0.17382, 0.09093
0.17532, 0.09129
0.17682, 0.09164
0.17833, 0.09198
0.17986, 0.09231
0.18139, 0.09264
0.18293, 0.09296
0.18448, 0.09327
0.18604, 0.09357
0.18761, 0.09386
0.18919, 0.09414
0.19078, 0.09442
0.19238, 0.09468
0.19399, 0.09493
0.19560, 0.09517
0.19720, 0.09540
0.19881, 0.09562
0.20042, 0.09583
0.20202, 0.09603
0.20362, 0.09621
0.20522, 0.09639
0.20681, 0.09656
0.20840, 0.09671
0.20998, 0.09686
0.21157, 0.09700
0.21315, 0.09712
0.21472, 0.09724
0.21629, 0.09735
0.21786, 0.09746
0.21942, 0.09755
0.22098, 0.09763
0.22253, 0.09771
0.22408, 0.09778
0.22562, 0.09785
0.22716, 0.09790
0.22869, 0.09795
0.23022, 0.09800
0.23174, 0.09803
0.23326, 0.09806
0.23477, 0.09809
0.23628, 0.09811
0.23778, 0.09812
0.23927, 0.09813
0.24076, 0.09814
0.24225, 0.09814
0.24372, 0.09813
0.24519, 0.09813
0.24666, 0.09811
0.24812, 0.09810
0.24957, 0.09808
0.25101, 0.09806
0.25245, 0.09804
0.25388, 0.09801
0.25531, 0.09798
0.25673, 0.09795
0.25814, 0.09792
0.25954, 0.09789
0.26094, 0.09785
0.26233, 0.09782
0.26371, 0.09778
0.26509, 0.09774
0.26646, 0.09770
0.26782, 0.09767
0.26917, 0.09763
0.27053, 0.09759
0.27188, 0.09755
0.27324, 0.09752
0.27459, 0.09748
0.27595, 0.09744
0.27732, 0.09740
0.27868, 0.09736
0.28005, 0.09732
0.28142, 0.09729
0.28279, 0.09725
0.28417, 0.09721
0.28554, 0.09717
0.28692, 0.09713
0.28830, 0.09709
0.28969, 0.09705
0.29108, 0.09701
0.29246, 0.09697
0.29386, 0.09693
0.29525, 0.09689
0.29665, 0.09685
0.29805, 0.09681
0.29945, 0.09677
0.30085, 0.09673
0.30225, 0.09669
0.30366, 0.09664
0.30507, 0.09660
0.30649, 0.09656
0.30790, 0.09652
0.30932, 0.09648
0.31074, 0.09644
0.31216, 0.09639
0.31358, 0.09635
0.31501, 0.09631
0.31644, 0.09626
0.31787, 0.09622
0.31930, 0.09618
0.32073, 0.09613
0.32217, 0.09609
0.32361, 0.09605
0.32505, 0.09600
0.32649, 0.09596
0.32794, 0.09591
0.32939, 0.09587
0.33084, 0.09582
0.33229, 0.09577
0.33374, 0.09573
0.33520, 0.09568
0.33666, 0.09564
0.33812, 0.09559
0.33958, 0.09554
0.34104, 0.09549
0.34251, 0.09545
0.34398, 0.09540
0.34545, 0.09535
0.34692, 0.09530
0.34839, 0.09525
0.34987, 0.09520
0.35134, 0.09515
0.35282, 0.09510
0.35431, 0.09505
0.35579, 0.09500
0.35727, 0.09495
0.35876, 0.09490
0.36025, 0.09485
0.36174, 0.09479
0.36323, 0.09474
0.36473, 0.09469
0.36622, 0.09463
0.36772, 0.09458
0.36922, 0.09453
0.37072, 0.09447
0.37223, 0.09442
0.37373, 0.09436
0.37524, 0.09430
0.37675, 0.09425
0.37826, 0.09419
0.37977, 0.09413
0.38128, 0.09408
0.38280, 0.09402
0.38431, 0.09396
0.38583, 0.09390
0.38735, 0.09384
0.38887, 0.09378
0.39039, 0.09372
0.39192, 0.09366
0.39344, 0.09359
0.39497, 0.09353
0.39650, 0.09347
0.39803, 0.09340
0.39956, 0.09334
0.40110, 0.09327
0.40263, 0.09321
0.40417, 0.09314
0.40571, 0.09308
0.40724, 0.09301
0.40878, 0.09294
0.41033, 0.09287
0.41187, 0.09280
0.41341, 0.09273
0.41496, 0.09266
0.41651, 0.09259
0.41805, 0.09252
0.41960, 0.09245
0.42116, 0.09237
0.42271, 0.09230
0.42426, 0.09223
0.42582, 0.09215
0.42737, 0.09207
0.42893, 0.09200
0.43049, 0.09192
0.43204, 0.09184
0.43360, 0.09176
0.43517, 0.09168
0.43673, 0.09160
0.43829, 0.09152
0.43986, 0.09144
0.44142, 0.09136
0.44299, 0.09127
0.44456, 0.09119
0.44613, 0.09110
0.44769, 0.09102
0.44927, 0.09093
0.45084, 0.09084
0.45241, 0.09075
0.45398, 0.09066
0.45556, 0.09057
0.45713, 0.09048
0.45871, 0.09039
0.46028, 0.09029
0.46186, 0.09020
0.46344, 0.09010
0.46502, 0.09001
0.46660, 0.08991
0.46818, 0.08981
0.46976, 0.08971
0.47134, 0.08961
0.47292, 0.08951
0.47451, 0.08941
0.47609, 0.08931
0.47768, 0.08920
0.47926, 0.08910
0.48085, 0.08899
0.48243, 0.08888
0.48402, 0.08878
0.48561, 0.08867
0.48720, 0.08856
0.48878, 0.08844
0.49037, 0.08833
0.49196, 0.08822
0.49355, 0.08810
0.49514, 0.08799
0.49673, 0.08787
0.49832, 0.08775
0.49992, 0.08763
0.50151, 0.08751
0.50310, 0.08739
0.50469, 0.08727
0.50629, 0.08714
0.50788, 0.08702
0.50947, 0.08689
0.51107, 0.08676
0.51266, 0.08663
0.51425, 0.08650
0.51585, 0.08637
0.51744, 0.08624
0.51904, 0.08610
0.52063, 0.08597
0.52223, 0.08583
0.52382, 0.08569
0.52542, 0.08556
0.52701, 0.08542
0.52860, 0.08527
0.53020, 0.08513
0.53179, 0.08499
0.53339, 0.08484
0.53498, 0.08469
0.53658, 0.08454
0.53817, 0.08439
0.53977, 0.08424
0.54136, 0.08409
0.54296, 0.08393
0.54455, 0.08378
0.54615, 0.08362
0.54774, 0.08346
0.54933, 0.08330
0.55093, 0.08314
0.55252, 0.08298
0.55411, 0.08282
0.55570, 0.08265
0.55730, 0.08248
0.55889, 0.08231
0.56048, 0.08214
0.56207, 0.08197
0.56366, 0.08180
0.56525, 0.08162
0.56684, 0.08145
0.56843, 0.08127
0.57002, 0.08109
0.57161, 0.08091
0.57320, 0.08073
0.57478, 0.08054
0.57637, 0.08036
0.57796, 0.08017
0.57954, 0.07998
0.58113, 0.07979
0.58271, 0.07960
0.58429, 0.07941
0.58588, 0.07921
0.58746, 0.07902
0.58904, 0.07882
0.59062, 0.07862
0.59220, 0.07842
0.59378, 0.07821
0.59536, 0.07801
0.59694, 0.07780
0.59851, 0.07759
0.60009, 0.07738
0.60167, 0.07717
0.60324, 0.07696
0.60481, 0.07674
0.60639, 0.07653
0.60796, 0.07631
0.60953, 0.07609
0.61110, 0.07587
0.61266, 0.07565
0.61423, 0.07542
0.61580, 0.07519
0.61736, 0.07497
0.61893, 0.07474
0.62049, 0.07450
0.62205, 0.07427
0.62361, 0.07404
0.62517, 0.07380
0.62673, 0.07356
0.62829, 0.07332
0.62984, 0.07308
0.63140, 0.07283
0.63295, 0.07259
0.63450, 0.07234
0.63605, 0.07209
0.63760, 0.07184
0.63915, 0.07159
0.64070, 0.07133
0.64224, 0.07108
0.64379, 0.07082
0.64533, 0.07056
0.64687, 0.07030
0.64841, 0.07003
0.64995, 0.06977
0.65149, 0.06950
0.65302, 0.06923
0.65455, 0.06896
0.65609, 0.06869
0.65762, 0.06841
0.65915, 0.06814
0.66067, 0.06786
0.66220, 0.06758
0.66372, 0.06730
0.66524, 0.06702
0.66676, 0.06673
0.66828, 0.06644
0.66980, 0.06616
0.67131, 0.06587
0.67282, 0.06557
0.67433, 0.06528
0.67584, 0.06499
0.67734, 0.06469
0.67883, 0.06439
0.68033, 0.06409
0.68181, 0.06379
0.68330, 0.06349
0.68478, 0.06319
0.68626, 0.06289
0.68773, 0.06259
0.68920, 0.06228
0.69067, 0.06198
0.69213, 0.06167
0.69359, 0.06137
0.69505, 0.06106
0.69650, 0.06075
0.69795, 0.06045
0.69939, 0.06014
0.70084, 0.05983
0.70227, 0.05953
0.70371, 0.05922
0.70514, 0.05891
0.70657, 0.05861
0.70799, 0.05830
0.70941, 0.05799
0.71083, 0.05769
0.71224, 0.05738
0.71365, 0.05707
0.71506, 0.05677
0.71646, 0.05646
0.71786, 0.05616
0.71925, 0.05586
0.72065, 0.05555
0.72203, 0.05525
0.72342, 0.05495
0.72480, 0.05465
0.72618, 0.05435
0.72755, 0.05405
0.72893, 0.05376
0.73029, 0.05346
0.73166, 0.05316
0.73302, 0.05287
0.73438, 0.05258
0.73573, 0.05229
0.73709, 0.05200
0.73843, 0.05171
0.73978, 0.05142
0.74112, 0.05114
0.74246, 0.05085
0.74379, 0.05057
0.74512, 0.05029
0.74645, 0.05001
0.74778, 0.04973
0.74910, 0.04946
0.75042, 0.04918
0.75173, 0.04891
0.75304, 0.04864
0.75435, 0.04837
0.75566, 0.04810
0.75697, 0.04784
0.75827, 0.04758
0.75958, 0.04731
0.76088, 0.04705
0.76218, 0.04680
0.76347, 0.04654
0.76477, 0.04629
0.76606, 0.04603
0.76735, 0.04578
0.76864, 0.04553
0.76993, 0.04528
0.77122, 0.04503
0.77250, 0.04479
0.77379, 0.04454
0.77507, 0.04430
0.77634, 0.04406
0.77762, 0.04382
0.77889, 0.04358
0.78017, 0.04334
0.78144, 0.04311
0.78271, 0.04287
0.78397, 0.04264
0.78524, 0.04241
0.78650, 0.04218
0.78776, 0.04195
0.78901, 0.04172
0.79027, 0.04149
0.79152, 0.04127
0.79277, 0.04104
0.79402, 0.04082
0.79527, 0.04060
0.79651, 0.04038
0.79775, 0.04016
0.79899, 0.03994
0.80023, 0.03972
0.80146, 0.03951
0.80269, 0.03929
0.80392, 0.03908
0.80515, 0.03886
0.80637, 0.03865
0.80759, 0.03844
0.80881, 0.03823
0.81003, 0.03802
0.81124, 0.03781
0.81246, 0.03760
0.81366, 0.03740
0.81487, 0.03719
0.81607, 0.03699
0.81728, 0.03678
0.81847, 0.03658
0.81967, 0.03638
0.82086, 0.03618
0.82205, 0.03598
0.82324, 0.03578
0.82443, 0.03558
0.82561, 0.03538
0.82679, 0.03518
0.82796, 0.03499
0.82914, 0.03479
0.83031, 0.03460
0.83147, 0.03440
0.83264, 0.03421
0.83380, 0.03402
0.83496, 0.03382
0.83611, 0.03363
0.83727, 0.03344
0.83842, 0.03325
0.83956, 0.03306
0.84071, 0.03287
0.84185, 0.03269
0.84298, 0.03250
0.84411, 0.03231
0.84524, 0.03213
0.84637, 0.03194
0.84749, 0.03176
0.84861, 0.03157
0.84973, 0.03139
0.85085, 0.03121
0.85196, 0.03102
0.85306, 0.03084
0.85417, 0.03066
0.85527, 0.03048
0.85636, 0.03030
0.85746, 0.03013
0.85854, 0.02995
0.85963, 0.02977
0.86071, 0.02960
0.86179, 0.02942
0.86287, 0.02924
0.86394, 0.02907
0.86501, 0.02890
0.86608, 0.02872
0.86714, 0.02855
0.86820, 0.02838
0.86925, 0.02821
0.87030, 0.02804
0.87135, 0.02787
0.87240, 0.02770
0.87344, 0.02753
0.87448, 0.02736
0.87551, 0.02720
0.87654, 0.02703
0.87757, 0.02686
0.87859, 0.02670
0.87961, 0.02654
0.88062, 0.02637
0.88163, 0.02621
0.88264, 0.02605
0.88365, 0.02588
0.88465, 0.02572
0.88565, 0.02556
0.88664, 0.02540
0.88763, 0.02524
0.88861, 0.02509
0.88960, 0.02493
0.89057, 0.02477
0.89155, 0.02461
0.89252, 0.02446
0.89349, 0.02430
0.89445, 0.02415
0.89541, 0.02400
0.89637, 0.02384
0.89732, 0.02369
0.89827, 0.02354
0.89921, 0.02339
0.90015, 0.02324
0.90109, 0.02309
0.90202, 0.02294
0.90295, 0.02279
0.90387, 0.02264
0.90479, 0.02250
0.90571, 0.02235
0.90662, 0.02220
0.90753, 0.02206
0.90844, 0.02191
0.90934, 0.02177
0.91023, 0.02163
0.91113, 0.02148
0.91202, 0.02134
0.91290, 0.02120
0.91378, 0.02106
0.91466, 0.02092
0.91553, 0.02078
0.91640, 0.02064
0.91727, 0.02051
0.91813, 0.02037
0.91898, 0.02023
0.91984, 0.02010
0.92069, 0.01996
0.92153, 0.01983
0.92237, 0.01969
0.92321, 0.01956
0.92404, 0.01943
0.92487, 0.01929
0.92569, 0.01916
0.92651, 0.01903
0.92733, 0.01890
0.92814, 0.01877
0.92895, 0.01865
0.92975, 0.01852
0.93055, 0.01839
0.93134, 0.01826
0.93213, 0.01814
0.93292, 0.01801
0.93370, 0.01789
0.93448, 0.01777
0.93525, 0.01764
0.93602, 0.01752
0.93679, 0.01740
0.93755, 0.01728
0.93830, 0.01716
0.93906, 0.01704
0.93980, 0.01692
0.94055, 0.01680
0.94129, 0.01668
0.94202, 0.01656
0.94275, 0.01645
0.94348, 0.01633
0.94420, 0.01622
0.94492, 0.01610
0.94563, 0.01599
0.94634, 0.01588
0.94705, 0.01577
0.94775, 0.01565
0.94844, 0.01554
0.94913, 0.01543
0.94982, 0.01532
0.95050, 0.01521
0.95118, 0.01511
0.95185, 0.01500
0.95252, 0.01489
0.95319, 0.01479
0.95385, 0.01468
0.95450, 0.01458
0.95516, 0.01447
0.95580, 0.01437
0.95645, 0.01427
0.95708, 0.01417
0.95772, 0.01406
0.95835, 0.01396
0.95897, 0.01386
0.95959, 0.01377
0.96021, 0.01367
0.96082, 0.01357
0.96143, 0.01347
0.96203, 0.01338
0.96262, 0.01328
0.96322, 0.01319
0.96381, 0.01309
0.96439, 0.01300
0.96497, 0.01291
0.96554, 0.01282
0.96611, 0.01272
0.96668, 0.01263
0.96724, 0.01254
0.96780, 0.01246
0.96835, 0.01237
0.96890, 0.01228
0.96944, 0.01219
0.96998, 0.01211
0.97051, 0.01202
0.97104, 0.01194
0.97156, 0.01185
0.97208, 0.01177
0.97260, 0.01169
0.97311, 0.01161
0.97361, 0.01153
0.97411, 0.01144
0.97461, 0.01137
0.97510, 0.01129
0.97559, 0.01121
0.97607, 0.01113
0.97655, 0.01105
0.97702, 0.01098
0.97749, 0.01090
0.97795, 0.01083
0.97841, 0.01076
0.97887, 0.01068
0.97932, 0.01061
0.97976, 0.01054
0.98020, 0.01047
0.98064, 0.01040
0.98107, 0.01033
0.98149, 0.01026
0.98191, 0.01019
0.98233, 0.01013
0.98274, 0.01006
0.98315, 0.01000
0.98355, 0.00993
0.98395, 0.00987
0.98434, 0.00980
0.98473, 0.00974
0.98511, 0.00968
0.98549, 0.00962
0.98586, 0.00956
0.98623, 0.00950
0.98659, 0.00944
0.98695, 0.00938
0.98731, 0.00933
0.98766, 0.00927
0.98800, 0.00922
0.98834, 0.00916
0.98867, 0.00911
0.98900, 0.00905
0.98933, 0.00900
0.98965, 0.00895
0.98997, 0.00890
0.99028, 0.00885
0.99058, 0.00880
0.99088, 0.00875
0.99118, 0.00870
0.99147, 0.00866
0.99176, 0.00861
0.99204, 0.00856
0.99232, 0.00852
0.99259, 0.00848
0.99286, 0.00843
0.99312, 0.00839
0.99338, 0.00835
0.99363, 0.00831
0.99388, 0.00827
0.99412, 0.00823
0.99436, 0.00819
0.99459, 0.00815
0.99482, 0.00812
0.99504, 0.00808
0.99526, 0.00804
0.99548, 0.00801
0.99569, 0.00798
0.99589, 0.00794
0.99609, 0.00791
0.99628, 0.00788
0.99647, 0.00785
0.99666, 0.00782
0.99684, 0.00779
0.99701, 0.00776
0.99718, 0.00773
0.99735, 0.00771
0.99751, 0.00768
0.99766, 0.00766
0.99781, 0.00763
0.99796, 0.00761
0.99810, 0.00759
0.99823, 0.00756
0.99836, 0.00754
0.99849, 0.00752
0.99861, 0.00750
0.99872, 0.00748
0.99883, 0.00747
0.99894, 0.00745
0.99904, 0.00743
0.99914, 0.00742
0.99923, 0.00740
0.99931, 0.00739
0.99940, 0.00737
0.99947, 0.00736
0.99954, 0.00735
0.99961, 0.00734
0.99967, 0.00733
0.99973, 0.00732
0.99978, 0.00731
0.99983, 0.00731
0.99987, 0.00730
0.99991, 0.00729
0.99994, 0.00729
0.99997, 0.00728
0.99999, 0.00728
1.00000, 0.00728
1.00002, 0.00727
1.00003, 0.00727
1.00004, 0.00727

=== Lower Surface ===
0.00000, -0.02404
0.00007, -0.02431
0.00012, -0.02458
0.00019, -0.02486
0.00026, -0.02512
0.00034, -0.02539
0.00042, -0.02566
0.00050, -0.02593
0.00060, -0.02619
0.00069, -0.02645
0.00080, -0.02672
0.00090, -0.02698
0.00101, -0.02723
0.00113, -0.02749
0.00125, -0.02775
0.00138, -0.02800
0.00151, -0.02825
0.00165, -0.02851
0.00179, -0.02876
0.00194, -0.02901
0.00209, -0.02925
0.00225, -0.02950
0.00241, -0.02974
0.00258, -0.02998
0.00276, -0.03023
0.00294, -0.03047
0.00312, -0.03070
0.00331, -0.03094
0.00350, -0.03117
0.00370, -0.03141
0.00391, -0.03164
0.00412, -0.03187
0.00433, -0.03210
0.00455, -0.03232
0.00478, -0.03255
0.00501, -0.03277
0.00525, -0.03299
0.00549, -0.03321
0.00574, -0.03343
0.00599, -0.03365
0.00625, -0.03386
0.00652, -0.03408
0.00678, -0.03429
0.00706, -0.03450
0.00734, -0.03471
0.00762, -0.03491
0.00792, -0.03512
0.00821, -0.03532
0.00851, -0.03552
0.00882, -0.03572
0.00913, -0.03591
0.00945, -0.03611
0.00977, -0.03630
0.01010, -0.03649
0.01044, -0.03668
0.01078, -0.03687
0.01112, -0.03705
0.01147, -0.03723
0.01183, -0.03742
0.01219, -0.03759
0.01256, -0.03777
0.01293, -0.03794
0.01331, -0.03812
0.01369, -0.03829
0.01408, -0.03845
0.01448, -0.03862
0.01488, -0.03878
0.01528, -0.03895
0.01569, -0.03910
0.01611, -0.03926
0.01653, -0.03942
0.01696, -0.03957
0.01739, -0.03972
0.01783, -0.03987
0.01827, -0.04001
0.01872, -0.04015
0.01918, -0.04029
0.01964, -0.04043
0.02010, -0.04057
0.02058, -0.04070
0.02105, -0.04083
0.02153, -0.04096
0.02202, -0.04108
0.02251, -0.04121
0.02301, -0.04133
0.02352, -0.04145
0.02402, -0.04156
0.02454, -0.04167
0.02506, -0.04178
0.02558, -0.04189
0.02611, -0.04200
0.02665, -0.04210
0.02719, -0.04220
0.02774, -0.04229
0.02829, -0.04239
0.02884, -0.04248
0.02941, -0.04257
0.02997, -0.04265
0.03055, -0.04273
0.03112, -0.04281
0.03171, -0.04289
0.03230, -0.04297
0.03289, -0.04304
0.03349, -0.04310
0.03409, -0.04317
0.03470, -0.04323
0.03531, -0.04329
0.03593, -0.04335
0.03656, -0.04340
0.03719, -0.04345
0.03782, -0.04350
0.03846, -0.04355
0.03911, -0.04359
0.03975, -0.04363
0.04041, -0.04366
0.04107, -0.04369
0.04173, -0.04372
0.04240, -0.04375
0.04308, -0.04377
0.04375, -0.04379
0.04444, -0.04381
0.04513, -0.04382
0.04582, -0.04384
0.04652, -0.04384
0.04722, -0.04385
0.04793, -0.04385
0.04864, -0.04385
0.04936, -0.04384
0.05008, -0.04383
0.05081, -0.04382
0.05154, -0.04381
0.05227, -0.04379
0.05301, -0.04377
0.05376, -0.04375
0.05451, -0.04372
0.05526, -0.04369
0.05602, -0.04366
0.05678, -0.04362
0.05755, -0.04358
0.05832, -0.04354
0.05910, -0.04349
0.05988, -0.04344
0.06066, -0.04339
0.06145, -0.04333
0.06224, -0.04328
0.06304, -0.04321
0.06384, -0.04315
0.06465, -0.04308
0.06545, -0.04301
0.06627, -0.04294
0.06709, -0.04286
0.06791, -0.04278
0.06873, -0.04269
0.06956, -0.04261
0.07040, -0.04252
0.07123, -0.04243
0.07207, -0.04233
0.07292, -0.04223
0.07377, -0.04213
0.07462, -0.04202
0.07548, -0.04192
0.07634, -0.04181
0.07720, -0.04169
0.07807, -0.04157
0.07894, -0.04146
0.07981, -0.04133
0.08069, -0.04121
0.08157, -0.04108
0.08246, -0.04095
0.08334, -0.04082
0.08424, -0.04068
0.08513, -0.04054
0.08603, -0.04040
0.08693, -0.04025
0.08784, -0.04011
0.08874, -0.03996
0.08965, -0.03980
0.09057, -0.03965
0.09149, -0.03949
0.09241, -0.03933
0.09333, -0.03917
0.09426, -0.03900
0.09519, -0.03884
0.09612, -0.03867
0.09705, -0.03850
0.09799, -0.03832
0.09893, -0.03814
0.09987, -0.03797
0.10082, -0.03779
0.10177, -0.03760
0.10272, -0.03742
0.10367, -0.03723
0.10463, -0.03704
0.10559, -0.03685
0.10655, -0.03666
0.10751, -0.03646
0.10848, -0.03627
0.10944, -0.03607
0.11041, -0.03587
0.11139, -0.03567
0.11236, -0.03546
0.11334, -0.03526
0.11432, -0.03505
0.11530, -0.03485
0.11628, -0.03464
0.11726, -0.03443
0.11825, -0.03422
0.11924, -0.03400
0.12023, -0.03379
0.12122, -0.03357
0.12221, -0.03336
0.12321, -0.03314
0.12421, -0.03292
0.12520, -0.03271
0.12620, -0.03249
0.12721, -0.03227
0.12821, -0.03205
0.12921, -0.03182
0.13022, -0.03160
0.13122, -0.03138
0.13223, -0.03116
0.13324, -0.03094
0.13425, -0.03071
0.13526, -0.03049
0.13627, -0.03027
0.13728, -0.03004
0.13830, -0.02982
0.13931, -0.02960
0.14032, -0.02937
0.14134, -0.02915
0.14236, -0.02893
0.14337, -0.02871
0.14439, -0.02849
0.14541, -0.02826
0.14642, -0.02804
0.14744, -0.02783
0.14846, -0.02761
0.14948, -0.02739
0.15050, -0.02717
0.15151, -0.02696
0.15253, -0.02674
0.15355, -0.02653
0.15457, -0.02632
0.15559, -0.02611
0.15660, -0.02590
0.15762, -0.02569
0.15864, -0.02549
0.15965, -0.02528
0.16067, -0.02508
0.16168, -0.02488
0.16270, -0.02469
0.16371, -0.02449
0.16472, -0.02430
0.16573, -0.02410
0.16674, -0.02392
0.16775, -0.02373
0.16876, -0.02355
0.16977, -0.02336
0.17077, -0.02319
0.17178, -0.02301
0.17278, -0.02284
0.17378, -0.02267
0.17478, -0.02250
0.17578, -0.02234
0.17677, -0.02218
0.17776, -0.02202
0.17876, -0.02186
0.17975, -0.02171
0.18073, -0.02157
0.18172, -0.02142
0.18270, -0.02128
0.18368, -0.02115
0.18466, -0.02101
0.18564, -0.02089
0.18661, -0.02076
0.18758, -0.02064
0.18855, -0.02052
0.18951, -0.02041
0.19047, -0.02030
0.19143, -0.02020
0.19239, -0.02010
0.19334, -0.02001
0.19429, -0.01991
0.19524, -0.01983
0.19618, -0.01975
0.19712, -0.01967
0.19806, -0.01960
0.19899, -0.01953
0.19992, -0.01947
0.20085, -0.01941
0.20177, -0.01936
0.20269, -0.01931
0.20361, -0.01927
0.20452, -0.01923
0.20543, -0.01920
0.20634, -0.01917
0.20725, -0.01915
0.20816, -0.01913
0.20909, -0.01911
0.21002, -0.01910
0.21096, -0.01909
0.21191, -0.01909
0.21287, -0.01909
0.21383, -0.01909
0.21481, -0.01910
0.21580, -0.01911
0.21679, -0.01913
0.21779, -0.01915
0.21881, -0.01917
0.21983, -0.01919
0.22087, -0.01922
0.22191, -0.01925
0.22296, -0.01929
0.22403, -0.01933
0.22510, -0.01937
0.22618, -0.01942
0.22728, -0.01947
0.22838, -0.01952
0.22950, -0.01957
0.23062, -0.01963
0.23176, -0.01969
0.23291, -0.01975
0.23407, -0.01982
0.23524, -0.01989
0.23642, -0.01996
0.23761, -0.02003
0.23881, -0.02011
0.24003, -0.02019
0.24125, -0.02026
0.24249, -0.02035
0.24374, -0.02043
0.24500, -0.02051
0.24627, -0.02060
0.24755, -0.02069
0.24884, -0.02077
0.25015, -0.02086
0.25147, -0.02095
0.25280, -0.02104
0.25414, -0.02113
0.25549, -0.02122
0.25685, -0.02132
0.25823, -0.02141
0.25962, -0.02150
0.26102, -0.02158
0.26243, -0.02167
0.26385, -0.02176
0.26528, -0.02185
0.26672, -0.02193
0.26816, -0.02201
0.26959, -0.02209
0.27104, -0.02217
0.27248, -0.02224
0.27392, -0.02232
0.27537, -0.02239
0.27682, -0.02246
0.27827, -0.02253
0.27973, -0.02260
0.28118, -0.02266
0.28264, -0.02272
0.28410, -0.02279
0.28556, -0.02284
0.28702, -0.02290
0.28848, -0.02296
0.28995, -0.02301
0.29142, -0.02306
0.29289, -0.02311
0.29436, -0.02316
0.29583, -0.02321
0.29730, -0.02325
0.29878, -0.02330
0.30026, -0.02334
0.30174, -0.02338
0.30322, -0.02342
0.30470, -0.02345
0.30618, -0.02349
0.30767, -0.02352
0.30916, -0.02355
0.31065, -0.02358
0.31214, -0.02361
0.31363, -0.02363
0.31512, -0.02366
0.31661, -0.02368
0.31811, -0.02370
0.31961, -0.02372
0.32111, -0.02374
0.32261, -0.02376
0.32411, -0.02377
0.32561, -0.02378
0.32712, -0.02380
0.32862, -0.02381
0.33013, -0.02381
0.33164, -0.02382
0.33314, -0.02383
0.33466, -0.02383
0.33617, -0.02383
0.33768, -0.02383
0.33919, -0.02383
0.34071, -0.02383
0.34223, -0.02383
0.34374, -0.02382
0.34526, -0.02381
0.34678, -0.02381
0.34830, -0.02380
0.34982, -0.02379
0.35135, -0.02377
0.35287, -0.02376
0.35440, -0.02374
0.35592, -0.02373
0.35745, -0.02371
0.35898, -0.02369
0.36051, -0.02367
0.36204, -0.02365
0.36357, -0.02363
0.36510, -0.02360
0.36663, -0.02358
0.36816, -0.02355
0.36970, -0.02352
0.37123, -0.02349
0.37277, -0.02346
0.37431, -0.02343
0.37584, -0.02340
0.37738, -0.02336
0.37892, -0.02333
0.38046, -0.02329
0.38200, -0.02325
0.38354, -0.02322
0.38508, -0.02318
0.38663, -0.02314
0.38817, -0.02309
0.38971, -0.02305
0.39126, -0.02301
0.39280, -0.02296
0.39435, -0.02292
0.39589, -0.02287
0.39744, -0.02282
0.39899, -0.02277
0.40054, -0.02272
0.40209, -0.02267
0.40363, -0.02262
0.40518, -0.02257
0.40673, -0.02251
0.40828, -0.02246
0.40984, -0.02240
0.41139, -0.02235
0.41294, -0.02229
0.41449, -0.02223
0.41604, -0.02218
0.41760, -0.02212
0.41915, -0.02206
0.42070, -0.02199
0.42226, -0.02193
0.42381, -0.02187
0.42536, -0.02181
0.42692, -0.02174
0.42847, -0.02168
0.43003, -0.02161
0.43159, -0.02155
0.43314, -0.02148
0.43470, -0.02142
0.43625, -0.02135
0.43781, -0.02128
0.43937, -0.02121
0.44092, -0.02114
0.44248, -0.02107
0.44404, -0.02100
0.44559, -0.02093
0.44715, -0.02086
0.44871, -0.02079
0.45027, -0.02072
0.45182, -0.02064
0.45338, -0.02057
0.45494, -0.02050
0.45650, -0.02042
0.45805, -0.02035
0.45961, -0.02027
0.46117, -0.02020
0.46273, -0.02012
0.46428, -0.02005
0.46584, -0.01997
0.46740, -0.01990
0.46896, -0.01982
0.47051, -0.01974
0.47207, -0.01967
0.47363, -0.01959
0.47518, -0.01951
0.47674, -0.01943
0.47830, -0.01936
0.47985, -0.01928
0.48141, -0.01920
0.48297, -0.01912
0.48452, -0.01904
0.48608, -0.01897
0.48763, -0.01889
0.48919, -0.01881
0.49074, -0.01873
0.49230, -0.01865
0.49385, -0.01857
0.49540, -0.01849
0.49696, -0.01842
0.49851, -0.01834
0.50006, -0.01826
0.50162, -0.01818
0.50317, -0.01810
0.50472, -0.01802
0.50627, -0.01795
0.50782, -0.01787
0.50937, -0.01779
0.51092, -0.01771
0.51247, -0.01764
0.51402, -0.01756
0.51557, -0.01748
0.51712, -0.01741
0.51867, -0.01733
0.52022, -0.01725
0.52176, -0.01718
0.52331, -0.01710
0.52485, -0.01703
0.52640, -0.01695
0.52794, -0.01688
0.52949, -0.01680
0.53103, -0.01673
0.53258, -0.01665
0.53412, -0.01658
0.53566, -0.01651
0.53720, -0.01644
0.53874, -0.01636
0.54028, -0.01629
0.54182, -0.01622
0.54336, -0.01615
0.54490, -0.01608
0.54643, -0.01601
0.54797, -0.01594
0.54951, -0.01587
0.55104, -0.01581
0.55258, -0.01574
0.55411, -0.01567
0.55564, -0.01561
0.55717, -0.01554
0.55871, -0.01548
0.56024, -0.01541
0.56177, -0.01535
0.56329, -0.01528
0.56482, -0.01522
0.56635, -0.01516
0.56788, -0.01510
0.56940, -0.01504
0.57093, -0.01498
0.57245, -0.01492
0.57397, -0.01486
0.57549, -0.01481
0.57702, -0.01475
0.57854, -0.01469
0.58005, -0.01464
0.58157, -0.01459
0.58309, -0.01453
0.58461, -0.01448
0.58612, -0.01443
0.58764, -0.01438
0.58915, -0.01433
0.59066, -0.01428
0.59217, -0.01423
0.59368, -0.01419
0.59519, -0.01414
0.59670, -0.01409
0.59821, -0.01405
0.59971, -0.01401
0.60122, -0.01396
0.60272, -0.01392
0.60423, -0.01388
0.60573, -0.01384
0.60723, -0.01381
0.60873, -0.01377
0.61022, -0.01373
0.61172, -0.01370
0.61322, -0.01366
0.61471, -0.01363
0.61621, -0.01360
0.61770, -0.01357
0.61919, -0.01354
0.62068, -0.01351
0.62217, -0.01348
0.62366, -0.01346
0.62514, -0.01343
0.62663, -0.01341
0.62811, -0.01339
0.62959, -0.01336
0.63107, -0.01334
0.63255, -0.01333
0.63403, -0.01331
0.63551, -0.01329
0.63698, -0.01328
0.63846, -0.01326
0.63993, -0.01325
0.64140, -0.01324
0.64287, -0.01323
0.64434, -0.01322
0.64581, -0.01321
0.64728, -0.01320
0.64874, -0.01320
0.65020, -0.01319
0.65167, -0.01319
0.65313, -0.01319
0.65459, -0.01319
0.65604, -0.01319
0.65750, -0.01319
0.65895, -0.01320
0.66041, -0.01320
0.66186, -0.01321
0.66331, -0.01322
0.66476, -0.01323
0.66621, -0.01324
0.66766, -0.01325
0.66911, -0.01326
0.67056, -0.01328
0.67202, -0.01330
0.67347, -0.01331
0.67492, -0.01333
0.67637, -0.01335
0.67783, -0.01337
0.67928, -0.01339
0.68073, -0.01342
0.68219, -0.01344
0.68364, -0.01346
0.68509, -0.01349
0.68654, -0.01351
0.68800, -0.01354
0.68945, -0.01356
0.69090, -0.01359
0.69235, -0.01362
0.69381, -0.01364
0.69526, -0.01367
0.69671, -0.01370
0.69816, -0.01373
0.69961, -0.01375
0.70106, -0.01378
0.70251, -0.01381
0.70396, -0.01383
0.70540, -0.01386
0.70685, -0.01389
0.70830, -0.01391
0.70974, -0.01394
0.71119, -0.01396
0.71263, -0.01399
0.71407, -0.01401
0.71552, -0.01404
0.71696, -0.01406
0.71840, -0.01408
0.71984, -0.01410
0.72128, -0.01412
0.72271, -0.01414
0.72415, -0.01416
0.72559, -0.01418
0.72702, -0.01419
0.72845, -0.01421
0.72989, -0.01422
0.73132, -0.01423
0.73274, -0.01424
0.73417, -0.01425
0.73560, -0.01426
0.73702, -0.01427
0.73845, -0.01428
0.73987, -0.01428
0.74129, -0.01428
0.74271, -0.01428
0.74413, -0.01428
0.74554, -0.01428
0.74696, -0.01427
0.74837, -0.01427
0.74977, -0.01426
0.75118, -0.01425
0.75258, -0.01423
0.75398, -0.01422
0.75537, -0.01420
0.75677, -0.01419
0.75815, -0.01417
0.75954, -0.01414
0.76092, -0.01412
0.76230, -0.01410
0.76367, -0.01407
0.76504, -0.01404
0.76641, -0.01401
0.76778, -0.01398
0.76914, -0.01395
0.77050, -0.01391
0.77185, -0.01388
0.77320, -0.01384
0.77455, -0.01380
0.77589, -0.01376
0.77723, -0.01372
0.77857, -0.01368
0.77991, -0.01363
0.78124, -0.01359
0.78256, -0.01354
0.78389, -0.01349
0.78521, -0.01344
0.78652, -0.01339
0.78784, -0.01334
0.78915, -0.01329
0.79045, -0.01324
0.79176, -0.01318
0.79306, -0.01312
0.79435, -0.01307
0.79564, -0.01301
0.79693, -0.01295
0.79822, -0.01289
0.79950, -0.01283
0.80078, -0.01277
0.80205, -0.01271
0.80332, -0.01264
0.80459, -0.01258
0.80586, -0.01251
0.80712, -0.01245
0.80837, -0.01238
0.80963, -0.01232
0.81088, -0.01225
0.81212, -0.01218
0.81337, -0.01211
0.81461, -0.01204
0.81584, -0.01197
0.81708, -0.01190
0.81830, -0.01183
0.81953, -0.01176
0.82075, -0.01168
0.82197, -0.01161
0.82318, -0.01154
0.82439, -0.01146
0.82560, -0.01139
0.82680, -0.01131
0.82800, -0.01124
0.82920, -0.01116
0.83039, -0.01108
0.83158, -0.01101
0.83277, -0.01093
0.83395, -0.01085
0.83513, -0.01078
0.83630, -0.01070
0.83748, -0.01062
0.83864, -0.01054
0.83981, -0.01046
0.84097, -0.01038
0.84213, -0.01030
0.84328, -0.01022
0.84443, -0.01014
0.84558, -0.01006
0.84672, -0.00998
0.84786, -0.00990
0.84900, -0.00982
0.85013, -0.00974
0.85126, -0.00966
0.85239, -0.00958
0.85351, -0.00950
0.85463, -0.00941
0.85574, -0.00933
0.85685, -0.00925
0.85796, -0.00917
0.85906, -0.00908
0.86016, -0.00900
0.86126, -0.00892
0.86235, -0.00883
0.86344, -0.00875
0.86453, -0.00867
0.86561, -0.00858
0.86668, -0.00850
0.86776, -0.00842
0.86883, -0.00833
0.86990, -0.00825
0.87096, -0.00816
0.87202, -0.00808
0.87307, -0.00800
0.87412, -0.00791
0.87517, -0.00783
0.87622, -0.00774
0.87726, -0.00766
0.87829, -0.00757
0.87932, -0.00749
0.88035, -0.00740
0.88138, -0.00732
0.88240, -0.00723
0.88341, -0.00715
0.88443, -0.00706
0.88544, -0.00698
0.88644, -0.00689
0.88744, -0.00681
0.88844, -0.00672
0.88943, -0.00664
0.89042, -0.00655
0.89141, -0.00647
0.89239, -0.00638
0.89337, -0.00630
0.89434, -0.00621
0.89531, -0.00613
0.89627, -0.00604
0.89724, -0.00596
0.89819, -0.00587
0.89915, -0.00579
0.90010, -0.00570
0.90104, -0.00562
0.90198, -0.00553
0.90292, -0.00545
0.90385, -0.00536
0.90478, -0.00528
0.90571, -0.00520
0.90663, -0.00511
0.90755, -0.00503
0.90846, -0.00494
0.90937, -0.00486
0.91027, -0.00478
0.91117, -0.00469
0.91207, -0.00461
0.91296, -0.00452
0.91385, -0.00444
0.91473, -0.00436
0.91561, -0.00428
0.91649, -0.00419
0.91736, -0.00411
0.91823, -0.00403
0.91909, -0.00394
0.91995, -0.00386
0.92080, -0.00378
0.92165, -0.00370
0.92250, -0.00362
0.92334, -0.00354
0.92418, -0.00345
0.92501, -0.00337
0.92584, -0.00329
0.92667, -0.00321
0.92749, -0.00313
0.92830, -0.00305
0.92911, -0.00297
0.92992, -0.00289
0.93073, -0.00281
0.93152, -0.00273
0.93232, -0.00265
0.93311, -0.00257
0.93390, -0.00249
0.93468, -0.00242
0.93545, -0.00234
0.93623, -0.00226
0.93700, -0.00218
0.93776, -0.00211
0.93852, -0.00203
0.93928, -0.00195
0.94003, -0.00187
0.94077, -0.00180
0.94152, -0.00172
0.94225, -0.00165
0.94299, -0.00157
0.94372, -0.00150
0.94444, -0.00142
0.94516, -0.00135
0.94588, -0.00127
0.94659, -0.00120
0.94729, -0.00113
0.94800, -0.00105
0.94869, -0.00098
0.94939, -0.00091
0.95008, -0.00083
0.95076, -0.00076
0.95144, -0.00069
0.95212, -0.00062
0.95279, -0.00055
0.95345, -0.00048
0.95412, -0.00041
0.95477, -0.00034
0.95543, -0.00027
0.95607, -0.00020
0.95672, -0.00013
0.95736, -0.00006
0.95799, 0.00001
0.95862, 0.00007
0.95925, 0.00014
0.95987, 0.00021
0.96048, 0.00027
0.96109, 0.00034
0.96170, 0.00041
0.96230, 0.00047
0.96290, 0.00054
0.96350, 0.00060
0.96408, 0.00066
0.96467, 0.00073
0.96525, 0.00079
0.96582, 0.00085
0.96639, 0.00092
0.96696, 0.00098
0.96752, 0.00104
0.96808, 0.00110
0.96863, 0.00116
0.96917, 0.00122
0.96972, 0.00128
0.97025, 0.00134
0.97079, 0.00140
0.97131, 0.00146
0.97184, 0.00152
0.97236, 0.00158
0.97287, 0.00163
0.97338, 0.00169
0.97388, 0.00175
0.97438, 0.00180
0.97488, 0.00186
0.97537, 0.00191
0.97586, 0.00197
0.97634, 0.00202
0.97681, 0.00208
0.97729, 0.00213
0.97775, 0.00218
0.97821, 0.00223
0.97867, 0.00228
0.97912, 0.00234
0.97957, 0.00239
0.98001, 0.00244
0.98045, 0.00249
0.98089, 0.00254
0.98132, 0.00258
0.98174, 0.00263
0.98216, 0.00268
0.98257, 0.00273
0.98298, 0.00277
0.98339, 0.00282
0.98379, 0.00287
0.98418, 0.00291
0.98457, 0.00296
0.98496, 0.00300
0.98534, 0.00304
0.98571, 0.00309
0.98609, 0.00313
0.98645, 0.00317
0.98681, 0.00321
0.98717, 0.00326
0.98752, 0.00330
0.98787, 0.00334
0.98821, 0.00338
0.98855, 0.00341
0.98888, 0.00345
0.98921, 0.00349
0.98953, 0.00353
0.98985, 0.00357
0.99016, 0.00360
0.99047, 0.00364
0.99077, 0.00367
0.99107, 0.00371
0.99136, 0.00374
0.99165, 0.00378
0.99194, 0.00381
0.99222, 0.00384
0.99249, 0.00387
0.99276, 0.00390
0.99302, 0.00393
0.99328, 0.00397
0.99354, 0.00399
0.99379, 0.00402
0.99403, 0.00405
0.99427, 0.00408
0.99450, 0.00411
0.99473, 0.00414
0.99496, 0.00416
0.99518, 0.00419
0.99539, 0.00421
0.99560, 0.00424
0.99581, 0.00426
0.99601, 0.00429
0.99621, 0.00431
0.99640, 0.00433
0.99658, 0.00435
0.99676, 0.00437
0.99694, 0.00439
0.99711, 0.00441
0.99727, 0.00443
0.99744, 0.00445
0.99759, 0.00447
0.99774, 0.00449
0.99789, 0.00451
0.99803, 0.00452
0.99817, 0.00454
0.99830, 0.00455
0.99842, 0.00457
0.99855, 0.00458
0.99866, 0.00460
0.99877, 0.00461
0.99888, 0.00462
0.99898, 0.00464
0.99908, 0.00465
0.99917, 0.00466
0.99926, 0.00467
0.99934, 0.00468
0.99942, 0.00469
0.99949, 0.00470
0.99955, 0.00470
0.99962, 0.00471
0.99967, 0.00472
0.99973, 0.00472
0.99977, 0.00473
0.99981, 0.00473
0.99985, 0.00474
0.99988, 0.00474
0.99991, 0.00475
0.99993, 0.00475
0.99995, 0.00475
0.99996, 0.00475
0.99996, 0.00475
0.99996, 0.00475
