airfoil_points_519
1.000000 0.000049
0.999748 0.000108
0.998993 0.000284
0.997736 0.000576
0.995977 0.000978
0.993719 0.001488
0.990964 0.002098
0.987715 0.002800
0.983974 0.003588
0.979746 0.004450
0.975036 0.005378
0.969846 0.006361
0.964184 0.007388
0.958054 0.008448
0.951463 0.009530
0.944418 0.010624
0.936925 0.011718
0.928992 0.012805
0.920627 0.013874
0.911838 0.014918
0.902635 0.015931
0.893027 0.016907
0.883022 0.017843
0.872632 0.018737
0.861867 0.019587
0.850737 0.020397
0.839255 0.021170
0.827430 0.021912
0.815276 0.022650
0.802805 0.023431
0.790028 0.024312
0.776960 0.025358
0.763613 0.026646
0.750000 0.028263
0.736136 0.030252
0.722033 0.032540
0.707708 0.035038
0.693173 0.037651
0.678443 0.040279
0.663534 0.042824
0.648460 0.045247
0.633237 0.047546
0.617879 0.049720
0.602403 0.051771
0.586824 0.053698
0.571157 0.055504
0.555419 0.057189
0.539625 0.058757
0.523791 0.060209
0.507933 0.061549
0.492067 0.062780
0.476209 0.063905
0.460375 0.064929
0.444581 0.065854
0.428843 0.066685
0.413176 0.067426
0.397597 0.068079
0.382121 0.068649
0.366763 0.069140
0.351540 0.069554
0.336466 0.069894
0.321557 0.070164
0.306827 0.070365
0.292292 0.070500
0.277967 0.070571
0.263864 0.070579
0.250000 0.070508
0.236387 0.070306
0.223040 0.069926
0.209972 0.069329
0.197195 0.068484
0.184724 0.067372
0.172570 0.066042
0.160745 0.064558
0.149263 0.062981
0.138133 0.061364
0.127368 0.059759
0.116978 0.058208
0.106973 0.056685
0.097365 0.055159
0.088162 0.053604
0.079373 0.052001
0.071008 0.050335
0.063075 0.048595
0.055582 0.046773
0.048537 0.044865
0.041946 0.042869
0.035816 0.040787
0.030154 0.038618
0.024964 0.036369
0.020254 0.034042
0.016026 0.031643
0.012285 0.029178
0.009036 0.026651
0.006281 0.024070
0.004023 0.021438
0.002264 0.018760
0.001007 0.016043
0.000252 0.013292
0.000000 0.010821
0.000252 0.007639
0.001007 0.004876
0.002264 0.002147
0.004023 -0.000544
0.006281 -0.003197
0.009036 -0.005812
0.012285 -0.008388
0.016026 -0.010927
0.020254 -0.013429
0.024964 -0.015895
0.030154 -0.018323
0.035816 -0.020711
0.041946 -0.023056
0.048537 -0.025354
0.055582 -0.027597
0.063075 -0.029777
0.071008 -0.031882
0.079373 -0.033899
0.088162 -0.035811
0.097365 -0.037598
0.106973 -0.039240
0.116978 -0.040710
0.127368 -0.041980
0.138133 -0.043023
0.149263 -0.043854
0.160745 -0.044511
0.172570 -0.045039
0.184724 -0.045496
0.197195 -0.045958
0.209972 -0.046501
0.223040 -0.047107
0.236387 -0.047733
0.250000 -0.048333
0.263864 -0.048854
0.277967 -0.049251
0.292292 -0.049515
0.306827 -0.049652
0.321557 -0.049666
0.336466 -0.049565
0.351540 -0.049356
0.366763 -0.049045
0.382121 -0.048643
0.397597 -0.048159
0.413176 -0.047602
0.428843 -0.046982
0.444581 -0.046310
0.460375 -0.045598
0.476209 -0.044857
0.492067 -0.044097
0.507933 -0.043331
0.523791 -0.042569
0.539625 -0.041822
0.555419 -0.041102
0.571157 -0.040418
0.586824 -0.039780
0.602403 -0.039198
0.617879 -0.038680
0.633237 -0.038235
0.648460 -0.037868
0.663534 -0.037586
0.678443 -0.037390
0.693173 -0.037208
0.707708 -0.036951
0.722033 -0.036536
0.736136 -0.035894
0.750000 -0.034963
0.763613 -0.033701
0.776960 -0.032148
0.790028 -0.030379
0.802805 -0.028462
0.815276 -0.026463
0.827430 -0.024440
0.839255 -0.022449
0.850737 -0.020528
0.861867 -0.018693
0.872632 -0.016953
0.883022 -0.015316
0.893027 -0.013787
0.902635 -0.012371
0.911838 -0.011069
0.920627 -0.009882
0.928992 -0.008806
0.936925 -0.007841
0.944418 -0.006980
0.951463 -0.006220
0.958054 -0.005555
0.964184 -0.004977
0.969846 -0.004480
0.975036 -0.004056
0.979746 -0.003699
0.983974 -0.003402
0.987715 -0.003158
0.990964 -0.002960
0.993719 -0.002803
0.995977 -0.002682
0.997736 -0.002592
0.998993 -0.002530
0.999748 -0.002494
1.000000 -0.002482
