=== Airfoil Parameters ===
m = 0.02
p = 0.4
t = 0.12

=== Control Points ===
0.00000, -0.03881, -0.03881
0.06667, -0.03670, -0.04282
0.13333, -0.03038, -0.04149
0.20000, -0.01901, -0.03401
0.26667, -0.00679, -0.02457
0.66667, 0.00392, -0.01213
0.75000, 0.01875, 0.00556
0.83333, 0.03472, 0.02515
0.91667, 0.04328, 0.03811
1.00000, 0.04166, 0.04166

=== Upper Surface ===
0.00000, -0.03881
-0.00000, -0.03853
0.00000, -0.03825
0.00001, -0.03797
0.00003, -0.03770
0.00005, -0.03742
0.00007, -0.03714
0.00010, -0.03686
0.00014, -0.03658
0.00018, -0.03631
0.00022, -0.03603
0.00027, -0.03575
0.00032, -0.03548
0.00038, -0.03520
0.00045, -0.03492
0.00052, -0.03465
0.00059, -0.03437
0.00067, -0.03410
0.00075, -0.03383
0.00084, -0.03355
0.00093, -0.03328
0.00103, -0.03300
0.00113, -0.03273
0.00124, -0.03246
0.00136, -0.03219
0.00147, -0.03192
0.00160, -0.03164
0.00172, -0.03137
0.00186, -0.03110
0.00199, -0.03083
0.00214, -0.03056
0.00228, -0.03029
0.00243, -0.03002
0.00259, -0.02975
0.00275, -0.02948
0.00292, -0.02922
0.00309, -0.02895
0.00327, -0.02868
0.00345, -0.02841
0.00363, -0.02814
0.00382, -0.02788
0.00402, -0.02761
0.00422, -0.02735
0.00442, -0.02708
0.00463, -0.02681
0.00485, -0.02655
0.00507, -0.02628
0.00529, -0.02602
0.00552, -0.02576
0.00576, -0.02549
0.00599, -0.02523
0.00624, -0.02497
0.00649, -0.02470
0.00674, -0.02444
0.00700, -0.02418
0.00726, -0.02392
0.00753, -0.02366
0.00780, -0.02340
0.00808, -0.02314
0.00836, -0.02288
0.00864, -0.02262
0.00893, -0.02236
0.00923, -0.02210
0.00953, -0.02184
0.00983, -0.02158
0.01014, -0.02132
0.01046, -0.02106
0.01078, -0.02081
0.01110, -0.02055
0.01143, -0.02029
0.01176, -0.02004
0.01210, -0.01978
0.01244, -0.01953
0.01279, -0.01927
0.01314, -0.01901
0.01350, -0.01876
0.01386, -0.01851
0.01422, -0.01825
0.01459, -0.01800
0.01497, -0.01774
0.01535, -0.01749
0.01573, -0.01724
0.01612, -0.01699
0.01651, -0.01673
0.01691, -0.01648
0.01732, -0.01623
0.01772, -0.01598
0.01813, -0.01573
0.01855, -0.01548
0.01897, -0.01523
0.01939, -0.01498
0.01982, -0.01473
0.02026, -0.01448
0.02070, -0.01423
0.02114, -0.01398
0.02159, -0.01374
0.02204, -0.01349
0.02250, -0.01324
0.02296, -0.01299
0.02342, -0.01275
0.02389, -0.01250
0.02437, -0.01225
0.02485, -0.01201
0.02533, -0.01176
0.02582, -0.01152
0.02631, -0.01127
0.02680, -0.01103
0.02731, -0.01078
0.02781, -0.01054
0.02832, -0.01029
0.02883, -0.01005
0.02935, -0.00981
0.02988, -0.00956
0.03040, -0.00932
0.03093, -0.00908
0.03147, -0.00883
0.03201, -0.00859
0.03255, -0.00835
0.03310, -0.00811
0.03365, -0.00787
0.03421, -0.00763
0.03477, -0.00738
0.03534, -0.00714
0.03591, -0.00690
0.03648, -0.00666
0.03706, -0.00642
0.03764, -0.00618
0.03823, -0.00594
0.03882, -0.00571
0.03941, -0.00547
0.04001, -0.00523
0.04062, -0.00499
0.04122, -0.00475
0.04183, -0.00451
0.04245, -0.00427
0.04307, -0.00404
0.04369, -0.00380
0.04432, -0.00356
0.04495, -0.00332
0.04559, -0.00309
0.04623, -0.00285
0.04687, -0.00261
0.04752, -0.00238
0.04817, -0.00214
0.04883, -0.00190
0.04949, -0.00167
0.05015, -0.00143
0.05082, -0.00119
0.05150, -0.00096
0.05217, -0.00072
0.05285, -0.00049
0.05354, -0.00025
0.05422, -0.00002
0.05491, 0.00022
0.05561, 0.00045
0.05631, 0.00069
0.05701, 0.00092
0.05772, 0.00116
0.05843, 0.00139
0.05915, 0.00163
0.05987, 0.00186
0.06059, 0.00210
0.06131, 0.00233
0.06204, 0.00257
0.06278, 0.00280
0.06352, 0.00304
0.06426, 0.00327
0.06500, 0.00351
0.06575, 0.00374
0.06650, 0.00398
0.06726, 0.00421
0.06802, 0.00445
0.06878, 0.00468
0.06955, 0.00492
0.07032, 0.00515
0.07110, 0.00539
0.07187, 0.00562
0.07266, 0.00586
0.07344, 0.00609
0.07423, 0.00633
0.07502, 0.00657
0.07582, 0.00680
0.07662, 0.00704
0.07742, 0.00727
0.07823, 0.00751
0.07904, 0.00775
0.07985, 0.00798
0.08067, 0.00822
0.08149, 0.00846
0.08231, 0.00869
0.08314, 0.00893
0.08397, 0.00917
0.08481, 0.00941
0.08565, 0.00964
0.08649, 0.00988
0.08733, 0.01012
0.08818, 0.01036
0.08903, 0.01060
0.08988, 0.01084
0.09074, 0.01108
0.09160, 0.01132
0.09247, 0.01156
0.09334, 0.01180
0.09421, 0.01204
0.09508, 0.01228
0.09596, 0.01253
0.09684, 0.01277
0.09772, 0.01301
0.09861, 0.01326
0.09950, 0.01350
0.10039, 0.01374
0.10129, 0.01399
0.10219, 0.01423
0.10309, 0.01448
0.10400, 0.01473
0.10491, 0.01497
0.10582, 0.01522
0.10674, 0.01547
0.10766, 0.01572
0.10858, 0.01596
0.10950, 0.01621
0.11043, 0.01646
0.11136, 0.01672
0.11229, 0.01697
0.11323, 0.01722
0.11417, 0.01747
0.11511, 0.01772
0.11606, 0.01798
0.11701, 0.01823
0.11796, 0.01849
0.11891, 0.01875
0.11987, 0.01900
0.12083, 0.01926
0.12179, 0.01952
0.12276, 0.01978
0.12373, 0.02004
0.12470, 0.02030
0.12567, 0.02056
0.12665, 0.02082
0.12763, 0.02109
0.12862, 0.02135
0.12961, 0.02162
0.13060, 0.02189
0.13160, 0.02215
0.13260, 0.02242
0.13360, 0.02269
0.13461, 0.02296
0.13563, 0.02324
0.13665, 0.02351
0.13767, 0.02378
0.13869, 0.02406
0.13972, 0.02434
0.14076, 0.02461
0.14180, 0.02489
0.14284, 0.02517
0.14389, 0.02545
0.14494, 0.02573
0.14599, 0.02601
0.14705, 0.02630
0.14811, 0.02658
0.14918, 0.02687
0.15025, 0.02715
0.15133, 0.02744
0.15241, 0.02773
0.15349, 0.02802
0.15458, 0.02831
0.15567, 0.02860
0.15677, 0.02889
0.15787, 0.02918
0.15898, 0.02947
0.16009, 0.02977
0.16120, 0.03006
0.16232, 0.03036
0.16344, 0.03066
0.16457, 0.03095
0.16570, 0.03125
0.16684, 0.03155
0.16797, 0.03185
0.16912, 0.03215
0.17027, 0.03245
0.17142, 0.03275
0.17258, 0.03306
0.17374, 0.03336
0.17490, 0.03366
0.17607, 0.03397
0.17724, 0.03427
0.17842, 0.03458
0.17960, 0.03489
0.18079, 0.03519
0.18198, 0.03550
0.18318, 0.03581
0.18438, 0.03612
0.18558, 0.03643
0.18679, 0.03674
0.18800, 0.03705
0.18922, 0.03736
0.19044, 0.03767
0.19167, 0.03798
0.19290, 0.03829
0.19414, 0.03860
0.19539, 0.03892
0.19664, 0.03923
0.19790, 0.03955
0.19916, 0.03986
0.20043, 0.04017
0.20170, 0.04049
0.20298, 0.04080
0.20427, 0.04112
0.20556, 0.04143
0.20686, 0.04175
0.20817, 0.04206
0.20948, 0.04237
0.21079, 0.04269
0.21212, 0.04300
0.21344, 0.04331
0.21478, 0.04363
0.21612, 0.04394
0.21747, 0.04425
0.21882, 0.04456
0.22018, 0.04487
0.22154, 0.04517
0.22291, 0.04548
0.22429, 0.04579
0.22568, 0.04609
0.22707, 0.04640
0.22846, 0.04670
0.22986, 0.04700
0.23127, 0.04730
0.23269, 0.04759
0.23411, 0.04789
0.23554, 0.04818
0.23697, 0.04847
0.23841, 0.04876
0.23986, 0.04905
0.24131, 0.04934
0.24277, 0.04962
0.24423, 0.04990
0.24570, 0.05018
0.24718, 0.05045
0.24867, 0.05072
0.25016, 0.05099
0.25165, 0.05126
0.25316, 0.05152
0.25467, 0.05178
0.25619, 0.05203
0.25771, 0.05229
0.25923, 0.05253
0.26076, 0.05278
0.26229, 0.05302
0.26383, 0.05325
0.26536, 0.05348
0.26690, 0.05371
0.26844, 0.05393
0.26998, 0.05415
0.27152, 0.05436
0.27307, 0.05457
0.27461, 0.05478
0.27616, 0.05498
0.27771, 0.05517
0.27926, 0.05536
0.28081, 0.05555
0.28237, 0.05574
0.28392, 0.05591
0.28548, 0.05609
0.28704, 0.05626
0.28860, 0.05643
0.29016, 0.05659
0.29172, 0.05675
0.29329, 0.05690
0.29485, 0.05705
0.29642, 0.05720
0.29798, 0.05734
0.29955, 0.05748
0.30112, 0.05761
0.30269, 0.05774
0.30427, 0.05787
0.30584, 0.05799
0.30741, 0.05811
0.30899, 0.05822
0.31057, 0.05833
0.31214, 0.05844
0.31372, 0.05854
0.31530, 0.05864
0.31688, 0.05873
0.31846, 0.05882
0.32004, 0.05891
0.32163, 0.05899
0.32321, 0.05907
0.32480, 0.05915
0.32638, 0.05922
0.32797, 0.05929
0.32955, 0.05935
0.33114, 0.05941
0.33273, 0.05947
0.33432, 0.05952
0.33590, 0.05957
0.33749, 0.05962
0.33908, 0.05966
0.34068, 0.05970
0.34227, 0.05974
0.34386, 0.05977
0.34545, 0.05980
0.34704, 0.05983
0.34864, 0.05985
0.35023, 0.05987
0.35182, 0.05989
0.35342, 0.05990
0.35501, 0.05991
0.35661, 0.05992
0.35820, 0.05992
0.35980, 0.05992
0.36139, 0.05992
0.36299, 0.05991
0.36458, 0.05990
0.36618, 0.05989
0.36777, 0.05988
0.36937, 0.05986
0.37097, 0.05984
0.37256, 0.05982
0.37416, 0.05979
0.37576, 0.05976
0.37735, 0.05973
0.37895, 0.05969
0.38055, 0.05966
0.38214, 0.05962
0.38374, 0.05957
0.38534, 0.05953
0.38693, 0.05948
0.38853, 0.05943
0.39012, 0.05938
0.39172, 0.05932
0.39332, 0.05926
0.39491, 0.05920
0.39651, 0.05914
0.39810, 0.05907
0.39970, 0.05901
0.40129, 0.05894
0.40289, 0.05886
0.40448, 0.05879
0.40607, 0.05871
0.40767, 0.05864
0.40926, 0.05856
0.41085, 0.05847
0.41245, 0.05839
0.41404, 0.05830
0.41563, 0.05821
0.41722, 0.05812
0.41881, 0.05803
0.42040, 0.05794
0.42199, 0.05784
0.42358, 0.05774
0.42517, 0.05764
0.42676, 0.05754
0.42835, 0.05744
0.42993, 0.05733
0.43152, 0.05723
0.43311, 0.05712
0.43469, 0.05701
0.43628, 0.05690
0.43786, 0.05679
0.43945, 0.05667
0.44103, 0.05656
0.44261, 0.05644
0.44420, 0.05632
0.44578, 0.05620
0.44736, 0.05608
0.44894, 0.05596
0.45052, 0.05584
0.45210, 0.05572
0.45367, 0.05559
0.45525, 0.05547
0.45683, 0.05534
0.45840, 0.05521
0.45998, 0.05508
0.46155, 0.05495
0.46313, 0.05482
0.46470, 0.05469
0.46627, 0.05456
0.46784, 0.05443
0.46941, 0.05429
0.47098, 0.05416
0.47255, 0.05402
0.47412, 0.05389
0.47568, 0.05375
0.47725, 0.05362
0.47881, 0.05348
0.48038, 0.05334
0.48194, 0.05320
0.48350, 0.05307
0.48507, 0.05293
0.48663, 0.05279
0.48818, 0.05265
0.48974, 0.05251
0.49130, 0.05237
0.49286, 0.05223
0.49441, 0.05209
0.49597, 0.05195
0.49752, 0.05181
0.49907, 0.05167
0.50062, 0.05153
0.50217, 0.05139
0.50372, 0.05125
0.50527, 0.05111
0.50682, 0.05097
0.50836, 0.05083
0.50991, 0.05069
0.51145, 0.05055
0.51299, 0.05041
0.51454, 0.05027
0.51608, 0.05013
0.51762, 0.05000
0.51915, 0.04986
0.52069, 0.04972
0.52223, 0.04958
0.52376, 0.04945
0.52530, 0.04931
0.52683, 0.04918
0.52836, 0.04904
0.52989, 0.04891
0.53142, 0.04878
0.53295, 0.04865
0.53447, 0.04851
0.53600, 0.04838
0.53752, 0.04825
0.53904, 0.04813
0.54057, 0.04800
0.54209, 0.04787
0.54361, 0.04774
0.54512, 0.04762
0.54664, 0.04750
0.54816, 0.04737
0.54967, 0.04725
0.55118, 0.04713
0.55269, 0.04701
0.55420, 0.04689
0.55571, 0.04678
0.55722, 0.04666
0.55873, 0.04655
0.56023, 0.04643
0.56174, 0.04632
0.56324, 0.04621
0.56474, 0.04610
0.56624, 0.04599
0.56774, 0.04589
0.56924, 0.04578
0.57073, 0.04568
0.57223, 0.04558
0.57372, 0.04548
0.57521, 0.04538
0.57670, 0.04528
0.57819, 0.04519
0.57968, 0.04509
0.58117, 0.04500
0.58265, 0.04491
0.58413, 0.04482
0.58562, 0.04474
0.58710, 0.04465
0.58858, 0.04457
0.59006, 0.04449
0.59153, 0.04441
0.59301, 0.04433
0.59448, 0.04426
0.59595, 0.04418
0.59743, 0.04411
0.59890, 0.04404
0.60036, 0.04398
0.60183, 0.04391
0.60330, 0.04385
0.60476, 0.04379
0.60622, 0.04373
0.60768, 0.04368
0.60914, 0.04362
0.61060, 0.04357
0.61206, 0.04352
0.61352, 0.04347
0.61497, 0.04343
0.61642, 0.04339
0.61787, 0.04335
0.61932, 0.04331
0.62077, 0.04328
0.62222, 0.04324
0.62366, 0.04321
0.62511, 0.04319
0.62655, 0.04316
0.62799, 0.04314
0.62943, 0.04312
0.63087, 0.04310
0.63231, 0.04309
0.63374, 0.04307
0.63518, 0.04306
0.63661, 0.04306
0.63804, 0.04305
0.63947, 0.04305
0.64090, 0.04305
0.64232, 0.04306
0.64375, 0.04306
0.64517, 0.04307
0.64659, 0.04309
0.64801, 0.04310
0.64943, 0.04312
0.65085, 0.04314
0.65227, 0.04316
0.65368, 0.04319
0.65510, 0.04322
0.65651, 0.04325
0.65792, 0.04329
0.65933, 0.04333
0.66073, 0.04337
0.66214, 0.04341
0.66355, 0.04346
0.66495, 0.04351
0.66636, 0.04356
0.66777, 0.04362
0.66918, 0.04368
0.67059, 0.04375
0.67200, 0.04381
0.67341, 0.04388
0.67482, 0.04395
0.67623, 0.04403
0.67764, 0.04410
0.67905, 0.04418
0.68046, 0.04427
0.68188, 0.04435
0.68329, 0.04444
0.68470, 0.04453
0.68611, 0.04462
0.68753, 0.04472
0.68894, 0.04481
0.69035, 0.04491
0.69176, 0.04501
0.69318, 0.04512
0.69459, 0.04522
0.69600, 0.04533
0.69741, 0.04544
0.69883, 0.04555
0.70024, 0.04566
0.70165, 0.04577
0.70306, 0.04589
0.70447, 0.04601
0.70588, 0.04613
0.70729, 0.04625
0.70870, 0.04637
0.71011, 0.04649
0.71151, 0.04662
0.71292, 0.04674
0.71433, 0.04687
0.71573, 0.04700
0.71714, 0.04713
0.71854, 0.04726
0.71995, 0.04739
0.72135, 0.04752
0.72275, 0.04765
0.72415, 0.04779
0.72555, 0.04792
0.72695, 0.04806
0.72835, 0.04819
0.72975, 0.04833
0.73114, 0.04846
0.73254, 0.04860
0.73393, 0.04874
0.73532, 0.04888
0.73672, 0.04902
0.73811, 0.04915
0.73949, 0.04929
0.74088, 0.04943
0.74227, 0.04957
0.74365, 0.04971
0.74504, 0.04985
0.74642, 0.04999
0.74780, 0.05013
0.74918, 0.05027
0.75055, 0.05040
0.75193, 0.05054
0.75330, 0.05068
0.75467, 0.05082
0.75605, 0.05096
0.75741, 0.05109
0.75878, 0.05123
0.76015, 0.05136
0.76151, 0.05150
0.76287, 0.05163
0.76423, 0.05177
0.76559, 0.05190
0.76694, 0.05203
0.76830, 0.05217
0.76965, 0.05230
0.77100, 0.05243
0.77234, 0.05256
0.77369, 0.05269
0.77503, 0.05281
0.77637, 0.05294
0.77771, 0.05307
0.77905, 0.05319
0.78038, 0.05331
0.78172, 0.05344
0.78305, 0.05356
0.78437, 0.05368
0.78570, 0.05380
0.78702, 0.05391
0.78834, 0.05403
0.78966, 0.05414
0.79097, 0.05426
0.79229, 0.05437
0.79360, 0.05448
0.79490, 0.05459
0.79621, 0.05470
0.79751, 0.05480
0.79881, 0.05491
0.80011, 0.05501
0.80140, 0.05511
0.80269, 0.05521
0.80398, 0.05531
0.80527, 0.05540
0.80655, 0.05550
0.80783, 0.05559
0.80911, 0.05568
0.81039, 0.05577
0.81166, 0.05586
0.81293, 0.05594
0.81419, 0.05603
0.81546, 0.05611
0.81672, 0.05619
0.81797, 0.05627
0.81923, 0.05634
0.82048, 0.05642
0.82173, 0.05649
0.82297, 0.05656
0.82421, 0.05663
0.82545, 0.05669
0.82669, 0.05675
0.82792, 0.05682
0.82915, 0.05688
0.83037, 0.05693
0.83159, 0.05699
0.83281, 0.05704
0.83403, 0.05709
0.83524, 0.05714
0.83644, 0.05719
0.83765, 0.05723
0.83885, 0.05728
0.84004, 0.05732
0.84123, 0.05735
0.84242, 0.05739
0.84360, 0.05743
0.84478, 0.05746
0.84596, 0.05749
0.84713, 0.05752
0.84830, 0.05754
0.84947, 0.05757
0.85063, 0.05759
0.85178, 0.05761
0.85294, 0.05763
0.85409, 0.05764
0.85523, 0.05766
0.85637, 0.05767
0.85751, 0.05768
0.85864, 0.05769
0.85977, 0.05770
0.86090, 0.05770
0.86202, 0.05771
0.86313, 0.05771
0.86425, 0.05771
0.86536, 0.05771
0.86646, 0.05770
0.86756, 0.05770
0.86866, 0.05769
0.86975, 0.05768
0.87084, 0.05767
0.87192, 0.05766
0.87300, 0.05764
0.87408, 0.05763
0.87515, 0.05761
0.87622, 0.05759
0.87728, 0.05757
0.87834, 0.05755
0.87940, 0.05753
0.88045, 0.05750
0.88150, 0.05748
0.88254, 0.05745
0.88358, 0.05742
0.88461, 0.05739
0.88564, 0.05735
0.88667, 0.05732
0.88769, 0.05728
0.88871, 0.05725
0.88972, 0.05721
0.89073, 0.05717
0.89174, 0.05713
0.89274, 0.05709
0.89373, 0.05704
0.89473, 0.05700
0.89571, 0.05695
0.89670, 0.05690
0.89767, 0.05685
0.89865, 0.05680
0.89962, 0.05675
0.90059, 0.05670
0.90155, 0.05665
0.90250, 0.05659
0.90346, 0.05653
0.90441, 0.05648
0.90535, 0.05642
0.90629, 0.05636
0.90722, 0.05630
0.90816, 0.05624
0.90908, 0.05617
0.91000, 0.05611
0.91092, 0.05605
0.91184, 0.05598
0.91274, 0.05591
0.91365, 0.05584
0.91455, 0.05578
0.91544, 0.05571
0.91633, 0.05564
0.91722, 0.05556
0.91810, 0.05549
0.91898, 0.05542
0.91985, 0.05534
0.92072, 0.05527
0.92159, 0.05519
0.92245, 0.05512
0.92330, 0.05504
0.92415, 0.05496
0.92500, 0.05488
0.92584, 0.05480
0.92668, 0.05472
0.92751, 0.05464
0.92834, 0.05456
0.92916, 0.05447
0.92998, 0.05439
0.93079, 0.05431
0.93160, 0.05422
0.93241, 0.05414
0.93321, 0.05405
0.93400, 0.05396
0.93479, 0.05388
0.93558, 0.05379
0.93636, 0.05370
0.93714, 0.05361
0.93791, 0.05353
0.93868, 0.05344
0.93944, 0.05335
0.94020, 0.05326
0.94096, 0.05317
0.94171, 0.05307
0.94245, 0.05298
0.94319, 0.05289
0.94393, 0.05280
0.94466, 0.05271
0.94539, 0.05261
0.94611, 0.05252
0.94682, 0.05243
0.94754, 0.05233
0.94824, 0.05224
0.94895, 0.05215
0.94965, 0.05205
0.95034, 0.05196
0.95103, 0.05186
0.95171, 0.05177
0.95239, 0.05167
0.95307, 0.05158
0.95374, 0.05148
0.95440, 0.05139
0.95506, 0.05129
0.95572, 0.05119
0.95637, 0.05110
0.95702, 0.05100
0.95766, 0.05091
0.95830, 0.05081
0.95893, 0.05072
0.95956, 0.05062
0.96018, 0.05052
0.96080, 0.05043
0.96141, 0.05033
0.96202, 0.05024
0.96263, 0.05014
0.96323, 0.05005
0.96382, 0.04995
0.96441, 0.04986
0.96500, 0.04976
0.96558, 0.04967
0.96615, 0.04957
0.96672, 0.04948
0.96729, 0.04938
0.96785, 0.04929
0.96841, 0.04920
0.96896, 0.04910
0.96950, 0.04901
0.97005, 0.04892
0.97058, 0.04882
0.97112, 0.04873
0.97164, 0.04864
0.97217, 0.04855
0.97269, 0.04846
0.97320, 0.04837
0.97371, 0.04828
0.97421, 0.04819
0.97471, 0.04810
0.97520, 0.04801
0.97569, 0.04792
0.97618, 0.04783
0.97666, 0.04774
0.97713, 0.04765
0.97760, 0.04757
0.97807, 0.04748
0.97853, 0.04739
0.97898, 0.04731
0.97943, 0.04722
0.97988, 0.04714
0.98032, 0.04706
0.98076, 0.04697
0.98119, 0.04689
0.98162, 0.04681
0.98204, 0.04673
0.98246, 0.04664
0.98287, 0.04656
0.98327, 0.04648
0.98368, 0.04640
0.98407, 0.04633
0.98447, 0.04625
0.98486, 0.04617
0.98524, 0.04609
0.98562, 0.04602
0.98599, 0.04594
0.98636, 0.04587
0.98672, 0.04580
0.98708, 0.04572
0.98744, 0.04565
0.98778, 0.04558
0.98813, 0.04551
0.98847, 0.04544
0.98880, 0.04537
0.98913, 0.04530
0.98946, 0.04523
0.98978, 0.04517
0.99009, 0.04510
0.99040, 0.04504
0.99071, 0.04497
0.99101, 0.04491
0.99130, 0.04485
0.99159, 0.04479
0.99188, 0.04473
0.99216, 0.04467
0.99244, 0.04461
0.99271, 0.04455
0.99298, 0.04449
0.99324, 0.04444
0.99349, 0.04438
0.99375, 0.04433
0.99399, 0.04427
0.99423, 0.04422
0.99447, 0.04417
0.99470, 0.04412
0.99493, 0.04407
0.99515, 0.04402
0.99537, 0.04397
0.99558, 0.04393
0.99579, 0.04388
0.99600, 0.04384
0.99619, 0.04379
0.99639, 0.04375
0.99657, 0.04371
0.99676, 0.04367
0.99694, 0.04363
0.99711, 0.04359
0.99728, 0.04355
0.99744, 0.04351
0.99760, 0.04348
0.99776, 0.04344
0.99791, 0.04341
0.99805, 0.04338
0.99819, 0.04335
0.99832, 0.04332
0.99845, 0.04329
0.99858, 0.04326
0.99870, 0.04323
0.99881, 0.04321
0.99892, 0.04318
0.99903, 0.04316
0.99913, 0.04314
0.99922, 0.04311
0.99932, 0.04309
0.99940, 0.04307
0.99948, 0.04306
0.99956, 0.04304
0.99963, 0.04302
0.99969, 0.04301
0.99976, 0.04299
0.99981, 0.04298
0.99986, 0.04297
0.99991, 0.04296
0.99995, 0.04295
0.99999, 0.04294
1.00002, 0.04293
1.00005, 0.04293
1.00007, 0.04292
1.00009, 0.04292
1.00010, 0.04291
1.00014, 0.04291
1.00015, 0.04291

=== Lower Surface ===
0.00000, -0.03881
0.00001, -0.03909
0.00002, -0.03937
0.00003, -0.03965
0.00005, -0.03993
0.00008, -0.04021
0.00010, -0.04049
0.00014, -0.04076
0.00018, -0.04104
0.00022, -0.04132
0.00027, -0.04159
0.00033, -0.04187
0.00039, -0.04214
0.00045, -0.04242
0.00052, -0.04269
0.00060, -0.04297
0.00068, -0.04324
0.00076, -0.04351
0.00085, -0.04379
0.00094, -0.04406
0.00104, -0.04433
0.00115, -0.04460
0.00126, -0.04487
0.00137, -0.04514
0.00149, -0.04541
0.00162, -0.04568
0.00174, -0.04595
0.00188, -0.04622
0.00202, -0.04649
0.00216, -0.04675
0.00231, -0.04702
0.00247, -0.04729
0.00262, -0.04755
0.00279, -0.04782
0.00296, -0.04809
0.00313, -0.04835
0.00331, -0.04861
0.00349, -0.04888
0.00368, -0.04914
0.00388, -0.04940
0.00408, -0.04967
0.00428, -0.04993
0.00449, -0.05019
0.00470, -0.05045
0.00492, -0.05071
0.00515, -0.05097
0.00538, -0.05123
0.00561, -0.05149
0.00585, -0.05175
0.00609, -0.05200
0.00634, -0.05226
0.00660, -0.05252
0.00685, -0.05277
0.00712, -0.05303
0.00739, -0.05328
0.00766, -0.05354
0.00794, -0.05379
0.00822, -0.05404
0.00851, -0.05430
0.00881, -0.05455
0.00911, -0.05480
0.00941, -0.05505
0.00972, -0.05530
0.01003, -0.05555
0.01035, -0.05580
0.01067, -0.05605
0.01100, -0.05630
0.01134, -0.05654
0.01168, -0.05679
0.01202, -0.05704
0.01237, -0.05728
0.01272, -0.05753
0.01308, -0.05777
0.01344, -0.05801
0.01381, -0.05826
0.01419, -0.05850
0.01457, -0.05874
0.01495, -0.05898
0.01534, -0.05922
0.01573, -0.05946
0.01613, -0.05970
0.01653, -0.05994
0.01694, -0.06017
0.01736, -0.06041
0.01777, -0.06065
0.01820, -0.06088
0.01863, -0.06112
0.01906, -0.06135
0.01950, -0.06158
0.01994, -0.06182
0.02039, -0.06205
0.02084, -0.06228
0.02130, -0.06251
0.02177, -0.06274
0.02223, -0.06296
0.02271, -0.06319
0.02319, -0.06342
0.02367, -0.06364
0.02416, -0.06387
0.02465, -0.06409
0.02515, -0.06432
0.02565, -0.06454
0.02616, -0.06476
0.02667, -0.06498
0.02719, -0.06520
0.02771, -0.06542
0.02824, -0.06564
0.02877, -0.06586
0.02931, -0.06607
0.02985, -0.06629
0.03040, -0.06650
0.03095, -0.06672
0.03151, -0.06693
0.03208, -0.06714
0.03264, -0.06735
0.03322, -0.06756
0.03379, -0.06777
0.03437, -0.06798
0.03496, -0.06818
0.03555, -0.06839
0.03615, -0.06859
0.03675, -0.06880
0.03736, -0.06900
0.03797, -0.06920
0.03859, -0.06940
0.03921, -0.06960
0.03984, -0.06980
0.04047, -0.07000
0.04111, -0.07019
0.04175, -0.07039
0.04240, -0.07058
0.04305, -0.07077
0.04370, -0.07097
0.04436, -0.07116
0.04503, -0.07134
0.04570, -0.07153
0.04638, -0.07172
0.04706, -0.07190
0.04774, -0.07209
0.04843, -0.07227
0.04913, -0.07245
0.04983, -0.07263
0.05054, -0.07281
0.05125, -0.07299
0.05196, -0.07317
0.05268, -0.07334
0.05341, -0.07352
0.05414, -0.07369
0.05487, -0.07386
0.05561, -0.07403
0.05636, -0.07420
0.05711, -0.07437
0.05786, -0.07453
0.05862, -0.07469
0.05938, -0.07486
0.06015, -0.07502
0.06093, -0.07518
0.06171, -0.07534
0.06249, -0.07549
0.06328, -0.07565
0.06407, -0.07580
0.06487, -0.07595
0.06567, -0.07610
0.06648, -0.07625
0.06729, -0.07640
0.06811, -0.07655
0.06893, -0.07669
0.06976, -0.07683
0.07059, -0.07697
0.07143, -0.07711
0.07227, -0.07725
0.07312, -0.07738
0.07397, -0.07752
0.07482, -0.07765
0.07569, -0.07778
0.07655, -0.07791
0.07742, -0.07804
0.07830, -0.07816
0.07918, -0.07828
0.08006, -0.07840
0.08095, -0.07852
0.08185, -0.07864
0.08275, -0.07876
0.08365, -0.07887
0.08456, -0.07898
0.08547, -0.07909
0.08639, -0.07920
0.08731, -0.07930
0.08824, -0.07941
0.08918, -0.07951
0.09011, -0.07961
0.09106, -0.07971
0.09200, -0.07980
0.09295, -0.07989
0.09391, -0.07998
0.09487, -0.08007
0.09584, -0.08016
0.09681, -0.08024
0.09778, -0.08033
0.09876, -0.08040
0.09975, -0.08048
0.10074, -0.08056
0.10173, -0.08063
0.10273, -0.08070
0.10374, -0.08077
0.10474, -0.08083
0.10576, -0.08090
0.10677, -0.08096
0.10780, -0.08102
0.10882, -0.08107
0.10986, -0.08113
0.11089, -0.08118
0.11193, -0.08123
0.11298, -0.08127
0.11403, -0.08131
0.11508, -0.08135
0.11614, -0.08139
0.11721, -0.08143
0.11828, -0.08146
0.11935, -0.08149
0.12043, -0.08152
0.12151, -0.08154
0.12260, -0.08156
0.12369, -0.08158
0.12478, -0.08160
0.12588, -0.08161
0.12699, -0.08162
0.12810, -0.08163
0.12921, -0.08163
0.13033, -0.08163
0.13145, -0.08163
0.13258, -0.08163
0.13371, -0.08162
0.13485, -0.08161
0.13599, -0.08159
0.13714, -0.08157
0.13829, -0.08155
0.13944, -0.08153
0.14060, -0.08150
0.14176, -0.08147
0.14293, -0.08144
0.14410, -0.08140
0.14527, -0.08137
0.14645, -0.08132
0.14762, -0.08128
0.14881, -0.08123
0.14999, -0.08118
0.15118, -0.08112
0.15237, -0.08107
0.15356, -0.08101
0.15476, -0.08094
0.15595, -0.08088
0.15716, -0.08081
0.15836, -0.08074
0.15957, -0.08066
0.16078, -0.08058
0.16199, -0.08050
0.16321, -0.08042
0.16442, -0.08033
0.16564, -0.08024
0.16687, -0.08015
0.16809, -0.08006
0.16932, -0.07996
0.17055, -0.07986
0.17179, -0.07976
0.17302, -0.07965
0.17426, -0.07954
0.17550, -0.07943
0.17674, -0.07931
0.17799, -0.07920
0.17924, -0.07908
0.18049, -0.07896
0.18174, -0.07883
0.18299, -0.07870
0.18425, -0.07858
0.18551, -0.07844
0.18677, -0.07831
0.18803, -0.07817
0.18930, -0.07803
0.19057, -0.07789
0.19184, -0.07774
0.19311, -0.07760
0.19438, -0.07745
0.19566, -0.07730
0.19693, -0.07714
0.19821, -0.07699
0.19949, -0.07683
0.20078, -0.07667
0.20206, -0.07650
0.20335, -0.07634
0.20464, -0.07617
0.20593, -0.07600
0.20722, -0.07583
0.20851, -0.07566
0.20981, -0.07548
0.21110, -0.07531
0.21240, -0.07513
0.21370, -0.07495
0.21499, -0.07476
0.21629, -0.07458
0.21759, -0.07440
0.21889, -0.07421
0.22019, -0.07402
0.22148, -0.07383
0.22278, -0.07364
0.22408, -0.07345
0.22537, -0.07326
0.22667, -0.07307
0.22797, -0.07288
0.22926, -0.07268
0.23056, -0.07249
0.23185, -0.07229
0.23315, -0.07210
0.23444, -0.07190
0.23573, -0.07171
0.23703, -0.07151
0.23832, -0.07131
0.23961, -0.07112
0.24090, -0.07092
0.24219, -0.07072
0.24348, -0.07053
0.24477, -0.07033
0.24606, -0.07014
0.24734, -0.06994
0.24863, -0.06975
0.24991, -0.06955
0.25119, -0.06936
0.25248, -0.06916
0.25376, -0.06897
0.25504, -0.06878
0.25632, -0.06859
0.25759, -0.06840
0.25887, -0.06822
0.26014, -0.06803
0.26142, -0.06784
0.26269, -0.06766
0.26396, -0.06748
0.26523, -0.06730
0.26650, -0.06712
0.26776, -0.06694
0.26903, -0.06676
0.27029, -0.06659
0.27155, -0.06642
0.27281, -0.06625
0.27407, -0.06608
0.27532, -0.06592
0.27658, -0.06575
0.27784, -0.06559
0.27910, -0.06543
0.28036, -0.06527
0.28163, -0.06512
0.28290, -0.06496
0.28417, -0.06481
0.28544, -0.06466
0.28672, -0.06451
0.28800, -0.06436
0.28928, -0.06421
0.29056, -0.06406
0.29185, -0.06392
0.29314, -0.06378
0.29443, -0.06364
0.29573, -0.06350
0.29702, -0.06336
0.29833, -0.06323
0.29963, -0.06309
0.30093, -0.06296
0.30224, -0.06283
0.30355, -0.06270
0.30487, -0.06257
0.30618, -0.06245
0.30750, -0.06232
0.30883, -0.06220
0.31015, -0.06208
0.31148, -0.06196
0.31281, -0.06184
0.31414, -0.06172
0.31547, -0.06161
0.31681, -0.06149
0.31815, -0.06138
0.31950, -0.06127
0.32084, -0.06116
0.32219, -0.06105
0.32354, -0.06094
0.32490, -0.06084
0.32625, -0.06074
0.32761, -0.06063
0.32898, -0.06053
0.33034, -0.06043
0.33171, -0.06034
0.33308, -0.06024
0.33445, -0.06014
0.33583, -0.06005
0.33720, -0.05996
0.33858, -0.05987
0.33997, -0.05978
0.34135, -0.05969
0.34274, -0.05960
0.34413, -0.05952
0.34553, -0.05943
0.34692, -0.05935
0.34832, -0.05927
0.34972, -0.05919
0.35113, -0.05911
0.35253, -0.05903
0.35394, -0.05896
0.35535, -0.05888
0.35677, -0.05881
0.35819, -0.05873
0.35961, -0.05866
0.36103, -0.05859
0.36245, -0.05852
0.36388, -0.05845
0.36531, -0.05839
0.36674, -0.05832
0.36817, -0.05825
0.36961, -0.05819
0.37105, -0.05813
0.37249, -0.05806
0.37394, -0.05800
0.37538, -0.05794
0.37683, -0.05789
0.37829, -0.05783
0.37974, -0.05777
0.38120, -0.05771
0.38265, -0.05766
0.38412, -0.05760
0.38558, -0.05755
0.38705, -0.05750
0.38851, -0.05745
0.38998, -0.05740
0.39146, -0.05734
0.39293, -0.05730
0.39441, -0.05725
0.39589, -0.05720
0.39737, -0.05715
0.39886, -0.05710
0.40034, -0.05706
0.40183, -0.05701
0.40332, -0.05697
0.40482, -0.05692
0.40631, -0.05688
0.40781, -0.05684
0.40931, -0.05680
0.41081, -0.05675
0.41231, -0.05671
0.41382, -0.05667
0.41533, -0.05663
0.41684, -0.05659
0.41835, -0.05655
0.41987, -0.05651
0.42138, -0.05647
0.42290, -0.05643
0.42442, -0.05640
0.42594, -0.05636
0.42747, -0.05632
0.42899, -0.05628
0.43052, -0.05624
0.43205, -0.05621
0.43358, -0.05617
0.43512, -0.05613
0.43665, -0.05609
0.43819, -0.05606
0.43973, -0.05602
0.44127, -0.05598
0.44282, -0.05595
0.44436, -0.05591
0.44591, -0.05587
0.44746, -0.05584
0.44901, -0.05580
0.45056, -0.05576
0.45211, -0.05572
0.45367, -0.05568
0.45522, -0.05565
0.45678, -0.05561
0.45834, -0.05557
0.45990, -0.05553
0.46147, -0.05549
0.46303, -0.05545
0.46460, -0.05541
0.46617, -0.05537
0.46773, -0.05533
0.46931, -0.05529
0.47088, -0.05524
0.47245, -0.05520
0.47403, -0.05516
0.47560, -0.05511
0.47718, -0.05507
0.47876, -0.05502
0.48034, -0.05498
0.48192, -0.05493
0.48350, -0.05488
0.48509, -0.05484
0.48667, -0.05479
0.48826, -0.05474
0.48985, -0.05468
0.49144, -0.05463
0.49303, -0.05458
0.49462, -0.05453
0.49621, -0.05447
0.49780, -0.05441
0.49940, -0.05436
0.50099, -0.05430
0.50259, -0.05424
0.50419, -0.05418
0.50579, -0.05412
0.50739, -0.05405
0.50899, -0.05399
0.51059, -0.05392
0.51219, -0.05386
0.51379, -0.05379
0.51540, -0.05372
0.51700, -0.05365
0.51861, -0.05358
0.52021, -0.05350
0.52182, -0.05343
0.52343, -0.05335
0.52504, -0.05327
0.52665, -0.05319
0.52826, -0.05311
0.52987, -0.05302
0.53148, -0.05294
0.53309, -0.05285
0.53470, -0.05276
0.53631, -0.05267
0.53793, -0.05258
0.53954, -0.05248
0.54115, -0.05239
0.54277, -0.05229
0.54438, -0.05219
0.54600, -0.05209
0.54761, -0.05198
0.54923, -0.05188
0.55084, -0.05177
0.55246, -0.05166
0.55408, -0.05155
0.55569, -0.05143
0.55731, -0.05131
0.55893, -0.05119
0.56054, -0.05107
0.56216, -0.05095
0.56378, -0.05082
0.56540, -0.05070
0.56701, -0.05056
0.56863, -0.05043
0.57025, -0.05030
0.57187, -0.05016
0.57348, -0.05002
0.57510, -0.04987
0.57672, -0.04973
0.57833, -0.04958
0.57995, -0.04943
0.58157, -0.04928
0.58318, -0.04912
0.58480, -0.04896
0.58642, -0.04880
0.58803, -0.04864
0.58965, -0.04847
0.59126, -0.04830
0.59288, -0.04813
0.59449, -0.04795
0.59610, -0.04777
0.59772, -0.04759
0.59933, -0.04741
0.60094, -0.04722
0.60255, -0.04703
0.60416, -0.04684
0.60577, -0.04664
0.60738, -0.04644
0.60899, -0.04624
0.61060, -0.04603
0.61221, -0.04583
0.61381, -0.04561
0.61542, -0.04540
0.61703, -0.04518
0.61863, -0.04496
0.62023, -0.04474
0.62184, -0.04451
0.62344, -0.04428
0.62504, -0.04404
0.62664, -0.04381
0.62824, -0.04357
0.62983, -0.04332
0.63143, -0.04308
0.63303, -0.04282
0.63462, -0.04257
0.63621, -0.04231
0.63781, -0.04205
0.63940, -0.04179
0.64099, -0.04152
0.64258, -0.04125
0.64416, -0.04097
0.64575, -0.04069
0.64733, -0.04041
0.64892, -0.04013
0.65050, -0.03984
0.65208, -0.03954
0.65366, -0.03925
0.65524, -0.03895
0.65681, -0.03864
0.65839, -0.03833
0.65996, -0.03802
0.66153, -0.03771
0.66310, -0.03739
0.66467, -0.03707
0.66623, -0.03674
0.66780, -0.03641
0.66936, -0.03608
0.67092, -0.03574
0.67248, -0.03540
0.67404, -0.03506
0.67559, -0.03471
0.67714, -0.03436
0.67868, -0.03400
0.68022, -0.03364
0.68175, -0.03328
0.68329, -0.03292
0.68481, -0.03255
0.68634, -0.03219
0.68786, -0.03181
0.68937, -0.03144
0.69088, -0.03106
0.69239, -0.03068
0.69390, -0.03030
0.69540, -0.02992
0.69689, -0.02953
0.69838, -0.02914
0.69987, -0.02875
0.70136, -0.02836
0.70284, -0.02797
0.70432, -0.02757
0.70579, -0.02717
0.70726, -0.02677
0.70872, -0.02637
0.71018, -0.02597
0.71164, -0.02556
0.71310, -0.02516
0.71455, -0.02475
0.71599, -0.02434
0.71744, -0.02393
0.71888, -0.02352
0.72031, -0.02311
0.72174, -0.02269
0.72317, -0.02228
0.72459, -0.02186
0.72602, -0.02145
0.72743, -0.02103
0.72885, -0.02062
0.73025, -0.02020
0.73166, -0.01978
0.73306, -0.01936
0.73446, -0.01894
0.73586, -0.01852
0.73725, -0.01810
0.73863, -0.01768
0.74002, -0.01726
0.74140, -0.01684
0.74278, -0.01642
0.74415, -0.01599
0.74552, -0.01557
0.74688, -0.01515
0.74825, -0.01473
0.74961, -0.01431
0.75096, -0.01389
0.75231, -0.01347
0.75366, -0.01305
0.75501, -0.01263
0.75635, -0.01221
0.75769, -0.01179
0.75902, -0.01137
0.76035, -0.01095
0.76168, -0.01053
0.76300, -0.01012
0.76432, -0.00970
0.76564, -0.00929
0.76695, -0.00887
0.76826, -0.00846
0.76957, -0.00804
0.77087, -0.00763
0.77217, -0.00722
0.77347, -0.00681
0.77476, -0.00640
0.77605, -0.00599
0.77734, -0.00559
0.77862, -0.00518
0.77990, -0.00477
0.78117, -0.00437
0.78245, -0.00397
0.78372, -0.00357
0.78498, -0.00317
0.78624, -0.00277
0.78750, -0.00237
0.78876, -0.00198
0.79001, -0.00158
0.79126, -0.00119
0.79250, -0.00080
0.79375, -0.00041
0.79499, -0.00002
0.79622, 0.00037
0.79745, 0.00075
0.79868, 0.00114
0.79991, 0.00152
0.80113, 0.00190
0.80235, 0.00228
0.80356, 0.00265
0.80477, 0.00303
0.80598, 0.00340
0.80719, 0.00377
0.80839, 0.00414
0.80959, 0.00451
0.81078, 0.00487
0.81198, 0.00523
0.81316, 0.00559
0.81435, 0.00595
0.81553, 0.00631
0.81671, 0.00666
0.81788, 0.00702
0.81906, 0.00737
0.82023, 0.00772
0.82139, 0.00806
0.82255, 0.00841
0.82371, 0.00875
0.82487, 0.00909
0.82602, 0.00943
0.82717, 0.00976
0.82831, 0.01009
0.82945, 0.01042
0.83059, 0.01075
0.83173, 0.01108
0.83286, 0.01140
0.83399, 0.01172
0.83511, 0.01204
0.83624, 0.01236
0.83736, 0.01267
0.83847, 0.01299
0.83958, 0.01329
0.84069, 0.01360
0.84180, 0.01391
0.84291, 0.01421
0.84401, 0.01451
0.84510, 0.01481
0.84620, 0.01510
0.84729, 0.01540
0.84838, 0.01569
0.84947, 0.01597
0.85055, 0.01626
0.85163, 0.01655
0.85271, 0.01683
0.85378, 0.01711
0.85486, 0.01738
0.85592, 0.01766
0.85699, 0.01793
0.85805, 0.01820
0.85911, 0.01847
0.86017, 0.01874
0.86122, 0.01900
0.86227, 0.01926
0.86331, 0.01952
0.86436, 0.01978
0.86540, 0.02003
0.86643, 0.02029
0.86747, 0.02054
0.86850, 0.02079
0.86953, 0.02103
0.87055, 0.02128
0.87157, 0.02152
0.87259, 0.02176
0.87360, 0.02200
0.87462, 0.02223
0.87562, 0.02247
0.87663, 0.02270
0.87763, 0.02293
0.87863, 0.02315
0.87962, 0.02338
0.88061, 0.02360
0.88160, 0.02382
0.88259, 0.02404
0.88357, 0.02426
0.88455, 0.02448
0.88552, 0.02469
0.88649, 0.02490
0.88746, 0.02511
0.88842, 0.02532
0.88939, 0.02552
0.89034, 0.02572
0.89130, 0.02593
0.89225, 0.02612
0.89320, 0.02632
0.89414, 0.02652
0.89508, 0.02671
0.89602, 0.02690
0.89695, 0.02709
0.89788, 0.02728
0.89881, 0.02747
0.89973, 0.02765
0.90065, 0.02783
0.90156, 0.02801
0.90248, 0.02819
0.90338, 0.02837
0.90429, 0.02854
0.90519, 0.02871
0.90609, 0.02889
0.90698, 0.02905
0.90787, 0.02922
0.90876, 0.02939
0.90964, 0.02955
0.91052, 0.02971
0.91140, 0.02987
0.91227, 0.03003
0.91314, 0.03019
0.91400, 0.03035
0.91486, 0.03050
0.91572, 0.03065
0.91657, 0.03080
0.91742, 0.03095
0.91827, 0.03110
0.91911, 0.03124
0.91995, 0.03138
0.92078, 0.03153
0.92161, 0.03167
0.92244, 0.03181
0.92326, 0.03194
0.92408, 0.03208
0.92490, 0.03221
0.92571, 0.03234
0.92651, 0.03248
0.92732, 0.03260
0.92812, 0.03273
0.92891, 0.03286
0.92970, 0.03298
0.93049, 0.03311
0.93128, 0.03323
0.93206, 0.03335
0.93283, 0.03347
0.93360, 0.03358
0.93437, 0.03370
0.93514, 0.03381
0.93590, 0.03393
0.93665, 0.03404
0.93740, 0.03415
0.93815, 0.03426
0.93890, 0.03436
0.93964, 0.03447
0.94037, 0.03458
0.94110, 0.03468
0.94183, 0.03478
0.94255, 0.03488
0.94327, 0.03498
0.94399, 0.03508
0.94470, 0.03517
0.94541, 0.03527
0.94611, 0.03536
0.94681, 0.03546
0.94750, 0.03555
0.94819, 0.03564
0.94888, 0.03573
0.94956, 0.03582
0.95024, 0.03590
0.95091, 0.03599
0.95158, 0.03607
0.95225, 0.03616
0.95291, 0.03624
0.95356, 0.03632
0.95422, 0.03640
0.95486, 0.03648
0.95551, 0.03655
0.95615, 0.03663
0.95678, 0.03670
0.95741, 0.03678
0.95804, 0.03685
0.95866, 0.03692
0.95928, 0.03699
0.95989, 0.03706
0.96050, 0.03713
0.96111, 0.03720
0.96171, 0.03727
0.96230, 0.03733
0.96289, 0.03740
0.96348, 0.03746
0.96406, 0.03752
0.96464, 0.03758
0.96522, 0.03765
0.96579, 0.03771
0.96635, 0.03776
0.96691, 0.03782
0.96747, 0.03788
0.96802, 0.03793
0.96857, 0.03799
0.96911, 0.03804
0.96965, 0.03810
0.97018, 0.03815
0.97071, 0.03820
0.97123, 0.03825
0.97175, 0.03830
0.97227, 0.03835
0.97278, 0.03840
0.97329, 0.03845
0.97379, 0.03849
0.97429, 0.03854
0.97478, 0.03859
0.97527, 0.03863
0.97575, 0.03867
0.97623, 0.03872
0.97670, 0.03876
0.97717, 0.03880
0.97764, 0.03884
0.97810, 0.03888
0.97855, 0.03892
0.97900, 0.03896
0.97945, 0.03900
0.97989, 0.03903
0.98033, 0.03907
0.98076, 0.03910
0.98119, 0.03914
0.98161, 0.03917
0.98203, 0.03921
0.98245, 0.03924
0.98285, 0.03927
0.98326, 0.03930
0.98366, 0.03934
0.98405, 0.03937
0.98444, 0.03940
0.98483, 0.03943
0.98521, 0.03946
0.98559, 0.03948
0.98596, 0.03951
0.98632, 0.03954
0.98668, 0.03956
0.98704, 0.03959
0.98739, 0.03962
0.98774, 0.03964
0.98808, 0.03967
0.98842, 0.03969
0.98875, 0.03971
0.98908, 0.03974
0.98940, 0.03976
0.98972, 0.03978
0.99004, 0.03980
0.99035, 0.03982
0.99065, 0.03984
0.99095, 0.03986
0.99124, 0.03988
0.99153, 0.03990
0.99182, 0.03992
0.99210, 0.03994
0.99237, 0.03996
0.99264, 0.03998
0.99291, 0.03999
0.99317, 0.04001
0.99342, 0.04002
0.99367, 0.04004
0.99392, 0.04006
0.99416, 0.04007
0.99439, 0.04009
0.99462, 0.04010
0.99485, 0.04011
0.99507, 0.04013
0.99529, 0.04014
0.99550, 0.04015
0.99570, 0.04017
0.99591, 0.04018
0.99610, 0.04019
0.99629, 0.04020
0.99648, 0.04021
0.99666, 0.04022
0.99684, 0.04023
0.99701, 0.04024
0.99718, 0.04025
0.99734, 0.04026
0.99750, 0.04027
0.99765, 0.04028
0.99779, 0.04029
0.99794, 0.04029
0.99807, 0.04030
0.99821, 0.04031
0.99833, 0.04032
0.99845, 0.04032
0.99857, 0.04033
0.99868, 0.04034
0.99879, 0.04034
0.99889, 0.04035
0.99899, 0.04035
0.99908, 0.04036
0.99917, 0.04036
0.99925, 0.04037
0.99933, 0.04037
0.99940, 0.04038
0.99947, 0.04038
0.99953, 0.04038
0.99959, 0.04039
0.99964, 0.04039
0.99969, 0.04039
0.99973, 0.04039
0.99977, 0.04040
0.99980, 0.04040
0.99983, 0.04040
0.99985, 0.04040
0.99987, 0.04040
0.99988, 0.04040
0.99985, 0.04041
0.99985, 0.04041
