=== Airfoil Parameters ===
m = 0.02
p = 0.4
t = 0.12

=== Control Points ===
0.00000, 0.00129, 0.00129
0.06667, 0.01248, 0.00637
0.13333, 0.02511, 0.01400
0.20000, 0.03401, 0.01901
0.26667, 0.03431, 0.01653
0.66667, 0.02407, 0.00802
0.75000, 0.01397, 0.00078
0.83333, 0.00857, -0.00100
0.91667, 0.00643, 0.00126
1.00000, 0.00418, 0.00418

=== Upper Surface ===
0.00000, 0.00129
-0.00005, 0.00157
-0.00007, 0.00185
-0.00009, 0.00213
-0.00011, 0.00241
-0.00013, 0.00269
-0.00014, 0.00297
-0.00014, 0.00324
-0.00014, 0.00352
-0.00014, 0.00380
-0.00013, 0.00408
-0.00011, 0.00437
-0.00009, 0.00465
-0.00007, 0.00493
-0.00004, 0.00521
-0.00001, 0.00549
0.00003, 0.00577
0.00008, 0.00606
0.00012, 0.00634
0.00018, 0.00662
0.00024, 0.00690
0.00030, 0.00719
0.00037, 0.00747
0.00044, 0.00776
0.00052, 0.00804
0.00060, 0.00833
0.00069, 0.00861
0.00078, 0.00890
0.00088, 0.00918
0.00098, 0.00947
0.00109, 0.00975
0.00120, 0.01004
0.00132, 0.01033
0.00144, 0.01061
0.00157, 0.01090
0.00170, 0.01119
0.00184, 0.01148
0.00198, 0.01176
0.00212, 0.01205
0.00227, 0.01234
0.00243, 0.01263
0.00259, 0.01292
0.00276, 0.01321
0.00293, 0.01350
0.00310, 0.01379
0.00328, 0.01408
0.00346, 0.01437
0.00365, 0.01466
0.00385, 0.01495
0.00404, 0.01524
0.00425, 0.01554
0.00445, 0.01583
0.00467, 0.01612
0.00488, 0.01641
0.00511, 0.01671
0.00533, 0.01700
0.00556, 0.01729
0.00580, 0.01759
0.00604, 0.01788
0.00629, 0.01818
0.00654, 0.01847
0.00679, 0.01877
0.00705, 0.01906
0.00732, 0.01936
0.00758, 0.01966
0.00786, 0.01995
0.00814, 0.02025
0.00842, 0.02055
0.00871, 0.02085
0.00900, 0.02114
0.00930, 0.02144
0.00960, 0.02174
0.00990, 0.02204
0.01022, 0.02234
0.01053, 0.02264
0.01085, 0.02294
0.01118, 0.02324
0.01151, 0.02354
0.01184, 0.02384
0.01218, 0.02414
0.01252, 0.02444
0.01287, 0.02475
0.01322, 0.02505
0.01358, 0.02535
0.01394, 0.02566
0.01431, 0.02596
0.01468, 0.02626
0.01505, 0.02657
0.01543, 0.02687
0.01582, 0.02718
0.01621, 0.02748
0.01660, 0.02779
0.01700, 0.02809
0.01740, 0.02840
0.01781, 0.02871
0.01822, 0.02901
0.01864, 0.02932
0.01906, 0.02963
0.01949, 0.02994
0.01992, 0.03025
0.02035, 0.03056
0.02079, 0.03087
0.02124, 0.03118
0.02169, 0.03149
0.02214, 0.03180
0.02260, 0.03211
0.02306, 0.03242
0.02353, 0.03273
0.02400, 0.03304
0.02447, 0.03336
0.02495, 0.03367
0.02544, 0.03398
0.02593, 0.03430
0.02642, 0.03461
0.02692, 0.03493
0.02743, 0.03524
0.02793, 0.03556
0.02845, 0.03587
0.02896, 0.03619
0.02949, 0.03651
0.03001, 0.03682
0.03054, 0.03714
0.03108, 0.03746
0.03162, 0.03778
0.03216, 0.03809
0.03271, 0.03841
0.03327, 0.03873
0.03382, 0.03905
0.03439, 0.03937
0.03495, 0.03969
0.03553, 0.04001
0.03610, 0.04034
0.03668, 0.04066
0.03727, 0.04098
0.03786, 0.04130
0.03845, 0.04163
0.03905, 0.04195
0.03966, 0.04227
0.04026, 0.04260
0.04088, 0.04292
0.04149, 0.04325
0.04212, 0.04357
0.04274, 0.04390
0.04337, 0.04422
0.04401, 0.04455
0.04465, 0.04488
0.04529, 0.04521
0.04594, 0.04553
0.04660, 0.04586
0.04726, 0.04619
0.04792, 0.04652
0.04859, 0.04685
0.04926, 0.04718
0.04994, 0.04751
0.05062, 0.04784
0.05130, 0.04817
0.05199, 0.04850
0.05269, 0.04883
0.05339, 0.04916
0.05409, 0.04949
0.05480, 0.04982
0.05552, 0.05016
0.05623, 0.05049
0.05696, 0.05082
0.05768, 0.05116
0.05842, 0.05149
0.05915, 0.05182
0.05989, 0.05216
0.06064, 0.05249
0.06139, 0.05283
0.06214, 0.05316
0.06290, 0.05350
0.06367, 0.05383
0.06444, 0.05417
0.06521, 0.05451
0.06599, 0.05484
0.06677, 0.05518
0.06756, 0.05552
0.06835, 0.05585
0.06915, 0.05619
0.06995, 0.05653
0.07076, 0.05687
0.07157, 0.05720
0.07238, 0.05754
0.07320, 0.05788
0.07403, 0.05822
0.07486, 0.05856
0.07569, 0.05889
0.07653, 0.05923
0.07738, 0.05957
0.07822, 0.05991
0.07908, 0.06025
0.07993, 0.06059
0.08080, 0.06093
0.08166, 0.06127
0.08254, 0.06161
0.08341, 0.06194
0.08429, 0.06228
0.08518, 0.06262
0.08607, 0.06296
0.08697, 0.06330
0.08787, 0.06364
0.08877, 0.06398
0.08968, 0.06432
0.09060, 0.06466
0.09151, 0.06500
0.09244, 0.06533
0.09337, 0.06567
0.09430, 0.06601
0.09524, 0.06635
0.09618, 0.06669
0.09713, 0.06702
0.09808, 0.06736
0.09904, 0.06770
0.10000, 0.06804
0.10097, 0.06837
0.10194, 0.06871
0.10292, 0.06905
0.10390, 0.06938
0.10488, 0.06972
0.10588, 0.07005
0.10687, 0.07039
0.10787, 0.07072
0.10888, 0.07105
0.10989, 0.07139
0.11090, 0.07172
0.11192, 0.07205
0.11295, 0.07238
0.11398, 0.07272
0.11501, 0.07305
0.11605, 0.07338
0.11710, 0.07371
0.11814, 0.07403
0.11920, 0.07436
0.12026, 0.07469
0.12132, 0.07502
0.12239, 0.07534
0.12346, 0.07567
0.12454, 0.07599
0.12563, 0.07632
0.12672, 0.07664
0.12781, 0.07696
0.12891, 0.07728
0.13002, 0.07760
0.13114, 0.07792
0.13226, 0.07824
0.13338, 0.07856
0.13451, 0.07887
0.13565, 0.07919
0.13680, 0.07950
0.13795, 0.07982
0.13911, 0.08013
0.14027, 0.08044
0.14144, 0.08075
0.14262, 0.08105
0.14380, 0.08136
0.14499, 0.08166
0.14618, 0.08196
0.14738, 0.08226
0.14859, 0.08256
0.14981, 0.08286
0.15103, 0.08315
0.15225, 0.08345
0.15349, 0.08374
0.15473, 0.08402
0.15598, 0.08431
0.15723, 0.08459
0.15849, 0.08487
0.15976, 0.08515
0.16103, 0.08542
0.16231, 0.08570
0.16360, 0.08597
0.16489, 0.08623
0.16619, 0.08650
0.16750, 0.08675
0.16881, 0.08701
0.17013, 0.08726
0.17146, 0.08751
0.17280, 0.08776
0.17414, 0.08800
0.17549, 0.08824
0.17684, 0.08848
0.17821, 0.08871
0.17957, 0.08893
0.18095, 0.08916
0.18233, 0.08937
0.18372, 0.08959
0.18512, 0.08980
0.18653, 0.09000
0.18794, 0.09020
0.18936, 0.09039
0.19078, 0.09058
0.19221, 0.09077
0.19365, 0.09094
0.19510, 0.09112
0.19655, 0.09128
0.19801, 0.09145
0.19946, 0.09160
0.20092, 0.09175
0.20237, 0.09189
0.20383, 0.09203
0.20528, 0.09216
0.20674, 0.09229
0.20819, 0.09241
0.20964, 0.09252
0.21109, 0.09263
0.21254, 0.09274
0.21399, 0.09284
0.21544, 0.09293
0.21689, 0.09302
0.21833, 0.09311
0.21978, 0.09319
0.22122, 0.09327
0.22266, 0.09334
0.22410, 0.09340
0.22554, 0.09347
0.22698, 0.09353
0.22841, 0.09358
0.22984, 0.09363
0.23127, 0.09368
0.23270, 0.09373
0.23413, 0.09377
0.23556, 0.09380
0.23698, 0.09384
0.23840, 0.09387
0.23982, 0.09390
0.24123, 0.09393
0.24265, 0.09395
0.24406, 0.09397
0.24547, 0.09399
0.24687, 0.09400
0.24828, 0.09402
0.24968, 0.09403
0.25108, 0.09404
0.25247, 0.09405
0.25387, 0.09405
0.25526, 0.09406
0.25664, 0.09406
0.25803, 0.09406
0.25941, 0.09407
0.26079, 0.09407
0.26216, 0.09407
0.26354, 0.09406
0.26490, 0.09406
0.26627, 0.09406
0.26763, 0.09406
0.26900, 0.09405
0.27036, 0.09405
0.27173, 0.09405
0.27310, 0.09404
0.27447, 0.09404
0.27584, 0.09403
0.27722, 0.09403
0.27860, 0.09402
0.27998, 0.09402
0.28136, 0.09401
0.28275, 0.09400
0.28414, 0.09400
0.28553, 0.09399
0.28692, 0.09398
0.28832, 0.09397
0.28972, 0.09396
0.29112, 0.09396
0.29252, 0.09395
0.29393, 0.09394
0.29534, 0.09393
0.29675, 0.09392
0.29816, 0.09391
0.29958, 0.09390
0.30099, 0.09388
0.30241, 0.09387
0.30384, 0.09386
0.30526, 0.09385
0.30669, 0.09383
0.30812, 0.09382
0.30955, 0.09381
0.31098, 0.09379
0.31242, 0.09378
0.31385, 0.09376
0.31529, 0.09375
0.31674, 0.09373
0.31818, 0.09371
0.31963, 0.09370
0.32108, 0.09368
0.32253, 0.09366
0.32398, 0.09364
0.32544, 0.09362
0.32689, 0.09360
0.32835, 0.09358
0.32981, 0.09356
0.33128, 0.09354
0.33274, 0.09352
0.33421, 0.09350
0.33568, 0.09347
0.33715, 0.09345
0.33863, 0.09343
0.34010, 0.09340
0.34158, 0.09338
0.34306, 0.09335
0.34454, 0.09333
0.34602, 0.09330
0.34751, 0.09327
0.34900, 0.09325
0.35049, 0.09322
0.35198, 0.09319
0.35347, 0.09316
0.35497, 0.09313
0.35646, 0.09310
0.35796, 0.09307
0.35946, 0.09303
0.36096, 0.09300
0.36247, 0.09297
0.36397, 0.09293
0.36548, 0.09290
0.36699, 0.09286
0.36850, 0.09283
0.37001, 0.09279
0.37153, 0.09276
0.37304, 0.09272
0.37456, 0.09268
0.37608, 0.09264
0.37760, 0.09260
0.37913, 0.09256
0.38065, 0.09252
0.38218, 0.09247
0.38370, 0.09243
0.38523, 0.09239
0.38676, 0.09234
0.38830, 0.09230
0.38983, 0.09225
0.39136, 0.09220
0.39290, 0.09216
0.39444, 0.09211
0.39598, 0.09206
0.39752, 0.09201
0.39906, 0.09196
0.40061, 0.09191
0.40215, 0.09185
0.40370, 0.09180
0.40525, 0.09175
0.40680, 0.09169
0.40835, 0.09164
0.40990, 0.09158
0.41145, 0.09152
0.41301, 0.09146
0.41456, 0.09140
0.41612, 0.09134
0.41768, 0.09128
0.41924, 0.09122
0.42080, 0.09115
0.42236, 0.09109
0.42392, 0.09102
0.42549, 0.09096
0.42705, 0.09089
0.42862, 0.09082
0.43019, 0.09075
0.43176, 0.09068
0.43333, 0.09061
0.43490, 0.09054
0.43647, 0.09047
0.43804, 0.09039
0.43962, 0.09032
0.44119, 0.09024
0.44277, 0.09016
0.44434, 0.09008
0.44592, 0.09000
0.44750, 0.08992
0.44908, 0.08984
0.45066, 0.08976
0.45224, 0.08968
0.45382, 0.08959
0.45541, 0.08950
0.45699, 0.08942
0.45858, 0.08933
0.46016, 0.08924
0.46175, 0.08915
0.46333, 0.08905
0.46492, 0.08896
0.46651, 0.08887
0.46810, 0.08877
0.46969, 0.08867
0.47128, 0.08858
0.47287, 0.08848
0.47446, 0.08838
0.47605, 0.08827
0.47764, 0.08817
0.47924, 0.08807
0.48083, 0.08796
0.48243, 0.08785
0.48402, 0.08775
0.48562, 0.08764
0.48721, 0.08752
0.48881, 0.08741
0.49040, 0.08730
0.49200, 0.08718
0.49360, 0.08707
0.49520, 0.08695
0.49679, 0.08683
0.49839, 0.08671
0.49999, 0.08659
0.50159, 0.08647
0.50319, 0.08634
0.50479, 0.08622
0.50639, 0.08609
0.50799, 0.08596
0.50959, 0.08583
0.51119, 0.08570
0.51279, 0.08556
0.51439, 0.08543
0.51599, 0.08529
0.51759, 0.08516
0.51919, 0.08502
0.52079, 0.08488
0.52240, 0.08473
0.52400, 0.08459
0.52560, 0.08445
0.52720, 0.08430
0.52880, 0.08415
0.53040, 0.08400
0.53200, 0.08385
0.53360, 0.08370
0.53520, 0.08354
0.53680, 0.08339
0.53840, 0.08323
0.54000, 0.08307
0.54160, 0.08291
0.54320, 0.08275
0.54480, 0.08259
0.54640, 0.08242
0.54800, 0.08225
0.54960, 0.08208
0.55120, 0.08191
0.55280, 0.08174
0.55440, 0.08157
0.55599, 0.08139
0.55759, 0.08122
0.55919, 0.08104
0.56078, 0.08086
0.56238, 0.08068
0.56397, 0.08049
0.56557, 0.08031
0.56716, 0.08012
0.56876, 0.07993
0.57035, 0.07974
0.57194, 0.07955
0.57354, 0.07936
0.57513, 0.07916
0.57672, 0.07896
0.57831, 0.07876
0.57990, 0.07856
0.58149, 0.07836
0.58308, 0.07816
0.58466, 0.07795
0.58625, 0.07774
0.58784, 0.07753
0.58942, 0.07732
0.59101, 0.07711
0.59259, 0.07689
0.59417, 0.07668
0.59575, 0.07646
0.59734, 0.07624
0.59892, 0.07602
0.60049, 0.07579
0.60207, 0.07557
0.60365, 0.07534
0.60523, 0.07511
0.60680, 0.07488
0.60838, 0.07465
0.60995, 0.07441
0.61152, 0.07417
0.61309, 0.07394
0.61466, 0.07370
0.61623, 0.07345
0.61780, 0.07321
0.61937, 0.07296
0.62093, 0.07272
0.62250, 0.07247
0.62406, 0.07221
0.62562, 0.07196
0.62718, 0.07171
0.62874, 0.07145
0.63030, 0.07119
0.63186, 0.07093
0.63341, 0.07067
0.63497, 0.07040
0.63652, 0.07014
0.63807, 0.06987
0.63962, 0.06960
0.64117, 0.06932
0.64272, 0.06905
0.64426, 0.06877
0.64580, 0.06850
0.64735, 0.06822
0.64889, 0.06794
0.65043, 0.06765
0.65197, 0.06737
0.65350, 0.06708
0.65504, 0.06679
0.65657, 0.06650
0.65810, 0.06621
0.65963, 0.06591
0.66116, 0.06562
0.66269, 0.06532
0.66421, 0.06502
0.66573, 0.06472
0.66726, 0.06441
0.66878, 0.06411
0.67029, 0.06380
0.67181, 0.06349
0.67332, 0.06318
0.67483, 0.06286
0.67633, 0.06255
0.67783, 0.06223
0.67933, 0.06192
0.68082, 0.06160
0.68231, 0.06128
0.68379, 0.06096
0.68527, 0.06064
0.68674, 0.06032
0.68822, 0.06000
0.68968, 0.05967
0.69115, 0.05935
0.69261, 0.05903
0.69407, 0.05870
0.69552, 0.05838
0.69697, 0.05805
0.69841, 0.05773
0.69985, 0.05740
0.70129, 0.05708
0.70272, 0.05675
0.70415, 0.05643
0.70558, 0.05610
0.70700, 0.05578
0.70842, 0.05546
0.70983, 0.05513
0.71124, 0.05481
0.71265, 0.05449
0.71405, 0.05417
0.71545, 0.05385
0.71685, 0.05353
0.71824, 0.05321
0.71963, 0.05289
0.72102, 0.05257
0.72240, 0.05226
0.72378, 0.05194
0.72515, 0.05163
0.72652, 0.05132
0.72789, 0.05100
0.72925, 0.05069
0.73061, 0.05039
0.73197, 0.05008
0.73332, 0.04977
0.73467, 0.04947
0.73602, 0.04917
0.73736, 0.04887
0.73870, 0.04857
0.74003, 0.04827
0.74137, 0.04798
0.74269, 0.04768
0.74402, 0.04739
0.74534, 0.04710
0.74666, 0.04681
0.74798, 0.04653
0.74929, 0.04625
0.75060, 0.04597
0.75190, 0.04569
0.75320, 0.04541
0.75450, 0.04514
0.75580, 0.04487
0.75710, 0.04460
0.75839, 0.04433
0.75968, 0.04406
0.76098, 0.04380
0.76227, 0.04354
0.76355, 0.04328
0.76484, 0.04302
0.76612, 0.04277
0.76741, 0.04251
0.76869, 0.04226
0.76997, 0.04201
0.77125, 0.04176
0.77252, 0.04152
0.77380, 0.04127
0.77507, 0.04103
0.77634, 0.04079
0.77761, 0.04055
0.77887, 0.04031
0.78014, 0.04008
0.78140, 0.03985
0.78266, 0.03961
0.78392, 0.03938
0.78518, 0.03915
0.78643, 0.03893
0.78768, 0.03870
0.78893, 0.03848
0.79018, 0.03826
0.79143, 0.03803
0.79267, 0.03782
0.79391, 0.03760
0.79515, 0.03738
0.79639, 0.03717
0.79763, 0.03695
0.79886, 0.03674
0.80009, 0.03653
0.80132, 0.03632
0.80254, 0.03611
0.80377, 0.03590
0.80499, 0.03570
0.80621, 0.03550
0.80742, 0.03529
0.80864, 0.03509
0.80985, 0.03489
0.81106, 0.03469
0.81227, 0.03449
0.81347, 0.03430
0.81467, 0.03410
0.81587, 0.03391
0.81707, 0.03371
0.81826, 0.03352
0.81945, 0.03333
0.82064, 0.03314
0.82183, 0.03295
0.82301, 0.03276
0.82419, 0.03258
0.82537, 0.03239
0.82655, 0.03220
0.82772, 0.03202
0.82889, 0.03184
0.83005, 0.03166
0.83122, 0.03147
0.83238, 0.03129
0.83354, 0.03112
0.83469, 0.03094
0.83585, 0.03076
0.83700, 0.03058
0.83814, 0.03041
0.83929, 0.03023
0.84043, 0.03006
0.84157, 0.02988
0.84270, 0.02971
0.84383, 0.02954
0.84496, 0.02937
0.84609, 0.02920
0.84721, 0.02903
0.84833, 0.02886
0.84944, 0.02870
0.85056, 0.02853
0.85167, 0.02836
0.85277, 0.02820
0.85388, 0.02803
0.85498, 0.02787
0.85607, 0.02771
0.85717, 0.02754
0.85826, 0.02738
0.85934, 0.02722
0.86043, 0.02706
0.86151, 0.02690
0.86258, 0.02674
0.86366, 0.02658
0.86473, 0.02643
0.86579, 0.02627
0.86686, 0.02611
0.86792, 0.02596
0.86897, 0.02580
0.87003, 0.02565
0.87108, 0.02550
0.87212, 0.02534
0.87317, 0.02519
0.87420, 0.02504
0.87524, 0.02489
0.87627, 0.02474
0.87730, 0.02459
0.87833, 0.02444
0.87935, 0.02429
0.88036, 0.02414
0.88138, 0.02399
0.88239, 0.02385
0.88340, 0.02370
0.88440, 0.02355
0.88540, 0.02341
0.88640, 0.02326
0.88739, 0.02312
0.88838, 0.02298
0.88936, 0.02283
0.89034, 0.02269
0.89132, 0.02255
0.89229, 0.02241
0.89326, 0.02227
0.89423, 0.02213
0.89519, 0.02199
0.89615, 0.02185
0.89711, 0.02171
0.89806, 0.02157
0.89900, 0.02143
0.89995, 0.02129
0.90089, 0.02116
0.90182, 0.02102
0.90275, 0.02089
0.90368, 0.02075
0.90461, 0.02062
0.90553, 0.02048
0.90644, 0.02035
0.90736, 0.02021
0.90826, 0.02008
0.90917, 0.01995
0.91007, 0.01982
0.91096, 0.01969
0.91186, 0.01956
0.91275, 0.01942
0.91363, 0.01929
0.91451, 0.01917
0.91539, 0.01904
0.91626, 0.01891
0.91713, 0.01878
0.91799, 0.01865
0.91885, 0.01853
0.91971, 0.01840
0.92056, 0.01827
0.92141, 0.01815
0.92225, 0.01802
0.92309, 0.01790
0.92392, 0.01777
0.92476, 0.01765
0.92558, 0.01753
0.92641, 0.01740
0.92722, 0.01728
0.92804, 0.01716
0.92885, 0.01704
0.92965, 0.01692
0.93046, 0.01680
0.93125, 0.01668
0.93205, 0.01656
0.93284, 0.01644
0.93362, 0.01632
0.93440, 0.01620
0.93518, 0.01609
0.93595, 0.01597
0.93672, 0.01585
0.93748, 0.01574
0.93824, 0.01562
0.93900, 0.01551
0.93975, 0.01539
0.94049, 0.01528
0.94123, 0.01517
0.94197, 0.01505
0.94271, 0.01494
0.94343, 0.01483
0.94416, 0.01472
0.94488, 0.01461
0.94559, 0.01450
0.94631, 0.01439
0.94701, 0.01428
0.94771, 0.01417
0.94841, 0.01406
0.94911, 0.01395
0.94980, 0.01384
0.95048, 0.01374
0.95116, 0.01363
0.95184, 0.01353
0.95251, 0.01342
0.95317, 0.01332
0.95384, 0.01321
0.95449, 0.01311
0.95515, 0.01300
0.95580, 0.01290
0.95644, 0.01280
0.95708, 0.01270
0.95772, 0.01260
0.95835, 0.01250
0.95897, 0.01240
0.95959, 0.01230
0.96021, 0.01220
0.96082, 0.01210
0.96143, 0.01201
0.96204, 0.01191
0.96263, 0.01181
0.96323, 0.01172
0.96382, 0.01162
0.96440, 0.01153
0.96498, 0.01143
0.96556, 0.01134
0.96613, 0.01125
0.96670, 0.01115
0.96726, 0.01106
0.96782, 0.01097
0.96837, 0.01088
0.96892, 0.01079
0.96946, 0.01070
0.97000, 0.01062
0.97054, 0.01053
0.97106, 0.01044
0.97159, 0.01035
0.97211, 0.01027
0.97263, 0.01018
0.97314, 0.01010
0.97364, 0.01001
0.97414, 0.00993
0.97464, 0.00985
0.97513, 0.00977
0.97562, 0.00968
0.97610, 0.00960
0.97658, 0.00952
0.97705, 0.00944
0.97752, 0.00937
0.97799, 0.00929
0.97845, 0.00921
0.97890, 0.00913
0.97935, 0.00906
0.97980, 0.00898
0.98024, 0.00891
0.98067, 0.00883
0.98110, 0.00876
0.98153, 0.00869
0.98195, 0.00862
0.98237, 0.00855
0.98278, 0.00848
0.98318, 0.00841
0.98359, 0.00834
0.98398, 0.00827
0.98438, 0.00820
0.98476, 0.00814
0.98515, 0.00807
0.98552, 0.00801
0.98590, 0.00794
0.98627, 0.00788
0.98663, 0.00781
0.98699, 0.00775
0.98734, 0.00769
0.98769, 0.00763
0.98804, 0.00757
0.98838, 0.00751
0.98871, 0.00745
0.98904, 0.00740
0.98937, 0.00734
0.98969, 0.00728
0.99000, 0.00723
0.99031, 0.00717
0.99062, 0.00712
0.99092, 0.00707
0.99122, 0.00701
0.99151, 0.00696
0.99179, 0.00691
0.99208, 0.00686
0.99235, 0.00681
0.99262, 0.00677
0.99289, 0.00672
0.99315, 0.00667
0.99341, 0.00663
0.99366, 0.00658
0.99391, 0.00654
0.99415, 0.00650
0.99439, 0.00645
0.99462, 0.00641
0.99485, 0.00637
0.99508, 0.00633
0.99529, 0.00629
0.99551, 0.00626
0.99572, 0.00622
0.99592, 0.00618
0.99612, 0.00615
0.99631, 0.00611
0.99650, 0.00608
0.99669, 0.00604
0.99687, 0.00601
0.99704, 0.00598
0.99721, 0.00595
0.99737, 0.00592
0.99753, 0.00589
0.99769, 0.00586
0.99784, 0.00584
0.99798, 0.00581
0.99812, 0.00579
0.99826, 0.00576
0.99839, 0.00574
0.99851, 0.00572
0.99863, 0.00569
0.99875, 0.00567
0.99886, 0.00565
0.99897, 0.00563
0.99907, 0.00562
0.99916, 0.00560
0.99925, 0.00558
0.99934, 0.00557
0.99942, 0.00555
0.99950, 0.00554
0.99957, 0.00553
0.99963, 0.00551
0.99970, 0.00550
0.99975, 0.00549
0.99980, 0.00548
0.99985, 0.00547
0.99989, 0.00547
0.99993, 0.00546
0.99996, 0.00545
0.99999, 0.00545
1.00001, 0.00545
1.00003, 0.00544
1.00004, 0.00544
1.00006, 0.00544
1.00007, 0.00544

=== Lower Surface ===
0.00000, 0.00129
0.00005, 0.00102
0.00009, 0.00074
0.00014, 0.00047
0.00019, 0.00019
0.00025, -0.00008
0.00031, -0.00035
0.00038, -0.00062
0.00046, -0.00089
0.00054, -0.00116
0.00062, -0.00143
0.00071, -0.00169
0.00081, -0.00196
0.00091, -0.00222
0.00101, -0.00249
0.00112, -0.00275
0.00123, -0.00301
0.00135, -0.00327
0.00148, -0.00353
0.00161, -0.00379
0.00174, -0.00405
0.00188, -0.00430
0.00202, -0.00456
0.00217, -0.00481
0.00233, -0.00506
0.00249, -0.00531
0.00265, -0.00556
0.00282, -0.00581
0.00299, -0.00606
0.00317, -0.00631
0.00336, -0.00655
0.00354, -0.00680
0.00374, -0.00704
0.00394, -0.00728
0.00414, -0.00752
0.00435, -0.00776
0.00456, -0.00800
0.00478, -0.00824
0.00501, -0.00848
0.00524, -0.00871
0.00547, -0.00895
0.00571, -0.00918
0.00595, -0.00941
0.00620, -0.00964
0.00646, -0.00987
0.00672, -0.01010
0.00698, -0.01033
0.00725, -0.01055
0.00753, -0.01078
0.00780, -0.01100
0.00809, -0.01122
0.00838, -0.01144
0.00867, -0.01166
0.00897, -0.01188
0.00928, -0.01210
0.00959, -0.01231
0.00990, -0.01253
0.01022, -0.01274
0.01055, -0.01295
0.01088, -0.01316
0.01121, -0.01337
0.01155, -0.01358
0.01190, -0.01379
0.01225, -0.01399
0.01260, -0.01420
0.01296, -0.01440
0.01332, -0.01460
0.01369, -0.01480
0.01407, -0.01500
0.01445, -0.01520
0.01483, -0.01539
0.01522, -0.01559
0.01562, -0.01578
0.01602, -0.01597
0.01642, -0.01616
0.01683, -0.01635
0.01725, -0.01654
0.01767, -0.01673
0.01809, -0.01691
0.01852, -0.01709
0.01896, -0.01728
0.01940, -0.01746
0.01984, -0.01764
0.02029, -0.01781
0.02075, -0.01799
0.02121, -0.01816
0.02167, -0.01834
0.02214, -0.01851
0.02261, -0.01868
0.02309, -0.01885
0.02358, -0.01902
0.02407, -0.01918
0.02456, -0.01934
0.02506, -0.01951
0.02556, -0.01967
0.02607, -0.01983
0.02659, -0.01999
0.02710, -0.02014
0.02763, -0.02030
0.02816, -0.02045
0.02869, -0.02060
0.02923, -0.02075
0.02977, -0.02090
0.03032, -0.02105
0.03087, -0.02119
0.03142, -0.02134
0.03199, -0.02148
0.03255, -0.02162
0.03312, -0.02176
0.03370, -0.02190
0.03428, -0.02203
0.03487, -0.02216
0.03546, -0.02230
0.03605, -0.02243
0.03665, -0.02256
0.03726, -0.02268
0.03787, -0.02281
0.03848, -0.02293
0.03910, -0.02306
0.03972, -0.02318
0.04035, -0.02329
0.04098, -0.02341
0.04162, -0.02353
0.04226, -0.02364
0.04291, -0.02375
0.04356, -0.02386
0.04421, -0.02397
0.04487, -0.02408
0.04554, -0.02418
0.04621, -0.02429
0.04688, -0.02439
0.04756, -0.02449
0.04824, -0.02459
0.04893, -0.02468
0.04962, -0.02478
0.05032, -0.02487
0.05102, -0.02496
0.05172, -0.02505
0.05243, -0.02514
0.05315, -0.02523
0.05387, -0.02531
0.05459, -0.02539
0.05532, -0.02547
0.05605, -0.02555
0.05678, -0.02563
0.05752, -0.02570
0.05827, -0.02578
0.05902, -0.02585
0.05977, -0.02592
0.06053, -0.02599
0.06129, -0.02605
0.06205, -0.02612
0.06282, -0.02618
0.06360, -0.02624
0.06438, -0.02630
0.06516, -0.02636
0.06595, -0.02642
0.06674, -0.02647
0.06753, -0.02652
0.06833, -0.02657
0.06913, -0.02662
0.06994, -0.02667
0.07075, -0.02672
0.07157, -0.02676
0.07239, -0.02680
0.07321, -0.02684
0.07404, -0.02688
0.07487, -0.02692
0.07570, -0.02695
0.07654, -0.02699
0.07739, -0.02702
0.07823, -0.02705
0.07908, -0.02707
0.07994, -0.02710
0.08080, -0.02713
0.08166, -0.02715
0.08252, -0.02717
0.08339, -0.02719
0.08427, -0.02721
0.08514, -0.02722
0.08602, -0.02724
0.08691, -0.02725
0.08780, -0.02726
0.08869, -0.02727
0.08958, -0.02728
0.09048, -0.02729
0.09139, -0.02729
0.09229, -0.02730
0.09320, -0.02730
0.09411, -0.02730
0.09503, -0.02730
0.09595, -0.02729
0.09688, -0.02729
0.09780, -0.02728
0.09873, -0.02728
0.09967, -0.02727
0.10060, -0.02726
0.10154, -0.02725
0.10249, -0.02723
0.10344, -0.02722
0.10439, -0.02720
0.10534, -0.02718
0.10630, -0.02716
0.10726, -0.02714
0.10822, -0.02712
0.10919, -0.02710
0.11016, -0.02707
0.11113, -0.02705
0.11211, -0.02702
0.11309, -0.02699
0.11407, -0.02696
0.11505, -0.02693
0.11604, -0.02690
0.11703, -0.02686
0.11803, -0.02683
0.11902, -0.02679
0.12002, -0.02675
0.12103, -0.02672
0.12203, -0.02668
0.12304, -0.02664
0.12405, -0.02659
0.12507, -0.02655
0.12608, -0.02651
0.12710, -0.02646
0.12813, -0.02642
0.12915, -0.02637
0.13018, -0.02632
0.13121, -0.02627
0.13224, -0.02622
0.13328, -0.02617
0.13432, -0.02612
0.13536, -0.02606
0.13640, -0.02601
0.13745, -0.02596
0.13850, -0.02590
0.13955, -0.02584
0.14060, -0.02579
0.14165, -0.02573
0.14271, -0.02567
0.14377, -0.02561
0.14483, -0.02555
0.14589, -0.02549
0.14696, -0.02543
0.14802, -0.02537
0.14909, -0.02531
0.15015, -0.02525
0.15122, -0.02519
0.15229, -0.02513
0.15336, -0.02507
0.15443, -0.02501
0.15550, -0.02495
0.15657, -0.02489
0.15764, -0.02483
0.15872, -0.02477
0.15979, -0.02471
0.16087, -0.02465
0.16194, -0.02459
0.16302, -0.02453
0.16409, -0.02447
0.16517, -0.02442
0.16624, -0.02436
0.16732, -0.02430
0.16840, -0.02425
0.16947, -0.02419
0.17055, -0.02414
0.17163, -0.02409
0.17271, -0.02404
0.17378, -0.02398
0.17486, -0.02394
0.17594, -0.02389
0.17701, -0.02384
0.17809, -0.02379
0.17917, -0.02375
0.18024, -0.02371
0.18132, -0.02367
0.18240, -0.02363
0.18347, -0.02359
0.18455, -0.02355
0.18562, -0.02352
0.18669, -0.02349
0.18777, -0.02345
0.18884, -0.02343
0.18991, -0.02340
0.19098, -0.02337
0.19205, -0.02335
0.19312, -0.02333
0.19419, -0.02331
0.19526, -0.02330
0.19633, -0.02328
0.19739, -0.02327
0.19846, -0.02326
0.19952, -0.02326
0.20058, -0.02325
0.20165, -0.02325
0.20271, -0.02325
0.20377, -0.02326
0.20484, -0.02326
0.20590, -0.02327
0.20698, -0.02329
0.20806, -0.02330
0.20915, -0.02332
0.21024, -0.02333
0.21135, -0.02335
0.21245, -0.02338
0.21357, -0.02340
0.21469, -0.02343
0.21581, -0.02346
0.21695, -0.02349
0.21809, -0.02352
0.21924, -0.02355
0.22039, -0.02359
0.22155, -0.02363
0.22272, -0.02367
0.22389, -0.02371
0.22508, -0.02375
0.22627, -0.02380
0.22746, -0.02384
0.22867, -0.02389
0.22988, -0.02394
0.23109, -0.02399
0.23232, -0.02404
0.23355, -0.02409
0.23479, -0.02414
0.23604, -0.02420
0.23729, -0.02425
0.23856, -0.02431
0.23982, -0.02436
0.24110, -0.02442
0.24239, -0.02448
0.24368, -0.02453
0.24498, -0.02459
0.24628, -0.02465
0.24760, -0.02471
0.24892, -0.02477
0.25025, -0.02483
0.25159, -0.02488
0.25294, -0.02494
0.25429, -0.02500
0.25565, -0.02506
0.25702, -0.02511
0.25840, -0.02517
0.25978, -0.02522
0.26117, -0.02528
0.26257, -0.02533
0.26398, -0.02538
0.26539, -0.02543
0.26681, -0.02548
0.26824, -0.02553
0.26966, -0.02557
0.27109, -0.02561
0.27252, -0.02566
0.27395, -0.02570
0.27539, -0.02573
0.27682, -0.02577
0.27826, -0.02581
0.27970, -0.02584
0.28114, -0.02587
0.28258, -0.02590
0.28403, -0.02593
0.28548, -0.02596
0.28692, -0.02598
0.28837, -0.02601
0.28983, -0.02603
0.29128, -0.02605
0.29274, -0.02607
0.29419, -0.02609
0.29565, -0.02611
0.29711, -0.02612
0.29858, -0.02613
0.30004, -0.02615
0.30151, -0.02616
0.30297, -0.02617
0.30444, -0.02617
0.30591, -0.02618
0.30739, -0.02618
0.30886, -0.02619
0.31033, -0.02619
0.31181, -0.02619
0.31329, -0.02619
0.31477, -0.02619
0.31625, -0.02618
0.31773, -0.02618
0.31922, -0.02617
0.32070, -0.02616
0.32219, -0.02615
0.32368, -0.02614
0.32517, -0.02613
0.32666, -0.02612
0.32815, -0.02610
0.32964, -0.02609
0.33114, -0.02607
0.33263, -0.02605
0.33413, -0.02603
0.33563, -0.02601
0.33713, -0.02599
0.33863, -0.02596
0.34013, -0.02594
0.34164, -0.02591
0.34314, -0.02588
0.34465, -0.02586
0.34616, -0.02583
0.34766, -0.02580
0.34917, -0.02576
0.35068, -0.02573
0.35219, -0.02570
0.35371, -0.02566
0.35522, -0.02563
0.35673, -0.02559
0.35825, -0.02555
0.35977, -0.02551
0.36128, -0.02547
0.36280, -0.02543
0.36432, -0.02539
0.36584, -0.02534
0.36736, -0.02530
0.36888, -0.02525
0.37041, -0.02521
0.37193, -0.02516
0.37346, -0.02511
0.37498, -0.02506
0.37651, -0.02501
0.37803, -0.02496
0.37956, -0.02491
0.38109, -0.02485
0.38262, -0.02480
0.38415, -0.02474
0.38568, -0.02469
0.38721, -0.02463
0.38875, -0.02458
0.39028, -0.02452
0.39181, -0.02446
0.39335, -0.02440
0.39488, -0.02434
0.39642, -0.02428
0.39795, -0.02422
0.39949, -0.02415
0.40103, -0.02409
0.40257, -0.02403
0.40410, -0.02396
0.40564, -0.02390
0.40718, -0.02383
0.40872, -0.02377
0.41026, -0.02370
0.41180, -0.02363
0.41335, -0.02356
0.41489, -0.02350
0.41643, -0.02343
0.41797, -0.02336
0.41952, -0.02329
0.42106, -0.02322
0.42260, -0.02314
0.42415, -0.02307
0.42569, -0.02300
0.42724, -0.02293
0.42878, -0.02286
0.43033, -0.02278
0.43187, -0.02271
0.43342, -0.02263
0.43497, -0.02256
0.43651, -0.02249
0.43806, -0.02241
0.43961, -0.02233
0.44115, -0.02226
0.44270, -0.02218
0.44425, -0.02211
0.44580, -0.02203
0.44735, -0.02195
0.44889, -0.02188
0.45044, -0.02180
0.45199, -0.02172
0.45354, -0.02164
0.45509, -0.02157
0.45664, -0.02149
0.45819, -0.02141
0.45973, -0.02133
0.46128, -0.02125
0.46283, -0.02117
0.46438, -0.02110
0.46593, -0.02102
0.46748, -0.02094
0.46903, -0.02086
0.47058, -0.02078
0.47213, -0.02070
0.47367, -0.02062
0.47522, -0.02055
0.47677, -0.02047
0.47832, -0.02039
0.47987, -0.02031
0.48142, -0.02023
0.48297, -0.02015
0.48451, -0.02007
0.48606, -0.02000
0.48761, -0.01992
0.48916, -0.01984
0.49070, -0.01976
0.49225, -0.01969
0.49380, -0.01961
0.49534, -0.01953
0.49689, -0.01946
0.49844, -0.01938
0.49998, -0.01930
0.50153, -0.01923
0.50307, -0.01915
0.50462, -0.01908
0.50616, -0.01900
0.50771, -0.01893
0.50925, -0.01885
0.51079, -0.01878
0.51234, -0.01871
0.51388, -0.01863
0.51542, -0.01856
0.51696, -0.01849
0.51850, -0.01842
0.52005, -0.01834
0.52159, -0.01827
0.52313, -0.01820
0.52467, -0.01813
0.52621, -0.01806
0.52774, -0.01799
0.52928, -0.01793
0.53082, -0.01786
0.53236, -0.01779
0.53389, -0.01772
0.53543, -0.01766
0.53697, -0.01759
0.53850, -0.01753
0.54004, -0.01746
0.54157, -0.01740
0.54310, -0.01734
0.54463, -0.01728
0.54617, -0.01721
0.54770, -0.01715
0.54923, -0.01709
0.55076, -0.01703
0.55229, -0.01697
0.55382, -0.01692
0.55534, -0.01686
0.55687, -0.01680
0.55840, -0.01675
0.55992, -0.01669
0.56145, -0.01664
0.56297, -0.01659
0.56450, -0.01653
0.56602, -0.01648
0.56754, -0.01643
0.56906, -0.01638
0.57058, -0.01633
0.57210, -0.01629
0.57362, -0.01624
0.57514, -0.01619
0.57666, -0.01615
0.57817, -0.01610
0.57969, -0.01606
0.58120, -0.01602
0.58271, -0.01598
0.58423, -0.01594
0.58574, -0.01590
0.58725, -0.01586
0.58876, -0.01582
0.59027, -0.01579
0.59178, -0.01575
0.59328, -0.01572
0.59479, -0.01568
0.59629, -0.01565
0.59780, -0.01562
0.59930, -0.01559
0.60080, -0.01556
0.60230, -0.01554
0.60380, -0.01551
0.60530, -0.01548
0.60680, -0.01546
0.60830, -0.01544
0.60979, -0.01542
0.61129, -0.01539
0.61278, -0.01538
0.61427, -0.01536
0.61576, -0.01534
0.61725, -0.01532
0.61874, -0.01531
0.62023, -0.01530
0.62171, -0.01529
0.62320, -0.01527
0.62468, -0.01527
0.62617, -0.01526
0.62765, -0.01525
0.62913, -0.01524
0.63061, -0.01524
0.63209, -0.01524
0.63356, -0.01524
0.63504, -0.01524
0.63651, -0.01524
0.63798, -0.01524
0.63946, -0.01524
0.64093, -0.01525
0.64239, -0.01525
0.64386, -0.01526
0.64533, -0.01527
0.64679, -0.01528
0.64826, -0.01529
0.64972, -0.01531
0.65118, -0.01532
0.65264, -0.01534
0.65410, -0.01535
0.65555, -0.01537
0.65701, -0.01539
0.65846, -0.01542
0.65991, -0.01544
0.66136, -0.01546
0.66281, -0.01549
0.66427, -0.01552
0.66572, -0.01555
0.66717, -0.01558
0.66862, -0.01561
0.67007, -0.01564
0.67152, -0.01568
0.67298, -0.01571
0.67443, -0.01575
0.67589, -0.01579
0.67734, -0.01583
0.67880, -0.01587
0.68025, -0.01591
0.68171, -0.01595
0.68316, -0.01600
0.68462, -0.01604
0.68608, -0.01608
0.68753, -0.01613
0.68899, -0.01617
0.69044, -0.01622
0.69190, -0.01626
0.69336, -0.01631
0.69481, -0.01635
0.69627, -0.01640
0.69772, -0.01644
0.69918, -0.01649
0.70064, -0.01653
0.70209, -0.01658
0.70354, -0.01662
0.70500, -0.01667
0.70645, -0.01671
0.70791, -0.01675
0.70936, -0.01680
0.71081, -0.01684
0.71226, -0.01688
0.71371, -0.01692
0.71516, -0.01696
0.71661, -0.01700
0.71806, -0.01704
0.71951, -0.01707
0.72095, -0.01711
0.72240, -0.01714
0.72384, -0.01717
0.72529, -0.01720
0.72673, -0.01723
0.72817, -0.01726
0.72961, -0.01729
0.73105, -0.01731
0.73249, -0.01734
0.73393, -0.01736
0.73536, -0.01738
0.73680, -0.01740
0.73823, -0.01741
0.73966, -0.01743
0.74109, -0.01744
0.74252, -0.01745
0.74395, -0.01746
0.74537, -0.01747
0.74680, -0.01747
0.74822, -0.01747
0.74964, -0.01747
0.75105, -0.01747
0.75246, -0.01746
0.75387, -0.01745
0.75528, -0.01744
0.75668, -0.01743
0.75807, -0.01741
0.75947, -0.01740
0.76086, -0.01738
0.76225, -0.01735
0.76363, -0.01733
0.76501, -0.01731
0.76639, -0.01728
0.76776, -0.01725
0.76913, -0.01722
0.77049, -0.01718
0.77186, -0.01715
0.77322, -0.01711
0.77457, -0.01707
0.77592, -0.01703
0.77727, -0.01699
0.77862, -0.01694
0.77996, -0.01690
0.78130, -0.01685
0.78263, -0.01680
0.78396, -0.01675
0.78529, -0.01670
0.78661, -0.01664
0.78793, -0.01659
0.78925, -0.01653
0.79056, -0.01647
0.79187, -0.01641
0.79317, -0.01635
0.79448, -0.01629
0.79578, -0.01623
0.79707, -0.01616
0.79836, -0.01610
0.79965, -0.01603
0.80093, -0.01596
0.80221, -0.01589
0.80349, -0.01582
0.80476, -0.01575
0.80603, -0.01567
0.80730, -0.01560
0.80856, -0.01552
0.80982, -0.01545
0.81107, -0.01537
0.81232, -0.01529
0.81357, -0.01521
0.81482, -0.01513
0.81606, -0.01505
0.81729, -0.01497
0.81853, -0.01489
0.81975, -0.01480
0.82098, -0.01472
0.82220, -0.01463
0.82342, -0.01455
0.82463, -0.01446
0.82585, -0.01438
0.82705, -0.01429
0.82826, -0.01420
0.82946, -0.01411
0.83065, -0.01402
0.83184, -0.01393
0.83303, -0.01384
0.83422, -0.01375
0.83540, -0.01366
0.83658, -0.01356
0.83775, -0.01347
0.83892, -0.01338
0.84009, -0.01329
0.84125, -0.01319
0.84241, -0.01310
0.84356, -0.01300
0.84472, -0.01291
0.84586, -0.01281
0.84701, -0.01271
0.84815, -0.01262
0.84929, -0.01252
0.85042, -0.01242
0.85155, -0.01233
0.85267, -0.01223
0.85380, -0.01213
0.85491, -0.01203
0.85603, -0.01193
0.85714, -0.01184
0.85825, -0.01174
0.85935, -0.01164
0.86045, -0.01154
0.86154, -0.01144
0.86264, -0.01134
0.86372, -0.01124
0.86481, -0.01114
0.86589, -0.01104
0.86697, -0.01094
0.86804, -0.01084
0.86911, -0.01074
0.87017, -0.01064
0.87123, -0.01054
0.87229, -0.01044
0.87334, -0.01034
0.87439, -0.01024
0.87544, -0.01014
0.87648, -0.01004
0.87752, -0.00994
0.87855, -0.00983
0.87958, -0.00973
0.88061, -0.00963
0.88163, -0.00953
0.88265, -0.00943
0.88366, -0.00933
0.88467, -0.00923
0.88568, -0.00913
0.88668, -0.00903
0.88768, -0.00893
0.88867, -0.00883
0.88966, -0.00873
0.89065, -0.00863
0.89163, -0.00853
0.89261, -0.00843
0.89359, -0.00833
0.89456, -0.00823
0.89552, -0.00814
0.89649, -0.00804
0.89744, -0.00794
0.89840, -0.00784
0.89935, -0.00774
0.90030, -0.00764
0.90124, -0.00755
0.90218, -0.00745
0.90311, -0.00735
0.90404, -0.00725
0.90497, -0.00716
0.90589, -0.00706
0.90681, -0.00696
0.90772, -0.00687
0.90863, -0.00677
0.90953, -0.00668
0.91044, -0.00658
0.91133, -0.00649
0.91223, -0.00639
0.91312, -0.00630
0.91400, -0.00620
0.91488, -0.00611
0.91576, -0.00602
0.91663, -0.00592
0.91750, -0.00583
0.91836, -0.00574
0.91922, -0.00565
0.92008, -0.00556
0.92093, -0.00546
0.92177, -0.00537
0.92262, -0.00528
0.92346, -0.00519
0.92429, -0.00510
0.92512, -0.00501
0.92595, -0.00493
0.92677, -0.00484
0.92759, -0.00475
0.92840, -0.00466
0.92921, -0.00457
0.93001, -0.00449
0.93081, -0.00440
0.93161, -0.00432
0.93240, -0.00423
0.93319, -0.00414
0.93397, -0.00406
0.93475, -0.00398
0.93553, -0.00389
0.93630, -0.00381
0.93706, -0.00373
0.93782, -0.00364
0.93858, -0.00356
0.93933, -0.00348
0.94008, -0.00340
0.94083, -0.00332
0.94157, -0.00324
0.94230, -0.00316
0.94303, -0.00308
0.94376, -0.00300
0.94448, -0.00292
0.94520, -0.00284
0.94591, -0.00277
0.94662, -0.00269
0.94733, -0.00261
0.94803, -0.00254
0.94872, -0.00246
0.94941, -0.00239
0.95010, -0.00231
0.95078, -0.00224
0.95146, -0.00217
0.95213, -0.00209
0.95280, -0.00202
0.95347, -0.00195
0.95413, -0.00188
0.95478, -0.00181
0.95543, -0.00174
0.95608, -0.00167
0.95672, -0.00160
0.95736, -0.00153
0.95799, -0.00146
0.95862, -0.00139
0.95924, -0.00133
0.95986, -0.00126
0.96048, -0.00119
0.96109, -0.00113
0.96169, -0.00106
0.96229, -0.00100
0.96289, -0.00093
0.96348, -0.00087
0.96407, -0.00081
0.96465, -0.00075
0.96523, -0.00068
0.96581, -0.00062
0.96637, -0.00056
0.96694, -0.00050
0.96750, -0.00044
0.96805, -0.00038
0.96860, -0.00032
0.96915, -0.00027
0.96969, -0.00021
0.97023, -0.00015
0.97076, -0.00009
0.97129, -0.00004
0.97181, 0.00002
0.97233, 0.00007
0.97284, 0.00013
0.97335, 0.00018
0.97385, 0.00023
0.97435, 0.00029
0.97485, 0.00034
0.97534, 0.00039
0.97582, 0.00044
0.97630, 0.00049
0.97678, 0.00054
0.97725, 0.00059
0.97772, 0.00064
0.97818, 0.00069
0.97864, 0.00074
0.97909, 0.00079
0.97954, 0.00083
0.97998, 0.00088
0.98042, 0.00092
0.98085, 0.00097
0.98128, 0.00101
0.98170, 0.00106
0.98212, 0.00110
0.98254, 0.00115
0.98295, 0.00119
0.98335, 0.00123
0.98375, 0.00127
0.98414, 0.00131
0.98454, 0.00135
0.98492, 0.00139
0.98530, 0.00143
0.98568, 0.00147
0.98605, 0.00151
0.98641, 0.00155
0.98678, 0.00158
0.98713, 0.00162
0.98748, 0.00166
0.98783, 0.00169
0.98817, 0.00173
0.98851, 0.00176
0.98884, 0.00180
0.98917, 0.00183
0.98949, 0.00186
0.98981, 0.00190
0.99013, 0.00193
0.99043, 0.00196
0.99074, 0.00199
0.99104, 0.00202
0.99133, 0.00205
0.99162, 0.00208
0.99190, 0.00211
0.99218, 0.00214
0.99246, 0.00217
0.99272, 0.00219
0.99299, 0.00222
0.99325, 0.00225
0.99350, 0.00227
0.99375, 0.00230
0.99400, 0.00232
0.99424, 0.00235
0.99447, 0.00237
0.99470, 0.00239
0.99493, 0.00242
0.99515, 0.00244
0.99536, 0.00246
0.99557, 0.00248
0.99578, 0.00250
0.99598, 0.00252
0.99618, 0.00254
0.99637, 0.00256
0.99655, 0.00258
0.99673, 0.00260
0.99691, 0.00262
0.99708, 0.00263
0.99725, 0.00265
0.99741, 0.00267
0.99756, 0.00268
0.99772, 0.00270
0.99786, 0.00271
0.99800, 0.00273
0.99814, 0.00274
0.99827, 0.00275
0.99840, 0.00277
0.99852, 0.00278
0.99864, 0.00279
0.99875, 0.00280
0.99885, 0.00281
0.99896, 0.00282
0.99905, 0.00283
0.99914, 0.00284
0.99923, 0.00285
0.99931, 0.00286
0.99939, 0.00286
0.99946, 0.00287
0.99953, 0.00288
0.99959, 0.00288
0.99965, 0.00289
0.99970, 0.00290
0.99975, 0.00290
0.99979, 0.00290
0.99983, 0.00291
0.99986, 0.00291
0.99989, 0.00291
0.99991, 0.00292
0.99993, 0.00292
0.99994, 0.00292
0.99993, 0.00292
0.99993, 0.00292
