=== Airfoil Parameters ===
m = 0.02
p = 0.4
t = 0.12

=== Control Points ===
0.00000, -0.00212, -0.00212
0.06667, 0.00614, 0.00003
0.13333, 0.01296, 0.00185
0.20000, 0.01723, 0.00223
0.26667, 0.02007, 0.00230
0.66667, 0.01843, 0.00238
0.75000, 0.01525, 0.00206
0.83333, 0.01231, 0.00275
0.91667, 0.01058, 0.00541
1.00000, 0.00800, 0.00800

=== Upper Surface ===
0.00000, -0.00212
-0.00004, -0.00184
-0.00006, -0.00156
-0.00008, -0.00128
-0.00010, -0.00100
-0.00011, -0.00072
-0.00012, -0.00044
-0.00012, -0.00016
-0.00012, 0.00012
-0.00011, 0.00040
-0.00010, 0.00068
-0.00008, 0.00096
-0.00006, 0.00124
-0.00003, 0.00152
-0.00000, 0.00180
0.00004, 0.00208
0.00008, 0.00236
0.00013, 0.00265
0.00018, 0.00293
0.00024, 0.00321
0.00030, 0.00349
0.00037, 0.00378
0.00044, 0.00406
0.00051, 0.00434
0.00060, 0.00463
0.00068, 0.00491
0.00078, 0.00519
0.00087, 0.00548
0.00098, 0.00576
0.00108, 0.00605
0.00119, 0.00633
0.00131, 0.00662
0.00143, 0.00690
0.00156, 0.00719
0.00169, 0.00747
0.00183, 0.00776
0.00197, 0.00805
0.00212, 0.00833
0.00227, 0.00862
0.00243, 0.00891
0.00259, 0.00919
0.00275, 0.00948
0.00293, 0.00977
0.00310, 0.01005
0.00328, 0.01034
0.00347, 0.01063
0.00366, 0.01092
0.00386, 0.01121
0.00406, 0.01150
0.00426, 0.01178
0.00448, 0.01207
0.00469, 0.01236
0.00491, 0.01265
0.00514, 0.01294
0.00537, 0.01323
0.00560, 0.01352
0.00585, 0.01381
0.00609, 0.01410
0.00634, 0.01439
0.00660, 0.01468
0.00686, 0.01497
0.00712, 0.01526
0.00739, 0.01555
0.00767, 0.01584
0.00795, 0.01614
0.00823, 0.01643
0.00852, 0.01672
0.00882, 0.01701
0.00912, 0.01730
0.00942, 0.01759
0.00973, 0.01789
0.01005, 0.01818
0.01036, 0.01847
0.01069, 0.01876
0.01102, 0.01906
0.01135, 0.01935
0.01169, 0.01964
0.01203, 0.01993
0.01238, 0.02023
0.01274, 0.02052
0.01310, 0.02081
0.01346, 0.02111
0.01383, 0.02140
0.01420, 0.02169
0.01458, 0.02199
0.01496, 0.02228
0.01535, 0.02257
0.01574, 0.02287
0.01614, 0.02316
0.01654, 0.02346
0.01695, 0.02375
0.01736, 0.02404
0.01778, 0.02434
0.01820, 0.02463
0.01862, 0.02493
0.01905, 0.02522
0.01949, 0.02552
0.01993, 0.02581
0.02038, 0.02610
0.02083, 0.02640
0.02128, 0.02669
0.02174, 0.02699
0.02221, 0.02728
0.02268, 0.02758
0.02315, 0.02787
0.02363, 0.02817
0.02412, 0.02846
0.02461, 0.02875
0.02510, 0.02905
0.02560, 0.02934
0.02610, 0.02964
0.02661, 0.02993
0.02713, 0.03023
0.02764, 0.03052
0.02817, 0.03082
0.02870, 0.03111
0.02923, 0.03140
0.02977, 0.03170
0.03031, 0.03199
0.03085, 0.03229
0.03141, 0.03258
0.03196, 0.03287
0.03252, 0.03317
0.03309, 0.03346
0.03366, 0.03376
0.03424, 0.03405
0.03482, 0.03434
0.03540, 0.03464
0.03599, 0.03493
0.03659, 0.03522
0.03719, 0.03552
0.03779, 0.03581
0.03840, 0.03610
0.03901, 0.03639
0.03963, 0.03669
0.04026, 0.03698
0.04088, 0.03727
0.04152, 0.03756
0.04215, 0.03785
0.04280, 0.03814
0.04344, 0.03844
0.04409, 0.03873
0.04475, 0.03902
0.04541, 0.03931
0.04608, 0.03960
0.04675, 0.03989
0.04742, 0.04018
0.04810, 0.04047
0.04879, 0.04076
0.04948, 0.04105
0.05017, 0.04134
0.05087, 0.04162
0.05158, 0.04191
0.05228, 0.04220
0.05300, 0.04249
0.05372, 0.04277
0.05444, 0.04306
0.05517, 0.04335
0.05590, 0.04363
0.05663, 0.04392
0.05738, 0.04421
0.05812, 0.04449
0.05887, 0.04478
0.05963, 0.04506
0.06039, 0.04534
0.06115, 0.04563
0.06192, 0.04591
0.06270, 0.04619
0.06347, 0.04648
0.06426, 0.04676
0.06505, 0.04704
0.06584, 0.04732
0.06664, 0.04760
0.06744, 0.04788
0.06824, 0.04816
0.06906, 0.04844
0.06987, 0.04872
0.07069, 0.04900
0.07152, 0.04927
0.07235, 0.04955
0.07318, 0.04983
0.07402, 0.05010
0.07486, 0.05038
0.07571, 0.05065
0.07657, 0.05093
0.07742, 0.05120
0.07829, 0.05147
0.07915, 0.05174
0.08002, 0.05202
0.08090, 0.05229
0.08178, 0.05256
0.08267, 0.05283
0.08356, 0.05310
0.08445, 0.05336
0.08535, 0.05363
0.08625, 0.05390
0.08716, 0.05416
0.08807, 0.05443
0.08899, 0.05469
0.08991, 0.05495
0.09084, 0.05522
0.09177, 0.05548
0.09271, 0.05574
0.09365, 0.05600
0.09459, 0.05626
0.09554, 0.05652
0.09649, 0.05678
0.09745, 0.05703
0.09841, 0.05729
0.09938, 0.05754
0.10035, 0.05780
0.10133, 0.05805
0.10231, 0.05830
0.10330, 0.05855
0.10429, 0.05880
0.10528, 0.05905
0.10628, 0.05930
0.10728, 0.05954
0.10829, 0.05979
0.10930, 0.06003
0.11032, 0.06028
0.11134, 0.06052
0.11237, 0.06076
0.11340, 0.06100
0.11443, 0.06124
0.11547, 0.06148
0.11652, 0.06171
0.11756, 0.06195
0.11862, 0.06218
0.11967, 0.06241
0.12073, 0.06265
0.12180, 0.06288
0.12287, 0.06310
0.12395, 0.06333
0.12502, 0.06356
0.12611, 0.06378
0.12720, 0.06401
0.12829, 0.06423
0.12938, 0.06445
0.13048, 0.06467
0.13159, 0.06488
0.13270, 0.06510
0.13381, 0.06531
0.13492, 0.06553
0.13604, 0.06574
0.13716, 0.06595
0.13829, 0.06616
0.13942, 0.06636
0.14055, 0.06657
0.14168, 0.06677
0.14282, 0.06697
0.14397, 0.06718
0.14511, 0.06737
0.14626, 0.06757
0.14741, 0.06777
0.14857, 0.06796
0.14973, 0.06816
0.15089, 0.06835
0.15205, 0.06854
0.15322, 0.06873
0.15440, 0.06891
0.15557, 0.06910
0.15675, 0.06928
0.15793, 0.06947
0.15911, 0.06965
0.16030, 0.06983
0.16149, 0.07000
0.16269, 0.07018
0.16388, 0.07036
0.16508, 0.07053
0.16628, 0.07070
0.16749, 0.07087
0.16870, 0.07104
0.16991, 0.07121
0.17112, 0.07138
0.17234, 0.07154
0.17356, 0.07170
0.17478, 0.07187
0.17601, 0.07203
0.17724, 0.07219
0.17847, 0.07234
0.17970, 0.07250
0.18094, 0.07265
0.18218, 0.07281
0.18342, 0.07296
0.18467, 0.07311
0.18592, 0.07326
0.18717, 0.07341
0.18842, 0.07356
0.18967, 0.07370
0.19093, 0.07384
0.19219, 0.07399
0.19346, 0.07413
0.19472, 0.07427
0.19599, 0.07441
0.19726, 0.07455
0.19853, 0.07468
0.19981, 0.07482
0.20109, 0.07495
0.20237, 0.07508
0.20366, 0.07521
0.20495, 0.07534
0.20624, 0.07547
0.20753, 0.07560
0.20883, 0.07573
0.21013, 0.07585
0.21143, 0.07598
0.21274, 0.07610
0.21405, 0.07622
0.21536, 0.07634
0.21668, 0.07646
0.21800, 0.07658
0.21932, 0.07669
0.22064, 0.07681
0.22197, 0.07692
0.22330, 0.07703
0.22463, 0.07714
0.22597, 0.07725
0.22730, 0.07736
0.22864, 0.07747
0.22999, 0.07757
0.23133, 0.07768
0.23268, 0.07778
0.23404, 0.07788
0.23539, 0.07798
0.23675, 0.07808
0.23811, 0.07818
0.23947, 0.07828
0.24083, 0.07837
0.24220, 0.07847
0.24357, 0.07856
0.24495, 0.07865
0.24632, 0.07874
0.24770, 0.07883
0.24908, 0.07892
0.25046, 0.07900
0.25185, 0.07909
0.25324, 0.07917
0.25463, 0.07925
0.25602, 0.07933
0.25742, 0.07941
0.25882, 0.07949
0.26022, 0.07956
0.26162, 0.07964
0.26302, 0.07971
0.26443, 0.07979
0.26584, 0.07986
0.26726, 0.07993
0.26867, 0.07999
0.27009, 0.08006
0.27151, 0.08013
0.27293, 0.08019
0.27435, 0.08025
0.27578, 0.08032
0.27721, 0.08038
0.27864, 0.08043
0.28007, 0.08049
0.28151, 0.08055
0.28294, 0.08060
0.28438, 0.08066
0.28583, 0.08071
0.28727, 0.08076
0.28872, 0.08081
0.29016, 0.08086
0.29161, 0.08090
0.29307, 0.08095
0.29452, 0.08099
0.29598, 0.08103
0.29743, 0.08108
0.29890, 0.08111
0.30036, 0.08115
0.30182, 0.08119
0.30329, 0.08123
0.30476, 0.08126
0.30623, 0.08129
0.30770, 0.08132
0.30917, 0.08135
0.31065, 0.08138
0.31212, 0.08141
0.31360, 0.08144
0.31509, 0.08146
0.31657, 0.08149
0.31805, 0.08151
0.31954, 0.08153
0.32103, 0.08155
0.32252, 0.08157
0.32401, 0.08158
0.32550, 0.08160
0.32700, 0.08161
0.32850, 0.08163
0.33000, 0.08164
0.33150, 0.08165
0.33300, 0.08166
0.33450, 0.08166
0.33601, 0.08167
0.33751, 0.08167
0.33902, 0.08168
0.34053, 0.08168
0.34204, 0.08168
0.34356, 0.08168
0.34507, 0.08168
0.34659, 0.08167
0.34810, 0.08167
0.34962, 0.08166
0.35114, 0.08166
0.35267, 0.08165
0.35419, 0.08164
0.35571, 0.08163
0.35724, 0.08162
0.35877, 0.08160
0.36030, 0.08159
0.36183, 0.08157
0.36336, 0.08155
0.36489, 0.08153
0.36642, 0.08151
0.36796, 0.08149
0.36950, 0.08147
0.37103, 0.08145
0.37257, 0.08142
0.37411, 0.08139
0.37566, 0.08137
0.37720, 0.08134
0.37874, 0.08131
0.38029, 0.08128
0.38183, 0.08124
0.38338, 0.08121
0.38493, 0.08117
0.38648, 0.08114
0.38803, 0.08110
0.38958, 0.08106
0.39113, 0.08102
0.39269, 0.08098
0.39424, 0.08093
0.39580, 0.08089
0.39735, 0.08084
0.39891, 0.08080
0.40047, 0.08075
0.40203, 0.08070
0.40359, 0.08065
0.40515, 0.08060
0.40671, 0.08055
0.40827, 0.08049
0.40984, 0.08044
0.41140, 0.08038
0.41297, 0.08032
0.41453, 0.08027
0.41610, 0.08021
0.41767, 0.08014
0.41924, 0.08008
0.42081, 0.08002
0.42237, 0.07995
0.42395, 0.07989
0.42552, 0.07982
0.42709, 0.07975
0.42866, 0.07968
0.43023, 0.07961
0.43181, 0.07954
0.43338, 0.07947
0.43496, 0.07940
0.43653, 0.07932
0.43811, 0.07924
0.43969, 0.07917
0.44126, 0.07909
0.44284, 0.07901
0.44442, 0.07893
0.44600, 0.07885
0.44758, 0.07876
0.44915, 0.07868
0.45073, 0.07859
0.45231, 0.07851
0.45390, 0.07842
0.45548, 0.07833
0.45706, 0.07824
0.45864, 0.07815
0.46022, 0.07806
0.46180, 0.07797
0.46339, 0.07788
0.46497, 0.07778
0.46655, 0.07768
0.46814, 0.07759
0.46972, 0.07749
0.47130, 0.07739
0.47289, 0.07729
0.47447, 0.07719
0.47606, 0.07709
0.47764, 0.07698
0.47923, 0.07688
0.48081, 0.07678
0.48240, 0.07667
0.48398, 0.07656
0.48557, 0.07645
0.48715, 0.07634
0.48874, 0.07623
0.49032, 0.07612
0.49191, 0.07601
0.49349, 0.07590
0.49508, 0.07578
0.49666, 0.07567
0.49825, 0.07555
0.49983, 0.07544
0.50142, 0.07532
0.50300, 0.07520
0.50459, 0.07508
0.50617, 0.07496
0.50775, 0.07484
0.50934, 0.07471
0.51092, 0.07459
0.51251, 0.07447
0.51409, 0.07434
0.51567, 0.07421
0.51726, 0.07409
0.51884, 0.07396
0.52042, 0.07383
0.52200, 0.07370
0.52359, 0.07357
0.52517, 0.07344
0.52675, 0.07331
0.52833, 0.07317
0.52991, 0.07304
0.53149, 0.07290
0.53307, 0.07277
0.53465, 0.07263
0.53623, 0.07249
0.53781, 0.07235
0.53939, 0.07222
0.54096, 0.07208
0.54254, 0.07193
0.54412, 0.07179
0.54569, 0.07165
0.54727, 0.07151
0.54884, 0.07136
0.55042, 0.07122
0.55199, 0.07107
0.55356, 0.07093
0.55514, 0.07078
0.55671, 0.07063
0.55828, 0.07048
0.55985, 0.07033
0.56142, 0.07018
0.56299, 0.07003
0.56456, 0.06988
0.56613, 0.06973
0.56769, 0.06957
0.56926, 0.06942
0.57082, 0.06926
0.57239, 0.06911
0.57395, 0.06895
0.57552, 0.06880
0.57708, 0.06864
0.57864, 0.06848
0.58020, 0.06832
0.58176, 0.06816
0.58332, 0.06800
0.58488, 0.06784
0.58643, 0.06768
0.58799, 0.06752
0.58954, 0.06735
0.59110, 0.06719
0.59265, 0.06703
0.59420, 0.06686
0.59575, 0.06670
0.59730, 0.06653
0.59885, 0.06636
0.60040, 0.06620
0.60195, 0.06603
0.60349, 0.06586
0.60504, 0.06569
0.60658, 0.06552
0.60812, 0.06535
0.60966, 0.06518
0.61120, 0.06501
0.61274, 0.06484
0.61428, 0.06466
0.61581, 0.06449
0.61735, 0.06432
0.61888, 0.06414
0.62042, 0.06397
0.62195, 0.06379
0.62348, 0.06362
0.62501, 0.06344
0.62653, 0.06326
0.62806, 0.06309
0.62958, 0.06291
0.63111, 0.06273
0.63263, 0.06255
0.63415, 0.06237
0.63567, 0.06219
0.63719, 0.06201
0.63870, 0.06183
0.64022, 0.06165
0.64173, 0.06147
0.64324, 0.06128
0.64475, 0.06110
0.64626, 0.06092
0.64777, 0.06073
0.64928, 0.06055
0.65078, 0.06037
0.65228, 0.06018
0.65378, 0.06000
0.65528, 0.05981
0.65678, 0.05962
0.65828, 0.05944
0.65977, 0.05925
0.66126, 0.05906
0.66276, 0.05888
0.66425, 0.05869
0.66573, 0.05850
0.66722, 0.05831
0.66870, 0.05812
0.67019, 0.05793
0.67167, 0.05774
0.67315, 0.05755
0.67462, 0.05736
0.67610, 0.05717
0.67757, 0.05698
0.67904, 0.05679
0.68051, 0.05660
0.68198, 0.05640
0.68345, 0.05621
0.68491, 0.05602
0.68637, 0.05583
0.68783, 0.05563
0.68929, 0.05544
0.69074, 0.05525
0.69220, 0.05505
0.69365, 0.05486
0.69510, 0.05467
0.69654, 0.05447
0.69799, 0.05428
0.69943, 0.05408
0.70087, 0.05389
0.70231, 0.05369
0.70375, 0.05350
0.70518, 0.05330
0.70662, 0.05311
0.70805, 0.05291
0.70948, 0.05271
0.71090, 0.05252
0.71233, 0.05232
0.71375, 0.05213
0.71517, 0.05193
0.71658, 0.05173
0.71800, 0.05154
0.71941, 0.05134
0.72082, 0.05115
0.72223, 0.05095
0.72363, 0.05075
0.72504, 0.05056
0.72644, 0.05036
0.72784, 0.05016
0.72923, 0.04997
0.73063, 0.04977
0.73202, 0.04958
0.73341, 0.04938
0.73480, 0.04918
0.73618, 0.04899
0.73756, 0.04879
0.73894, 0.04859
0.74032, 0.04840
0.74169, 0.04820
0.74307, 0.04801
0.74444, 0.04781
0.74580, 0.04761
0.74717, 0.04742
0.74853, 0.04722
0.74989, 0.04703
0.75125, 0.04683
0.75260, 0.04664
0.75395, 0.04644
0.75530, 0.04625
0.75665, 0.04605
0.75799, 0.04586
0.75933, 0.04566
0.76067, 0.04547
0.76201, 0.04527
0.76334, 0.04508
0.76467, 0.04489
0.76600, 0.04469
0.76732, 0.04450
0.76864, 0.04431
0.76996, 0.04411
0.77128, 0.04392
0.77259, 0.04373
0.77390, 0.04354
0.77521, 0.04335
0.77652, 0.04315
0.77782, 0.04296
0.77912, 0.04277
0.78041, 0.04258
0.78171, 0.04239
0.78300, 0.04220
0.78428, 0.04201
0.78557, 0.04183
0.78685, 0.04164
0.78813, 0.04145
0.78941, 0.04126
0.79068, 0.04108
0.79195, 0.04089
0.79322, 0.04070
0.79448, 0.04052
0.79574, 0.04033
0.79700, 0.04015
0.79825, 0.03996
0.79951, 0.03978
0.80076, 0.03960
0.80200, 0.03941
0.80324, 0.03923
0.80448, 0.03905
0.80572, 0.03887
0.80696, 0.03869
0.80819, 0.03851
0.80941, 0.03833
0.81064, 0.03815
0.81186, 0.03797
0.81308, 0.03779
0.81429, 0.03761
0.81551, 0.03744
0.81671, 0.03726
0.81792, 0.03709
0.81912, 0.03691
0.82032, 0.03674
0.82152, 0.03656
0.82271, 0.03639
0.82390, 0.03622
0.82509, 0.03605
0.82627, 0.03587
0.82745, 0.03570
0.82863, 0.03553
0.82980, 0.03537
0.83097, 0.03520
0.83214, 0.03503
0.83331, 0.03486
0.83447, 0.03469
0.83563, 0.03453
0.83678, 0.03436
0.83793, 0.03420
0.83908, 0.03403
0.84023, 0.03387
0.84137, 0.03371
0.84251, 0.03355
0.84364, 0.03339
0.84478, 0.03322
0.84591, 0.03306
0.84703, 0.03290
0.84816, 0.03275
0.84928, 0.03259
0.85039, 0.03243
0.85151, 0.03227
0.85262, 0.03212
0.85372, 0.03196
0.85483, 0.03180
0.85593, 0.03165
0.85703, 0.03149
0.85812, 0.03134
0.85921, 0.03119
0.86030, 0.03103
0.86138, 0.03088
0.86246, 0.03073
0.86354, 0.03058
0.86461, 0.03043
0.86568, 0.03028
0.86675, 0.03013
0.86781, 0.02998
0.86887, 0.02983
0.86993, 0.02968
0.87098, 0.02953
0.87203, 0.02938
0.87308, 0.02924
0.87412, 0.02909
0.87516, 0.02894
0.87619, 0.02880
0.87722, 0.02865
0.87825, 0.02851
0.87927, 0.02836
0.88029, 0.02822
0.88131, 0.02808
0.88232, 0.02793
0.88333, 0.02779
0.88434, 0.02765
0.88534, 0.02751
0.88634, 0.02737
0.88733, 0.02722
0.88833, 0.02708
0.88931, 0.02694
0.89030, 0.02680
0.89128, 0.02667
0.89225, 0.02653
0.89322, 0.02639
0.89419, 0.02625
0.89516, 0.02611
0.89612, 0.02598
0.89707, 0.02584
0.89803, 0.02570
0.89898, 0.02557
0.89992, 0.02543
0.90086, 0.02530
0.90180, 0.02516
0.90273, 0.02503
0.90366, 0.02489
0.90459, 0.02476
0.90551, 0.02463
0.90643, 0.02449
0.90734, 0.02436
0.90825, 0.02423
0.90916, 0.02410
0.91006, 0.02397
0.91096, 0.02384
0.91185, 0.02371
0.91274, 0.02358
0.91363, 0.02345
0.91451, 0.02332
0.91538, 0.02319
0.91626, 0.02306
0.91713, 0.02293
0.91799, 0.02280
0.91885, 0.02268
0.91971, 0.02255
0.92056, 0.02242
0.92141, 0.02230
0.92226, 0.02217
0.92310, 0.02205
0.92393, 0.02192
0.92477, 0.02180
0.92559, 0.02168
0.92642, 0.02155
0.92724, 0.02143
0.92805, 0.02131
0.92886, 0.02118
0.92967, 0.02106
0.93047, 0.02094
0.93127, 0.02082
0.93206, 0.02070
0.93285, 0.02058
0.93364, 0.02046
0.93442, 0.02034
0.93520, 0.02022
0.93597, 0.02010
0.93674, 0.01998
0.93750, 0.01987
0.93826, 0.01975
0.93902, 0.01963
0.93977, 0.01952
0.94052, 0.01940
0.94126, 0.01929
0.94200, 0.01917
0.94273, 0.01906
0.94346, 0.01894
0.94418, 0.01883
0.94490, 0.01872
0.94562, 0.01860
0.94633, 0.01849
0.94704, 0.01838
0.94774, 0.01827
0.94844, 0.01816
0.94913, 0.01805
0.94982, 0.01794
0.95051, 0.01783
0.95119, 0.01772
0.95186, 0.01761
0.95253, 0.01751
0.95320, 0.01740
0.95386, 0.01729
0.95452, 0.01719
0.95518, 0.01708
0.95582, 0.01698
0.95647, 0.01687
0.95711, 0.01677
0.95774, 0.01667
0.95837, 0.01656
0.95900, 0.01646
0.95962, 0.01636
0.96024, 0.01626
0.96085, 0.01616
0.96146, 0.01606
0.96206, 0.01596
0.96266, 0.01586
0.96326, 0.01576
0.96385, 0.01566
0.96443, 0.01556
0.96501, 0.01547
0.96559, 0.01537
0.96616, 0.01528
0.96673, 0.01518
0.96729, 0.01509
0.96785, 0.01499
0.96840, 0.01490
0.96895, 0.01481
0.96949, 0.01472
0.97003, 0.01463
0.97056, 0.01454
0.97109, 0.01445
0.97162, 0.01436
0.97214, 0.01427
0.97265, 0.01418
0.97316, 0.01409
0.97367, 0.01401
0.97417, 0.01392
0.97467, 0.01383
0.97516, 0.01375
0.97565, 0.01367
0.97613, 0.01358
0.97661, 0.01350
0.97708, 0.01342
0.97755, 0.01334
0.97801, 0.01326
0.97847, 0.01318
0.97893, 0.01310
0.97937, 0.01302
0.97982, 0.01294
0.98026, 0.01286
0.98069, 0.01279
0.98113, 0.01271
0.98155, 0.01264
0.98197, 0.01256
0.98239, 0.01249
0.98280, 0.01241
0.98321, 0.01234
0.98361, 0.01227
0.98401, 0.01220
0.98440, 0.01213
0.98478, 0.01206
0.98517, 0.01199
0.98555, 0.01193
0.98592, 0.01186
0.98629, 0.01179
0.98665, 0.01173
0.98701, 0.01166
0.98736, 0.01160
0.98771, 0.01154
0.98806, 0.01148
0.98840, 0.01141
0.98873, 0.01135
0.98906, 0.01129
0.98939, 0.01123
0.98971, 0.01118
0.99002, 0.01112
0.99033, 0.01106
0.99064, 0.01101
0.99094, 0.01095
0.99123, 0.01090
0.99152, 0.01085
0.99181, 0.01079
0.99209, 0.01074
0.99237, 0.01069
0.99264, 0.01064
0.99291, 0.01059
0.99317, 0.01054
0.99343, 0.01050
0.99368, 0.01045
0.99393, 0.01040
0.99417, 0.01036
0.99441, 0.01032
0.99464, 0.01027
0.99487, 0.01023
0.99509, 0.01019
0.99531, 0.01015
0.99552, 0.01011
0.99573, 0.01007
0.99593, 0.01003
0.99613, 0.01000
0.99633, 0.00996
0.99651, 0.00992
0.99670, 0.00989
0.99688, 0.00986
0.99705, 0.00982
0.99722, 0.00979
0.99739, 0.00976
0.99755, 0.00973
0.99770, 0.00970
0.99785, 0.00967
0.99799, 0.00965
0.99813, 0.00962
0.99827, 0.00960
0.99840, 0.00957
0.99852, 0.00955
0.99864, 0.00953
0.99876, 0.00950
0.99887, 0.00948
0.99898, 0.00946
0.99908, 0.00944
0.99917, 0.00943
0.99926, 0.00941
0.99935, 0.00939
0.99943, 0.00938
0.99951, 0.00936
0.99958, 0.00935
0.99964, 0.00934
0.99971, 0.00933
0.99976, 0.00932
0.99981, 0.00931
0.99986, 0.00930
0.99990, 0.00929
0.99994, 0.00928
0.99997, 0.00928
1.00000, 0.00927
1.00002, 0.00927
1.00004, 0.00926
1.00005, 0.00926
1.00008, 0.00926
1.00009, 0.00926

=== Lower Surface ===
0.00000, -0.00212
0.00005, -0.00239
0.00008, -0.00267
0.00013, -0.00294
0.00018, -0.00322
0.00024, -0.00349
0.00030, -0.00376
0.00036, -0.00404
0.00044, -0.00431
0.00051, -0.00458
0.00059, -0.00484
0.00068, -0.00511
0.00077, -0.00538
0.00087, -0.00564
0.00097, -0.00591
0.00108, -0.00617
0.00119, -0.00643
0.00130, -0.00670
0.00142, -0.00696
0.00155, -0.00721
0.00168, -0.00747
0.00181, -0.00773
0.00195, -0.00799
0.00210, -0.00824
0.00225, -0.00850
0.00240, -0.00875
0.00256, -0.00900
0.00273, -0.00925
0.00290, -0.00950
0.00307, -0.00975
0.00325, -0.01000
0.00344, -0.01025
0.00363, -0.01049
0.00382, -0.01074
0.00402, -0.01098
0.00422, -0.01123
0.00443, -0.01147
0.00464, -0.01171
0.00486, -0.01195
0.00509, -0.01219
0.00531, -0.01243
0.00555, -0.01266
0.00578, -0.01290
0.00603, -0.01313
0.00627, -0.01337
0.00653, -0.01360
0.00678, -0.01383
0.00705, -0.01406
0.00731, -0.01429
0.00758, -0.01452
0.00786, -0.01475
0.00814, -0.01497
0.00843, -0.01520
0.00872, -0.01542
0.00902, -0.01565
0.00932, -0.01587
0.00962, -0.01609
0.00993, -0.01631
0.01025, -0.01653
0.01057, -0.01675
0.01089, -0.01696
0.01122, -0.01718
0.01155, -0.01739
0.01189, -0.01761
0.01224, -0.01782
0.01259, -0.01803
0.01294, -0.01824
0.01330, -0.01845
0.01366, -0.01866
0.01403, -0.01886
0.01440, -0.01907
0.01478, -0.01928
0.01516, -0.01948
0.01555, -0.01968
0.01594, -0.01988
0.01633, -0.02008
0.01673, -0.02028
0.01714, -0.02048
0.01755, -0.02068
0.01796, -0.02087
0.01838, -0.02107
0.01881, -0.02126
0.01924, -0.02146
0.01967, -0.02165
0.02011, -0.02184
0.02055, -0.02203
0.02100, -0.02222
0.02145, -0.02240
0.02191, -0.02259
0.02237, -0.02277
0.02284, -0.02296
0.02331, -0.02314
0.02379, -0.02332
0.02427, -0.02350
0.02475, -0.02368
0.02524, -0.02386
0.02573, -0.02404
0.02623, -0.02421
0.02674, -0.02439
0.02724, -0.02456
0.02776, -0.02473
0.02827, -0.02491
0.02880, -0.02508
0.02932, -0.02525
0.02985, -0.02541
0.03039, -0.02558
0.03093, -0.02575
0.03147, -0.02591
0.03202, -0.02608
0.03257, -0.02624
0.03313, -0.02640
0.03369, -0.02656
0.03426, -0.02672
0.03483, -0.02688
0.03541, -0.02703
0.03599, -0.02719
0.03657, -0.02734
0.03716, -0.02750
0.03776, -0.02765
0.03835, -0.02780
0.03896, -0.02795
0.03956, -0.02810
0.04017, -0.02825
0.04079, -0.02839
0.04141, -0.02854
0.04203, -0.02868
0.04266, -0.02883
0.04330, -0.02897
0.04393, -0.02911
0.04458, -0.02925
0.04522, -0.02939
0.04587, -0.02952
0.04653, -0.02966
0.04719, -0.02980
0.04785, -0.02993
0.04852, -0.03006
0.04919, -0.03020
0.04986, -0.03033
0.05054, -0.03046
0.05123, -0.03058
0.05192, -0.03071
0.05261, -0.03084
0.05331, -0.03096
0.05401, -0.03109
0.05471, -0.03121
0.05542, -0.03133
0.05614, -0.03145
0.05686, -0.03157
0.05758, -0.03169
0.05830, -0.03181
0.05903, -0.03193
0.05977, -0.03204
0.06051, -0.03215
0.06125, -0.03227
0.06200, -0.03238
0.06275, -0.03249
0.06350, -0.03260
0.06426, -0.03271
0.06502, -0.03282
0.06579, -0.03292
0.06656, -0.03303
0.06733, -0.03313
0.06811, -0.03324
0.06890, -0.03334
0.06968, -0.03344
0.07047, -0.03354
0.07127, -0.03364
0.07207, -0.03374
0.07287, -0.03384
0.07367, -0.03393
0.07448, -0.03403
0.07530, -0.03412
0.07612, -0.03422
0.07694, -0.03431
0.07776, -0.03440
0.07859, -0.03449
0.07942, -0.03458
0.08026, -0.03467
0.08110, -0.03475
0.08195, -0.03484
0.08279, -0.03492
0.08365, -0.03501
0.08450, -0.03509
0.08536, -0.03517
0.08622, -0.03526
0.08709, -0.03534
0.08796, -0.03542
0.08883, -0.03549
0.08971, -0.03557
0.09059, -0.03565
0.09147, -0.03573
0.09236, -0.03580
0.09325, -0.03587
0.09415, -0.03595
0.09505, -0.03602
0.09595, -0.03609
0.09686, -0.03616
0.09776, -0.03623
0.09868, -0.03630
0.09959, -0.03637
0.10051, -0.03644
0.10144, -0.03650
0.10236, -0.03657
0.10329, -0.03663
0.10423, -0.03670
0.10516, -0.03676
0.10610, -0.03682
0.10705, -0.03689
0.10799, -0.03695
0.10894, -0.03701
0.10990, -0.03707
0.11085, -0.03712
0.11181, -0.03718
0.11278, -0.03724
0.11374, -0.03730
0.11471, -0.03735
0.11568, -0.03741
0.11666, -0.03746
0.11764, -0.03752
0.11862, -0.03757
0.11961, -0.03762
0.12060, -0.03768
0.12159, -0.03773
0.12258, -0.03778
0.12358, -0.03783
0.12458, -0.03788
0.12559, -0.03793
0.12659, -0.03798
0.12760, -0.03802
0.12862, -0.03807
0.12963, -0.03812
0.13065, -0.03817
0.13167, -0.03821
0.13270, -0.03826
0.13373, -0.03830
0.13476, -0.03835
0.13579, -0.03839
0.13683, -0.03844
0.13787, -0.03848
0.13891, -0.03852
0.13996, -0.03856
0.14101, -0.03861
0.14206, -0.03865
0.14312, -0.03869
0.14418, -0.03873
0.14525, -0.03877
0.14632, -0.03881
0.14739, -0.03885
0.14846, -0.03889
0.14954, -0.03893
0.15063, -0.03896
0.15171, -0.03900
0.15280, -0.03904
0.15390, -0.03907
0.15499, -0.03911
0.15609, -0.03915
0.15720, -0.03918
0.15831, -0.03921
0.15942, -0.03925
0.16053, -0.03928
0.16165, -0.03931
0.16278, -0.03935
0.16390, -0.03938
0.16503, -0.03941
0.16617, -0.03944
0.16730, -0.03947
0.16844, -0.03950
0.16959, -0.03953
0.17073, -0.03956
0.17189, -0.03958
0.17304, -0.03961
0.17420, -0.03964
0.17536, -0.03966
0.17653, -0.03969
0.17770, -0.03971
0.17887, -0.03974
0.18004, -0.03976
0.18122, -0.03978
0.18241, -0.03981
0.18359, -0.03983
0.18478, -0.03985
0.18598, -0.03987
0.18718, -0.03989
0.18838, -0.03991
0.18958, -0.03993
0.19079, -0.03994
0.19200, -0.03996
0.19322, -0.03998
0.19443, -0.03999
0.19566, -0.04001
0.19688, -0.04002
0.19811, -0.04003
0.19934, -0.04005
0.20058, -0.04006
0.20182, -0.04007
0.20306, -0.04008
0.20431, -0.04009
0.20556, -0.04009
0.20681, -0.04010
0.20806, -0.04011
0.20932, -0.04012
0.21058, -0.04012
0.21184, -0.04013
0.21311, -0.04013
0.21438, -0.04013
0.21565, -0.04013
0.21692, -0.04014
0.21820, -0.04014
0.21948, -0.04014
0.22076, -0.04014
0.22204, -0.04013
0.22333, -0.04013
0.22462, -0.04013
0.22591, -0.04013
0.22721, -0.04012
0.22851, -0.04012
0.22981, -0.04011
0.23111, -0.04010
0.23242, -0.04010
0.23372, -0.04009
0.23503, -0.04008
0.23635, -0.04007
0.23766, -0.04006
0.23898, -0.04005
0.24030, -0.04004
0.24163, -0.04003
0.24295, -0.04002
0.24428, -0.04000
0.24561, -0.03999
0.24694, -0.03997
0.24828, -0.03996
0.24962, -0.03994
0.25096, -0.03992
0.25230, -0.03991
0.25365, -0.03989
0.25499, -0.03987
0.25634, -0.03985
0.25770, -0.03983
0.25905, -0.03981
0.26041, -0.03979
0.26177, -0.03977
0.26313, -0.03975
0.26449, -0.03972
0.26586, -0.03970
0.26723, -0.03967
0.26860, -0.03965
0.26997, -0.03962
0.27134, -0.03960
0.27272, -0.03957
0.27410, -0.03954
0.27548, -0.03952
0.27687, -0.03949
0.27825, -0.03946
0.27964, -0.03943
0.28103, -0.03940
0.28242, -0.03937
0.28382, -0.03934
0.28522, -0.03930
0.28661, -0.03927
0.28802, -0.03924
0.28942, -0.03920
0.29082, -0.03917
0.29223, -0.03913
0.29364, -0.03910
0.29505, -0.03906
0.29647, -0.03903
0.29788, -0.03899
0.29930, -0.03895
0.30072, -0.03891
0.30214, -0.03888
0.30356, -0.03884
0.30499, -0.03880
0.30642, -0.03876
0.30784, -0.03872
0.30928, -0.03867
0.31071, -0.03863
0.31214, -0.03859
0.31358, -0.03855
0.31502, -0.03850
0.31646, -0.03846
0.31790, -0.03842
0.31935, -0.03837
0.32079, -0.03833
0.32224, -0.03828
0.32369, -0.03823
0.32514, -0.03819
0.32659, -0.03814
0.32805, -0.03809
0.32950, -0.03804
0.33096, -0.03800
0.33242, -0.03795
0.33388, -0.03790
0.33535, -0.03785
0.33681, -0.03780
0.33828, -0.03775
0.33974, -0.03769
0.34121, -0.03764
0.34269, -0.03759
0.34416, -0.03754
0.34563, -0.03749
0.34711, -0.03743
0.34859, -0.03738
0.35007, -0.03732
0.35155, -0.03727
0.35303, -0.03721
0.35451, -0.03716
0.35600, -0.03710
0.35748, -0.03705
0.35897, -0.03699
0.36046, -0.03693
0.36195, -0.03687
0.36344, -0.03682
0.36494, -0.03676
0.36643, -0.03670
0.36793, -0.03664
0.36943, -0.03658
0.37092, -0.03652
0.37243, -0.03646
0.37393, -0.03640
0.37543, -0.03634
0.37693, -0.03628
0.37844, -0.03621
0.37995, -0.03615
0.38145, -0.03609
0.38296, -0.03603
0.38447, -0.03596
0.38599, -0.03590
0.38750, -0.03584
0.38901, -0.03577
0.39053, -0.03571
0.39204, -0.03564
0.39356, -0.03558
0.39508, -0.03551
0.39660, -0.03545
0.39812, -0.03538
0.39964, -0.03531
0.40117, -0.03525
0.40269, -0.03518
0.40421, -0.03511
0.40574, -0.03504
0.40727, -0.03498
0.40880, -0.03491
0.41032, -0.03484
0.41185, -0.03477
0.41338, -0.03470
0.41492, -0.03463
0.41645, -0.03456
0.41798, -0.03449
0.41952, -0.03442
0.42105, -0.03435
0.42259, -0.03428
0.42413, -0.03421
0.42566, -0.03414
0.42720, -0.03407
0.42874, -0.03399
0.43028, -0.03392
0.43182, -0.03385
0.43336, -0.03378
0.43491, -0.03370
0.43645, -0.03363
0.43799, -0.03356
0.43954, -0.03348
0.44108, -0.03341
0.44263, -0.03334
0.44418, -0.03326
0.44572, -0.03319
0.44727, -0.03311
0.44882, -0.03304
0.45037, -0.03296
0.45192, -0.03289
0.45347, -0.03281
0.45502, -0.03274
0.45657, -0.03266
0.45812, -0.03258
0.45967, -0.03251
0.46123, -0.03243
0.46278, -0.03235
0.46433, -0.03228
0.46589, -0.03220
0.46744, -0.03212
0.46900, -0.03204
0.47055, -0.03197
0.47211, -0.03189
0.47366, -0.03181
0.47522, -0.03173
0.47678, -0.03165
0.47833, -0.03157
0.47989, -0.03150
0.48145, -0.03142
0.48301, -0.03134
0.48456, -0.03126
0.48612, -0.03118
0.48768, -0.03110
0.48924, -0.03102
0.49080, -0.03094
0.49236, -0.03086
0.49392, -0.03078
0.49548, -0.03070
0.49704, -0.03062
0.49860, -0.03054
0.50016, -0.03046
0.50172, -0.03037
0.50328, -0.03029
0.50484, -0.03021
0.50640, -0.03013
0.50796, -0.03005
0.50952, -0.02997
0.51108, -0.02989
0.51264, -0.02980
0.51420, -0.02972
0.51576, -0.02964
0.51732, -0.02956
0.51888, -0.02948
0.52044, -0.02939
0.52200, -0.02931
0.52356, -0.02923
0.52512, -0.02915
0.52667, -0.02906
0.52823, -0.02898
0.52979, -0.02890
0.53135, -0.02881
0.53291, -0.02873
0.53447, -0.02865
0.53603, -0.02856
0.53758, -0.02848
0.53914, -0.02840
0.54070, -0.02831
0.54226, -0.02823
0.54381, -0.02814
0.54537, -0.02806
0.54692, -0.02798
0.54848, -0.02789
0.55003, -0.02781
0.55159, -0.02772
0.55314, -0.02764
0.55470, -0.02756
0.55625, -0.02747
0.55780, -0.02739
0.55936, -0.02730
0.56091, -0.02722
0.56246, -0.02713
0.56401, -0.02705
0.56556, -0.02696
0.56711, -0.02688
0.56866, -0.02679
0.57021, -0.02671
0.57176, -0.02662
0.57330, -0.02654
0.57485, -0.02645
0.57640, -0.02637
0.57794, -0.02628
0.57949, -0.02620
0.58103, -0.02611
0.58258, -0.02603
0.58412, -0.02594
0.58566, -0.02586
0.58720, -0.02577
0.58874, -0.02569
0.59028, -0.02560
0.59182, -0.02552
0.59336, -0.02543
0.59490, -0.02534
0.59643, -0.02526
0.59797, -0.02517
0.59950, -0.02509
0.60104, -0.02500
0.60257, -0.02492
0.60410, -0.02483
0.60563, -0.02475
0.60716, -0.02466
0.60869, -0.02457
0.61022, -0.02449
0.61175, -0.02440
0.61327, -0.02432
0.61480, -0.02423
0.61632, -0.02414
0.61784, -0.02406
0.61936, -0.02397
0.62089, -0.02389
0.62240, -0.02380
0.62392, -0.02372
0.62544, -0.02363
0.62696, -0.02354
0.62847, -0.02346
0.62998, -0.02337
0.63150, -0.02329
0.63301, -0.02320
0.63452, -0.02312
0.63603, -0.02303
0.63754, -0.02294
0.63904, -0.02286
0.64055, -0.02277
0.64205, -0.02269
0.64355, -0.02260
0.64505, -0.02252
0.64655, -0.02243
0.64805, -0.02234
0.64955, -0.02226
0.65104, -0.02217
0.65254, -0.02209
0.65403, -0.02200
0.65552, -0.02192
0.65701, -0.02183
0.65850, -0.02174
0.65999, -0.02166
0.66147, -0.02157
0.66296, -0.02149
0.66444, -0.02140
0.66592, -0.02132
0.66740, -0.02123
0.66888, -0.02115
0.67035, -0.02106
0.67183, -0.02098
0.67330, -0.02089
0.67477, -0.02080
0.67624, -0.02072
0.67771, -0.02063
0.67918, -0.02055
0.68064, -0.02046
0.68210, -0.02038
0.68357, -0.02029
0.68503, -0.02021
0.68649, -0.02012
0.68794, -0.02004
0.68940, -0.01995
0.69085, -0.01987
0.69230, -0.01978
0.69375, -0.01970
0.69520, -0.01961
0.69665, -0.01952
0.69809, -0.01944
0.69953, -0.01935
0.70097, -0.01927
0.70241, -0.01918
0.70385, -0.01910
0.70529, -0.01901
0.70672, -0.01893
0.70815, -0.01884
0.70958, -0.01875
0.71101, -0.01867
0.71243, -0.01858
0.71386, -0.01850
0.71528, -0.01841
0.71670, -0.01832
0.71812, -0.01824
0.71953, -0.01815
0.72094, -0.01807
0.72236, -0.01798
0.72376, -0.01789
0.72517, -0.01781
0.72658, -0.01772
0.72798, -0.01763
0.72938, -0.01755
0.73078, -0.01746
0.73217, -0.01737
0.73357, -0.01729
0.73496, -0.01720
0.73635, -0.01711
0.73774, -0.01703
0.73912, -0.01694
0.74051, -0.01685
0.74189, -0.01676
0.74326, -0.01668
0.74464, -0.01659
0.74601, -0.01650
0.74738, -0.01641
0.74875, -0.01633
0.75012, -0.01624
0.75148, -0.01615
0.75285, -0.01606
0.75421, -0.01597
0.75556, -0.01589
0.75692, -0.01580
0.75827, -0.01571
0.75962, -0.01562
0.76097, -0.01553
0.76231, -0.01544
0.76366, -0.01535
0.76500, -0.01526
0.76633, -0.01517
0.76767, -0.01508
0.76900, -0.01499
0.77033, -0.01490
0.77166, -0.01481
0.77298, -0.01472
0.77431, -0.01463
0.77563, -0.01454
0.77694, -0.01445
0.77826, -0.01436
0.77957, -0.01427
0.78088, -0.01418
0.78219, -0.01409
0.78349, -0.01399
0.78479, -0.01390
0.78609, -0.01381
0.78739, -0.01372
0.78868, -0.01362
0.78997, -0.01353
0.79126, -0.01344
0.79254, -0.01334
0.79382, -0.01325
0.79510, -0.01315
0.79638, -0.01306
0.79765, -0.01297
0.79892, -0.01287
0.80019, -0.01277
0.80145, -0.01268
0.80272, -0.01258
0.80398, -0.01249
0.80523, -0.01239
0.80648, -0.01229
0.80773, -0.01220
0.80898, -0.01210
0.81022, -0.01200
0.81146, -0.01191
0.81270, -0.01181
0.81394, -0.01171
0.81517, -0.01161
0.81640, -0.01151
0.81762, -0.01141
0.81884, -0.01131
0.82006, -0.01121
0.82128, -0.01111
0.82249, -0.01101
0.82370, -0.01091
0.82491, -0.01081
0.82611, -0.01071
0.82731, -0.01061
0.82851, -0.01051
0.82970, -0.01040
0.83089, -0.01030
0.83208, -0.01020
0.83326, -0.01010
0.83444, -0.00999
0.83562, -0.00989
0.83679, -0.00979
0.83796, -0.00968
0.83912, -0.00958
0.84029, -0.00947
0.84144, -0.00937
0.84260, -0.00926
0.84375, -0.00916
0.84490, -0.00905
0.84604, -0.00895
0.84718, -0.00884
0.84832, -0.00874
0.84945, -0.00863
0.85058, -0.00852
0.85170, -0.00842
0.85283, -0.00831
0.85394, -0.00820
0.85506, -0.00810
0.85617, -0.00799
0.85728, -0.00789
0.85838, -0.00778
0.85948, -0.00767
0.86057, -0.00757
0.86167, -0.00746
0.86276, -0.00735
0.86384, -0.00725
0.86492, -0.00714
0.86600, -0.00703
0.86707, -0.00693
0.86814, -0.00682
0.86921, -0.00671
0.87027, -0.00661
0.87133, -0.00650
0.87238, -0.00640
0.87343, -0.00629
0.87448, -0.00618
0.87552, -0.00608
0.87656, -0.00597
0.87759, -0.00587
0.87862, -0.00576
0.87965, -0.00566
0.88068, -0.00555
0.88170, -0.00545
0.88271, -0.00534
0.88372, -0.00524
0.88473, -0.00514
0.88573, -0.00503
0.88673, -0.00493
0.88773, -0.00482
0.88872, -0.00472
0.88971, -0.00462
0.89070, -0.00452
0.89168, -0.00441
0.89265, -0.00431
0.89363, -0.00421
0.89459, -0.00411
0.89556, -0.00401
0.89652, -0.00391
0.89748, -0.00381
0.89843, -0.00371
0.89938, -0.00361
0.90032, -0.00351
0.90126, -0.00341
0.90220, -0.00331
0.90313, -0.00321
0.90406, -0.00311
0.90498, -0.00301
0.90590, -0.00291
0.90682, -0.00282
0.90773, -0.00272
0.90864, -0.00262
0.90954, -0.00253
0.91044, -0.00243
0.91134, -0.00234
0.91223, -0.00224
0.91312, -0.00215
0.91400, -0.00205
0.91488, -0.00196
0.91576, -0.00187
0.91663, -0.00177
0.91750, -0.00168
0.91836, -0.00159
0.91922, -0.00150
0.92007, -0.00140
0.92092, -0.00131
0.92177, -0.00122
0.92261, -0.00113
0.92345, -0.00104
0.92428, -0.00096
0.92511, -0.00087
0.92594, -0.00078
0.92676, -0.00069
0.92757, -0.00060
0.92839, -0.00052
0.92919, -0.00043
0.93000, -0.00034
0.93080, -0.00026
0.93159, -0.00017
0.93238, -0.00009
0.93317, -0.00001
0.93395, 0.00008
0.93473, 0.00016
0.93551, 0.00024
0.93628, 0.00032
0.93704, 0.00041
0.93780, 0.00049
0.93856, 0.00057
0.93931, 0.00065
0.94006, 0.00073
0.94080, 0.00080
0.94154, 0.00088
0.94228, 0.00096
0.94301, 0.00104
0.94373, 0.00111
0.94446, 0.00119
0.94517, 0.00127
0.94589, 0.00134
0.94659, 0.00142
0.94730, 0.00149
0.94800, 0.00156
0.94869, 0.00164
0.94939, 0.00171
0.95007, 0.00178
0.95075, 0.00185
0.95143, 0.00192
0.95211, 0.00199
0.95277, 0.00206
0.95344, 0.00213
0.95410, 0.00220
0.95475, 0.00227
0.95540, 0.00234
0.95605, 0.00241
0.95669, 0.00247
0.95733, 0.00254
0.95796, 0.00261
0.95859, 0.00267
0.95921, 0.00273
0.95983, 0.00280
0.96045, 0.00286
0.96106, 0.00293
0.96166, 0.00299
0.96227, 0.00305
0.96286, 0.00311
0.96345, 0.00317
0.96404, 0.00323
0.96463, 0.00329
0.96520, 0.00335
0.96578, 0.00341
0.96635, 0.00347
0.96691, 0.00353
0.96747, 0.00358
0.96803, 0.00364
0.96858, 0.00369
0.96912, 0.00375
0.96966, 0.00380
0.97020, 0.00386
0.97073, 0.00391
0.97126, 0.00397
0.97178, 0.00402
0.97230, 0.00407
0.97282, 0.00412
0.97332, 0.00417
0.97383, 0.00422
0.97433, 0.00427
0.97482, 0.00432
0.97531, 0.00437
0.97580, 0.00442
0.97628, 0.00447
0.97675, 0.00452
0.97723, 0.00456
0.97769, 0.00461
0.97815, 0.00466
0.97861, 0.00470
0.97906, 0.00475
0.97951, 0.00479
0.97996, 0.00483
0.98039, 0.00488
0.98083, 0.00492
0.98126, 0.00496
0.98168, 0.00500
0.98210, 0.00504
0.98251, 0.00509
0.98292, 0.00513
0.98333, 0.00516
0.98373, 0.00520
0.98412, 0.00524
0.98451, 0.00528
0.98490, 0.00532
0.98528, 0.00535
0.98566, 0.00539
0.98603, 0.00543
0.98639, 0.00546
0.98676, 0.00550
0.98711, 0.00553
0.98747, 0.00557
0.98781, 0.00560
0.98815, 0.00563
0.98849, 0.00566
0.98883, 0.00570
0.98915, 0.00573
0.98948, 0.00576
0.98979, 0.00579
0.99011, 0.00582
0.99042, 0.00585
0.99072, 0.00588
0.99102, 0.00591
0.99131, 0.00593
0.99160, 0.00596
0.99189, 0.00599
0.99216, 0.00602
0.99244, 0.00604
0.99271, 0.00607
0.99297, 0.00609
0.99323, 0.00612
0.99349, 0.00614
0.99374, 0.00616
0.99398, 0.00619
0.99422, 0.00621
0.99446, 0.00623
0.99469, 0.00625
0.99491, 0.00627
0.99513, 0.00630
0.99535, 0.00632
0.99556, 0.00634
0.99577, 0.00635
0.99597, 0.00637
0.99616, 0.00639
0.99635, 0.00641
0.99654, 0.00643
0.99672, 0.00644
0.99690, 0.00646
0.99707, 0.00648
0.99723, 0.00649
0.99740, 0.00651
0.99755, 0.00652
0.99770, 0.00654
0.99785, 0.00655
0.99799, 0.00656
0.99813, 0.00657
0.99826, 0.00659
0.99839, 0.00660
0.99851, 0.00661
0.99863, 0.00662
0.99874, 0.00663
0.99884, 0.00664
0.99895, 0.00665
0.99904, 0.00666
0.99913, 0.00667
0.99922, 0.00668
0.99930, 0.00668
0.99938, 0.00669
0.99945, 0.00670
0.99952, 0.00670
0.99958, 0.00671
0.99964, 0.00671
0.99969, 0.00672
0.99974, 0.00672
0.99978, 0.00673
0.99982, 0.00673
0.99985, 0.00673
0.99988, 0.00674
0.99990, 0.00674
0.99992, 0.00674
0.99993, 0.00674
0.99992, 0.00674
0.99991, 0.00674
