airfoil_points_869
1.000000 0.015748
0.999748 0.015798
0.998993 0.015948
0.997736 0.016198
0.995977 0.016546
0.993719 0.016990
0.990964 0.017529
0.987715 0.018159
0.983974 0.018878
0.979746 0.019683
0.975036 0.020569
0.969846 0.021533
0.964184 0.022571
0.958054 0.023677
0.951463 0.024848
0.944418 0.026077
0.936925 0.027360
0.928992 0.028693
0.920627 0.030068
0.911838 0.031482
0.902635 0.032929
0.893027 0.034404
0.883022 0.035901
0.872632 0.037416
0.861867 0.038943
0.850737 0.040478
0.839255 0.042017
0.827430 0.043555
0.815276 0.045082
0.802805 0.046587
0.790028 0.048057
0.776960 0.049479
0.763613 0.050839
0.750000 0.052121
0.736136 0.053321
0.722033 0.054457
0.707708 0.055554
0.693173 0.056641
0.678443 0.057749
0.663534 0.058912
0.648460 0.060146
0.633237 0.061442
0.617879 0.062788
0.602403 0.064172
0.586824 0.065581
0.571157 0.067000
0.555419 0.068415
0.539625 0.069812
0.523791 0.071176
0.507933 0.072491
0.492067 0.073743
0.476209 0.074917
0.460375 0.075998
0.444581 0.076972
0.428843 0.077826
0.413176 0.078547
0.397597 0.079123
0.382121 0.079543
0.366763 0.079796
0.351540 0.079873
0.336466 0.079767
0.321557 0.079471
0.306827 0.078978
0.292292 0.078284
0.277967 0.077388
0.263864 0.076286
0.250000 0.074981
0.236387 0.073500
0.223040 0.071878
0.209972 0.070147
0.197195 0.068338
0.184724 0.066478
0.172570 0.064598
0.160745 0.062732
0.149263 0.060910
0.138133 0.059154
0.127368 0.057489
0.116978 0.055927
0.106973 0.054434
0.097365 0.052971
0.088162 0.051507
0.079373 0.050016
0.071008 0.048479
0.063075 0.046881
0.055582 0.045210
0.048537 0.043458
0.041946 0.041620
0.035816 0.039694
0.030154 0.037679
0.024964 0.035576
0.020254 0.033387
0.016026 0.031116
0.012285 0.028766
0.009036 0.026341
0.006281 0.023845
0.004023 0.021282
0.002264 0.018655
0.001007 0.015969
0.000252 0.013230
0.000000 0.010737
0.000252 0.007578
0.001007 0.004793
0.002264 0.002024
0.004023 -0.000726
0.006281 -0.003454
0.009036 -0.006160
0.012285 -0.008845
0.016026 -0.011506
0.020254 -0.014142
0.024964 -0.016751
0.030154 -0.019329
0.035816 -0.021872
0.041946 -0.024375
0.048537 -0.026828
0.055582 -0.029222
0.063075 -0.031545
0.071008 -0.033783
0.079373 -0.035917
0.088162 -0.037929
0.097365 -0.039796
0.106973 -0.041491
0.116978 -0.042987
0.127368 -0.044253
0.138133 -0.045257
0.149263 -0.045994
0.160745 -0.046474
0.172570 -0.046708
0.184724 -0.046712
0.197195 -0.046510
0.209972 -0.046132
0.223040 -0.045605
0.236387 -0.044958
0.250000 -0.044225
0.263864 -0.043445
0.277967 -0.042663
0.292292 -0.041901
0.306827 -0.041160
0.321557 -0.040442
0.336466 -0.039744
0.351540 -0.039066
0.366763 -0.038404
0.382121 -0.037756
0.397597 -0.037116
0.413176 -0.036479
0.428843 -0.035841
0.444581 -0.035194
0.460375 -0.034533
0.476209 -0.033850
0.492067 -0.033138
0.507933 -0.032389
0.523791 -0.031595
0.539625 -0.030750
0.555419 -0.029845
0.571157 -0.028873
0.586824 -0.027828
0.602403 -0.026702
0.617879 -0.025489
0.633237 -0.024184
0.648460 -0.022782
0.663534 -0.021279
0.678443 -0.019670
0.693173 -0.017976
0.707708 -0.016235
0.722033 -0.014484
0.736136 -0.012758
0.750000 -0.011091
0.763613 -0.009510
0.776960 -0.008016
0.790028 -0.006601
0.802805 -0.005254
0.815276 -0.003968
0.827430 -0.002735
0.839255 -0.001549
0.850737 -0.000406
0.861867 0.000691
0.872632 0.001743
0.883022 0.002749
0.893027 0.003708
0.902635 0.004619
0.911838 0.005482
0.920627 0.006298
0.928992 0.007066
0.936925 0.007787
0.944418 0.008461
0.951463 0.009088
0.958054 0.009669
0.964184 0.010204
0.969846 0.010693
0.975036 0.011138
0.979746 0.011538
0.983974 0.011895
0.987715 0.012209
0.990964 0.012479
0.993719 0.012707
0.995977 0.012894
0.997736 0.013038
0.998993 0.013141
0.999748 0.013203
1.000000 0.013220
