=== Airfoil Parameters ===
m = 0.02
p = 0.4
t = 0.12

=== Control Points ===
0.00000, 0.00629, 0.00629
0.06667, 0.00524, -0.00087
0.13333, 0.00616, -0.00495
0.20000, 0.01349, -0.00151
0.26667, 0.01880, 0.00102
0.66667, 0.01205, -0.00400
0.75000, 0.00311, -0.01009
0.83333, 0.00246, -0.00710
0.91667, 0.00928, 0.00411
1.00000, 0.01330, 0.01330

=== Upper Surface ===
0.00000, 0.00629
-0.00000, 0.00657
0.00000, 0.00685
0.00001, 0.00713
0.00003, 0.00741
0.00004, 0.00769
0.00007, 0.00797
0.00010, 0.00824
0.00013, 0.00852
0.00017, 0.00880
0.00021, 0.00908
0.00026, 0.00935
0.00032, 0.00963
0.00038, 0.00991
0.00044, 0.01018
0.00051, 0.01046
0.00058, 0.01073
0.00066, 0.01101
0.00075, 0.01128
0.00084, 0.01155
0.00093, 0.01183
0.00103, 0.01210
0.00113, 0.01237
0.00124, 0.01265
0.00136, 0.01292
0.00148, 0.01319
0.00160, 0.01346
0.00173, 0.01373
0.00186, 0.01401
0.00200, 0.01428
0.00215, 0.01455
0.00230, 0.01482
0.00245, 0.01508
0.00261, 0.01535
0.00278, 0.01562
0.00295, 0.01589
0.00313, 0.01616
0.00331, 0.01642
0.00349, 0.01669
0.00368, 0.01696
0.00388, 0.01722
0.00408, 0.01749
0.00429, 0.01775
0.00450, 0.01802
0.00471, 0.01828
0.00493, 0.01855
0.00516, 0.01881
0.00539, 0.01907
0.00563, 0.01933
0.00587, 0.01959
0.00612, 0.01986
0.00637, 0.02012
0.00663, 0.02038
0.00689, 0.02064
0.00716, 0.02090
0.00743, 0.02115
0.00771, 0.02141
0.00799, 0.02167
0.00828, 0.02193
0.00857, 0.02218
0.00887, 0.02244
0.00917, 0.02269
0.00948, 0.02295
0.00980, 0.02320
0.01011, 0.02346
0.01044, 0.02371
0.01077, 0.02396
0.01110, 0.02421
0.01144, 0.02446
0.01178, 0.02471
0.01213, 0.02496
0.01249, 0.02521
0.01284, 0.02546
0.01321, 0.02571
0.01358, 0.02596
0.01395, 0.02620
0.01433, 0.02645
0.01471, 0.02669
0.01510, 0.02694
0.01550, 0.02718
0.01590, 0.02743
0.01630, 0.02767
0.01671, 0.02791
0.01712, 0.02815
0.01754, 0.02839
0.01797, 0.02863
0.01840, 0.02887
0.01883, 0.02911
0.01927, 0.02935
0.01971, 0.02958
0.02016, 0.02982
0.02062, 0.03005
0.02107, 0.03029
0.02154, 0.03052
0.02201, 0.03075
0.02248, 0.03098
0.02296, 0.03122
0.02344, 0.03145
0.02393, 0.03167
0.02442, 0.03190
0.02492, 0.03213
0.02542, 0.03236
0.02593, 0.03258
0.02644, 0.03281
0.02696, 0.03303
0.02748, 0.03326
0.02800, 0.03348
0.02853, 0.03370
0.02907, 0.03392
0.02961, 0.03414
0.03015, 0.03436
0.03070, 0.03458
0.03126, 0.03480
0.03181, 0.03502
0.03238, 0.03523
0.03294, 0.03545
0.03352, 0.03566
0.03409, 0.03587
0.03467, 0.03609
0.03526, 0.03630
0.03585, 0.03651
0.03644, 0.03672
0.03704, 0.03693
0.03765, 0.03713
0.03826, 0.03734
0.03887, 0.03755
0.03948, 0.03775
0.04011, 0.03796
0.04073, 0.03816
0.04136, 0.03836
0.04200, 0.03857
0.04263, 0.03877
0.04328, 0.03897
0.04392, 0.03917
0.04457, 0.03936
0.04523, 0.03956
0.04589, 0.03976
0.04655, 0.03995
0.04722, 0.04015
0.04789, 0.04034
0.04857, 0.04054
0.04925, 0.04073
0.04993, 0.04092
0.05062, 0.04111
0.05131, 0.04130
0.05201, 0.04149
0.05271, 0.04168
0.05341, 0.04186
0.05412, 0.04205
0.05483, 0.04224
0.05555, 0.04242
0.05626, 0.04261
0.05699, 0.04279
0.05771, 0.04297
0.05844, 0.04315
0.05918, 0.04334
0.05992, 0.04352
0.06066, 0.04370
0.06140, 0.04388
0.06215, 0.04405
0.06290, 0.04423
0.06366, 0.04441
0.06442, 0.04459
0.06518, 0.04476
0.06595, 0.04494
0.06672, 0.04511
0.06749, 0.04529
0.06827, 0.04546
0.06904, 0.04563
0.06983, 0.04580
0.07061, 0.04598
0.07140, 0.04615
0.07220, 0.04632
0.07299, 0.04649
0.07379, 0.04666
0.07459, 0.04683
0.07540, 0.04700
0.07620, 0.04717
0.07702, 0.04733
0.07783, 0.04750
0.07865, 0.04767
0.07947, 0.04784
0.08029, 0.04800
0.08112, 0.04817
0.08194, 0.04834
0.08278, 0.04850
0.08361, 0.04867
0.08445, 0.04883
0.08529, 0.04900
0.08613, 0.04917
0.08697, 0.04933
0.08782, 0.04950
0.08867, 0.04966
0.08952, 0.04983
0.09038, 0.04999
0.09123, 0.05016
0.09209, 0.05032
0.09296, 0.05049
0.09382, 0.05065
0.09469, 0.05082
0.09556, 0.05098
0.09643, 0.05115
0.09730, 0.05131
0.09818, 0.05148
0.09905, 0.05165
0.09993, 0.05181
0.10082, 0.05198
0.10170, 0.05215
0.10259, 0.05231
0.10347, 0.05248
0.10436, 0.05265
0.10526, 0.05282
0.10615, 0.05299
0.10705, 0.05316
0.10794, 0.05333
0.10884, 0.05350
0.10974, 0.05367
0.11065, 0.05384
0.11155, 0.05402
0.11246, 0.05419
0.11336, 0.05437
0.11427, 0.05454
0.11518, 0.05472
0.11610, 0.05490
0.11701, 0.05507
0.11792, 0.05525
0.11884, 0.05543
0.11976, 0.05561
0.12068, 0.05580
0.12160, 0.05598
0.12252, 0.05616
0.12344, 0.05635
0.12436, 0.05654
0.12529, 0.05672
0.12622, 0.05691
0.12714, 0.05710
0.12807, 0.05730
0.12900, 0.05749
0.12994, 0.05769
0.13087, 0.05788
0.13181, 0.05808
0.13276, 0.05828
0.13371, 0.05848
0.13467, 0.05869
0.13564, 0.05889
0.13661, 0.05910
0.13759, 0.05931
0.13857, 0.05952
0.13956, 0.05973
0.14056, 0.05994
0.14156, 0.06016
0.14257, 0.06038
0.14358, 0.06059
0.14460, 0.06081
0.14563, 0.06104
0.14667, 0.06126
0.14771, 0.06148
0.14876, 0.06171
0.14981, 0.06193
0.15087, 0.06216
0.15194, 0.06239
0.15302, 0.06262
0.15410, 0.06285
0.15519, 0.06308
0.15628, 0.06331
0.15738, 0.06355
0.15849, 0.06378
0.15961, 0.06402
0.16074, 0.06425
0.16187, 0.06449
0.16301, 0.06472
0.16415, 0.06496
0.16530, 0.06520
0.16646, 0.06544
0.16763, 0.06567
0.16881, 0.06591
0.16999, 0.06615
0.17118, 0.06639
0.17238, 0.06663
0.17358, 0.06686
0.17479, 0.06710
0.17601, 0.06734
0.17724, 0.06757
0.17848, 0.06781
0.17972, 0.06805
0.18097, 0.06828
0.18223, 0.06851
0.18350, 0.06875
0.18478, 0.06898
0.18606, 0.06921
0.18735, 0.06944
0.18865, 0.06966
0.18996, 0.06989
0.19127, 0.07011
0.19260, 0.07033
0.19393, 0.07055
0.19526, 0.07077
0.19660, 0.07099
0.19794, 0.07120
0.19929, 0.07141
0.20063, 0.07161
0.20198, 0.07182
0.20333, 0.07202
0.20468, 0.07222
0.20603, 0.07241
0.20739, 0.07261
0.20875, 0.07280
0.21011, 0.07298
0.21147, 0.07317
0.21283, 0.07335
0.21420, 0.07353
0.21557, 0.07371
0.21694, 0.07389
0.21831, 0.07406
0.21968, 0.07423
0.22105, 0.07440
0.22243, 0.07456
0.22381, 0.07472
0.22519, 0.07489
0.22657, 0.07504
0.22795, 0.07520
0.22934, 0.07535
0.23072, 0.07551
0.23211, 0.07565
0.23350, 0.07580
0.23489, 0.07595
0.23628, 0.07609
0.23767, 0.07623
0.23906, 0.07637
0.24046, 0.07651
0.24186, 0.07664
0.24325, 0.07677
0.24465, 0.07690
0.24605, 0.07703
0.24745, 0.07716
0.24886, 0.07728
0.25026, 0.07741
0.25166, 0.07753
0.25307, 0.07765
0.25448, 0.07776
0.25588, 0.07788
0.25729, 0.07800
0.25870, 0.07811
0.26011, 0.07822
0.26153, 0.07833
0.26294, 0.07844
0.26435, 0.07854
0.26577, 0.07865
0.26719, 0.07875
0.26861, 0.07885
0.27003, 0.07896
0.27146, 0.07906
0.27289, 0.07915
0.27432, 0.07925
0.27575, 0.07935
0.27719, 0.07944
0.27863, 0.07953
0.28007, 0.07962
0.28151, 0.07971
0.28295, 0.07980
0.28440, 0.07989
0.28585, 0.07997
0.28730, 0.08006
0.28876, 0.08014
0.29021, 0.08022
0.29167, 0.08030
0.29313, 0.08038
0.29460, 0.08045
0.29606, 0.08053
0.29753, 0.08060
0.29900, 0.08067
0.30047, 0.08074
0.30194, 0.08081
0.30342, 0.08088
0.30490, 0.08095
0.30638, 0.08101
0.30786, 0.08108
0.30934, 0.08114
0.31083, 0.08120
0.31232, 0.08125
0.31381, 0.08131
0.31530, 0.08137
0.31680, 0.08142
0.31829, 0.08147
0.31979, 0.08152
0.32129, 0.08157
0.32279, 0.08162
0.32430, 0.08167
0.32580, 0.08171
0.32731, 0.08176
0.32882, 0.08180
0.33033, 0.08184
0.33184, 0.08187
0.33336, 0.08191
0.33487, 0.08195
0.33639, 0.08198
0.33791, 0.08201
0.33943, 0.08204
0.34096, 0.08207
0.34248, 0.08210
0.34401, 0.08213
0.34554, 0.08215
0.34707, 0.08217
0.34860, 0.08219
0.35013, 0.08221
0.35167, 0.08223
0.35320, 0.08225
0.35474, 0.08226
0.35628, 0.08227
0.35782, 0.08228
0.35936, 0.08229
0.36091, 0.08230
0.36245, 0.08231
0.36400, 0.08231
0.36555, 0.08232
0.36710, 0.08232
0.36865, 0.08232
0.37020, 0.08232
0.37176, 0.08231
0.37331, 0.08231
0.37487, 0.08230
0.37643, 0.08229
0.37799, 0.08228
0.37955, 0.08227
0.38111, 0.08226
0.38267, 0.08224
0.38424, 0.08223
0.38580, 0.08221
0.38737, 0.08219
0.38894, 0.08217
0.39051, 0.08214
0.39208, 0.08212
0.39365, 0.08209
0.39522, 0.08206
0.39679, 0.08203
0.39837, 0.08200
0.39994, 0.08197
0.40152, 0.08193
0.40310, 0.08190
0.40468, 0.08186
0.40626, 0.08182
0.40784, 0.08178
0.40942, 0.08173
0.41100, 0.08169
0.41259, 0.08164
0.41417, 0.08159
0.41576, 0.08154
0.41734, 0.08149
0.41893, 0.08144
0.42052, 0.08138
0.42211, 0.08133
0.42370, 0.08127
0.42529, 0.08121
0.42688, 0.08115
0.42847, 0.08108
0.43006, 0.08102
0.43166, 0.08095
0.43325, 0.08088
0.43485, 0.08081
0.43644, 0.08074
0.43804, 0.08067
0.43964, 0.08059
0.44123, 0.08051
0.44283, 0.08043
0.44443, 0.08035
0.44603, 0.08027
0.44763, 0.08019
0.44923, 0.08010
0.45083, 0.08001
0.45243, 0.07992
0.45403, 0.07983
0.45564, 0.07974
0.45724, 0.07964
0.45884, 0.07955
0.46045, 0.07945
0.46205, 0.07935
0.46365, 0.07925
0.46526, 0.07915
0.46686, 0.07904
0.46847, 0.07894
0.47007, 0.07883
0.47168, 0.07872
0.47329, 0.07861
0.47489, 0.07849
0.47650, 0.07838
0.47811, 0.07826
0.47971, 0.07814
0.48132, 0.07802
0.48293, 0.07790
0.48453, 0.07778
0.48614, 0.07765
0.48775, 0.07753
0.48936, 0.07740
0.49096, 0.07727
0.49257, 0.07713
0.49418, 0.07700
0.49579, 0.07686
0.49740, 0.07673
0.49900, 0.07659
0.50061, 0.07645
0.50222, 0.07631
0.50383, 0.07616
0.50544, 0.07602
0.50704, 0.07587
0.50865, 0.07572
0.51026, 0.07557
0.51187, 0.07542
0.51347, 0.07526
0.51508, 0.07511
0.51669, 0.07495
0.51829, 0.07479
0.51990, 0.07463
0.52150, 0.07447
0.52311, 0.07430
0.52471, 0.07414
0.52632, 0.07397
0.52792, 0.07380
0.52953, 0.07363
0.53113, 0.07346
0.53274, 0.07328
0.53434, 0.07310
0.53594, 0.07293
0.53754, 0.07275
0.53915, 0.07257
0.54075, 0.07238
0.54235, 0.07220
0.54395, 0.07201
0.54555, 0.07183
0.54715, 0.07164
0.54875, 0.07145
0.55034, 0.07125
0.55194, 0.07106
0.55354, 0.07086
0.55513, 0.07067
0.55673, 0.07047
0.55832, 0.07027
0.55992, 0.07006
0.56151, 0.06986
0.56310, 0.06965
0.56470, 0.06945
0.56629, 0.06924
0.56788, 0.06903
0.56947, 0.06881
0.57106, 0.06860
0.57265, 0.06839
0.57423, 0.06817
0.57582, 0.06795
0.57741, 0.06773
0.57899, 0.06751
0.58057, 0.06729
0.58216, 0.06706
0.58374, 0.06683
0.58532, 0.06661
0.58690, 0.06638
0.58848, 0.06615
0.59006, 0.06591
0.59163, 0.06568
0.59321, 0.06544
0.59478, 0.06521
0.59636, 0.06497
0.59793, 0.06473
0.59950, 0.06448
0.60107, 0.06424
0.60264, 0.06399
0.60421, 0.06375
0.60578, 0.06350
0.60734, 0.06325
0.60891, 0.06300
0.61047, 0.06275
0.61203, 0.06249
0.61359, 0.06224
0.61515, 0.06198
0.61671, 0.06172
0.61827, 0.06146
0.61982, 0.06120
0.62138, 0.06094
0.62293, 0.06067
0.62448, 0.06041
0.62603, 0.06014
0.62758, 0.05987
0.62913, 0.05960
0.63067, 0.05933
0.63222, 0.05905
0.63376, 0.05878
0.63530, 0.05850
0.63684, 0.05823
0.63838, 0.05795
0.63992, 0.05767
0.64145, 0.05739
0.64299, 0.05710
0.64452, 0.05682
0.64605, 0.05653
0.64758, 0.05624
0.64911, 0.05596
0.65063, 0.05567
0.65216, 0.05538
0.65368, 0.05508
0.65520, 0.05479
0.65672, 0.05449
0.65824, 0.05420
0.65975, 0.05390
0.66126, 0.05360
0.66278, 0.05330
0.66429, 0.05300
0.66579, 0.05269
0.66730, 0.05239
0.66881, 0.05208
0.67031, 0.05178
0.67181, 0.05147
0.67330, 0.05116
0.67480, 0.05085
0.67628, 0.05054
0.67777, 0.05023
0.67925, 0.04991
0.68073, 0.04960
0.68220, 0.04929
0.68366, 0.04898
0.68513, 0.04866
0.68659, 0.04835
0.68804, 0.04803
0.68950, 0.04772
0.69094, 0.04741
0.69239, 0.04709
0.69383, 0.04678
0.69526, 0.04647
0.69670, 0.04616
0.69812, 0.04584
0.69955, 0.04553
0.70097, 0.04522
0.70239, 0.04491
0.70380, 0.04460
0.70521, 0.04430
0.70661, 0.04399
0.70801, 0.04368
0.70941, 0.04338
0.71080, 0.04308
0.71219, 0.04277
0.71358, 0.04247
0.71496, 0.04217
0.71634, 0.04188
0.71772, 0.04158
0.71909, 0.04129
0.72046, 0.04099
0.72182, 0.04070
0.72318, 0.04041
0.72454, 0.04013
0.72589, 0.03984
0.72724, 0.03956
0.72859, 0.03928
0.72993, 0.03900
0.73127, 0.03872
0.73261, 0.03845
0.73394, 0.03817
0.73527, 0.03790
0.73659, 0.03764
0.73791, 0.03737
0.73923, 0.03711
0.74055, 0.03685
0.74186, 0.03659
0.74317, 0.03634
0.74447, 0.03609
0.74577, 0.03584
0.74707, 0.03559
0.74836, 0.03535
0.74965, 0.03511
0.75094, 0.03487
0.75223, 0.03463
0.75351, 0.03440
0.75479, 0.03418
0.75607, 0.03395
0.75735, 0.03373
0.75862, 0.03351
0.75990, 0.03329
0.76117, 0.03308
0.76244, 0.03287
0.76371, 0.03266
0.76498, 0.03245
0.76624, 0.03225
0.76751, 0.03205
0.76877, 0.03185
0.77003, 0.03166
0.77129, 0.03147
0.77255, 0.03128
0.77380, 0.03109
0.77505, 0.03091
0.77630, 0.03072
0.77755, 0.03055
0.77880, 0.03037
0.78005, 0.03020
0.78129, 0.03003
0.78253, 0.02986
0.78377, 0.02969
0.78501, 0.02953
0.78625, 0.02937
0.78748, 0.02921
0.78871, 0.02906
0.78994, 0.02890
0.79117, 0.02875
0.79240, 0.02860
0.79362, 0.02846
0.79484, 0.02831
0.79606, 0.02817
0.79728, 0.02803
0.79849, 0.02790
0.79971, 0.02776
0.80092, 0.02763
0.80212, 0.02750
0.80333, 0.02737
0.80453, 0.02725
0.80574, 0.02712
0.80694, 0.02700
0.80813, 0.02688
0.80933, 0.02677
0.81052, 0.02665
0.81171, 0.02654
0.81290, 0.02643
0.81408, 0.02632
0.81527, 0.02622
0.81645, 0.02611
0.81762, 0.02601
0.81880, 0.02591
0.81997, 0.02581
0.82114, 0.02572
0.82231, 0.02562
0.82348, 0.02553
0.82464, 0.02544
0.82580, 0.02535
0.82696, 0.02527
0.82811, 0.02518
0.82927, 0.02510
0.83042, 0.02502
0.83156, 0.02494
0.83271, 0.02487
0.83385, 0.02479
0.83499, 0.02472
0.83613, 0.02465
0.83726, 0.02458
0.83840, 0.02451
0.83953, 0.02444
0.84066, 0.02437
0.84178, 0.02431
0.84291, 0.02425
0.84403, 0.02419
0.84515, 0.02413
0.84626, 0.02407
0.84738, 0.02401
0.84849, 0.02396
0.84960, 0.02391
0.85071, 0.02385
0.85181, 0.02380
0.85291, 0.02375
0.85401, 0.02370
0.85510, 0.02365
0.85620, 0.02361
0.85729, 0.02356
0.85837, 0.02351
0.85946, 0.02347
0.86054, 0.02343
0.86162, 0.02338
0.86269, 0.02334
0.86377, 0.02330
0.86484, 0.02326
0.86590, 0.02322
0.86697, 0.02318
0.86803, 0.02314
0.86908, 0.02311
0.87014, 0.02307
0.87119, 0.02303
0.87224, 0.02300
0.87328, 0.02296
0.87432, 0.02293
0.87536, 0.02289
0.87640, 0.02286
0.87743, 0.02283
0.87846, 0.02279
0.87948, 0.02276
0.88051, 0.02273
0.88153, 0.02270
0.88254, 0.02267
0.88355, 0.02263
0.88456, 0.02260
0.88557, 0.02257
0.88657, 0.02254
0.88757, 0.02251
0.88856, 0.02248
0.88955, 0.02245
0.89054, 0.02242
0.89152, 0.02239
0.89250, 0.02236
0.89348, 0.02233
0.89445, 0.02230
0.89542, 0.02227
0.89639, 0.02224
0.89735, 0.02222
0.89831, 0.02219
0.89926, 0.02216
0.90021, 0.02213
0.90116, 0.02210
0.90210, 0.02207
0.90304, 0.02204
0.90398, 0.02201
0.90491, 0.02198
0.90584, 0.02195
0.90676, 0.02192
0.90768, 0.02189
0.90860, 0.02186
0.90951, 0.02183
0.91042, 0.02179
0.91132, 0.02176
0.91222, 0.02173
0.91312, 0.02170
0.91401, 0.02167
0.91490, 0.02164
0.91579, 0.02160
0.91667, 0.02157
0.91754, 0.02154
0.91841, 0.02151
0.91928, 0.02147
0.92015, 0.02144
0.92101, 0.02141
0.92186, 0.02137
0.92271, 0.02134
0.92356, 0.02130
0.92440, 0.02127
0.92524, 0.02123
0.92608, 0.02120
0.92691, 0.02116
0.92773, 0.02112
0.92855, 0.02109
0.92937, 0.02105
0.93018, 0.02101
0.93099, 0.02097
0.93180, 0.02094
0.93260, 0.02090
0.93339, 0.02086
0.93418, 0.02082
0.93497, 0.02078
0.93575, 0.02074
0.93653, 0.02070
0.93731, 0.02066
0.93808, 0.02062
0.93884, 0.02058
0.93960, 0.02054
0.94036, 0.02049
0.94111, 0.02045
0.94186, 0.02041
0.94260, 0.02037
0.94334, 0.02032
0.94407, 0.02028
0.94480, 0.02023
0.94553, 0.02019
0.94625, 0.02015
0.94696, 0.02010
0.94767, 0.02006
0.94838, 0.02001
0.94908, 0.01996
0.94978, 0.01992
0.95047, 0.01987
0.95116, 0.01983
0.95184, 0.01978
0.95252, 0.01973
0.95320, 0.01968
0.95387, 0.01964
0.95453, 0.01959
0.95519, 0.01954
0.95585, 0.01949
0.95650, 0.01944
0.95715, 0.01939
0.95779, 0.01935
0.95843, 0.01930
0.95906, 0.01925
0.95969, 0.01920
0.96031, 0.01915
0.96093, 0.01910
0.96154, 0.01905
0.96215, 0.01900
0.96276, 0.01894
0.96336, 0.01889
0.96395, 0.01884
0.96454, 0.01879
0.96513, 0.01874
0.96571, 0.01869
0.96628, 0.01864
0.96685, 0.01859
0.96742, 0.01853
0.96798, 0.01848
0.96854, 0.01843
0.96909, 0.01838
0.96964, 0.01833
0.97018, 0.01828
0.97072, 0.01822
0.97125, 0.01817
0.97178, 0.01812
0.97230, 0.01807
0.97282, 0.01802
0.97334, 0.01796
0.97384, 0.01791
0.97435, 0.01786
0.97485, 0.01781
0.97534, 0.01776
0.97583, 0.01771
0.97632, 0.01765
0.97680, 0.01760
0.97727, 0.01755
0.97774, 0.01750
0.97821, 0.01745
0.97867, 0.01740
0.97912, 0.01735
0.97957, 0.01730
0.98002, 0.01725
0.98046, 0.01720
0.98090, 0.01715
0.98133, 0.01710
0.98175, 0.01705
0.98218, 0.01700
0.98259, 0.01695
0.98300, 0.01690
0.98341, 0.01685
0.98381, 0.01680
0.98421, 0.01675
0.98460, 0.01670
0.98499, 0.01666
0.98537, 0.01661
0.98575, 0.01656
0.98612, 0.01652
0.98649, 0.01647
0.98685, 0.01642
0.98721, 0.01638
0.98756, 0.01633
0.98791, 0.01629
0.98825, 0.01624
0.98859, 0.01620
0.98893, 0.01616
0.98925, 0.01611
0.98958, 0.01607
0.98990, 0.01603
0.99021, 0.01598
0.99052, 0.01594
0.99082, 0.01590
0.99112, 0.01586
0.99142, 0.01582
0.99170, 0.01578
0.99199, 0.01574
0.99227, 0.01570
0.99254, 0.01567
0.99281, 0.01563
0.99308, 0.01559
0.99333, 0.01555
0.99359, 0.01552
0.99384, 0.01548
0.99408, 0.01545
0.99432, 0.01541
0.99456, 0.01538
0.99479, 0.01535
0.99501, 0.01532
0.99523, 0.01528
0.99545, 0.01525
0.99566, 0.01522
0.99586, 0.01519
0.99606, 0.01516
0.99626, 0.01513
0.99645, 0.01510
0.99663, 0.01508
0.99682, 0.01505
0.99699, 0.01502
0.99716, 0.01500
0.99733, 0.01497
0.99749, 0.01495
0.99764, 0.01493
0.99779, 0.01490
0.99794, 0.01488
0.99808, 0.01486
0.99822, 0.01484
0.99835, 0.01482
0.99847, 0.01480
0.99860, 0.01478
0.99871, 0.01476
0.99882, 0.01475
0.99893, 0.01473
0.99903, 0.01472
0.99913, 0.01470
0.99922, 0.01469
0.99931, 0.01467
0.99939, 0.01466
0.99946, 0.01465
0.99954, 0.01464
0.99960, 0.01463
0.99966, 0.01462
0.99972, 0.01461
0.99977, 0.01460
0.99982, 0.01459
0.99986, 0.01459
0.99990, 0.01458
0.99993, 0.01458
0.99996, 0.01457
0.99998, 0.01457
1.00000, 0.01457
1.00001, 0.01456
1.00002, 0.01456
1.00003, 0.01456

=== Lower Surface ===
0.00000, 0.00629
0.00001, 0.00601
0.00002, 0.00573
0.00003, 0.00545
0.00005, 0.00517
0.00008, 0.00490
0.00011, 0.00462
0.00014, 0.00434
0.00018, 0.00406
0.00023, 0.00379
0.00028, 0.00351
0.00034, 0.00324
0.00039, 0.00296
0.00046, 0.00269
0.00053, 0.00241
0.00060, 0.00214
0.00068, 0.00187
0.00077, 0.00159
0.00086, 0.00132
0.00095, 0.00105
0.00105, 0.00078
0.00115, 0.00051
0.00126, 0.00024
0.00137, -0.00004
0.00149, -0.00031
0.00161, -0.00057
0.00174, -0.00084
0.00187, -0.00111
0.00201, -0.00138
0.00215, -0.00165
0.00230, -0.00192
0.00245, -0.00218
0.00260, -0.00245
0.00277, -0.00271
0.00293, -0.00298
0.00310, -0.00325
0.00328, -0.00351
0.00346, -0.00378
0.00364, -0.00404
0.00383, -0.00430
0.00402, -0.00457
0.00422, -0.00483
0.00442, -0.00509
0.00463, -0.00535
0.00484, -0.00561
0.00506, -0.00588
0.00528, -0.00614
0.00551, -0.00640
0.00574, -0.00666
0.00598, -0.00692
0.00622, -0.00718
0.00646, -0.00744
0.00671, -0.00769
0.00697, -0.00795
0.00723, -0.00821
0.00749, -0.00847
0.00776, -0.00872
0.00803, -0.00898
0.00831, -0.00924
0.00859, -0.00949
0.00888, -0.00975
0.00917, -0.01000
0.00947, -0.01026
0.00977, -0.01051
0.01007, -0.01077
0.01038, -0.01102
0.01070, -0.01127
0.01102, -0.01153
0.01134, -0.01178
0.01167, -0.01203
0.01200, -0.01229
0.01234, -0.01254
0.01268, -0.01279
0.01303, -0.01304
0.01338, -0.01329
0.01373, -0.01354
0.01409, -0.01379
0.01446, -0.01404
0.01483, -0.01429
0.01520, -0.01454
0.01558, -0.01479
0.01597, -0.01504
0.01635, -0.01528
0.01675, -0.01553
0.01714, -0.01578
0.01754, -0.01603
0.01795, -0.01627
0.01836, -0.01652
0.01878, -0.01677
0.01920, -0.01701
0.01962, -0.01726
0.02005, -0.01750
0.02049, -0.01775
0.02092, -0.01799
0.02137, -0.01824
0.02182, -0.01848
0.02227, -0.01872
0.02272, -0.01897
0.02319, -0.01921
0.02365, -0.01945
0.02412, -0.01970
0.02460, -0.01994
0.02508, -0.02018
0.02556, -0.02042
0.02605, -0.02066
0.02655, -0.02090
0.02704, -0.02114
0.02755, -0.02138
0.02805, -0.02162
0.02857, -0.02186
0.02908, -0.02210
0.02961, -0.02234
0.03013, -0.02258
0.03066, -0.02282
0.03120, -0.02306
0.03174, -0.02329
0.03228, -0.02353
0.03283, -0.02377
0.03339, -0.02400
0.03395, -0.02424
0.03451, -0.02448
0.03508, -0.02471
0.03565, -0.02495
0.03623, -0.02518
0.03682, -0.02542
0.03740, -0.02565
0.03800, -0.02588
0.03859, -0.02612
0.03919, -0.02635
0.03980, -0.02658
0.04041, -0.02681
0.04103, -0.02704
0.04165, -0.02728
0.04228, -0.02751
0.04291, -0.02774
0.04354, -0.02797
0.04418, -0.02819
0.04483, -0.02842
0.04548, -0.02865
0.04613, -0.02888
0.04679, -0.02911
0.04746, -0.02933
0.04813, -0.02956
0.04880, -0.02978
0.04948, -0.03001
0.05017, -0.03023
0.05085, -0.03046
0.05155, -0.03068
0.05225, -0.03090
0.05295, -0.03113
0.05366, -0.03135
0.05438, -0.03157
0.05510, -0.03179
0.05582, -0.03201
0.05655, -0.03223
0.05728, -0.03245
0.05802, -0.03266
0.05877, -0.03288
0.05952, -0.03310
0.06027, -0.03331
0.06103, -0.03352
0.06180, -0.03374
0.06257, -0.03395
0.06334, -0.03416
0.06412, -0.03437
0.06491, -0.03458
0.06570, -0.03479
0.06650, -0.03500
0.06730, -0.03521
0.06810, -0.03542
0.06892, -0.03562
0.06973, -0.03583
0.07056, -0.03603
0.07138, -0.03623
0.07222, -0.03643
0.07306, -0.03663
0.07390, -0.03683
0.07475, -0.03703
0.07560, -0.03723
0.07646, -0.03742
0.07733, -0.03762
0.07820, -0.03781
0.07908, -0.03800
0.07996, -0.03819
0.08084, -0.03838
0.08174, -0.03857
0.08264, -0.03875
0.08354, -0.03894
0.08445, -0.03912
0.08536, -0.03930
0.08628, -0.03948
0.08721, -0.03966
0.08814, -0.03983
0.08908, -0.04001
0.09002, -0.04018
0.09097, -0.04035
0.09192, -0.04052
0.09288, -0.04069
0.09385, -0.04086
0.09482, -0.04102
0.09580, -0.04118
0.09678, -0.04134
0.09777, -0.04150
0.09876, -0.04165
0.09976, -0.04181
0.10077, -0.04196
0.10178, -0.04211
0.10280, -0.04225
0.10382, -0.04240
0.10485, -0.04254
0.10589, -0.04268
0.10693, -0.04281
0.10797, -0.04295
0.10903, -0.04308
0.11008, -0.04321
0.11115, -0.04333
0.11222, -0.04346
0.11330, -0.04358
0.11438, -0.04370
0.11547, -0.04381
0.11656, -0.04392
0.11767, -0.04403
0.11877, -0.04413
0.11989, -0.04424
0.12100, -0.04433
0.12213, -0.04443
0.12326, -0.04452
0.12440, -0.04461
0.12554, -0.04469
0.12669, -0.04477
0.12785, -0.04485
0.12901, -0.04493
0.13018, -0.04499
0.13135, -0.04506
0.13254, -0.04512
0.13372, -0.04518
0.13492, -0.04523
0.13612, -0.04528
0.13732, -0.04533
0.13853, -0.04537
0.13974, -0.04540
0.14095, -0.04543
0.14216, -0.04546
0.14337, -0.04549
0.14459, -0.04551
0.14580, -0.04553
0.14702, -0.04554
0.14824, -0.04555
0.14945, -0.04556
0.15067, -0.04556
0.15189, -0.04556
0.15311, -0.04556
0.15433, -0.04555
0.15555, -0.04554
0.15677, -0.04553
0.15800, -0.04551
0.15922, -0.04550
0.16044, -0.04548
0.16166, -0.04545
0.16289, -0.04543
0.16411, -0.04540
0.16533, -0.04537
0.16655, -0.04533
0.16778, -0.04530
0.16900, -0.04526
0.17022, -0.04522
0.17144, -0.04518
0.17266, -0.04513
0.17388, -0.04509
0.17510, -0.04504
0.17632, -0.04499
0.17754, -0.04494
0.17876, -0.04489
0.17997, -0.04484
0.18119, -0.04478
0.18240, -0.04473
0.18362, -0.04467
0.18483, -0.04461
0.18604, -0.04455
0.18725, -0.04449
0.18846, -0.04443
0.18967, -0.04437
0.19087, -0.04431
0.19208, -0.04425
0.19328, -0.04419
0.19448, -0.04413
0.19568, -0.04407
0.19688, -0.04401
0.19808, -0.04395
0.19927, -0.04389
0.20046, -0.04383
0.20165, -0.04377
0.20284, -0.04371
0.20403, -0.04365
0.20521, -0.04359
0.20639, -0.04354
0.20758, -0.04348
0.20877, -0.04342
0.20996, -0.04337
0.21115, -0.04331
0.21235, -0.04326
0.21355, -0.04320
0.21475, -0.04315
0.21596, -0.04310
0.21717, -0.04304
0.21839, -0.04299
0.21961, -0.04294
0.22083, -0.04288
0.22206, -0.04283
0.22329, -0.04278
0.22452, -0.04273
0.22576, -0.04267
0.22700, -0.04262
0.22825, -0.04257
0.22950, -0.04252
0.23075, -0.04247
0.23201, -0.04242
0.23327, -0.04236
0.23453, -0.04231
0.23580, -0.04226
0.23707, -0.04221
0.23835, -0.04216
0.23963, -0.04211
0.24091, -0.04206
0.24220, -0.04200
0.24349, -0.04195
0.24478, -0.04190
0.24608, -0.04185
0.24738, -0.04180
0.24869, -0.04174
0.25000, -0.04169
0.25131, -0.04164
0.25263, -0.04158
0.25395, -0.04153
0.25527, -0.04148
0.25660, -0.04142
0.25793, -0.04137
0.25927, -0.04131
0.26061, -0.04126
0.26195, -0.04120
0.26330, -0.04115
0.26465, -0.04109
0.26600, -0.04103
0.26736, -0.04097
0.26873, -0.04092
0.27009, -0.04086
0.27146, -0.04080
0.27283, -0.04074
0.27420, -0.04068
0.27558, -0.04061
0.27696, -0.04055
0.27834, -0.04049
0.27972, -0.04043
0.28110, -0.04036
0.28249, -0.04030
0.28388, -0.04023
0.28527, -0.04017
0.28666, -0.04010
0.28805, -0.04004
0.28945, -0.03997
0.29084, -0.03991
0.29224, -0.03984
0.29364, -0.03977
0.29505, -0.03970
0.29645, -0.03963
0.29786, -0.03956
0.29927, -0.03949
0.30068, -0.03942
0.30209, -0.03935
0.30351, -0.03928
0.30492, -0.03921
0.30634, -0.03914
0.30776, -0.03907
0.30918, -0.03900
0.31060, -0.03892
0.31203, -0.03885
0.31345, -0.03878
0.31488, -0.03870
0.31631, -0.03863
0.31774, -0.03855
0.31918, -0.03848
0.32061, -0.03840
0.32205, -0.03833
0.32349, -0.03825
0.32493, -0.03818
0.32637, -0.03810
0.32781, -0.03802
0.32926, -0.03795
0.33070, -0.03787
0.33215, -0.03779
0.33360, -0.03772
0.33505, -0.03764
0.33650, -0.03756
0.33795, -0.03748
0.33941, -0.03740
0.34087, -0.03733
0.34232, -0.03725
0.34378, -0.03717
0.34525, -0.03709
0.34671, -0.03701
0.34817, -0.03693
0.34964, -0.03685
0.35110, -0.03677
0.35257, -0.03669
0.35404, -0.03661
0.35551, -0.03653
0.35698, -0.03645
0.35846, -0.03637
0.35993, -0.03629
0.36141, -0.03621
0.36288, -0.03613
0.36436, -0.03604
0.36584, -0.03596
0.36732, -0.03588
0.36880, -0.03580
0.37029, -0.03572
0.37177, -0.03564
0.37326, -0.03556
0.37474, -0.03548
0.37623, -0.03539
0.37772, -0.03531
0.37921, -0.03523
0.38070, -0.03515
0.38219, -0.03507
0.38369, -0.03499
0.38518, -0.03491
0.38668, -0.03483
0.38817, -0.03474
0.38967, -0.03466
0.39117, -0.03458
0.39267, -0.03450
0.39417, -0.03442
0.39567, -0.03434
0.39718, -0.03426
0.39868, -0.03418
0.40018, -0.03410
0.40169, -0.03402
0.40320, -0.03394
0.40470, -0.03386
0.40621, -0.03378
0.40772, -0.03370
0.40923, -0.03362
0.41074, -0.03354
0.41225, -0.03346
0.41376, -0.03338
0.41528, -0.03330
0.41679, -0.03322
0.41831, -0.03314
0.41982, -0.03306
0.42134, -0.03298
0.42285, -0.03291
0.42437, -0.03283
0.42589, -0.03275
0.42741, -0.03267
0.42893, -0.03260
0.43045, -0.03252
0.43197, -0.03244
0.43349, -0.03236
0.43502, -0.03229
0.43654, -0.03221
0.43806, -0.03214
0.43959, -0.03206
0.44111, -0.03199
0.44264, -0.03191
0.44416, -0.03184
0.44569, -0.03176
0.44722, -0.03169
0.44874, -0.03162
0.45027, -0.03154
0.45180, -0.03147
0.45333, -0.03140
0.45486, -0.03133
0.45639, -0.03126
0.45792, -0.03119
0.45945, -0.03111
0.46098, -0.03104
0.46251, -0.03097
0.46404, -0.03090
0.46558, -0.03084
0.46711, -0.03077
0.46864, -0.03070
0.47018, -0.03063
0.47171, -0.03056
0.47324, -0.03050
0.47478, -0.03043
0.47631, -0.03036
0.47785, -0.03030
0.47938, -0.03023
0.48092, -0.03017
0.48245, -0.03011
0.48399, -0.03004
0.48552, -0.02998
0.48706, -0.02992
0.48860, -0.02985
0.49013, -0.02979
0.49167, -0.02973
0.49320, -0.02967
0.49474, -0.02961
0.49628, -0.02955
0.49782, -0.02949
0.49935, -0.02944
0.50089, -0.02938
0.50243, -0.02932
0.50396, -0.02927
0.50550, -0.02921
0.50704, -0.02915
0.50857, -0.02910
0.51011, -0.02905
0.51165, -0.02899
0.51319, -0.02894
0.51472, -0.02889
0.51626, -0.02884
0.51780, -0.02878
0.51933, -0.02873
0.52087, -0.02868
0.52240, -0.02864
0.52394, -0.02859
0.52548, -0.02854
0.52701, -0.02849
0.52855, -0.02845
0.53008, -0.02840
0.53162, -0.02836
0.53315, -0.02831
0.53469, -0.02827
0.53622, -0.02823
0.53776, -0.02818
0.53929, -0.02814
0.54083, -0.02810
0.54236, -0.02806
0.54389, -0.02802
0.54542, -0.02798
0.54696, -0.02794
0.54849, -0.02791
0.55002, -0.02787
0.55155, -0.02784
0.55308, -0.02780
0.55461, -0.02777
0.55614, -0.02773
0.55767, -0.02770
0.55920, -0.02767
0.56073, -0.02764
0.56226, -0.02761
0.56379, -0.02758
0.56531, -0.02755
0.56684, -0.02752
0.56836, -0.02749
0.56989, -0.02747
0.57141, -0.02744
0.57294, -0.02742
0.57446, -0.02739
0.57599, -0.02737
0.57751, -0.02735
0.57903, -0.02733
0.58055, -0.02731
0.58207, -0.02729
0.58359, -0.02727
0.58511, -0.02725
0.58663, -0.02723
0.58815, -0.02721
0.58966, -0.02720
0.59118, -0.02718
0.59270, -0.02717
0.59421, -0.02716
0.59572, -0.02714
0.59724, -0.02713
0.59875, -0.02712
0.60026, -0.02711
0.60177, -0.02710
0.60328, -0.02710
0.60479, -0.02709
0.60630, -0.02708
0.60781, -0.02708
0.60931, -0.02707
0.61082, -0.02707
0.61232, -0.02707
0.61382, -0.02706
0.61533, -0.02706
0.61683, -0.02706
0.61833, -0.02706
0.61983, -0.02707
0.62133, -0.02707
0.62282, -0.02707
0.62432, -0.02708
0.62582, -0.02708
0.62731, -0.02709
0.62880, -0.02709
0.63030, -0.02710
0.63179, -0.02711
0.63328, -0.02712
0.63476, -0.02713
0.63625, -0.02714
0.63774, -0.02716
0.63922, -0.02717
0.64071, -0.02718
0.64219, -0.02720
0.64367, -0.02722
0.64515, -0.02723
0.64663, -0.02725
0.64811, -0.02727
0.64959, -0.02729
0.65106, -0.02731
0.65253, -0.02733
0.65401, -0.02735
0.65548, -0.02738
0.65695, -0.02740
0.65842, -0.02743
0.65988, -0.02745
0.66135, -0.02748
0.66281, -0.02751
0.66428, -0.02754
0.66575, -0.02757
0.66721, -0.02760
0.66868, -0.02763
0.67015, -0.02766
0.67162, -0.02770
0.67309, -0.02773
0.67456, -0.02777
0.67603, -0.02780
0.67750, -0.02784
0.67897, -0.02787
0.68044, -0.02791
0.68191, -0.02795
0.68338, -0.02798
0.68486, -0.02802
0.68633, -0.02806
0.68780, -0.02809
0.68928, -0.02813
0.69075, -0.02816
0.69222, -0.02820
0.69369, -0.02823
0.69517, -0.02827
0.69664, -0.02830
0.69811, -0.02833
0.69959, -0.02836
0.70106, -0.02839
0.70253, -0.02842
0.70400, -0.02845
0.70547, -0.02848
0.70694, -0.02850
0.70841, -0.02853
0.70988, -0.02855
0.71135, -0.02857
0.71282, -0.02859
0.71429, -0.02861
0.71576, -0.02863
0.71722, -0.02864
0.71869, -0.02865
0.72015, -0.02866
0.72162, -0.02867
0.72308, -0.02868
0.72454, -0.02869
0.72600, -0.02869
0.72746, -0.02869
0.72892, -0.02869
0.73038, -0.02868
0.73184, -0.02867
0.73329, -0.02866
0.73475, -0.02865
0.73620, -0.02864
0.73765, -0.02862
0.73910, -0.02860
0.74055, -0.02858
0.74200, -0.02855
0.74344, -0.02852
0.74489, -0.02849
0.74633, -0.02845
0.74777, -0.02841
0.74921, -0.02837
0.75065, -0.02833
0.75208, -0.02828
0.75351, -0.02823
0.75493, -0.02817
0.75635, -0.02811
0.75777, -0.02805
0.75919, -0.02799
0.76060, -0.02792
0.76201, -0.02785
0.76341, -0.02777
0.76481, -0.02770
0.76621, -0.02762
0.76760, -0.02753
0.76899, -0.02745
0.77038, -0.02736
0.77176, -0.02727
0.77314, -0.02717
0.77452, -0.02708
0.77589, -0.02698
0.77726, -0.02687
0.77862, -0.02677
0.77999, -0.02666
0.78134, -0.02655
0.78270, -0.02644
0.78405, -0.02632
0.78540, -0.02620
0.78674, -0.02608
0.78808, -0.02596
0.78942, -0.02583
0.79075, -0.02570
0.79208, -0.02557
0.79340, -0.02544
0.79472, -0.02530
0.79604, -0.02516
0.79736, -0.02502
0.79867, -0.02488
0.79997, -0.02474
0.80128, -0.02459
0.80258, -0.02444
0.80387, -0.02429
0.80516, -0.02413
0.80645, -0.02398
0.80773, -0.02382
0.80901, -0.02366
0.81029, -0.02350
0.81156, -0.02334
0.81283, -0.02317
0.81410, -0.02300
0.81536, -0.02283
0.81662, -0.02266
0.81787, -0.02249
0.81912, -0.02231
0.82037, -0.02214
0.82161, -0.02196
0.82285, -0.02178
0.82408, -0.02159
0.82531, -0.02141
0.82654, -0.02122
0.82776, -0.02104
0.82898, -0.02085
0.83020, -0.02066
0.83141, -0.02047
0.83262, -0.02027
0.83382, -0.02008
0.83502, -0.01988
0.83621, -0.01968
0.83741, -0.01949
0.83859, -0.01929
0.83977, -0.01908
0.84095, -0.01888
0.84212, -0.01868
0.84329, -0.01847
0.84446, -0.01827
0.84562, -0.01806
0.84677, -0.01785
0.84793, -0.01764
0.84907, -0.01743
0.85021, -0.01722
0.85135, -0.01701
0.85249, -0.01680
0.85362, -0.01659
0.85474, -0.01637
0.85586, -0.01616
0.85698, -0.01594
0.85809, -0.01573
0.85920, -0.01551
0.86030, -0.01530
0.86140, -0.01508
0.86250, -0.01487
0.86359, -0.01465
0.86468, -0.01443
0.86576, -0.01421
0.86684, -0.01400
0.86791, -0.01378
0.86898, -0.01356
0.87005, -0.01334
0.87111, -0.01313
0.87216, -0.01291
0.87322, -0.01269
0.87427, -0.01247
0.87531, -0.01226
0.87635, -0.01204
0.87739, -0.01182
0.87842, -0.01160
0.87944, -0.01139
0.88047, -0.01117
0.88149, -0.01096
0.88250, -0.01074
0.88351, -0.01052
0.88452, -0.01031
0.88552, -0.01009
0.88652, -0.00988
0.88751, -0.00967
0.88850, -0.00945
0.88949, -0.00924
0.89047, -0.00903
0.89145, -0.00881
0.89242, -0.00860
0.89339, -0.00839
0.89435, -0.00818
0.89531, -0.00797
0.89627, -0.00776
0.89722, -0.00756
0.89817, -0.00735
0.89911, -0.00714
0.90005, -0.00694
0.90099, -0.00673
0.90192, -0.00653
0.90285, -0.00632
0.90377, -0.00612
0.90469, -0.00592
0.90560, -0.00572
0.90651, -0.00552
0.90742, -0.00532
0.90832, -0.00512
0.90922, -0.00493
0.91011, -0.00473
0.91100, -0.00453
0.91189, -0.00434
0.91277, -0.00415
0.91365, -0.00395
0.91452, -0.00376
0.91539, -0.00357
0.91625, -0.00338
0.91711, -0.00320
0.91797, -0.00301
0.91882, -0.00282
0.91967, -0.00264
0.92051, -0.00245
0.92135, -0.00227
0.92219, -0.00209
0.92302, -0.00191
0.92385, -0.00173
0.92467, -0.00155
0.92549, -0.00138
0.92630, -0.00120
0.92711, -0.00103
0.92792, -0.00085
0.92872, -0.00068
0.92952, -0.00051
0.93031, -0.00034
0.93110, -0.00017
0.93188, -0.00000
0.93266, 0.00016
0.93344, 0.00033
0.93421, 0.00049
0.93498, 0.00065
0.93575, 0.00081
0.93650, 0.00097
0.93726, 0.00113
0.93801, 0.00129
0.93876, 0.00144
0.93950, 0.00160
0.94024, 0.00175
0.94097, 0.00190
0.94170, 0.00205
0.94243, 0.00220
0.94315, 0.00235
0.94387, 0.00250
0.94458, 0.00264
0.94529, 0.00279
0.94599, 0.00293
0.94669, 0.00307
0.94739, 0.00321
0.94808, 0.00335
0.94876, 0.00349
0.94945, 0.00363
0.95013, 0.00376
0.95080, 0.00390
0.95147, 0.00403
0.95213, 0.00416
0.95280, 0.00429
0.95345, 0.00442
0.95410, 0.00455
0.95475, 0.00467
0.95540, 0.00480
0.95603, 0.00492
0.95667, 0.00504
0.95730, 0.00516
0.95793, 0.00528
0.95855, 0.00540
0.95917, 0.00552
0.95978, 0.00564
0.96039, 0.00575
0.96099, 0.00586
0.96159, 0.00598
0.96219, 0.00609
0.96278, 0.00620
0.96336, 0.00630
0.96395, 0.00641
0.96452, 0.00652
0.96510, 0.00662
0.96567, 0.00673
0.96623, 0.00683
0.96679, 0.00693
0.96734, 0.00703
0.96790, 0.00713
0.96844, 0.00722
0.96898, 0.00732
0.96952, 0.00742
0.97005, 0.00751
0.97058, 0.00760
0.97111, 0.00769
0.97163, 0.00778
0.97214, 0.00787
0.97265, 0.00796
0.97316, 0.00805
0.97366, 0.00813
0.97415, 0.00822
0.97465, 0.00830
0.97513, 0.00838
0.97562, 0.00846
0.97610, 0.00854
0.97657, 0.00862
0.97704, 0.00870
0.97750, 0.00878
0.97796, 0.00885
0.97842, 0.00893
0.97887, 0.00900
0.97932, 0.00907
0.97976, 0.00914
0.98020, 0.00921
0.98063, 0.00928
0.98106, 0.00935
0.98148, 0.00942
0.98190, 0.00948
0.98231, 0.00955
0.98272, 0.00961
0.98313, 0.00968
0.98353, 0.00974
0.98392, 0.00980
0.98431, 0.00986
0.98470, 0.00992
0.98508, 0.00998
0.98545, 0.01003
0.98583, 0.01009
0.98619, 0.01014
0.98656, 0.01020
0.98691, 0.01025
0.98727, 0.01031
0.98761, 0.01036
0.98796, 0.01041
0.98830, 0.01046
0.98863, 0.01051
0.98896, 0.01055
0.98928, 0.01060
0.98960, 0.01065
0.98992, 0.01069
0.99023, 0.01074
0.99053, 0.01078
0.99083, 0.01082
0.99113, 0.01087
0.99142, 0.01091
0.99171, 0.01095
0.99199, 0.01099
0.99227, 0.01102
0.99254, 0.01106
0.99280, 0.01110
0.99307, 0.01114
0.99332, 0.01117
0.99358, 0.01121
0.99382, 0.01124
0.99407, 0.01127
0.99431, 0.01130
0.99454, 0.01134
0.99477, 0.01137
0.99499, 0.01140
0.99521, 0.01143
0.99542, 0.01145
0.99563, 0.01148
0.99584, 0.01151
0.99604, 0.01154
0.99623, 0.01156
0.99642, 0.01159
0.99660, 0.01161
0.99678, 0.01163
0.99696, 0.01166
0.99713, 0.01168
0.99729, 0.01170
0.99745, 0.01172
0.99761, 0.01174
0.99776, 0.01176
0.99790, 0.01178
0.99804, 0.01180
0.99818, 0.01182
0.99831, 0.01183
0.99844, 0.01185
0.99856, 0.01186
0.99867, 0.01188
0.99878, 0.01189
0.99889, 0.01191
0.99899, 0.01192
0.99909, 0.01193
0.99918, 0.01194
0.99927, 0.01195
0.99935, 0.01196
0.99942, 0.01197
0.99950, 0.01198
0.99956, 0.01199
0.99962, 0.01200
0.99968, 0.01200
0.99973, 0.01201
0.99978, 0.01202
0.99982, 0.01202
0.99986, 0.01203
0.99989, 0.01203
0.99992, 0.01203
0.99994, 0.01204
0.99996, 0.01204
0.99997, 0.01204
0.99997, 0.01204
0.99997, 0.01204
