airfoil_points_833
1.000000 -0.012680
0.999748 -0.012624
0.998993 -0.012458
0.997736 -0.012180
0.995977 -0.011790
0.993719 -0.011288
0.990964 -0.010674
0.987715 -0.009947
0.983974 -0.009106
0.979746 -0.008150
0.975036 -0.007081
0.969846 -0.005897
0.964184 -0.004599
0.958054 -0.003188
0.951463 -0.001664
0.944418 -0.000030
0.936925 0.001713
0.928992 0.003560
0.920627 0.005509
0.911838 0.007555
0.902635 0.009691
0.893027 0.011911
0.883022 0.014207
0.872632 0.016569
0.861867 0.018988
0.850737 0.021452
0.839255 0.023948
0.827430 0.026462
0.815276 0.028983
0.802805 0.031497
0.790028 0.033992
0.776960 0.036455
0.763613 0.038871
0.750000 0.041226
0.736136 0.043511
0.722033 0.045721
0.707708 0.047856
0.693173 0.049916
0.678443 0.051899
0.663534 0.053807
0.648460 0.055638
0.633237 0.057392
0.617879 0.059067
0.602403 0.060663
0.586824 0.062179
0.571157 0.063616
0.555419 0.064972
0.539625 0.066249
0.523791 0.067448
0.507933 0.068568
0.492067 0.069612
0.476209 0.070579
0.460375 0.071471
0.444581 0.072289
0.428843 0.073034
0.413176 0.073707
0.397597 0.074309
0.382121 0.074841
0.366763 0.075304
0.351540 0.075697
0.336466 0.076023
0.321557 0.076281
0.306827 0.076471
0.292292 0.076594
0.277967 0.076649
0.263864 0.076637
0.250000 0.076549
0.236387 0.076364
0.223040 0.076061
0.209972 0.075621
0.197195 0.075031
0.184724 0.074276
0.172570 0.073346
0.160745 0.072228
0.149263 0.070917
0.138133 0.069409
0.127368 0.067702
0.116978 0.065799
0.106973 0.063717
0.097365 0.061479
0.088162 0.059104
0.079373 0.056613
0.071008 0.054022
0.063075 0.051347
0.055582 0.048603
0.048537 0.045803
0.041946 0.042959
0.035816 0.040081
0.030154 0.037179
0.024964 0.034262
0.020254 0.031336
0.016026 0.028409
0.012285 0.025486
0.009036 0.022574
0.006281 0.019678
0.004023 0.016807
0.002264 0.013974
0.001007 0.011210
0.000252 0.008633
0.000000 0.007124
0.000252 0.001860
0.001007 -0.000595
0.002264 -0.003124
0.004023 -0.005599
0.006281 -0.007991
0.009036 -0.010287
0.012285 -0.012483
0.016026 -0.014575
0.020254 -0.016559
0.024964 -0.018435
0.030154 -0.020203
0.035816 -0.021860
0.041946 -0.023410
0.048537 -0.024853
0.055582 -0.026192
0.063075 -0.027433
0.071008 -0.028580
0.079373 -0.029643
0.088162 -0.030631
0.097365 -0.031557
0.106973 -0.032437
0.116978 -0.033286
0.127368 -0.034128
0.138133 -0.034986
0.149263 -0.035864
0.160745 -0.036754
0.172570 -0.037647
0.184724 -0.038532
0.197195 -0.039393
0.209972 -0.040215
0.223040 -0.040982
0.236387 -0.041680
0.250000 -0.042290
0.263864 -0.042793
0.277967 -0.043171
0.292292 -0.043420
0.306827 -0.043545
0.321557 -0.043549
0.336466 -0.043436
0.351540 -0.043211
0.366763 -0.042881
0.382121 -0.042451
0.397597 -0.041928
0.413176 -0.041319
0.428843 -0.040631
0.444581 -0.039873
0.460375 -0.039052
0.476209 -0.038177
0.492067 -0.037256
0.507933 -0.036298
0.523791 -0.035310
0.539625 -0.034302
0.555419 -0.033281
0.571157 -0.032256
0.586824 -0.031234
0.602403 -0.030223
0.617879 -0.029230
0.633237 -0.028261
0.648460 -0.027323
0.663534 -0.026422
0.678443 -0.025562
0.693173 -0.024751
0.707708 -0.023995
0.722033 -0.023300
0.736136 -0.022672
0.750000 -0.022116
0.763613 -0.021632
0.776960 -0.021215
0.790028 -0.020855
0.802805 -0.020543
0.815276 -0.020273
0.827430 -0.020036
0.839255 -0.019827
0.850737 -0.019638
0.861867 -0.019461
0.872632 -0.019290
0.883022 -0.019120
0.893027 -0.018946
0.902635 -0.018765
0.911838 -0.018575
0.920627 -0.018376
0.928992 -0.018166
0.936925 -0.017946
0.944418 -0.017719
0.951463 -0.017485
0.958054 -0.017247
0.964184 -0.017008
0.969846 -0.016771
0.975036 -0.016539
0.979746 -0.016316
0.983974 -0.016105
0.987715 -0.015910
0.990964 -0.015733
0.993719 -0.015579
0.995977 -0.015448
0.997736 -0.015344
0.998993 -0.015269
0.999748 -0.015223
1.000000 -0.015210
