=== Airfoil Parameters ===
m = 0.02
p = 0.4
t = 0.12

=== Control Points ===
0.00000, 0.00497, 0.00497
0.06667, 0.00939, 0.00328
0.13333, 0.01303, 0.00192
0.20000, 0.01810, 0.00310
0.26667, 0.02159, 0.00381
0.66667, 0.01840, 0.00235
0.75000, 0.01713, 0.00393
0.83333, 0.02067, 0.01110
0.91667, 0.02440, 0.01923
1.00000, 0.02384, 0.02384

=== Upper Surface ===
0.00000, 0.00497
-0.00003, 0.00525
-0.00004, 0.00553
-0.00005, 0.00581
-0.00006, 0.00609
-0.00006, 0.00637
-0.00006, 0.00665
-0.00006, 0.00693
-0.00004, 0.00721
-0.00003, 0.00749
-0.00000, 0.00777
0.00002, 0.00805
0.00006, 0.00833
0.00009, 0.00861
0.00013, 0.00889
0.00018, 0.00917
0.00023, 0.00945
0.00029, 0.00973
0.00035, 0.01001
0.00042, 0.01029
0.00049, 0.01057
0.00057, 0.01085
0.00065, 0.01113
0.00074, 0.01141
0.00083, 0.01169
0.00093, 0.01197
0.00103, 0.01225
0.00114, 0.01253
0.00126, 0.01281
0.00137, 0.01309
0.00150, 0.01337
0.00162, 0.01365
0.00176, 0.01393
0.00190, 0.01422
0.00204, 0.01450
0.00219, 0.01478
0.00234, 0.01506
0.00250, 0.01534
0.00266, 0.01562
0.00283, 0.01590
0.00301, 0.01618
0.00319, 0.01646
0.00337, 0.01674
0.00356, 0.01702
0.00375, 0.01730
0.00395, 0.01758
0.00416, 0.01786
0.00437, 0.01814
0.00458, 0.01842
0.00480, 0.01870
0.00503, 0.01898
0.00526, 0.01926
0.00549, 0.01955
0.00573, 0.01983
0.00598, 0.02010
0.00623, 0.02038
0.00648, 0.02066
0.00674, 0.02094
0.00701, 0.02122
0.00728, 0.02150
0.00755, 0.02178
0.00783, 0.02206
0.00812, 0.02234
0.00841, 0.02262
0.00871, 0.02290
0.00901, 0.02318
0.00931, 0.02346
0.00963, 0.02373
0.00994, 0.02401
0.01026, 0.02429
0.01059, 0.02457
0.01092, 0.02485
0.01126, 0.02512
0.01160, 0.02540
0.01195, 0.02568
0.01230, 0.02595
0.01266, 0.02623
0.01302, 0.02651
0.01338, 0.02678
0.01376, 0.02706
0.01413, 0.02733
0.01451, 0.02761
0.01490, 0.02788
0.01529, 0.02816
0.01569, 0.02843
0.01609, 0.02871
0.01650, 0.02898
0.01691, 0.02925
0.01733, 0.02953
0.01775, 0.02980
0.01818, 0.03007
0.01861, 0.03035
0.01905, 0.03062
0.01949, 0.03089
0.01994, 0.03116
0.02039, 0.03143
0.02084, 0.03170
0.02131, 0.03197
0.02177, 0.03224
0.02224, 0.03251
0.02272, 0.03278
0.02320, 0.03305
0.02369, 0.03332
0.02418, 0.03359
0.02468, 0.03385
0.02518, 0.03412
0.02568, 0.03439
0.02619, 0.03465
0.02671, 0.03492
0.02723, 0.03518
0.02775, 0.03545
0.02828, 0.03571
0.02882, 0.03598
0.02936, 0.03624
0.02990, 0.03650
0.03045, 0.03677
0.03101, 0.03703
0.03157, 0.03729
0.03213, 0.03755
0.03270, 0.03781
0.03327, 0.03807
0.03385, 0.03833
0.03443, 0.03859
0.03502, 0.03885
0.03561, 0.03911
0.03621, 0.03936
0.03681, 0.03962
0.03742, 0.03988
0.03803, 0.04013
0.03864, 0.04039
0.03926, 0.04064
0.03989, 0.04089
0.04052, 0.04115
0.04115, 0.04140
0.04179, 0.04165
0.04243, 0.04190
0.04308, 0.04215
0.04373, 0.04240
0.04439, 0.04265
0.04505, 0.04290
0.04571, 0.04315
0.04638, 0.04340
0.04706, 0.04365
0.04774, 0.04389
0.04842, 0.04414
0.04911, 0.04438
0.04980, 0.04463
0.05050, 0.04487
0.05120, 0.04512
0.05191, 0.04536
0.05262, 0.04560
0.05333, 0.04584
0.05405, 0.04608
0.05477, 0.04632
0.05550, 0.04656
0.05623, 0.04680
0.05697, 0.04704
0.05771, 0.04728
0.05845, 0.04751
0.05920, 0.04775
0.05995, 0.04798
0.06071, 0.04822
0.06147, 0.04845
0.06224, 0.04869
0.06301, 0.04892
0.06378, 0.04915
0.06456, 0.04938
0.06534, 0.04961
0.06612, 0.04984
0.06691, 0.05007
0.06771, 0.05030
0.06851, 0.05053
0.06931, 0.05076
0.07011, 0.05098
0.07092, 0.05121
0.07174, 0.05143
0.07256, 0.05166
0.07338, 0.05188
0.07420, 0.05211
0.07503, 0.05233
0.07587, 0.05255
0.07670, 0.05277
0.07755, 0.05299
0.07839, 0.05321
0.07924, 0.05343
0.08009, 0.05365
0.08095, 0.05387
0.08181, 0.05409
0.08267, 0.05431
0.08354, 0.05452
0.08441, 0.05474
0.08528, 0.05495
0.08616, 0.05517
0.08704, 0.05538
0.08793, 0.05560
0.08882, 0.05581
0.08971, 0.05602
0.09061, 0.05623
0.09151, 0.05644
0.09241, 0.05666
0.09332, 0.05687
0.09423, 0.05708
0.09514, 0.05728
0.09606, 0.05749
0.09698, 0.05770
0.09790, 0.05791
0.09883, 0.05812
0.09976, 0.05832
0.10069, 0.05853
0.10163, 0.05874
0.10257, 0.05894
0.10351, 0.05915
0.10446, 0.05935
0.10541, 0.05955
0.10636, 0.05976
0.10732, 0.05996
0.10828, 0.06017
0.10924, 0.06037
0.11020, 0.06057
0.11117, 0.06077
0.11214, 0.06097
0.11312, 0.06118
0.11410, 0.06138
0.11508, 0.06158
0.11606, 0.06178
0.11705, 0.06198
0.11803, 0.06218
0.11903, 0.06238
0.12002, 0.06258
0.12102, 0.06278
0.12202, 0.06298
0.12302, 0.06318
0.12403, 0.06338
0.12504, 0.06357
0.12605, 0.06377
0.12707, 0.06397
0.12808, 0.06417
0.12910, 0.06437
0.13013, 0.06457
0.13115, 0.06477
0.13218, 0.06497
0.13322, 0.06516
0.13426, 0.06536
0.13531, 0.06556
0.13635, 0.06576
0.13741, 0.06596
0.13847, 0.06616
0.13953, 0.06636
0.14060, 0.06656
0.14167, 0.06675
0.14275, 0.06695
0.14383, 0.06715
0.14492, 0.06735
0.14601, 0.06755
0.14710, 0.06775
0.14820, 0.06794
0.14931, 0.06814
0.15042, 0.06834
0.15153, 0.06854
0.15265, 0.06873
0.15378, 0.06893
0.15490, 0.06912
0.15604, 0.06932
0.15718, 0.06952
0.15832, 0.06971
0.15947, 0.06990
0.16062, 0.07010
0.16178, 0.07029
0.16294, 0.07048
0.16411, 0.07068
0.16528, 0.07087
0.16646, 0.07106
0.16764, 0.07125
0.16882, 0.07144
0.17001, 0.07163
0.17121, 0.07182
0.17241, 0.07200
0.17362, 0.07219
0.17483, 0.07237
0.17604, 0.07256
0.17726, 0.07274
0.17849, 0.07293
0.17972, 0.07311
0.18096, 0.07329
0.18220, 0.07347
0.18344, 0.07364
0.18469, 0.07382
0.18595, 0.07400
0.18721, 0.07417
0.18847, 0.07434
0.18974, 0.07452
0.19102, 0.07469
0.19230, 0.07486
0.19358, 0.07502
0.19487, 0.07519
0.19617, 0.07535
0.19747, 0.07551
0.19877, 0.07567
0.20007, 0.07583
0.20138, 0.07599
0.20269, 0.07614
0.20400, 0.07630
0.20532, 0.07645
0.20664, 0.07660
0.20796, 0.07675
0.20928, 0.07689
0.21061, 0.07704
0.21194, 0.07718
0.21327, 0.07732
0.21460, 0.07746
0.21594, 0.07760
0.21728, 0.07773
0.21862, 0.07786
0.21997, 0.07800
0.22132, 0.07813
0.22267, 0.07825
0.22402, 0.07838
0.22537, 0.07850
0.22673, 0.07863
0.22809, 0.07875
0.22945, 0.07887
0.23082, 0.07898
0.23219, 0.07910
0.23356, 0.07921
0.23493, 0.07933
0.23630, 0.07944
0.23768, 0.07955
0.23906, 0.07965
0.24044, 0.07976
0.24182, 0.07986
0.24321, 0.07996
0.24460, 0.08006
0.24599, 0.08016
0.24738, 0.08026
0.24877, 0.08035
0.25017, 0.08045
0.25157, 0.08054
0.25297, 0.08063
0.25437, 0.08072
0.25578, 0.08080
0.25719, 0.08089
0.25860, 0.08097
0.26001, 0.08105
0.26142, 0.08114
0.26284, 0.08121
0.26425, 0.08129
0.26567, 0.08137
0.26710, 0.08144
0.26852, 0.08151
0.26995, 0.08158
0.27137, 0.08165
0.27281, 0.08172
0.27424, 0.08179
0.27567, 0.08185
0.27711, 0.08191
0.27855, 0.08197
0.27999, 0.08203
0.28144, 0.08209
0.28288, 0.08215
0.28433, 0.08220
0.28578, 0.08226
0.28723, 0.08231
0.28869, 0.08236
0.29014, 0.08241
0.29160, 0.08246
0.29306, 0.08250
0.29452, 0.08255
0.29599, 0.08259
0.29746, 0.08263
0.29892, 0.08267
0.30039, 0.08271
0.30187, 0.08274
0.30334, 0.08278
0.30482, 0.08281
0.30629, 0.08284
0.30777, 0.08287
0.30925, 0.08290
0.31074, 0.08293
0.31222, 0.08295
0.31371, 0.08298
0.31520, 0.08300
0.31669, 0.08302
0.31818, 0.08304
0.31967, 0.08306
0.32117, 0.08307
0.32267, 0.08309
0.32417, 0.08310
0.32567, 0.08311
0.32717, 0.08312
0.32867, 0.08313
0.33018, 0.08314
0.33168, 0.08314
0.33319, 0.08315
0.33470, 0.08315
0.33621, 0.08315
0.33773, 0.08315
0.33924, 0.08315
0.34076, 0.08314
0.34227, 0.08314
0.34379, 0.08313
0.34531, 0.08313
0.34684, 0.08312
0.34836, 0.08311
0.34988, 0.08309
0.35141, 0.08308
0.35294, 0.08306
0.35446, 0.08305
0.35599, 0.08303
0.35753, 0.08301
0.35906, 0.08299
0.36059, 0.08297
0.36213, 0.08294
0.36366, 0.08292
0.36520, 0.08289
0.36674, 0.08286
0.36828, 0.08283
0.36982, 0.08280
0.37136, 0.08277
0.37291, 0.08273
0.37445, 0.08270
0.37600, 0.08266
0.37754, 0.08262
0.37909, 0.08259
0.38064, 0.08254
0.38219, 0.08250
0.38374, 0.08246
0.38529, 0.08241
0.38684, 0.08237
0.38840, 0.08232
0.38995, 0.08227
0.39151, 0.08222
0.39307, 0.08217
0.39462, 0.08212
0.39618, 0.08206
0.39774, 0.08201
0.39930, 0.08195
0.40086, 0.08189
0.40242, 0.08183
0.40399, 0.08177
0.40555, 0.08171
0.40711, 0.08164
0.40868, 0.08158
0.41025, 0.08151
0.41181, 0.08145
0.41338, 0.08138
0.41495, 0.08131
0.41652, 0.08124
0.41809, 0.08116
0.41966, 0.08109
0.42123, 0.08101
0.42280, 0.08094
0.42437, 0.08086
0.42594, 0.08078
0.42751, 0.08070
0.42909, 0.08062
0.43066, 0.08054
0.43224, 0.08046
0.43381, 0.08037
0.43539, 0.08028
0.43696, 0.08020
0.43854, 0.08011
0.44012, 0.08002
0.44169, 0.07993
0.44327, 0.07984
0.44485, 0.07975
0.44643, 0.07965
0.44801, 0.07956
0.44959, 0.07946
0.45117, 0.07936
0.45275, 0.07926
0.45433, 0.07917
0.45591, 0.07906
0.45749, 0.07896
0.45907, 0.07886
0.46065, 0.07876
0.46223, 0.07865
0.46381, 0.07855
0.46540, 0.07844
0.46698, 0.07833
0.46856, 0.07822
0.47014, 0.07811
0.47173, 0.07800
0.47331, 0.07789
0.47489, 0.07777
0.47647, 0.07766
0.47806, 0.07754
0.47964, 0.07743
0.48122, 0.07731
0.48281, 0.07719
0.48439, 0.07707
0.48597, 0.07695
0.48756, 0.07683
0.48914, 0.07671
0.49072, 0.07659
0.49230, 0.07646
0.49389, 0.07634
0.49547, 0.07621
0.49705, 0.07609
0.49863, 0.07596
0.50022, 0.07583
0.50180, 0.07570
0.50338, 0.07557
0.50496, 0.07544
0.50654, 0.07531
0.50813, 0.07517
0.50971, 0.07504
0.51129, 0.07491
0.51287, 0.07477
0.51445, 0.07463
0.51603, 0.07450
0.51761, 0.07436
0.51919, 0.07422
0.52077, 0.07408
0.52235, 0.07394
0.52392, 0.07380
0.52550, 0.07366
0.52708, 0.07352
0.52866, 0.07337
0.53023, 0.07323
0.53181, 0.07308
0.53338, 0.07294
0.53496, 0.07279
0.53653, 0.07264
0.53811, 0.07250
0.53968, 0.07235
0.54126, 0.07220
0.54283, 0.07205
0.54440, 0.07190
0.54597, 0.07175
0.54754, 0.07159
0.54911, 0.07144
0.55068, 0.07129
0.55225, 0.07113
0.55382, 0.07098
0.55539, 0.07082
0.55695, 0.07067
0.55852, 0.07051
0.56009, 0.07036
0.56165, 0.07020
0.56321, 0.07004
0.56478, 0.06988
0.56634, 0.06972
0.56790, 0.06956
0.56946, 0.06940
0.57102, 0.06924
0.57258, 0.06908
0.57414, 0.06892
0.57570, 0.06875
0.57725, 0.06859
0.57881, 0.06843
0.58037, 0.06826
0.58192, 0.06810
0.58347, 0.06793
0.58502, 0.06777
0.58658, 0.06760
0.58813, 0.06743
0.58967, 0.06727
0.59122, 0.06710
0.59277, 0.06693
0.59432, 0.06676
0.59586, 0.06659
0.59740, 0.06642
0.59895, 0.06625
0.60049, 0.06608
0.60203, 0.06591
0.60357, 0.06574
0.60511, 0.06557
0.60664, 0.06540
0.60818, 0.06522
0.60972, 0.06505
0.61125, 0.06488
0.61278, 0.06471
0.61431, 0.06453
0.61584, 0.06436
0.61737, 0.06418
0.61890, 0.06401
0.62043, 0.06383
0.62195, 0.06366
0.62347, 0.06348
0.62500, 0.06331
0.62652, 0.06313
0.62804, 0.06295
0.62956, 0.06278
0.63107, 0.06260
0.63259, 0.06242
0.63410, 0.06224
0.63561, 0.06207
0.63713, 0.06189
0.63864, 0.06171
0.64014, 0.06153
0.64165, 0.06135
0.64316, 0.06117
0.64466, 0.06099
0.64616, 0.06082
0.64766, 0.06064
0.64916, 0.06046
0.65066, 0.06028
0.65216, 0.06010
0.65365, 0.05992
0.65514, 0.05973
0.65663, 0.05955
0.65812, 0.05937
0.65961, 0.05919
0.66110, 0.05901
0.66258, 0.05883
0.66407, 0.05865
0.66555, 0.05847
0.66703, 0.05829
0.66851, 0.05810
0.66998, 0.05792
0.67145, 0.05774
0.67292, 0.05756
0.67439, 0.05738
0.67585, 0.05720
0.67732, 0.05701
0.67877, 0.05683
0.68023, 0.05665
0.68168, 0.05647
0.68313, 0.05629
0.68458, 0.05611
0.68603, 0.05593
0.68747, 0.05575
0.68891, 0.05557
0.69035, 0.05540
0.69178, 0.05522
0.69321, 0.05504
0.69464, 0.05487
0.69607, 0.05469
0.69749, 0.05452
0.69891, 0.05434
0.70033, 0.05417
0.70174, 0.05400
0.70316, 0.05382
0.70457, 0.05365
0.70597, 0.05348
0.70738, 0.05332
0.70878, 0.05315
0.71018, 0.05298
0.71157, 0.05281
0.71297, 0.05265
0.71436, 0.05249
0.71574, 0.05232
0.71713, 0.05216
0.71851, 0.05200
0.71989, 0.05184
0.72127, 0.05169
0.72264, 0.05153
0.72401, 0.05138
0.72538, 0.05122
0.72675, 0.05107
0.72811, 0.05092
0.72947, 0.05077
0.73083, 0.05062
0.73218, 0.05048
0.73354, 0.05033
0.73489, 0.05019
0.73623, 0.05005
0.73758, 0.04991
0.73892, 0.04977
0.74026, 0.04963
0.74159, 0.04950
0.74293, 0.04937
0.74426, 0.04924
0.74559, 0.04911
0.74691, 0.04898
0.74823, 0.04885
0.74955, 0.04873
0.75087, 0.04861
0.75219, 0.04849
0.75350, 0.04837
0.75482, 0.04825
0.75613, 0.04814
0.75744, 0.04802
0.75875, 0.04791
0.76006, 0.04780
0.76137, 0.04769
0.76267, 0.04758
0.76398, 0.04748
0.76528, 0.04737
0.76658, 0.04727
0.76788, 0.04717
0.76918, 0.04707
0.77048, 0.04697
0.77177, 0.04688
0.77306, 0.04678
0.77436, 0.04668
0.77565, 0.04659
0.77693, 0.04650
0.77822, 0.04641
0.77950, 0.04632
0.78079, 0.04623
0.78207, 0.04614
0.78335, 0.04605
0.78462, 0.04597
0.78590, 0.04588
0.78717, 0.04580
0.78844, 0.04572
0.78971, 0.04563
0.79098, 0.04555
0.79224, 0.04547
0.79350, 0.04539
0.79476, 0.04531
0.79602, 0.04523
0.79728, 0.04516
0.79853, 0.04508
0.79978, 0.04500
0.80103, 0.04493
0.80228, 0.04485
0.80352, 0.04477
0.80476, 0.04470
0.80600, 0.04463
0.80724, 0.04455
0.80848, 0.04448
0.80971, 0.04441
0.81094, 0.04433
0.81217, 0.04426
0.81339, 0.04419
0.81461, 0.04412
0.81583, 0.04405
0.81705, 0.04398
0.81827, 0.04391
0.81948, 0.04383
0.82069, 0.04376
0.82189, 0.04369
0.82310, 0.04362
0.82430, 0.04355
0.82550, 0.04348
0.82669, 0.04341
0.82789, 0.04334
0.82908, 0.04327
0.83026, 0.04320
0.83145, 0.04313
0.83263, 0.04306
0.83381, 0.04299
0.83498, 0.04292
0.83615, 0.04285
0.83732, 0.04278
0.83849, 0.04271
0.83965, 0.04264
0.84081, 0.04257
0.84196, 0.04250
0.84312, 0.04243
0.84427, 0.04236
0.84541, 0.04229
0.84655, 0.04222
0.84769, 0.04215
0.84883, 0.04207
0.84996, 0.04200
0.85109, 0.04193
0.85222, 0.04186
0.85334, 0.04179
0.85446, 0.04171
0.85557, 0.04164
0.85668, 0.04157
0.85779, 0.04149
0.85890, 0.04142
0.86000, 0.04135
0.86110, 0.04127
0.86219, 0.04120
0.86328, 0.04113
0.86437, 0.04105
0.86545, 0.04098
0.86653, 0.04090
0.86761, 0.04083
0.86868, 0.04075
0.86975, 0.04068
0.87082, 0.04060
0.87188, 0.04052
0.87294, 0.04045
0.87399, 0.04037
0.87504, 0.04029
0.87609, 0.04022
0.87714, 0.04014
0.87818, 0.04006
0.87921, 0.03998
0.88024, 0.03991
0.88127, 0.03983
0.88230, 0.03975
0.88332, 0.03967
0.88433, 0.03959
0.88535, 0.03951
0.88636, 0.03943
0.88736, 0.03935
0.88836, 0.03927
0.88936, 0.03919
0.89036, 0.03911
0.89134, 0.03903
0.89233, 0.03895
0.89331, 0.03887
0.89429, 0.03879
0.89526, 0.03871
0.89624, 0.03862
0.89720, 0.03854
0.89816, 0.03846
0.89912, 0.03838
0.90008, 0.03829
0.90103, 0.03821
0.90197, 0.03813
0.90291, 0.03804
0.90385, 0.03796
0.90479, 0.03787
0.90571, 0.03779
0.90664, 0.03771
0.90756, 0.03762
0.90848, 0.03754
0.90939, 0.03745
0.91030, 0.03736
0.91121, 0.03728
0.91211, 0.03719
0.91300, 0.03711
0.91390, 0.03702
0.91479, 0.03693
0.91567, 0.03685
0.91655, 0.03676
0.91742, 0.03667
0.91830, 0.03659
0.91916, 0.03650
0.92003, 0.03641
0.92088, 0.03632
0.92174, 0.03624
0.92259, 0.03615
0.92344, 0.03606
0.92428, 0.03597
0.92511, 0.03588
0.92595, 0.03579
0.92678, 0.03571
0.92760, 0.03562
0.92842, 0.03553
0.92923, 0.03544
0.93005, 0.03535
0.93085, 0.03526
0.93166, 0.03517
0.93245, 0.03508
0.93325, 0.03499
0.93404, 0.03491
0.93482, 0.03482
0.93560, 0.03473
0.93638, 0.03464
0.93715, 0.03455
0.93792, 0.03446
0.93868, 0.03437
0.93944, 0.03428
0.94019, 0.03419
0.94094, 0.03410
0.94169, 0.03401
0.94243, 0.03392
0.94316, 0.03383
0.94389, 0.03374
0.94462, 0.03365
0.94534, 0.03356
0.94606, 0.03347
0.94677, 0.03338
0.94748, 0.03329
0.94819, 0.03321
0.94889, 0.03312
0.94958, 0.03303
0.95027, 0.03294
0.95096, 0.03285
0.95164, 0.03276
0.95232, 0.03267
0.95299, 0.03258
0.95366, 0.03250
0.95432, 0.03241
0.95498, 0.03232
0.95563, 0.03223
0.95628, 0.03214
0.95693, 0.03206
0.95757, 0.03197
0.95820, 0.03188
0.95883, 0.03180
0.95946, 0.03171
0.96008, 0.03162
0.96070, 0.03154
0.96131, 0.03145
0.96192, 0.03137
0.96252, 0.03128
0.96312, 0.03120
0.96371, 0.03111
0.96430, 0.03103
0.96488, 0.03094
0.96546, 0.03086
0.96604, 0.03077
0.96661, 0.03069
0.96717, 0.03061
0.96774, 0.03052
0.96829, 0.03044
0.96884, 0.03036
0.96939, 0.03028
0.96993, 0.03020
0.97047, 0.03012
0.97100, 0.03004
0.97153, 0.02995
0.97205, 0.02988
0.97257, 0.02980
0.97308, 0.02972
0.97359, 0.02964
0.97410, 0.02956
0.97459, 0.02948
0.97509, 0.02941
0.97558, 0.02933
0.97606, 0.02925
0.97654, 0.02918
0.97702, 0.02910
0.97749, 0.02903
0.97795, 0.02895
0.97842, 0.02888
0.97887, 0.02880
0.97932, 0.02873
0.97977, 0.02866
0.98021, 0.02859
0.98065, 0.02852
0.98108, 0.02845
0.98151, 0.02837
0.98193, 0.02831
0.98235, 0.02824
0.98276, 0.02817
0.98317, 0.02810
0.98357, 0.02803
0.98397, 0.02797
0.98436, 0.02790
0.98475, 0.02783
0.98514, 0.02777
0.98552, 0.02771
0.98589, 0.02764
0.98626, 0.02758
0.98663, 0.02752
0.98698, 0.02746
0.98734, 0.02739
0.98769, 0.02733
0.98804, 0.02727
0.98838, 0.02722
0.98871, 0.02716
0.98904, 0.02710
0.98937, 0.02704
0.98969, 0.02699
0.99000, 0.02693
0.99032, 0.02688
0.99062, 0.02682
0.99092, 0.02677
0.99122, 0.02672
0.99151, 0.02667
0.99180, 0.02661
0.99208, 0.02656
0.99236, 0.02651
0.99263, 0.02647
0.99290, 0.02642
0.99316, 0.02637
0.99342, 0.02632
0.99367, 0.02628
0.99392, 0.02623
0.99416, 0.02619
0.99440, 0.02615
0.99463, 0.02610
0.99486, 0.02606
0.99508, 0.02602
0.99530, 0.02598
0.99552, 0.02594
0.99573, 0.02591
0.99593, 0.02587
0.99613, 0.02583
0.99632, 0.02580
0.99651, 0.02576
0.99670, 0.02573
0.99687, 0.02569
0.99705, 0.02566
0.99722, 0.02563
0.99738, 0.02560
0.99754, 0.02557
0.99770, 0.02554
0.99785, 0.02551
0.99799, 0.02549
0.99813, 0.02546
0.99827, 0.02544
0.99840, 0.02541
0.99852, 0.02539
0.99864, 0.02536
0.99876, 0.02534
0.99887, 0.02532
0.99898, 0.02530
0.99908, 0.02528
0.99917, 0.02527
0.99926, 0.02525
0.99935, 0.02523
0.99943, 0.02522
0.99951, 0.02520
0.99958, 0.02519
0.99964, 0.02518
0.99971, 0.02517
0.99976, 0.02515
0.99981, 0.02514
0.99986, 0.02514
0.99990, 0.02513
0.99994, 0.02512
0.99997, 0.02512
1.00000, 0.02511
1.00002, 0.02511
1.00004, 0.02510
1.00005, 0.02510
1.00008, 0.02510
1.00009, 0.02510

=== Lower Surface ===
0.00000, 0.00497
0.00004, 0.00470
0.00006, 0.00442
0.00010, 0.00414
0.00014, 0.00387
0.00019, 0.00359
0.00024, 0.00332
0.00030, 0.00304
0.00036, 0.00277
0.00043, 0.00250
0.00050, 0.00223
0.00058, 0.00196
0.00066, 0.00169
0.00074, 0.00142
0.00083, 0.00115
0.00093, 0.00088
0.00103, 0.00062
0.00114, 0.00035
0.00125, 0.00009
0.00136, -0.00018
0.00148, -0.00044
0.00161, -0.00070
0.00174, -0.00096
0.00187, -0.00122
0.00201, -0.00148
0.00216, -0.00174
0.00231, -0.00200
0.00246, -0.00226
0.00262, -0.00251
0.00278, -0.00277
0.00295, -0.00302
0.00312, -0.00328
0.00330, -0.00353
0.00348, -0.00378
0.00367, -0.00404
0.00386, -0.00429
0.00406, -0.00454
0.00426, -0.00478
0.00447, -0.00503
0.00468, -0.00528
0.00489, -0.00553
0.00511, -0.00577
0.00534, -0.00602
0.00557, -0.00626
0.00580, -0.00651
0.00604, -0.00675
0.00629, -0.00699
0.00654, -0.00723
0.00679, -0.00747
0.00705, -0.00771
0.00731, -0.00795
0.00758, -0.00819
0.00785, -0.00843
0.00813, -0.00866
0.00841, -0.00890
0.00869, -0.00913
0.00899, -0.00937
0.00928, -0.00960
0.00958, -0.00983
0.00989, -0.01007
0.01019, -0.01030
0.01051, -0.01053
0.01083, -0.01076
0.01115, -0.01099
0.01148, -0.01121
0.01181, -0.01144
0.01215, -0.01167
0.01249, -0.01189
0.01284, -0.01212
0.01319, -0.01234
0.01354, -0.01257
0.01390, -0.01279
0.01427, -0.01301
0.01463, -0.01323
0.01501, -0.01345
0.01539, -0.01367
0.01577, -0.01389
0.01616, -0.01411
0.01655, -0.01433
0.01695, -0.01454
0.01735, -0.01476
0.01775, -0.01497
0.01816, -0.01519
0.01858, -0.01540
0.01900, -0.01562
0.01942, -0.01583
0.01985, -0.01604
0.02028, -0.01625
0.02072, -0.01646
0.02116, -0.01667
0.02161, -0.01688
0.02206, -0.01709
0.02251, -0.01729
0.02297, -0.01750
0.02344, -0.01771
0.02391, -0.01791
0.02438, -0.01812
0.02486, -0.01832
0.02534, -0.01852
0.02583, -0.01873
0.02632, -0.01893
0.02682, -0.01913
0.02732, -0.01933
0.02782, -0.01953
0.02833, -0.01973
0.02884, -0.01992
0.02936, -0.02012
0.02989, -0.02032
0.03041, -0.02051
0.03095, -0.02071
0.03148, -0.02090
0.03202, -0.02110
0.03257, -0.02129
0.03312, -0.02148
0.03367, -0.02167
0.03423, -0.02186
0.03479, -0.02205
0.03536, -0.02224
0.03593, -0.02243
0.03651, -0.02262
0.03709, -0.02281
0.03768, -0.02299
0.03827, -0.02318
0.03886, -0.02337
0.03946, -0.02355
0.04006, -0.02373
0.04067, -0.02392
0.04128, -0.02410
0.04190, -0.02428
0.04252, -0.02446
0.04315, -0.02464
0.04378, -0.02482
0.04441, -0.02500
0.04505, -0.02518
0.04569, -0.02535
0.04634, -0.02553
0.04699, -0.02571
0.04765, -0.02588
0.04831, -0.02606
0.04898, -0.02623
0.04965, -0.02640
0.05032, -0.02657
0.05100, -0.02674
0.05168, -0.02692
0.05237, -0.02708
0.05306, -0.02725
0.05376, -0.02742
0.05446, -0.02759
0.05517, -0.02776
0.05588, -0.02792
0.05659, -0.02809
0.05731, -0.02825
0.05803, -0.02841
0.05876, -0.02858
0.05949, -0.02874
0.06023, -0.02890
0.06097, -0.02906
0.06172, -0.02922
0.06247, -0.02938
0.06322, -0.02953
0.06398, -0.02969
0.06475, -0.02985
0.06552, -0.03000
0.06629, -0.03016
0.06706, -0.03031
0.06785, -0.03046
0.06863, -0.03061
0.06942, -0.03076
0.07022, -0.03091
0.07102, -0.03106
0.07182, -0.03121
0.07263, -0.03136
0.07344, -0.03150
0.07426, -0.03165
0.07508, -0.03179
0.07591, -0.03194
0.07674, -0.03208
0.07758, -0.03222
0.07842, -0.03236
0.07926, -0.03250
0.08011, -0.03264
0.08096, -0.03278
0.08182, -0.03291
0.08268, -0.03305
0.08355, -0.03318
0.08442, -0.03331
0.08530, -0.03345
0.08618, -0.03358
0.08706, -0.03371
0.08795, -0.03384
0.08885, -0.03396
0.08974, -0.03409
0.09065, -0.03422
0.09156, -0.03434
0.09247, -0.03446
0.09338, -0.03459
0.09431, -0.03471
0.09523, -0.03483
0.09616, -0.03494
0.09710, -0.03506
0.09804, -0.03518
0.09898, -0.03529
0.09993, -0.03540
0.10088, -0.03552
0.10184, -0.03563
0.10280, -0.03574
0.10377, -0.03584
0.10474, -0.03595
0.10572, -0.03606
0.10670, -0.03616
0.10768, -0.03626
0.10867, -0.03636
0.10967, -0.03646
0.11066, -0.03656
0.11167, -0.03666
0.11268, -0.03675
0.11369, -0.03685
0.11471, -0.03694
0.11573, -0.03703
0.11675, -0.03712
0.11778, -0.03720
0.11882, -0.03729
0.11986, -0.03737
0.12091, -0.03745
0.12195, -0.03754
0.12301, -0.03761
0.12407, -0.03769
0.12513, -0.03777
0.12620, -0.03784
0.12727, -0.03791
0.12835, -0.03798
0.12943, -0.03805
0.13051, -0.03811
0.13161, -0.03818
0.13270, -0.03824
0.13380, -0.03830
0.13491, -0.03836
0.13601, -0.03842
0.13713, -0.03847
0.13824, -0.03852
0.13936, -0.03857
0.14049, -0.03862
0.14161, -0.03867
0.14274, -0.03871
0.14387, -0.03875
0.14500, -0.03880
0.14614, -0.03883
0.14727, -0.03887
0.14841, -0.03891
0.14956, -0.03894
0.15070, -0.03897
0.15185, -0.03900
0.15300, -0.03903
0.15415, -0.03906
0.15530, -0.03909
0.15646, -0.03911
0.15762, -0.03913
0.15878, -0.03915
0.15994, -0.03917
0.16111, -0.03919
0.16227, -0.03921
0.16344, -0.03922
0.16461, -0.03924
0.16579, -0.03925
0.16696, -0.03926
0.16814, -0.03927
0.16932, -0.03928
0.17050, -0.03929
0.17168, -0.03929
0.17286, -0.03930
0.17405, -0.03930
0.17523, -0.03931
0.17642, -0.03931
0.17761, -0.03931
0.17881, -0.03931
0.18000, -0.03931
0.18119, -0.03930
0.18239, -0.03930
0.18359, -0.03930
0.18479, -0.03929
0.18599, -0.03929
0.18719, -0.03928
0.18840, -0.03927
0.18960, -0.03927
0.19081, -0.03926
0.19202, -0.03925
0.19322, -0.03924
0.19443, -0.03923
0.19565, -0.03922
0.19686, -0.03921
0.19807, -0.03920
0.19929, -0.03919
0.20050, -0.03918
0.20172, -0.03916
0.20294, -0.03915
0.20416, -0.03914
0.20538, -0.03913
0.20660, -0.03911
0.20783, -0.03910
0.20906, -0.03909
0.21029, -0.03907
0.21153, -0.03906
0.21276, -0.03905
0.21401, -0.03903
0.21525, -0.03902
0.21650, -0.03900
0.21775, -0.03899
0.21900, -0.03897
0.22026, -0.03895
0.22152, -0.03894
0.22278, -0.03892
0.22405, -0.03890
0.22532, -0.03889
0.22659, -0.03887
0.22786, -0.03885
0.22914, -0.03883
0.23042, -0.03881
0.23170, -0.03880
0.23299, -0.03878
0.23428, -0.03876
0.23557, -0.03874
0.23686, -0.03872
0.23816, -0.03870
0.23946, -0.03868
0.24077, -0.03866
0.24207, -0.03863
0.24338, -0.03861
0.24469, -0.03859
0.24601, -0.03857
0.24732, -0.03854
0.24864, -0.03852
0.24997, -0.03850
0.25129, -0.03847
0.25262, -0.03845
0.25395, -0.03843
0.25529, -0.03840
0.25662, -0.03838
0.25796, -0.03835
0.25930, -0.03832
0.26065, -0.03830
0.26200, -0.03827
0.26335, -0.03824
0.26470, -0.03822
0.26606, -0.03819
0.26741, -0.03816
0.26878, -0.03813
0.27014, -0.03810
0.27150, -0.03807
0.27287, -0.03804
0.27424, -0.03801
0.27562, -0.03798
0.27699, -0.03795
0.27837, -0.03792
0.27975, -0.03789
0.28113, -0.03785
0.28251, -0.03782
0.28390, -0.03779
0.28529, -0.03775
0.28668, -0.03772
0.28807, -0.03769
0.28946, -0.03765
0.29086, -0.03762
0.29226, -0.03758
0.29366, -0.03755
0.29506, -0.03751
0.29647, -0.03747
0.29788, -0.03744
0.29929, -0.03740
0.30070, -0.03736
0.30211, -0.03732
0.30353, -0.03729
0.30494, -0.03725
0.30636, -0.03721
0.30778, -0.03717
0.30921, -0.03713
0.31063, -0.03709
0.31206, -0.03705
0.31349, -0.03701
0.31492, -0.03697
0.31635, -0.03693
0.31779, -0.03689
0.31923, -0.03684
0.32066, -0.03680
0.32210, -0.03676
0.32355, -0.03672
0.32499, -0.03667
0.32644, -0.03663
0.32789, -0.03659
0.32933, -0.03654
0.33079, -0.03650
0.33224, -0.03645
0.33369, -0.03641
0.33515, -0.03636
0.33661, -0.03632
0.33807, -0.03627
0.33953, -0.03623
0.34100, -0.03618
0.34246, -0.03613
0.34393, -0.03609
0.34540, -0.03604
0.34687, -0.03599
0.34834, -0.03594
0.34981, -0.03590
0.35129, -0.03585
0.35276, -0.03580
0.35424, -0.03575
0.35572, -0.03570
0.35720, -0.03565
0.35868, -0.03560
0.36017, -0.03555
0.36166, -0.03550
0.36314, -0.03545
0.36463, -0.03540
0.36612, -0.03535
0.36761, -0.03530
0.36911, -0.03525
0.37060, -0.03519
0.37210, -0.03514
0.37359, -0.03509
0.37509, -0.03504
0.37659, -0.03499
0.37810, -0.03493
0.37960, -0.03488
0.38110, -0.03483
0.38261, -0.03477
0.38411, -0.03472
0.38562, -0.03466
0.38713, -0.03461
0.38864, -0.03455
0.39015, -0.03450
0.39167, -0.03444
0.39318, -0.03439
0.39470, -0.03433
0.39621, -0.03428
0.39773, -0.03422
0.39925, -0.03417
0.40077, -0.03411
0.40229, -0.03405
0.40382, -0.03400
0.40534, -0.03394
0.40686, -0.03388
0.40839, -0.03382
0.40992, -0.03377
0.41144, -0.03371
0.41297, -0.03365
0.41450, -0.03359
0.41603, -0.03353
0.41757, -0.03347
0.41910, -0.03341
0.42063, -0.03335
0.42217, -0.03330
0.42370, -0.03324
0.42524, -0.03318
0.42678, -0.03312
0.42831, -0.03306
0.42985, -0.03299
0.43139, -0.03293
0.43293, -0.03287
0.43448, -0.03281
0.43602, -0.03275
0.43756, -0.03269
0.43911, -0.03263
0.44065, -0.03256
0.44220, -0.03250
0.44374, -0.03244
0.44529, -0.03238
0.44684, -0.03231
0.44839, -0.03225
0.44994, -0.03219
0.45149, -0.03212
0.45304, -0.03206
0.45459, -0.03200
0.45614, -0.03193
0.45769, -0.03187
0.45924, -0.03180
0.46080, -0.03174
0.46235, -0.03168
0.46391, -0.03161
0.46546, -0.03155
0.46702, -0.03148
0.46857, -0.03141
0.47013, -0.03135
0.47169, -0.03128
0.47324, -0.03122
0.47480, -0.03115
0.47636, -0.03108
0.47792, -0.03102
0.47948, -0.03095
0.48104, -0.03088
0.48260, -0.03082
0.48416, -0.03075
0.48572, -0.03068
0.48728, -0.03061
0.48884, -0.03054
0.49040, -0.03048
0.49196, -0.03041
0.49352, -0.03034
0.49509, -0.03027
0.49665, -0.03020
0.49821, -0.03013
0.49977, -0.03006
0.50134, -0.02999
0.50290, -0.02992
0.50446, -0.02985
0.50602, -0.02978
0.50759, -0.02971
0.50915, -0.02964
0.51071, -0.02957
0.51228, -0.02950
0.51384, -0.02943
0.51541, -0.02936
0.51697, -0.02928
0.51853, -0.02921
0.52010, -0.02914
0.52166, -0.02907
0.52322, -0.02900
0.52479, -0.02892
0.52635, -0.02885
0.52791, -0.02878
0.52948, -0.02870
0.53104, -0.02863
0.53260, -0.02856
0.53416, -0.02848
0.53573, -0.02841
0.53729, -0.02834
0.53885, -0.02826
0.54041, -0.02819
0.54197, -0.02811
0.54353, -0.02804
0.54509, -0.02796
0.54665, -0.02789
0.54822, -0.02781
0.54977, -0.02773
0.55133, -0.02766
0.55289, -0.02758
0.55445, -0.02751
0.55601, -0.02743
0.55757, -0.02735
0.55913, -0.02728
0.56068, -0.02720
0.56224, -0.02712
0.56380, -0.02704
0.56535, -0.02697
0.56691, -0.02689
0.56846, -0.02681
0.57002, -0.02673
0.57157, -0.02665
0.57312, -0.02657
0.57467, -0.02649
0.57623, -0.02641
0.57778, -0.02634
0.57933, -0.02626
0.58088, -0.02618
0.58243, -0.02610
0.58398, -0.02601
0.58552, -0.02593
0.58707, -0.02585
0.58862, -0.02577
0.59016, -0.02569
0.59171, -0.02561
0.59325, -0.02553
0.59479, -0.02545
0.59634, -0.02536
0.59788, -0.02528
0.59942, -0.02520
0.60096, -0.02512
0.60250, -0.02503
0.60403, -0.02495
0.60557, -0.02487
0.60711, -0.02478
0.60864, -0.02470
0.61018, -0.02462
0.61171, -0.02453
0.61324, -0.02445
0.61477, -0.02436
0.61630, -0.02428
0.61783, -0.02419
0.61936, -0.02411
0.62089, -0.02402
0.62241, -0.02394
0.62394, -0.02385
0.62546, -0.02376
0.62699, -0.02368
0.62851, -0.02359
0.63003, -0.02350
0.63155, -0.02342
0.63306, -0.02333
0.63458, -0.02324
0.63610, -0.02315
0.63761, -0.02306
0.63912, -0.02298
0.64063, -0.02289
0.64214, -0.02280
0.64365, -0.02271
0.64516, -0.02262
0.64667, -0.02253
0.64817, -0.02244
0.64967, -0.02235
0.65118, -0.02226
0.65268, -0.02217
0.65418, -0.02208
0.65567, -0.02199
0.65717, -0.02190
0.65866, -0.02181
0.66016, -0.02172
0.66165, -0.02162
0.66314, -0.02153
0.66463, -0.02144
0.66612, -0.02135
0.66760, -0.02125
0.66909, -0.02116
0.67057, -0.02107
0.67206, -0.02097
0.67354, -0.02088
0.67503, -0.02079
0.67651, -0.02069
0.67799, -0.02060
0.67947, -0.02050
0.68095, -0.02040
0.68243, -0.02031
0.68391, -0.02021
0.68539, -0.02011
0.68686, -0.02001
0.68834, -0.01991
0.68981, -0.01981
0.69129, -0.01971
0.69276, -0.01961
0.69423, -0.01951
0.69570, -0.01940
0.69717, -0.01930
0.69864, -0.01919
0.70010, -0.01908
0.70157, -0.01898
0.70303, -0.01887
0.70450, -0.01876
0.70596, -0.01865
0.70742, -0.01853
0.70888, -0.01842
0.71033, -0.01830
0.71179, -0.01819
0.71324, -0.01807
0.71470, -0.01795
0.71615, -0.01783
0.71760, -0.01771
0.71905, -0.01759
0.72049, -0.01746
0.72194, -0.01734
0.72338, -0.01721
0.72482, -0.01708
0.72626, -0.01695
0.72770, -0.01682
0.72914, -0.01669
0.73057, -0.01655
0.73200, -0.01641
0.73343, -0.01627
0.73486, -0.01613
0.73629, -0.01599
0.73771, -0.01585
0.73914, -0.01570
0.74056, -0.01556
0.74198, -0.01541
0.74339, -0.01526
0.74481, -0.01510
0.74622, -0.01495
0.74763, -0.01479
0.74904, -0.01463
0.75045, -0.01447
0.75185, -0.01431
0.75325, -0.01414
0.75464, -0.01398
0.75604, -0.01381
0.75742, -0.01364
0.75881, -0.01347
0.76019, -0.01330
0.76157, -0.01312
0.76294, -0.01294
0.76431, -0.01277
0.76567, -0.01259
0.76704, -0.01241
0.76839, -0.01222
0.76975, -0.01204
0.77110, -0.01186
0.77245, -0.01167
0.77379, -0.01148
0.77513, -0.01129
0.77647, -0.01111
0.77780, -0.01092
0.77913, -0.01072
0.78045, -0.01053
0.78177, -0.01034
0.78309, -0.01014
0.78440, -0.00995
0.78571, -0.00975
0.78702, -0.00956
0.78832, -0.00936
0.78962, -0.00916
0.79092, -0.00896
0.79221, -0.00876
0.79350, -0.00856
0.79478, -0.00836
0.79606, -0.00816
0.79734, -0.00796
0.79861, -0.00776
0.79988, -0.00756
0.80115, -0.00735
0.80241, -0.00715
0.80367, -0.00695
0.80492, -0.00675
0.80617, -0.00654
0.80742, -0.00634
0.80867, -0.00613
0.80991, -0.00593
0.81114, -0.00573
0.81237, -0.00552
0.81360, -0.00532
0.81483, -0.00511
0.81605, -0.00491
0.81727, -0.00471
0.81848, -0.00450
0.81969, -0.00430
0.82090, -0.00410
0.82210, -0.00389
0.82330, -0.00369
0.82450, -0.00349
0.82569, -0.00328
0.82688, -0.00308
0.82807, -0.00288
0.82925, -0.00268
0.83043, -0.00248
0.83160, -0.00228
0.83277, -0.00207
0.83394, -0.00187
0.83510, -0.00168
0.83626, -0.00148
0.83741, -0.00128
0.83857, -0.00108
0.83972, -0.00088
0.84086, -0.00069
0.84200, -0.00049
0.84314, -0.00029
0.84428, -0.00010
0.84541, 0.00010
0.84654, 0.00029
0.84766, 0.00049
0.84878, 0.00068
0.84990, 0.00087
0.85101, 0.00106
0.85212, 0.00125
0.85323, 0.00144
0.85433, 0.00163
0.85543, 0.00182
0.85653, 0.00201
0.85762, 0.00220
0.85871, 0.00239
0.85980, 0.00257
0.86088, 0.00276
0.86196, 0.00294
0.86303, 0.00313
0.86410, 0.00331
0.86517, 0.00349
0.86623, 0.00367
0.86729, 0.00386
0.86835, 0.00404
0.86940, 0.00421
0.87045, 0.00439
0.87149, 0.00457
0.87254, 0.00475
0.87357, 0.00492
0.87461, 0.00510
0.87564, 0.00527
0.87667, 0.00545
0.87769, 0.00562
0.87871, 0.00579
0.87972, 0.00596
0.88073, 0.00614
0.88174, 0.00630
0.88275, 0.00647
0.88375, 0.00664
0.88474, 0.00681
0.88574, 0.00697
0.88673, 0.00714
0.88771, 0.00730
0.88869, 0.00747
0.88967, 0.00763
0.89065, 0.00779
0.89162, 0.00795
0.89258, 0.00811
0.89355, 0.00827
0.89450, 0.00843
0.89546, 0.00858
0.89641, 0.00874
0.89736, 0.00889
0.89830, 0.00905
0.89924, 0.00920
0.90018, 0.00935
0.90111, 0.00950
0.90204, 0.00965
0.90296, 0.00980
0.90388, 0.00995
0.90480, 0.01010
0.90571, 0.01025
0.90662, 0.01039
0.90752, 0.01054
0.90842, 0.01068
0.90932, 0.01082
0.91021, 0.01096
0.91110, 0.01110
0.91198, 0.01124
0.91286, 0.01138
0.91374, 0.01152
0.91461, 0.01166
0.91548, 0.01179
0.91635, 0.01193
0.91721, 0.01206
0.91806, 0.01219
0.91892, 0.01232
0.91976, 0.01245
0.92061, 0.01258
0.92145, 0.01271
0.92229, 0.01284
0.92312, 0.01297
0.92395, 0.01309
0.92477, 0.01322
0.92559, 0.01334
0.92641, 0.01346
0.92722, 0.01359
0.92803, 0.01371
0.92883, 0.01383
0.92963, 0.01395
0.93042, 0.01406
0.93121, 0.01418
0.93200, 0.01430
0.93278, 0.01441
0.93356, 0.01453
0.93434, 0.01464
0.93511, 0.01475
0.93587, 0.01486
0.93664, 0.01497
0.93739, 0.01508
0.93815, 0.01519
0.93890, 0.01530
0.93964, 0.01540
0.94038, 0.01551
0.94112, 0.01561
0.94185, 0.01572
0.94258, 0.01582
0.94330, 0.01592
0.94402, 0.01602
0.94474, 0.01612
0.94545, 0.01622
0.94616, 0.01632
0.94686, 0.01641
0.94756, 0.01651
0.94825, 0.01660
0.94894, 0.01670
0.94963, 0.01679
0.95031, 0.01688
0.95098, 0.01698
0.95166, 0.01707
0.95232, 0.01716
0.95299, 0.01724
0.95365, 0.01733
0.95430, 0.01742
0.95495, 0.01750
0.95560, 0.01759
0.95624, 0.01767
0.95688, 0.01776
0.95751, 0.01784
0.95814, 0.01792
0.95876, 0.01800
0.95938, 0.01808
0.95999, 0.01816
0.96060, 0.01824
0.96121, 0.01831
0.96181, 0.01839
0.96241, 0.01847
0.96300, 0.01854
0.96359, 0.01861
0.96417, 0.01869
0.96475, 0.01876
0.96533, 0.01883
0.96590, 0.01890
0.96646, 0.01897
0.96702, 0.01904
0.96758, 0.01911
0.96813, 0.01917
0.96868, 0.01924
0.96922, 0.01931
0.96976, 0.01937
0.97030, 0.01944
0.97082, 0.01950
0.97135, 0.01956
0.97187, 0.01962
0.97238, 0.01968
0.97290, 0.01974
0.97340, 0.01980
0.97390, 0.01986
0.97440, 0.01992
0.97489, 0.01998
0.97538, 0.02003
0.97586, 0.02009
0.97634, 0.02014
0.97682, 0.02020
0.97729, 0.02025
0.97775, 0.02030
0.97821, 0.02035
0.97867, 0.02041
0.97912, 0.02046
0.97956, 0.02051
0.98000, 0.02056
0.98044, 0.02060
0.98087, 0.02065
0.98130, 0.02070
0.98172, 0.02074
0.98214, 0.02079
0.98255, 0.02084
0.98296, 0.02088
0.98336, 0.02092
0.98376, 0.02097
0.98416, 0.02101
0.98454, 0.02105
0.98493, 0.02109
0.98531, 0.02113
0.98568, 0.02117
0.98605, 0.02121
0.98642, 0.02125
0.98678, 0.02129
0.98714, 0.02132
0.98749, 0.02136
0.98783, 0.02140
0.98817, 0.02143
0.98851, 0.02147
0.98884, 0.02150
0.98917, 0.02153
0.98949, 0.02157
0.98981, 0.02160
0.99012, 0.02163
0.99043, 0.02166
0.99073, 0.02169
0.99103, 0.02172
0.99132, 0.02175
0.99161, 0.02178
0.99190, 0.02181
0.99218, 0.02184
0.99245, 0.02187
0.99272, 0.02189
0.99298, 0.02192
0.99324, 0.02194
0.99350, 0.02197
0.99375, 0.02199
0.99399, 0.02202
0.99423, 0.02204
0.99446, 0.02206
0.99469, 0.02209
0.99492, 0.02211
0.99514, 0.02213
0.99535, 0.02215
0.99556, 0.02217
0.99577, 0.02219
0.99597, 0.02221
0.99617, 0.02223
0.99636, 0.02225
0.99654, 0.02226
0.99672, 0.02228
0.99690, 0.02230
0.99707, 0.02231
0.99724, 0.02233
0.99740, 0.02234
0.99755, 0.02236
0.99771, 0.02237
0.99785, 0.02239
0.99799, 0.02240
0.99813, 0.02241
0.99826, 0.02243
0.99839, 0.02244
0.99851, 0.02245
0.99863, 0.02246
0.99874, 0.02247
0.99884, 0.02248
0.99895, 0.02249
0.99904, 0.02250
0.99913, 0.02251
0.99922, 0.02252
0.99930, 0.02252
0.99938, 0.02253
0.99945, 0.02254
0.99952, 0.02254
0.99958, 0.02255
0.99964, 0.02255
0.99969, 0.02256
0.99974, 0.02256
0.99978, 0.02257
0.99982, 0.02257
0.99985, 0.02257
0.99988, 0.02258
0.99990, 0.02258
0.99992, 0.02258
0.99993, 0.02258
0.99992, 0.02258
0.99991, 0.02258
