airfoil_points_930
1.000000 -0.036897
0.999748 -0.036841
0.998993 -0.036674
0.997736 -0.036397
0.995977 -0.036012
0.993719 -0.035521
0.990964 -0.034929
0.987715 -0.034238
0.983974 -0.033453
0.979746 -0.032579
0.975036 -0.031621
0.969846 -0.030584
0.964184 -0.029475
0.958054 -0.028298
0.951463 -0.027058
0.944418 -0.025761
0.936925 -0.024411
0.928992 -0.023013
0.920627 -0.021568
0.911838 -0.020081
0.902635 -0.018553
0.893027 -0.016983
0.883022 -0.015373
0.872632 -0.013719
0.861867 -0.012020
0.850737 -0.010271
0.839255 -0.008465
0.827430 -0.006597
0.815276 -0.004652
0.802805 -0.002615
0.790028 -0.000468
0.776960 0.001811
0.763613 0.004246
0.750000 0.006862
0.736136 0.009656
0.722033 0.012583
0.707708 0.015594
0.693173 0.018635
0.678443 0.021648
0.663534 0.024578
0.648460 0.027399
0.633237 0.030105
0.617879 0.032690
0.602403 0.035146
0.586824 0.037469
0.571157 0.039653
0.555419 0.041692
0.539625 0.043582
0.523791 0.045319
0.507933 0.046899
0.492067 0.048319
0.476209 0.049576
0.460375 0.050668
0.444581 0.051591
0.428843 0.052346
0.413176 0.052930
0.397597 0.053343
0.382121 0.053585
0.366763 0.053656
0.351540 0.053556
0.336466 0.053287
0.321557 0.052850
0.306827 0.052248
0.292292 0.051482
0.277967 0.050555
0.263864 0.049471
0.250000 0.048227
0.236387 0.046785
0.223040 0.045098
0.209972 0.043132
0.197195 0.040857
0.184724 0.038253
0.172570 0.035336
0.160745 0.032189
0.149263 0.028897
0.138133 0.025541
0.127368 0.022194
0.116978 0.018930
0.106973 0.015793
0.097365 0.012765
0.088162 0.009822
0.079373 0.006948
0.071008 0.004127
0.063075 0.001344
0.055582 -0.001411
0.048537 -0.004148
0.041946 -0.006874
0.035816 -0.009596
0.030154 -0.012317
0.024964 -0.015043
0.020254 -0.017775
0.016026 -0.020514
0.012285 -0.023262
0.009036 -0.026019
0.006281 -0.028784
0.004023 -0.031556
0.002264 -0.034332
0.001007 -0.037104
0.000252 -0.039833
0.000000 -0.041868
0.000252 -0.045746
0.001007 -0.048417
0.002264 -0.051064
0.004023 -0.053649
0.006281 -0.056162
0.009036 -0.058598
0.012285 -0.060952
0.016026 -0.063220
0.020254 -0.065395
0.024964 -0.067473
0.030154 -0.069445
0.035816 -0.071305
0.041946 -0.073043
0.048537 -0.074651
0.055582 -0.076118
0.063075 -0.077432
0.071008 -0.078580
0.079373 -0.079549
0.088162 -0.080323
0.097365 -0.080885
0.106973 -0.081218
0.116978 -0.081303
0.127368 -0.081120
0.138133 -0.080647
0.149263 -0.079870
0.160745 -0.078834
0.172570 -0.077600
0.184724 -0.076247
0.197195 -0.074879
0.209972 -0.073633
0.223040 -0.072592
0.236387 -0.071713
0.250000 -0.070943
0.263864 -0.070223
0.277967 -0.069492
0.292292 -0.068724
0.306827 -0.067926
0.321557 -0.067104
0.336466 -0.066268
0.351540 -0.065423
0.366763 -0.064576
0.382121 -0.063736
0.397597 -0.062909
0.413176 -0.062102
0.428843 -0.061321
0.444581 -0.060572
0.460375 -0.059862
0.476209 -0.059196
0.492067 -0.058578
0.507933 -0.058015
0.523791 -0.057510
0.539625 -0.057066
0.555419 -0.056688
0.571157 -0.056377
0.586824 -0.056136
0.602403 -0.055967
0.617879 -0.055870
0.633237 -0.055846
0.648460 -0.055896
0.663534 -0.056019
0.678443 -0.056210
0.693173 -0.056426
0.707708 -0.056618
0.722033 -0.056737
0.736136 -0.056744
0.750000 -0.056603
0.763613 -0.056288
0.776960 -0.055820
0.790028 -0.055226
0.802805 -0.054529
0.815276 -0.053756
0.827430 -0.052927
0.839255 -0.052063
0.850737 -0.051180
0.861867 -0.050291
0.872632 -0.049407
0.883022 -0.048537
0.893027 -0.047690
0.902635 -0.046872
0.911838 -0.046089
0.920627 -0.045346
0.928992 -0.044646
0.936925 -0.043992
0.944418 -0.043385
0.951463 -0.042826
0.958054 -0.042314
0.964184 -0.041850
0.969846 -0.041433
0.975036 -0.041060
0.979746 -0.040731
0.983974 -0.040443
0.987715 -0.040195
0.990964 -0.039984
0.993719 -0.039810
0.995977 -0.039669
0.997736 -0.039562
0.998993 -0.039486
0.999748 -0.039440
1.000000 -0.039427
