airfoil_points_028
1.000000 0.036805
0.999748 0.036816
0.998993 0.036829
0.997736 0.036847
0.995977 0.036863
0.993719 0.036870
0.990964 0.036857
0.987715 0.036814
0.983974 0.036727
0.979746 0.036584
0.975036 0.036370
0.969846 0.036073
0.964184 0.035682
0.958054 0.035184
0.951463 0.034571
0.944418 0.033839
0.936925 0.032982
0.928992 0.032003
0.920627 0.030907
0.911838 0.029704
0.902635 0.028410
0.893027 0.027047
0.883022 0.025645
0.872632 0.024240
0.861867 0.022878
0.850737 0.021614
0.839255 0.020513
0.827430 0.019653
0.815276 0.019103
0.802805 0.018904
0.790028 0.019099
0.776960 0.019733
0.763613 0.020850
0.750000 0.022497
0.736136 0.024670
0.722033 0.027265
0.707708 0.030160
0.693173 0.033227
0.678443 0.036333
0.663534 0.039350
0.648460 0.042233
0.633237 0.044979
0.617879 0.047584
0.602403 0.050046
0.586824 0.052362
0.571157 0.054532
0.555419 0.056554
0.539625 0.058427
0.523791 0.060153
0.507933 0.061730
0.492067 0.063161
0.476209 0.064445
0.460375 0.065586
0.444581 0.066584
0.428843 0.067442
0.413176 0.068162
0.397597 0.068746
0.382121 0.069197
0.366763 0.069517
0.351540 0.069711
0.336466 0.069779
0.321557 0.069727
0.306827 0.069556
0.292292 0.069269
0.277967 0.068869
0.263864 0.068361
0.250000 0.067712
0.236387 0.066795
0.223040 0.065487
0.209972 0.063700
0.197195 0.061367
0.184724 0.058439
0.172570 0.054911
0.160745 0.050866
0.149263 0.046406
0.138133 0.041634
0.127368 0.036646
0.116978 0.031536
0.106973 0.026398
0.097365 0.021296
0.088162 0.016261
0.079373 0.011321
0.071008 0.006495
0.063075 0.001799
0.055582 -0.002756
0.048537 -0.007161
0.041946 -0.011416
0.035816 -0.015519
0.030154 -0.019473
0.024964 -0.023286
0.020254 -0.026963
0.016026 -0.030512
0.012285 -0.033943
0.009036 -0.037264
0.006281 -0.040479
0.004023 -0.043594
0.002264 -0.046600
0.001007 -0.049464
0.000252 -0.052036
0.000000 -0.053421
0.000252 -0.059365
0.001007 -0.061703
0.002264 -0.064136
0.004023 -0.066494
0.006281 -0.068735
0.009036 -0.070834
0.012285 -0.072776
0.016026 -0.074547
0.020254 -0.076133
0.024964 -0.077519
0.030154 -0.078691
0.035816 -0.079634
0.041946 -0.080334
0.048537 -0.080777
0.055582 -0.080949
0.063075 -0.080839
0.071008 -0.080437
0.079373 -0.079735
0.088162 -0.078728
0.097365 -0.077415
0.106973 -0.075799
0.116978 -0.073886
0.127368 -0.071691
0.138133 -0.069231
0.149263 -0.066534
0.160745 -0.063649
0.172570 -0.060693
0.184724 -0.057818
0.197195 -0.055232
0.209972 -0.053222
0.223040 -0.052017
0.236387 -0.051413
0.250000 -0.051175
0.263864 -0.051090
0.277967 -0.050971
0.292292 -0.050766
0.306827 -0.050479
0.321557 -0.050119
0.336466 -0.049692
0.351540 -0.049207
0.366763 -0.048673
0.382121 -0.048098
0.397597 -0.047492
0.413176 -0.046865
0.428843 -0.046225
0.444581 -0.045583
0.460375 -0.044949
0.476209 -0.044331
0.492067 -0.043740
0.507933 -0.043185
0.523791 -0.042674
0.539625 -0.042216
0.555419 -0.041820
0.571157 -0.041492
0.586824 -0.041239
0.602403 -0.041068
0.617879 -0.040983
0.633237 -0.040990
0.648460 -0.041092
0.663534 -0.041293
0.678443 -0.041583
0.693173 -0.041862
0.707708 -0.042013
0.722033 -0.041933
0.736136 -0.041535
0.750000 -0.040741
0.763613 -0.039495
0.776960 -0.037805
0.790028 -0.035703
0.802805 -0.033223
0.815276 -0.030400
0.827430 -0.027268
0.839255 -0.023864
0.850737 -0.020227
0.861867 -0.016427
0.872632 -0.012533
0.883022 -0.008612
0.893027 -0.004720
0.902635 -0.000907
0.911838 0.002782
0.920627 0.006314
0.928992 0.009658
0.936925 0.012795
0.944418 0.015708
0.951463 0.018390
0.958054 0.020836
0.964184 0.023046
0.969846 0.025025
0.975036 0.026779
0.979746 0.028319
0.983974 0.029655
0.987715 0.030798
0.990964 0.031760
0.993719 0.032552
0.995977 0.033184
0.997736 0.033666
0.998993 0.034005
0.999748 0.034206
1.000000 0.034272
