airfoil_points_610
1.000000 0.005477
0.999748 0.005533
0.998993 0.005699
0.997736 0.005977
0.995977 0.006365
0.993719 0.006863
0.990964 0.007471
0.987715 0.008187
0.983974 0.009011
0.979746 0.009941
0.975036 0.010975
0.969846 0.012111
0.964184 0.013346
0.958054 0.014677
0.951463 0.016101
0.944418 0.017613
0.936925 0.019207
0.928992 0.020878
0.920627 0.022618
0.911838 0.024421
0.902635 0.026277
0.893027 0.028176
0.883022 0.030109
0.872632 0.032062
0.861867 0.034024
0.850737 0.035981
0.839255 0.037916
0.827430 0.039817
0.815276 0.041671
0.802805 0.043473
0.790028 0.045215
0.776960 0.046892
0.763613 0.048496
0.750000 0.050024
0.736136 0.051475
0.722033 0.052854
0.707708 0.054172
0.693173 0.055440
0.678443 0.056670
0.663534 0.057877
0.648460 0.059068
0.633237 0.060241
0.617879 0.061396
0.602403 0.062530
0.586824 0.063642
0.571157 0.064730
0.555419 0.065792
0.539625 0.066827
0.523791 0.067832
0.507933 0.068805
0.492067 0.069745
0.476209 0.070649
0.460375 0.071515
0.444581 0.072341
0.428843 0.073123
0.413176 0.073860
0.397597 0.074550
0.382121 0.075188
0.366763 0.075774
0.351540 0.076304
0.336466 0.076774
0.321557 0.077184
0.306827 0.077529
0.292292 0.077808
0.277967 0.078017
0.263864 0.078154
0.250000 0.078239
0.236387 0.078336
0.223040 0.078509
0.209972 0.078820
0.197195 0.079323
0.184724 0.079993
0.172570 0.080721
0.160745 0.081418
0.149263 0.082013
0.138133 0.082448
0.127368 0.082681
0.116978 0.082697
0.106973 0.082493
0.097365 0.082067
0.088162 0.081423
0.079373 0.080565
0.071008 0.079500
0.063075 0.078238
0.055582 0.076787
0.048537 0.075161
0.041946 0.073371
0.035816 0.071431
0.030154 0.069356
0.024964 0.067158
0.020254 0.064853
0.016026 0.062453
0.012285 0.059973
0.009036 0.057424
0.006281 0.054818
0.004023 0.052167
0.002264 0.049483
0.001007 0.046783
0.000252 0.044111
0.000000 0.042182
0.000252 0.038142
0.001007 0.035473
0.002264 0.032791
0.004023 0.030143
0.006281 0.027532
0.009036 0.024958
0.012285 0.022416
0.016026 0.019899
0.020254 0.017398
0.024964 0.014905
0.030154 0.012411
0.035816 0.009905
0.041946 0.007379
0.048537 0.004824
0.055582 0.002231
0.063075 -0.000404
0.071008 -0.003089
0.079373 -0.005824
0.088162 -0.008610
0.097365 -0.011446
0.106973 -0.014325
0.116978 -0.017242
0.127368 -0.020182
0.138133 -0.023113
0.149263 -0.025982
0.160745 -0.028732
0.172570 -0.031305
0.184724 -0.033635
0.197195 -0.035654
0.209972 -0.037335
0.223040 -0.038704
0.236387 -0.039792
0.250000 -0.040641
0.263864 -0.041301
0.277967 -0.041826
0.292292 -0.042226
0.306827 -0.042503
0.321557 -0.042659
0.336466 -0.042695
0.351540 -0.042613
0.366763 -0.042417
0.382121 -0.042108
0.397597 -0.041690
0.413176 -0.041167
0.428843 -0.040543
0.444581 -0.039822
0.460375 -0.039009
0.476209 -0.038107
0.492067 -0.037123
0.507933 -0.036061
0.523791 -0.034926
0.539625 -0.033724
0.555419 -0.032459
0.571157 -0.031138
0.586824 -0.029765
0.602403 -0.028346
0.617879 -0.026886
0.633237 -0.025391
0.648460 -0.023865
0.663534 -0.022314
0.678443 -0.020743
0.693173 -0.019165
0.707708 -0.017601
0.722033 -0.016071
0.736136 -0.014592
0.750000 -0.013182
0.763613 -0.011854
0.776960 -0.010612
0.790028 -0.009457
0.802805 -0.008390
0.815276 -0.007408
0.827430 -0.006511
0.839255 -0.005697
0.850737 -0.004959
0.861867 -0.004289
0.872632 -0.003675
0.883022 -0.003110
0.893027 -0.002587
0.902635 -0.002099
0.911838 -0.001642
0.920627 -0.001211
0.928992 -0.000803
0.936925 -0.000415
0.944418 -0.000047
0.951463 0.000303
0.958054 0.000636
0.964184 0.000950
0.969846 0.001247
0.975036 0.001523
0.979746 0.001780
0.983974 0.002015
0.987715 0.002226
0.990964 0.002413
0.993719 0.002574
0.995977 0.002707
0.997736 0.002812
0.998993 0.002888
0.999748 0.002934
1.000000 0.002947
