=== Airfoil Parameters ===
m = 0.02
p = 0.4
t = 0.12

=== Control Points ===
0.00000, -0.01947, -0.01947
0.06667, -0.01387, -0.01998
0.13333, -0.00554, -0.01665
0.20000, 0.00568, -0.00932
0.26667, 0.01536, -0.00242
0.66667, 0.01517, -0.00088
0.75000, 0.00830, -0.00490
0.83333, 0.00128, -0.00828
0.91667, -0.00092, -0.00609
1.00000, -0.00149, -0.00149

=== Upper Surface ===
0.00000, -0.01947
-0.00002, -0.01919
-0.00003, -0.01891
-0.00004, -0.01863
-0.00004, -0.01835
-0.00004, -0.01807
-0.00003, -0.01779
-0.00002, -0.01751
0.00000, -0.01724
0.00002, -0.01696
0.00005, -0.01668
0.00008, -0.01640
0.00012, -0.01612
0.00016, -0.01584
0.00021, -0.01556
0.00026, -0.01528
0.00032, -0.01500
0.00038, -0.01472
0.00045, -0.01444
0.00052, -0.01417
0.00060, -0.01389
0.00068, -0.01361
0.00076, -0.01333
0.00086, -0.01305
0.00095, -0.01277
0.00105, -0.01249
0.00116, -0.01222
0.00127, -0.01194
0.00139, -0.01166
0.00151, -0.01138
0.00164, -0.01110
0.00177, -0.01082
0.00190, -0.01054
0.00204, -0.01027
0.00219, -0.00999
0.00234, -0.00971
0.00250, -0.00943
0.00266, -0.00915
0.00282, -0.00888
0.00299, -0.00860
0.00317, -0.00832
0.00335, -0.00804
0.00353, -0.00776
0.00372, -0.00749
0.00392, -0.00721
0.00412, -0.00693
0.00432, -0.00665
0.00453, -0.00638
0.00474, -0.00610
0.00496, -0.00582
0.00519, -0.00555
0.00542, -0.00527
0.00565, -0.00499
0.00589, -0.00471
0.00613, -0.00444
0.00638, -0.00416
0.00663, -0.00388
0.00689, -0.00361
0.00715, -0.00333
0.00742, -0.00305
0.00769, -0.00278
0.00797, -0.00250
0.00825, -0.00223
0.00854, -0.00195
0.00883, -0.00167
0.00913, -0.00140
0.00943, -0.00112
0.00973, -0.00085
0.01004, -0.00057
0.01036, -0.00029
0.01068, -0.00002
0.01100, 0.00026
0.01133, 0.00053
0.01167, 0.00081
0.01201, 0.00108
0.01235, 0.00136
0.01270, 0.00163
0.01305, 0.00191
0.01341, 0.00218
0.01377, 0.00246
0.01414, 0.00273
0.01451, 0.00301
0.01489, 0.00328
0.01527, 0.00356
0.01566, 0.00383
0.01605, 0.00410
0.01644, 0.00438
0.01685, 0.00465
0.01725, 0.00493
0.01766, 0.00520
0.01807, 0.00547
0.01849, 0.00575
0.01892, 0.00602
0.01934, 0.00629
0.01978, 0.00657
0.02022, 0.00684
0.02066, 0.00711
0.02110, 0.00738
0.02156, 0.00766
0.02201, 0.00793
0.02247, 0.00820
0.02294, 0.00847
0.02341, 0.00875
0.02388, 0.00902
0.02436, 0.00929
0.02484, 0.00956
0.02533, 0.00984
0.02582, 0.01011
0.02632, 0.01038
0.02682, 0.01065
0.02733, 0.01092
0.02784, 0.01119
0.02835, 0.01146
0.02887, 0.01173
0.02940, 0.01201
0.02992, 0.01228
0.03046, 0.01255
0.03099, 0.01282
0.03154, 0.01309
0.03208, 0.01336
0.03263, 0.01363
0.03319, 0.01390
0.03375, 0.01417
0.03431, 0.01444
0.03488, 0.01471
0.03545, 0.01498
0.03603, 0.01525
0.03661, 0.01552
0.03720, 0.01579
0.03779, 0.01606
0.03838, 0.01633
0.03898, 0.01659
0.03958, 0.01686
0.04019, 0.01713
0.04080, 0.01740
0.04142, 0.01767
0.04204, 0.01794
0.04266, 0.01821
0.04329, 0.01848
0.04392, 0.01874
0.04456, 0.01901
0.04520, 0.01928
0.04585, 0.01955
0.04650, 0.01982
0.04715, 0.02009
0.04781, 0.02035
0.04847, 0.02062
0.04914, 0.02089
0.04981, 0.02116
0.05049, 0.02142
0.05116, 0.02169
0.05185, 0.02196
0.05253, 0.02223
0.05323, 0.02249
0.05392, 0.02276
0.05462, 0.02303
0.05533, 0.02330
0.05603, 0.02356
0.05674, 0.02383
0.05746, 0.02410
0.05818, 0.02437
0.05890, 0.02463
0.05963, 0.02490
0.06036, 0.02517
0.06110, 0.02543
0.06184, 0.02570
0.06258, 0.02597
0.06333, 0.02624
0.06408, 0.02650
0.06484, 0.02677
0.06560, 0.02704
0.06636, 0.02730
0.06713, 0.02757
0.06790, 0.02784
0.06868, 0.02811
0.06946, 0.02837
0.07024, 0.02864
0.07103, 0.02891
0.07182, 0.02917
0.07261, 0.02944
0.07341, 0.02971
0.07421, 0.02998
0.07502, 0.03024
0.07583, 0.03051
0.07664, 0.03078
0.07746, 0.03105
0.07828, 0.03131
0.07910, 0.03158
0.07993, 0.03185
0.08076, 0.03212
0.08160, 0.03239
0.08244, 0.03266
0.08328, 0.03292
0.08413, 0.03319
0.08498, 0.03346
0.08583, 0.03373
0.08669, 0.03400
0.08755, 0.03427
0.08841, 0.03454
0.08928, 0.03481
0.09015, 0.03508
0.09103, 0.03535
0.09191, 0.03562
0.09279, 0.03589
0.09368, 0.03616
0.09457, 0.03643
0.09546, 0.03670
0.09636, 0.03697
0.09726, 0.03724
0.09816, 0.03751
0.09907, 0.03779
0.09998, 0.03806
0.10089, 0.03833
0.10181, 0.03860
0.10273, 0.03888
0.10365, 0.03915
0.10458, 0.03942
0.10551, 0.03970
0.10644, 0.03997
0.10738, 0.04025
0.10832, 0.04052
0.10926, 0.04080
0.11021, 0.04107
0.11116, 0.04135
0.11211, 0.04163
0.11307, 0.04190
0.11403, 0.04218
0.11499, 0.04246
0.11596, 0.04274
0.11693, 0.04302
0.11790, 0.04330
0.11888, 0.04357
0.11986, 0.04385
0.12084, 0.04414
0.12183, 0.04442
0.12281, 0.04470
0.12381, 0.04498
0.12480, 0.04526
0.12580, 0.04555
0.12680, 0.04583
0.12781, 0.04611
0.12882, 0.04640
0.12984, 0.04669
0.13086, 0.04697
0.13188, 0.04726
0.13291, 0.04755
0.13395, 0.04784
0.13499, 0.04813
0.13603, 0.04842
0.13708, 0.04871
0.13814, 0.04900
0.13919, 0.04929
0.14026, 0.04959
0.14133, 0.04988
0.14240, 0.05017
0.14348, 0.05047
0.14456, 0.05076
0.14565, 0.05106
0.14674, 0.05135
0.14784, 0.05165
0.14894, 0.05195
0.15005, 0.05224
0.15116, 0.05254
0.15228, 0.05284
0.15341, 0.05313
0.15453, 0.05343
0.15567, 0.05373
0.15680, 0.05403
0.15795, 0.05433
0.15909, 0.05463
0.16025, 0.05492
0.16140, 0.05522
0.16257, 0.05552
0.16373, 0.05582
0.16491, 0.05612
0.16609, 0.05642
0.16727, 0.05672
0.16846, 0.05701
0.16965, 0.05731
0.17085, 0.05761
0.17205, 0.05791
0.17326, 0.05821
0.17448, 0.05850
0.17569, 0.05880
0.17692, 0.05910
0.17815, 0.05939
0.17938, 0.05969
0.18062, 0.05998
0.18187, 0.06027
0.18312, 0.06057
0.18437, 0.06086
0.18564, 0.06115
0.18690, 0.06144
0.18817, 0.06173
0.18945, 0.06202
0.19073, 0.06231
0.19202, 0.06260
0.19331, 0.06288
0.19460, 0.06316
0.19590, 0.06345
0.19720, 0.06373
0.19850, 0.06401
0.19981, 0.06429
0.20112, 0.06456
0.20244, 0.06484
0.20376, 0.06511
0.20508, 0.06539
0.20641, 0.06566
0.20774, 0.06593
0.20907, 0.06620
0.21041, 0.06646
0.21175, 0.06673
0.21309, 0.06699
0.21444, 0.06725
0.21579, 0.06751
0.21715, 0.06777
0.21851, 0.06803
0.21987, 0.06829
0.22123, 0.06854
0.22260, 0.06879
0.22397, 0.06904
0.22535, 0.06929
0.22673, 0.06954
0.22811, 0.06978
0.22950, 0.07002
0.23089, 0.07026
0.23228, 0.07050
0.23367, 0.07074
0.23507, 0.07098
0.23648, 0.07121
0.23788, 0.07144
0.23929, 0.07167
0.24070, 0.07190
0.24212, 0.07212
0.24354, 0.07235
0.24496, 0.07257
0.24639, 0.07279
0.24781, 0.07300
0.24925, 0.07322
0.25068, 0.07343
0.25212, 0.07364
0.25356, 0.07385
0.25501, 0.07406
0.25645, 0.07426
0.25791, 0.07446
0.25936, 0.07466
0.26082, 0.07486
0.26228, 0.07505
0.26374, 0.07525
0.26520, 0.07544
0.26667, 0.07562
0.26814, 0.07581
0.26961, 0.07599
0.27108, 0.07617
0.27256, 0.07635
0.27404, 0.07652
0.27552, 0.07670
0.27700, 0.07687
0.27848, 0.07704
0.27997, 0.07720
0.28146, 0.07737
0.28295, 0.07753
0.28444, 0.07768
0.28594, 0.07784
0.28743, 0.07799
0.28893, 0.07814
0.29044, 0.07829
0.29194, 0.07844
0.29344, 0.07858
0.29495, 0.07872
0.29646, 0.07886
0.29797, 0.07900
0.29948, 0.07913
0.30100, 0.07927
0.30252, 0.07939
0.30404, 0.07952
0.30556, 0.07964
0.30708, 0.07977
0.30860, 0.07989
0.31013, 0.08000
0.31166, 0.08012
0.31319, 0.08023
0.31472, 0.08034
0.31625, 0.08044
0.31779, 0.08055
0.31932, 0.08065
0.32086, 0.08075
0.32240, 0.08085
0.32394, 0.08094
0.32548, 0.08103
0.32703, 0.08112
0.32857, 0.08121
0.33012, 0.08130
0.33167, 0.08138
0.33322, 0.08146
0.33477, 0.08154
0.33633, 0.08161
0.33788, 0.08168
0.33944, 0.08176
0.34099, 0.08182
0.34255, 0.08189
0.34411, 0.08195
0.34567, 0.08201
0.34724, 0.08207
0.34880, 0.08213
0.35037, 0.08218
0.35193, 0.08223
0.35350, 0.08228
0.35507, 0.08233
0.35664, 0.08237
0.35821, 0.08241
0.35979, 0.08245
0.36136, 0.08249
0.36294, 0.08252
0.36451, 0.08255
0.36609, 0.08258
0.36767, 0.08261
0.36925, 0.08264
0.37083, 0.08266
0.37241, 0.08268
0.37399, 0.08270
0.37558, 0.08271
0.37716, 0.08272
0.37875, 0.08274
0.38033, 0.08274
0.38192, 0.08275
0.38351, 0.08275
0.38510, 0.08276
0.38669, 0.08276
0.38828, 0.08275
0.38987, 0.08275
0.39146, 0.08274
0.39305, 0.08273
0.39465, 0.08272
0.39624, 0.08270
0.39784, 0.08269
0.39943, 0.08267
0.40103, 0.08265
0.40263, 0.08263
0.40423, 0.08260
0.40582, 0.08257
0.40742, 0.08254
0.40902, 0.08251
0.41062, 0.08248
0.41223, 0.08244
0.41383, 0.08240
0.41543, 0.08236
0.41703, 0.08232
0.41863, 0.08228
0.42024, 0.08223
0.42184, 0.08218
0.42345, 0.08213
0.42505, 0.08207
0.42666, 0.08202
0.42826, 0.08196
0.42987, 0.08190
0.43148, 0.08184
0.43308, 0.08178
0.43469, 0.08171
0.43630, 0.08164
0.43790, 0.08157
0.43951, 0.08150
0.44112, 0.08143
0.44273, 0.08135
0.44434, 0.08127
0.44595, 0.08119
0.44756, 0.08111
0.44917, 0.08103
0.45077, 0.08094
0.45238, 0.08085
0.45399, 0.08076
0.45560, 0.08067
0.45721, 0.08058
0.45882, 0.08048
0.46043, 0.08039
0.46204, 0.08029
0.46365, 0.08018
0.46526, 0.08008
0.46687, 0.07998
0.46848, 0.07987
0.47009, 0.07976
0.47170, 0.07965
0.47331, 0.07954
0.47492, 0.07942
0.47653, 0.07931
0.47814, 0.07919
0.47975, 0.07907
0.48136, 0.07895
0.48297, 0.07883
0.48458, 0.07870
0.48618, 0.07858
0.48779, 0.07845
0.48940, 0.07832
0.49101, 0.07819
0.49262, 0.07805
0.49422, 0.07792
0.49583, 0.07778
0.49744, 0.07764
0.49904, 0.07750
0.50065, 0.07736
0.50225, 0.07722
0.50386, 0.07707
0.50546, 0.07693
0.50707, 0.07678
0.50867, 0.07663
0.51027, 0.07648
0.51188, 0.07632
0.51348, 0.07617
0.51508, 0.07601
0.51668, 0.07586
0.51828, 0.07570
0.51988, 0.07554
0.52148, 0.07537
0.52308, 0.07521
0.52468, 0.07505
0.52628, 0.07488
0.52788, 0.07471
0.52947, 0.07454
0.53107, 0.07437
0.53267, 0.07420
0.53426, 0.07403
0.53585, 0.07385
0.53745, 0.07368
0.53904, 0.07350
0.54063, 0.07332
0.54222, 0.07314
0.54381, 0.07296
0.54540, 0.07278
0.54699, 0.07259
0.54858, 0.07241
0.55017, 0.07222
0.55175, 0.07203
0.55334, 0.07184
0.55492, 0.07165
0.55651, 0.07146
0.55809, 0.07127
0.55967, 0.07107
0.56125, 0.07088
0.56283, 0.07068
0.56441, 0.07049
0.56599, 0.07029
0.56757, 0.07009
0.56914, 0.06989
0.57072, 0.06968
0.57229, 0.06948
0.57387, 0.06928
0.57544, 0.06907
0.57701, 0.06887
0.57858, 0.06866
0.58015, 0.06845
0.58172, 0.06824
0.58328, 0.06803
0.58485, 0.06782
0.58641, 0.06761
0.58798, 0.06739
0.58954, 0.06718
0.59110, 0.06696
0.59266, 0.06675
0.59422, 0.06653
0.59577, 0.06631
0.59733, 0.06609
0.59888, 0.06587
0.60044, 0.06565
0.60199, 0.06543
0.60354, 0.06521
0.60509, 0.06498
0.60664, 0.06476
0.60818, 0.06453
0.60973, 0.06431
0.61127, 0.06408
0.61282, 0.06386
0.61436, 0.06363
0.61590, 0.06340
0.61744, 0.06317
0.61897, 0.06294
0.62051, 0.06271
0.62204, 0.06247
0.62358, 0.06224
0.62511, 0.06201
0.62664, 0.06178
0.62816, 0.06154
0.62969, 0.06131
0.63122, 0.06107
0.63274, 0.06083
0.63426, 0.06060
0.63578, 0.06036
0.63730, 0.06012
0.63882, 0.05988
0.64033, 0.05964
0.64185, 0.05940
0.64336, 0.05916
0.64487, 0.05892
0.64638, 0.05868
0.64789, 0.05844
0.64939, 0.05819
0.65090, 0.05795
0.65240, 0.05771
0.65390, 0.05746
0.65540, 0.05722
0.65689, 0.05697
0.65839, 0.05673
0.65988, 0.05648
0.66137, 0.05624
0.66286, 0.05599
0.66435, 0.05574
0.66584, 0.05549
0.66732, 0.05525
0.66880, 0.05500
0.67028, 0.05475
0.67176, 0.05450
0.67324, 0.05425
0.67472, 0.05400
0.67619, 0.05375
0.67766, 0.05350
0.67913, 0.05325
0.68060, 0.05300
0.68207, 0.05275
0.68353, 0.05250
0.68500, 0.05225
0.68646, 0.05199
0.68792, 0.05174
0.68938, 0.05149
0.69083, 0.05123
0.69229, 0.05098
0.69374, 0.05073
0.69519, 0.05047
0.69664, 0.05022
0.69809, 0.04996
0.69953, 0.04971
0.70098, 0.04945
0.70242, 0.04919
0.70386, 0.04894
0.70530, 0.04868
0.70673, 0.04842
0.70816, 0.04817
0.70960, 0.04791
0.71103, 0.04765
0.71245, 0.04739
0.71388, 0.04713
0.71530, 0.04688
0.71672, 0.04662
0.71814, 0.04636
0.71956, 0.04610
0.72097, 0.04584
0.72238, 0.04558
0.72380, 0.04531
0.72520, 0.04505
0.72661, 0.04479
0.72801, 0.04453
0.72941, 0.04427
0.73081, 0.04401
0.73221, 0.04374
0.73360, 0.04348
0.73500, 0.04322
0.73639, 0.04295
0.73777, 0.04269
0.73916, 0.04243
0.74054, 0.04216
0.74192, 0.04190
0.74330, 0.04163
0.74468, 0.04137
0.74605, 0.04110
0.74742, 0.04084
0.74879, 0.04057
0.75016, 0.04030
0.75152, 0.04004
0.75288, 0.03977
0.75424, 0.03950
0.75559, 0.03924
0.75694, 0.03897
0.75829, 0.03870
0.75963, 0.03844
0.76098, 0.03817
0.76231, 0.03790
0.76365, 0.03763
0.76498, 0.03737
0.76630, 0.03710
0.76763, 0.03684
0.76895, 0.03657
0.77026, 0.03631
0.77158, 0.03604
0.77288, 0.03578
0.77419, 0.03551
0.77549, 0.03525
0.77679, 0.03499
0.77809, 0.03472
0.77938, 0.03446
0.78067, 0.03420
0.78196, 0.03394
0.78324, 0.03368
0.78452, 0.03342
0.78579, 0.03316
0.78706, 0.03291
0.78833, 0.03265
0.78960, 0.03239
0.79086, 0.03214
0.79212, 0.03189
0.79337, 0.03163
0.79462, 0.03138
0.79587, 0.03113
0.79712, 0.03088
0.79836, 0.03063
0.79959, 0.03039
0.80083, 0.03014
0.80206, 0.02990
0.80329, 0.02965
0.80451, 0.02941
0.80573, 0.02917
0.80695, 0.02893
0.80817, 0.02869
0.80938, 0.02845
0.81058, 0.02822
0.81179, 0.02798
0.81299, 0.02775
0.81419, 0.02752
0.81538, 0.02729
0.81657, 0.02706
0.81776, 0.02683
0.81894, 0.02661
0.82012, 0.02638
0.82130, 0.02616
0.82247, 0.02594
0.82364, 0.02572
0.82481, 0.02550
0.82598, 0.02529
0.82714, 0.02507
0.82829, 0.02486
0.82945, 0.02465
0.83060, 0.02444
0.83174, 0.02423
0.83289, 0.02403
0.83403, 0.02382
0.83516, 0.02362
0.83630, 0.02342
0.83743, 0.02322
0.83856, 0.02302
0.83969, 0.02283
0.84081, 0.02264
0.84193, 0.02244
0.84305, 0.02225
0.84416, 0.02206
0.84528, 0.02188
0.84639, 0.02169
0.84749, 0.02151
0.84860, 0.02133
0.84970, 0.02114
0.85080, 0.02096
0.85189, 0.02079
0.85299, 0.02061
0.85408, 0.02043
0.85516, 0.02026
0.85625, 0.02009
0.85733, 0.01992
0.85841, 0.01975
0.85948, 0.01958
0.86055, 0.01941
0.86162, 0.01924
0.86269, 0.01908
0.86375, 0.01892
0.86481, 0.01875
0.86587, 0.01859
0.86692, 0.01843
0.86797, 0.01827
0.86902, 0.01812
0.87006, 0.01796
0.87110, 0.01781
0.87214, 0.01765
0.87317, 0.01750
0.87421, 0.01735
0.87523, 0.01720
0.87626, 0.01705
0.87728, 0.01690
0.87830, 0.01675
0.87931, 0.01660
0.88032, 0.01646
0.88133, 0.01631
0.88233, 0.01617
0.88333, 0.01603
0.88433, 0.01589
0.88532, 0.01575
0.88631, 0.01561
0.88730, 0.01547
0.88828, 0.01533
0.88926, 0.01519
0.89024, 0.01505
0.89121, 0.01492
0.89218, 0.01479
0.89315, 0.01465
0.89411, 0.01452
0.89507, 0.01439
0.89602, 0.01426
0.89697, 0.01412
0.89792, 0.01400
0.89887, 0.01387
0.89981, 0.01374
0.90074, 0.01361
0.90167, 0.01348
0.90260, 0.01336
0.90353, 0.01323
0.90445, 0.01311
0.90537, 0.01299
0.90628, 0.01286
0.90719, 0.01274
0.90810, 0.01262
0.90900, 0.01250
0.90990, 0.01238
0.91079, 0.01226
0.91168, 0.01214
0.91257, 0.01202
0.91345, 0.01190
0.91433, 0.01179
0.91521, 0.01167
0.91608, 0.01155
0.91694, 0.01144
0.91781, 0.01132
0.91867, 0.01121
0.91952, 0.01110
0.92037, 0.01098
0.92122, 0.01087
0.92206, 0.01076
0.92290, 0.01065
0.92374, 0.01054
0.92457, 0.01043
0.92539, 0.01032
0.92622, 0.01021
0.92703, 0.01010
0.92785, 0.00999
0.92866, 0.00989
0.92947, 0.00978
0.93027, 0.00967
0.93107, 0.00957
0.93186, 0.00946
0.93265, 0.00936
0.93343, 0.00926
0.93421, 0.00915
0.93499, 0.00905
0.93576, 0.00895
0.93653, 0.00885
0.93730, 0.00874
0.93806, 0.00864
0.93881, 0.00854
0.93956, 0.00844
0.94031, 0.00834
0.94105, 0.00824
0.94179, 0.00815
0.94253, 0.00805
0.94326, 0.00795
0.94398, 0.00785
0.94470, 0.00776
0.94542, 0.00766
0.94613, 0.00757
0.94684, 0.00747
0.94754, 0.00738
0.94824, 0.00728
0.94894, 0.00719
0.94963, 0.00710
0.95031, 0.00700
0.95099, 0.00691
0.95167, 0.00682
0.95234, 0.00673
0.95301, 0.00664
0.95368, 0.00655
0.95434, 0.00646
0.95499, 0.00637
0.95564, 0.00628
0.95629, 0.00619
0.95693, 0.00610
0.95756, 0.00602
0.95820, 0.00593
0.95882, 0.00584
0.95945, 0.00576
0.96007, 0.00567
0.96068, 0.00559
0.96129, 0.00550
0.96189, 0.00542
0.96250, 0.00534
0.96309, 0.00525
0.96368, 0.00517
0.96427, 0.00509
0.96485, 0.00501
0.96543, 0.00493
0.96600, 0.00485
0.96657, 0.00477
0.96713, 0.00469
0.96769, 0.00461
0.96825, 0.00453
0.96880, 0.00445
0.96934, 0.00438
0.96988, 0.00430
0.97042, 0.00423
0.97095, 0.00415
0.97148, 0.00407
0.97200, 0.00400
0.97251, 0.00393
0.97303, 0.00385
0.97353, 0.00378
0.97404, 0.00371
0.97454, 0.00364
0.97503, 0.00357
0.97552, 0.00349
0.97600, 0.00342
0.97648, 0.00336
0.97696, 0.00329
0.97743, 0.00322
0.97789, 0.00315
0.97835, 0.00308
0.97881, 0.00302
0.97926, 0.00295
0.97971, 0.00288
0.98015, 0.00282
0.98058, 0.00276
0.98102, 0.00269
0.98144, 0.00263
0.98187, 0.00257
0.98228, 0.00250
0.98270, 0.00244
0.98311, 0.00238
0.98351, 0.00232
0.98391, 0.00226
0.98430, 0.00220
0.98469, 0.00215
0.98507, 0.00209
0.98545, 0.00203
0.98583, 0.00198
0.98620, 0.00192
0.98656, 0.00187
0.98692, 0.00181
0.98728, 0.00176
0.98763, 0.00170
0.98797, 0.00165
0.98831, 0.00160
0.98865, 0.00155
0.98898, 0.00150
0.98931, 0.00145
0.98963, 0.00140
0.98995, 0.00135
0.99026, 0.00130
0.99056, 0.00126
0.99087, 0.00121
0.99116, 0.00117
0.99146, 0.00112
0.99174, 0.00108
0.99203, 0.00103
0.99230, 0.00099
0.99258, 0.00095
0.99284, 0.00091
0.99311, 0.00086
0.99336, 0.00082
0.99362, 0.00079
0.99387, 0.00075
0.99411, 0.00071
0.99435, 0.00067
0.99458, 0.00064
0.99481, 0.00060
0.99503, 0.00056
0.99525, 0.00053
0.99547, 0.00050
0.99568, 0.00046
0.99588, 0.00043
0.99608, 0.00040
0.99628, 0.00037
0.99647, 0.00034
0.99665, 0.00031
0.99683, 0.00028
0.99700, 0.00025
0.99717, 0.00023
0.99734, 0.00020
0.99750, 0.00018
0.99765, 0.00015
0.99781, 0.00013
0.99795, 0.00011
0.99809, 0.00008
0.99823, 0.00006
0.99836, 0.00004
0.99848, 0.00002
0.99860, 0.00000
0.99872, -0.00002
0.99883, -0.00003
0.99894, -0.00005
0.99904, -0.00007
0.99913, -0.00008
0.99923, -0.00010
0.99931, -0.00011
0.99939, -0.00012
0.99947, -0.00014
0.99954, -0.00015
0.99961, -0.00016
0.99967, -0.00017
0.99973, -0.00018
0.99978, -0.00019
0.99982, -0.00019
0.99987, -0.00020
0.99990, -0.00021
0.99994, -0.00021
0.99996, -0.00022
0.99999, -0.00022
1.00000, -0.00022
1.00002, -0.00022
1.00003, -0.00023
1.00004, -0.00023

=== Lower Surface ===
0.00000, -0.01947
0.00003, -0.01975
0.00005, -0.02003
0.00008, -0.02030
0.00012, -0.02058
0.00016, -0.02086
0.00021, -0.02113
0.00026, -0.02141
0.00032, -0.02168
0.00038, -0.02195
0.00044, -0.02223
0.00052, -0.02250
0.00059, -0.02277
0.00067, -0.02304
0.00076, -0.02331
0.00085, -0.02358
0.00095, -0.02385
0.00105, -0.02411
0.00115, -0.02438
0.00127, -0.02465
0.00138, -0.02491
0.00150, -0.02518
0.00163, -0.02544
0.00176, -0.02570
0.00189, -0.02596
0.00204, -0.02623
0.00218, -0.02649
0.00233, -0.02675
0.00249, -0.02701
0.00265, -0.02726
0.00281, -0.02752
0.00298, -0.02778
0.00316, -0.02803
0.00334, -0.02829
0.00352, -0.02854
0.00371, -0.02880
0.00391, -0.02905
0.00411, -0.02930
0.00431, -0.02955
0.00452, -0.02980
0.00473, -0.03005
0.00495, -0.03030
0.00518, -0.03055
0.00541, -0.03080
0.00564, -0.03104
0.00588, -0.03129
0.00612, -0.03154
0.00637, -0.03178
0.00663, -0.03202
0.00689, -0.03227
0.00715, -0.03251
0.00742, -0.03275
0.00769, -0.03299
0.00797, -0.03323
0.00825, -0.03347
0.00854, -0.03370
0.00883, -0.03394
0.00913, -0.03418
0.00944, -0.03441
0.00974, -0.03465
0.01006, -0.03488
0.01037, -0.03511
0.01070, -0.03534
0.01102, -0.03557
0.01136, -0.03580
0.01169, -0.03603
0.01204, -0.03626
0.01238, -0.03649
0.01273, -0.03671
0.01309, -0.03694
0.01345, -0.03716
0.01382, -0.03739
0.01419, -0.03761
0.01457, -0.03783
0.01495, -0.03805
0.01533, -0.03827
0.01573, -0.03849
0.01612, -0.03871
0.01652, -0.03893
0.01693, -0.03915
0.01734, -0.03936
0.01775, -0.03958
0.01817, -0.03979
0.01860, -0.04000
0.01903, -0.04021
0.01946, -0.04043
0.01990, -0.04063
0.02035, -0.04084
0.02080, -0.04105
0.02125, -0.04126
0.02171, -0.04146
0.02218, -0.04167
0.02264, -0.04187
0.02312, -0.04208
0.02360, -0.04228
0.02408, -0.04248
0.02457, -0.04268
0.02506, -0.04288
0.02556, -0.04308
0.02606, -0.04327
0.02657, -0.04347
0.02708, -0.04366
0.02760, -0.04386
0.02812, -0.04405
0.02865, -0.04424
0.02918, -0.04443
0.02972, -0.04462
0.03026, -0.04481
0.03080, -0.04500
0.03135, -0.04518
0.03191, -0.04537
0.03247, -0.04555
0.03303, -0.04574
0.03360, -0.04592
0.03418, -0.04610
0.03476, -0.04628
0.03534, -0.04646
0.03593, -0.04663
0.03653, -0.04681
0.03713, -0.04698
0.03773, -0.04716
0.03834, -0.04733
0.03895, -0.04750
0.03957, -0.04767
0.04019, -0.04784
0.04082, -0.04801
0.04145, -0.04817
0.04209, -0.04834
0.04273, -0.04850
0.04338, -0.04867
0.04403, -0.04883
0.04468, -0.04899
0.04534, -0.04915
0.04601, -0.04930
0.04668, -0.04946
0.04735, -0.04962
0.04803, -0.04977
0.04872, -0.04992
0.04941, -0.05007
0.05010, -0.05022
0.05080, -0.05037
0.05150, -0.05052
0.05221, -0.05066
0.05292, -0.05081
0.05364, -0.05095
0.05436, -0.05109
0.05509, -0.05123
0.05582, -0.05137
0.05656, -0.05151
0.05730, -0.05165
0.05804, -0.05178
0.05879, -0.05191
0.05955, -0.05204
0.06031, -0.05218
0.06107, -0.05230
0.06184, -0.05243
0.06261, -0.05256
0.06339, -0.05268
0.06418, -0.05280
0.06496, -0.05292
0.06576, -0.05304
0.06655, -0.05316
0.06735, -0.05328
0.06816, -0.05339
0.06897, -0.05351
0.06979, -0.05362
0.07061, -0.05373
0.07143, -0.05384
0.07226, -0.05394
0.07309, -0.05405
0.07393, -0.05415
0.07477, -0.05425
0.07562, -0.05435
0.07647, -0.05445
0.07733, -0.05455
0.07819, -0.05464
0.07906, -0.05474
0.07993, -0.05483
0.08080, -0.05492
0.08168, -0.05501
0.08257, -0.05509
0.08345, -0.05518
0.08435, -0.05526
0.08525, -0.05534
0.08615, -0.05542
0.08706, -0.05550
0.08797, -0.05557
0.08888, -0.05565
0.08980, -0.05572
0.09073, -0.05579
0.09166, -0.05585
0.09259, -0.05592
0.09353, -0.05598
0.09447, -0.05605
0.09542, -0.05611
0.09637, -0.05616
0.09733, -0.05622
0.09829, -0.05627
0.09925, -0.05632
0.10022, -0.05637
0.10120, -0.05642
0.10218, -0.05647
0.10316, -0.05651
0.10415, -0.05655
0.10514, -0.05659
0.10614, -0.05663
0.10714, -0.05666
0.10814, -0.05670
0.10915, -0.05673
0.11017, -0.05675
0.11118, -0.05678
0.11221, -0.05680
0.11323, -0.05683
0.11427, -0.05684
0.11530, -0.05686
0.11634, -0.05688
0.11739, -0.05689
0.11844, -0.05690
0.11949, -0.05691
0.12055, -0.05691
0.12161, -0.05691
0.12268, -0.05692
0.12375, -0.05691
0.12482, -0.05691
0.12590, -0.05690
0.12698, -0.05689
0.12807, -0.05688
0.12916, -0.05687
0.13026, -0.05685
0.13136, -0.05683
0.13247, -0.05681
0.13357, -0.05678
0.13469, -0.05676
0.13581, -0.05673
0.13693, -0.05669
0.13805, -0.05666
0.13918, -0.05662
0.14032, -0.05658
0.14146, -0.05654
0.14260, -0.05649
0.14374, -0.05644
0.14489, -0.05639
0.14604, -0.05634
0.14719, -0.05628
0.14834, -0.05622
0.14950, -0.05616
0.15066, -0.05610
0.15182, -0.05603
0.15298, -0.05597
0.15415, -0.05590
0.15531, -0.05583
0.15648, -0.05575
0.15766, -0.05568
0.15883, -0.05560
0.16001, -0.05552
0.16118, -0.05544
0.16236, -0.05535
0.16355, -0.05526
0.16473, -0.05518
0.16592, -0.05509
0.16710, -0.05499
0.16829, -0.05490
0.16949, -0.05480
0.17068, -0.05471
0.17187, -0.05461
0.17307, -0.05451
0.17427, -0.05440
0.17547, -0.05430
0.17667, -0.05419
0.17787, -0.05409
0.17908, -0.05398
0.18029, -0.05387
0.18149, -0.05376
0.18270, -0.05364
0.18391, -0.05353
0.18512, -0.05341
0.18634, -0.05330
0.18755, -0.05318
0.18877, -0.05306
0.18998, -0.05294
0.19120, -0.05282
0.19242, -0.05270
0.19364, -0.05257
0.19486, -0.05245
0.19609, -0.05232
0.19731, -0.05220
0.19853, -0.05207
0.19976, -0.05194
0.20098, -0.05181
0.20221, -0.05168
0.20344, -0.05156
0.20467, -0.05143
0.20590, -0.05129
0.20713, -0.05116
0.20836, -0.05103
0.20959, -0.05090
0.21082, -0.05077
0.21206, -0.05064
0.21330, -0.05050
0.21454, -0.05037
0.21578, -0.05024
0.21702, -0.05010
0.21827, -0.04997
0.21952, -0.04983
0.22077, -0.04969
0.22202, -0.04956
0.22328, -0.04942
0.22453, -0.04928
0.22579, -0.04915
0.22705, -0.04901
0.22831, -0.04887
0.22958, -0.04873
0.23085, -0.04859
0.23211, -0.04846
0.23339, -0.04832
0.23466, -0.04818
0.23593, -0.04804
0.23721, -0.04790
0.23849, -0.04776
0.23977, -0.04762
0.24105, -0.04748
0.24233, -0.04734
0.24362, -0.04720
0.24491, -0.04706
0.24620, -0.04692
0.24749, -0.04678
0.24878, -0.04664
0.25008, -0.04649
0.25137, -0.04635
0.25267, -0.04621
0.25397, -0.04607
0.25527, -0.04593
0.25658, -0.04579
0.25788, -0.04565
0.25919, -0.04551
0.26050, -0.04537
0.26181, -0.04523
0.26312, -0.04509
0.26443, -0.04495
0.26575, -0.04481
0.26706, -0.04468
0.26838, -0.04454
0.26970, -0.04440
0.27102, -0.04426
0.27235, -0.04412
0.27367, -0.04399
0.27500, -0.04385
0.27632, -0.04371
0.27765, -0.04358
0.27899, -0.04344
0.28032, -0.04330
0.28166, -0.04317
0.28300, -0.04303
0.28434, -0.04290
0.28568, -0.04276
0.28703, -0.04263
0.28838, -0.04250
0.28973, -0.04236
0.29108, -0.04223
0.29243, -0.04210
0.29379, -0.04197
0.29515, -0.04183
0.29651, -0.04170
0.29787, -0.04157
0.29923, -0.04144
0.30060, -0.04131
0.30197, -0.04118
0.30334, -0.04105
0.30471, -0.04092
0.30608, -0.04079
0.30746, -0.04066
0.30884, -0.04054
0.31022, -0.04041
0.31160, -0.04028
0.31298, -0.04015
0.31437, -0.04003
0.31576, -0.03990
0.31715, -0.03978
0.31854, -0.03965
0.31993, -0.03953
0.32133, -0.03940
0.32273, -0.03928
0.32413, -0.03916
0.32553, -0.03904
0.32693, -0.03891
0.32834, -0.03879
0.32974, -0.03867
0.33115, -0.03855
0.33256, -0.03843
0.33397, -0.03831
0.33539, -0.03819
0.33680, -0.03807
0.33822, -0.03795
0.33964, -0.03784
0.34106, -0.03772
0.34249, -0.03760
0.34391, -0.03749
0.34534, -0.03737
0.34677, -0.03726
0.34820, -0.03714
0.34963, -0.03703
0.35106, -0.03691
0.35249, -0.03680
0.35393, -0.03669
0.35537, -0.03658
0.35681, -0.03647
0.35825, -0.03636
0.35969, -0.03625
0.36114, -0.03614
0.36259, -0.03603
0.36403, -0.03592
0.36548, -0.03581
0.36693, -0.03570
0.36839, -0.03560
0.36984, -0.03549
0.37130, -0.03538
0.37275, -0.03528
0.37421, -0.03517
0.37567, -0.03507
0.37713, -0.03497
0.37860, -0.03486
0.38006, -0.03476
0.38153, -0.03466
0.38300, -0.03456
0.38446, -0.03446
0.38594, -0.03436
0.38741, -0.03426
0.38888, -0.03416
0.39035, -0.03406
0.39183, -0.03396
0.39331, -0.03387
0.39479, -0.03377
0.39627, -0.03367
0.39775, -0.03358
0.39923, -0.03348
0.40071, -0.03339
0.40220, -0.03330
0.40369, -0.03320
0.40517, -0.03311
0.40666, -0.03302
0.40815, -0.03293
0.40964, -0.03284
0.41114, -0.03275
0.41263, -0.03266
0.41413, -0.03257
0.41562, -0.03248
0.41712, -0.03239
0.41862, -0.03231
0.42012, -0.03222
0.42162, -0.03213
0.42312, -0.03205
0.42462, -0.03196
0.42613, -0.03188
0.42763, -0.03180
0.42914, -0.03171
0.43065, -0.03163
0.43215, -0.03155
0.43366, -0.03147
0.43517, -0.03139
0.43669, -0.03131
0.43820, -0.03123
0.43971, -0.03115
0.44122, -0.03107
0.44274, -0.03099
0.44426, -0.03092
0.44577, -0.03084
0.44729, -0.03077
0.44881, -0.03069
0.45033, -0.03062
0.45185, -0.03054
0.45337, -0.03047
0.45489, -0.03040
0.45641, -0.03032
0.45794, -0.03025
0.45946, -0.03018
0.46099, -0.03011
0.46251, -0.03004
0.46404, -0.02997
0.46557, -0.02990
0.46710, -0.02983
0.46862, -0.02977
0.47015, -0.02970
0.47168, -0.02963
0.47321, -0.02956
0.47475, -0.02950
0.47628, -0.02943
0.47781, -0.02937
0.47934, -0.02931
0.48088, -0.02924
0.48241, -0.02918
0.48395, -0.02912
0.48548, -0.02906
0.48702, -0.02899
0.48855, -0.02893
0.49009, -0.02887
0.49163, -0.02881
0.49316, -0.02875
0.49470, -0.02870
0.49624, -0.02864
0.49778, -0.02858
0.49932, -0.02852
0.50086, -0.02847
0.50240, -0.02841
0.50394, -0.02836
0.50548, -0.02830
0.50702, -0.02825
0.50856, -0.02819
0.51010, -0.02814
0.51165, -0.02808
0.51319, -0.02803
0.51473, -0.02798
0.51627, -0.02793
0.51781, -0.02788
0.51936, -0.02783
0.52090, -0.02778
0.52244, -0.02773
0.52399, -0.02768
0.52553, -0.02763
0.52707, -0.02758
0.52862, -0.02753
0.53016, -0.02748
0.53171, -0.02744
0.53325, -0.02739
0.53479, -0.02734
0.53634, -0.02730
0.53788, -0.02725
0.53942, -0.02721
0.54097, -0.02716
0.54251, -0.02712
0.54406, -0.02708
0.54560, -0.02703
0.54714, -0.02699
0.54869, -0.02695
0.55023, -0.02690
0.55177, -0.02686
0.55332, -0.02682
0.55486, -0.02678
0.55640, -0.02674
0.55794, -0.02670
0.55948, -0.02666
0.56103, -0.02662
0.56257, -0.02658
0.56411, -0.02654
0.56565, -0.02650
0.56719, -0.02647
0.56873, -0.02643
0.57027, -0.02639
0.57181, -0.02635
0.57335, -0.02632
0.57489, -0.02628
0.57643, -0.02624
0.57796, -0.02621
0.57950, -0.02617
0.58104, -0.02614
0.58257, -0.02610
0.58411, -0.02607
0.58565, -0.02603
0.58718, -0.02600
0.58871, -0.02596
0.59025, -0.02593
0.59178, -0.02590
0.59331, -0.02586
0.59485, -0.02583
0.59638, -0.02580
0.59791, -0.02577
0.59944, -0.02573
0.60097, -0.02570
0.60249, -0.02567
0.60402, -0.02564
0.60555, -0.02561
0.60708, -0.02558
0.60860, -0.02555
0.61013, -0.02552
0.61165, -0.02549
0.61317, -0.02546
0.61469, -0.02543
0.61622, -0.02540
0.61774, -0.02537
0.61926, -0.02534
0.62077, -0.02531
0.62229, -0.02528
0.62381, -0.02525
0.62532, -0.02522
0.62684, -0.02519
0.62835, -0.02516
0.62987, -0.02514
0.63138, -0.02511
0.63289, -0.02508
0.63440, -0.02505
0.63591, -0.02502
0.63741, -0.02500
0.63892, -0.02497
0.64042, -0.02494
0.64193, -0.02491
0.64343, -0.02489
0.64493, -0.02486
0.64643, -0.02483
0.64793, -0.02481
0.64943, -0.02478
0.65093, -0.02475
0.65242, -0.02473
0.65392, -0.02470
0.65541, -0.02467
0.65690, -0.02465
0.65839, -0.02462
0.65988, -0.02459
0.66137, -0.02457
0.66285, -0.02454
0.66434, -0.02451
0.66582, -0.02449
0.66730, -0.02446
0.66878, -0.02444
0.67026, -0.02441
0.67173, -0.02438
0.67321, -0.02436
0.67468, -0.02433
0.67615, -0.02430
0.67762, -0.02428
0.67909, -0.02425
0.68055, -0.02423
0.68202, -0.02420
0.68348, -0.02418
0.68494, -0.02415
0.68640, -0.02412
0.68785, -0.02410
0.68931, -0.02407
0.69076, -0.02405
0.69221, -0.02402
0.69366, -0.02400
0.69510, -0.02397
0.69655, -0.02395
0.69799, -0.02392
0.69943, -0.02390
0.70087, -0.02387
0.70230, -0.02385
0.70374, -0.02383
0.70517, -0.02380
0.70660, -0.02378
0.70803, -0.02376
0.70945, -0.02373
0.71088, -0.02371
0.71230, -0.02369
0.71372, -0.02366
0.71514, -0.02364
0.71655, -0.02362
0.71796, -0.02359
0.71938, -0.02357
0.72078, -0.02355
0.72219, -0.02353
0.72360, -0.02351
0.72500, -0.02349
0.72640, -0.02346
0.72780, -0.02344
0.72919, -0.02342
0.73058, -0.02340
0.73197, -0.02338
0.73336, -0.02336
0.73475, -0.02334
0.73613, -0.02332
0.73752, -0.02330
0.73889, -0.02328
0.74027, -0.02326
0.74165, -0.02325
0.74302, -0.02323
0.74439, -0.02321
0.74575, -0.02319
0.74712, -0.02317
0.74848, -0.02316
0.74984, -0.02314
0.75120, -0.02312
0.75256, -0.02311
0.75392, -0.02309
0.75528, -0.02307
0.75663, -0.02306
0.75798, -0.02304
0.75933, -0.02302
0.76068, -0.02301
0.76203, -0.02299
0.76337, -0.02298
0.76471, -0.02296
0.76606, -0.02294
0.76740, -0.02293
0.76873, -0.02291
0.77007, -0.02289
0.77140, -0.02288
0.77273, -0.02286
0.77406, -0.02284
0.77539, -0.02282
0.77672, -0.02280
0.77804, -0.02278
0.77936, -0.02276
0.78068, -0.02274
0.78200, -0.02272
0.78331, -0.02270
0.78462, -0.02268
0.78593, -0.02265
0.78724, -0.02263
0.78855, -0.02261
0.78985, -0.02258
0.79115, -0.02256
0.79245, -0.02253
0.79374, -0.02250
0.79504, -0.02247
0.79633, -0.02244
0.79762, -0.02241
0.79890, -0.02238
0.80019, -0.02235
0.80147, -0.02232
0.80275, -0.02228
0.80402, -0.02225
0.80529, -0.02221
0.80656, -0.02218
0.80783, -0.02214
0.80910, -0.02210
0.81036, -0.02206
0.81162, -0.02202
0.81287, -0.02197
0.81412, -0.02193
0.81538, -0.02188
0.81662, -0.02184
0.81787, -0.02179
0.81911, -0.02174
0.82035, -0.02169
0.82158, -0.02164
0.82282, -0.02159
0.82404, -0.02153
0.82527, -0.02148
0.82649, -0.02142
0.82771, -0.02136
0.82893, -0.02130
0.83015, -0.02124
0.83136, -0.02118
0.83256, -0.02111
0.83377, -0.02105
0.83497, -0.02098
0.83616, -0.02091
0.83735, -0.02084
0.83854, -0.02077
0.83972, -0.02069
0.84090, -0.02062
0.84208, -0.02055
0.84325, -0.02047
0.84442, -0.02039
0.84558, -0.02031
0.84674, -0.02023
0.84789, -0.02015
0.84905, -0.02007
0.85019, -0.01998
0.85134, -0.01990
0.85247, -0.01981
0.85361, -0.01973
0.85474, -0.01964
0.85587, -0.01955
0.85699, -0.01946
0.85811, -0.01937
0.85922, -0.01928
0.86033, -0.01919
0.86144, -0.01910
0.86254, -0.01900
0.86364, -0.01891
0.86474, -0.01881
0.86583, -0.01872
0.86691, -0.01862
0.86799, -0.01852
0.86907, -0.01843
0.87015, -0.01833
0.87122, -0.01823
0.87228, -0.01813
0.87334, -0.01803
0.87440, -0.01793
0.87545, -0.01783
0.87650, -0.01773
0.87755, -0.01762
0.87859, -0.01752
0.87963, -0.01742
0.88066, -0.01732
0.88169, -0.01721
0.88271, -0.01711
0.88373, -0.01700
0.88475, -0.01690
0.88576, -0.01679
0.88677, -0.01669
0.88777, -0.01658
0.88877, -0.01648
0.88977, -0.01637
0.89076, -0.01626
0.89175, -0.01616
0.89273, -0.01605
0.89371, -0.01594
0.89468, -0.01584
0.89565, -0.01573
0.89662, -0.01562
0.89758, -0.01552
0.89854, -0.01541
0.89949, -0.01530
0.90044, -0.01519
0.90139, -0.01509
0.90233, -0.01498
0.90327, -0.01487
0.90420, -0.01476
0.90513, -0.01466
0.90605, -0.01455
0.90697, -0.01444
0.90789, -0.01434
0.90880, -0.01423
0.90971, -0.01412
0.91061, -0.01401
0.91151, -0.01391
0.91240, -0.01380
0.91329, -0.01370
0.91418, -0.01359
0.91506, -0.01348
0.91594, -0.01338
0.91681, -0.01327
0.91768, -0.01317
0.91855, -0.01306
0.91941, -0.01296
0.92026, -0.01285
0.92111, -0.01275
0.92196, -0.01264
0.92281, -0.01254
0.92364, -0.01243
0.92448, -0.01233
0.92531, -0.01223
0.92614, -0.01212
0.92696, -0.01202
0.92778, -0.01192
0.92859, -0.01182
0.92940, -0.01172
0.93020, -0.01162
0.93100, -0.01151
0.93180, -0.01141
0.93259, -0.01131
0.93338, -0.01122
0.93416, -0.01112
0.93494, -0.01102
0.93571, -0.01092
0.93648, -0.01082
0.93725, -0.01072
0.93801, -0.01063
0.93876, -0.01053
0.93952, -0.01043
0.94026, -0.01034
0.94101, -0.01024
0.94175, -0.01015
0.94248, -0.01005
0.94321, -0.00996
0.94394, -0.00987
0.94466, -0.00977
0.94537, -0.00968
0.94609, -0.00959
0.94679, -0.00950
0.94750, -0.00941
0.94820, -0.00932
0.94889, -0.00923
0.94958, -0.00914
0.95027, -0.00905
0.95095, -0.00896
0.95162, -0.00888
0.95230, -0.00879
0.95296, -0.00870
0.95363, -0.00862
0.95428, -0.00853
0.95494, -0.00845
0.95559, -0.00836
0.95623, -0.00828
0.95687, -0.00820
0.95751, -0.00811
0.95814, -0.00803
0.95877, -0.00795
0.95939, -0.00787
0.96001, -0.00779
0.96062, -0.00771
0.96123, -0.00763
0.96183, -0.00756
0.96243, -0.00748
0.96303, -0.00740
0.96362, -0.00732
0.96420, -0.00725
0.96479, -0.00717
0.96536, -0.00710
0.96594, -0.00703
0.96650, -0.00695
0.96707, -0.00688
0.96762, -0.00681
0.96818, -0.00674
0.96873, -0.00667
0.96927, -0.00660
0.96981, -0.00653
0.97035, -0.00646
0.97088, -0.00639
0.97140, -0.00632
0.97192, -0.00625
0.97244, -0.00619
0.97295, -0.00612
0.97346, -0.00606
0.97396, -0.00599
0.97446, -0.00593
0.97495, -0.00587
0.97544, -0.00580
0.97592, -0.00574
0.97640, -0.00568
0.97688, -0.00562
0.97735, -0.00556
0.97781, -0.00550
0.97827, -0.00544
0.97873, -0.00538
0.97918, -0.00533
0.97963, -0.00527
0.98007, -0.00521
0.98050, -0.00516
0.98094, -0.00510
0.98136, -0.00505
0.98179, -0.00500
0.98220, -0.00494
0.98262, -0.00489
0.98302, -0.00484
0.98343, -0.00479
0.98383, -0.00474
0.98422, -0.00469
0.98461, -0.00464
0.98499, -0.00459
0.98537, -0.00454
0.98575, -0.00450
0.98612, -0.00445
0.98648, -0.00440
0.98684, -0.00436
0.98720, -0.00432
0.98755, -0.00427
0.98790, -0.00423
0.98824, -0.00419
0.98857, -0.00414
0.98890, -0.00410
0.98923, -0.00406
0.98955, -0.00402
0.98987, -0.00398
0.99018, -0.00394
0.99049, -0.00391
0.99079, -0.00387
0.99109, -0.00383
0.99138, -0.00379
0.99167, -0.00376
0.99195, -0.00372
0.99223, -0.00369
0.99250, -0.00366
0.99277, -0.00362
0.99304, -0.00359
0.99329, -0.00356
0.99355, -0.00353
0.99380, -0.00350
0.99404, -0.00347
0.99428, -0.00344
0.99452, -0.00341
0.99474, -0.00338
0.99497, -0.00335
0.99519, -0.00333
0.99540, -0.00330
0.99561, -0.00327
0.99582, -0.00325
0.99602, -0.00322
0.99621, -0.00320
0.99640, -0.00318
0.99659, -0.00316
0.99677, -0.00313
0.99694, -0.00311
0.99711, -0.00309
0.99728, -0.00307
0.99744, -0.00305
0.99760, -0.00303
0.99775, -0.00301
0.99789, -0.00300
0.99803, -0.00298
0.99817, -0.00296
0.99830, -0.00295
0.99843, -0.00293
0.99855, -0.00292
0.99867, -0.00290
0.99878, -0.00289
0.99888, -0.00288
0.99898, -0.00286
0.99908, -0.00285
0.99917, -0.00284
0.99926, -0.00283
0.99934, -0.00282
0.99942, -0.00281
0.99949, -0.00280
0.99956, -0.00280
0.99962, -0.00279
0.99968, -0.00278
0.99973, -0.00277
0.99977, -0.00277
0.99982, -0.00276
0.99985, -0.00276
0.99989, -0.00276
0.99991, -0.00275
0.99994, -0.00275
0.99995, -0.00275
0.99996, -0.00275
0.99996, -0.00274
0.99996, -0.00274
