=== Airfoil Parameters ===
m = 0.02
p = 0.4
t = 0.12

=== Control Points ===
0.00000, -0.03813, -0.03813
0.06667, -0.02532, -0.03144
0.13333, -0.01032, -0.02144
0.20000, 0.00845, -0.00655
0.26667, 0.02988, 0.01211
0.66667, 0.04036, 0.02431
0.75000, 0.03648, 0.02328
0.83333, 0.02387, 0.01430
0.91667, 0.01090, 0.00573
1.00000, 0.00108, 0.00108

=== Upper Surface ===
0.00000, -0.03812
-0.00006, -0.03785
-0.00009, -0.03757
-0.00013, -0.03730
-0.00016, -0.03702
-0.00019, -0.03674
-0.00021, -0.03646
-0.00023, -0.03618
-0.00024, -0.03590
-0.00025, -0.03562
-0.00025, -0.03534
-0.00025, -0.03506
-0.00024, -0.03478
-0.00023, -0.03450
-0.00022, -0.03422
-0.00019, -0.03393
-0.00017, -0.03365
-0.00013, -0.03336
-0.00010, -0.03308
-0.00005, -0.03279
-0.00001, -0.03251
0.00004, -0.03222
0.00010, -0.03193
0.00016, -0.03165
0.00023, -0.03136
0.00030, -0.03107
0.00038, -0.03078
0.00046, -0.03049
0.00055, -0.03020
0.00064, -0.02991
0.00074, -0.02962
0.00084, -0.02933
0.00095, -0.02904
0.00106, -0.02875
0.00118, -0.02845
0.00130, -0.02816
0.00143, -0.02787
0.00156, -0.02757
0.00169, -0.02728
0.00184, -0.02698
0.00198, -0.02668
0.00213, -0.02639
0.00229, -0.02609
0.00245, -0.02579
0.00262, -0.02550
0.00279, -0.02520
0.00297, -0.02490
0.00315, -0.02460
0.00333, -0.02430
0.00352, -0.02400
0.00372, -0.02370
0.00392, -0.02340
0.00413, -0.02310
0.00434, -0.02279
0.00455, -0.02249
0.00478, -0.02219
0.00500, -0.02189
0.00523, -0.02158
0.00547, -0.02128
0.00571, -0.02097
0.00595, -0.02067
0.00620, -0.02036
0.00646, -0.02006
0.00672, -0.01975
0.00698, -0.01944
0.00725, -0.01913
0.00753, -0.01883
0.00781, -0.01852
0.00809, -0.01821
0.00838, -0.01790
0.00867, -0.01759
0.00897, -0.01728
0.00927, -0.01697
0.00958, -0.01666
0.00990, -0.01635
0.01021, -0.01604
0.01054, -0.01572
0.01087, -0.01541
0.01120, -0.01510
0.01154, -0.01478
0.01188, -0.01447
0.01222, -0.01416
0.01258, -0.01384
0.01293, -0.01353
0.01329, -0.01321
0.01366, -0.01289
0.01403, -0.01258
0.01441, -0.01226
0.01479, -0.01194
0.01517, -0.01163
0.01556, -0.01131
0.01596, -0.01099
0.01636, -0.01067
0.01676, -0.01035
0.01717, -0.01003
0.01758, -0.00971
0.01800, -0.00939
0.01842, -0.00907
0.01885, -0.00875
0.01928, -0.00843
0.01972, -0.00811
0.02016, -0.00779
0.02061, -0.00746
0.02106, -0.00714
0.02152, -0.00682
0.02198, -0.00649
0.02244, -0.00617
0.02291, -0.00585
0.02339, -0.00552
0.02387, -0.00520
0.02435, -0.00487
0.02484, -0.00454
0.02533, -0.00422
0.02583, -0.00389
0.02633, -0.00357
0.02684, -0.00324
0.02735, -0.00291
0.02786, -0.00258
0.02838, -0.00225
0.02891, -0.00193
0.02944, -0.00160
0.02997, -0.00127
0.03051, -0.00094
0.03106, -0.00061
0.03160, -0.00028
0.03215, 0.00005
0.03271, 0.00038
0.03327, 0.00071
0.03384, 0.00105
0.03441, 0.00138
0.03498, 0.00171
0.03556, 0.00204
0.03615, 0.00238
0.03673, 0.00271
0.03733, 0.00304
0.03792, 0.00338
0.03852, 0.00371
0.03913, 0.00405
0.03974, 0.00438
0.04035, 0.00472
0.04097, 0.00505
0.04159, 0.00539
0.04222, 0.00572
0.04285, 0.00606
0.04349, 0.00640
0.04413, 0.00674
0.04478, 0.00707
0.04542, 0.00741
0.04608, 0.00775
0.04674, 0.00809
0.04740, 0.00843
0.04806, 0.00877
0.04873, 0.00911
0.04941, 0.00945
0.05009, 0.00979
0.05077, 0.01013
0.05146, 0.01047
0.05215, 0.01081
0.05285, 0.01115
0.05355, 0.01149
0.05425, 0.01184
0.05496, 0.01218
0.05567, 0.01252
0.05639, 0.01287
0.05711, 0.01321
0.05783, 0.01355
0.05856, 0.01390
0.05930, 0.01424
0.06003, 0.01459
0.06077, 0.01493
0.06152, 0.01528
0.06227, 0.01563
0.06302, 0.01597
0.06378, 0.01632
0.06454, 0.01667
0.06531, 0.01701
0.06608, 0.01736
0.06685, 0.01771
0.06763, 0.01806
0.06841, 0.01841
0.06920, 0.01876
0.06999, 0.01911
0.07078, 0.01946
0.07158, 0.01981
0.07238, 0.02016
0.07318, 0.02051
0.07399, 0.02086
0.07480, 0.02122
0.07562, 0.02157
0.07644, 0.02192
0.07727, 0.02228
0.07810, 0.02263
0.07893, 0.02299
0.07976, 0.02334
0.08060, 0.02370
0.08145, 0.02405
0.08229, 0.02441
0.08315, 0.02477
0.08400, 0.02512
0.08486, 0.02548
0.08572, 0.02584
0.08659, 0.02620
0.08746, 0.02656
0.08833, 0.02692
0.08921, 0.02728
0.09009, 0.02764
0.09097, 0.02800
0.09186, 0.02836
0.09275, 0.02872
0.09365, 0.02908
0.09455, 0.02945
0.09545, 0.02981
0.09636, 0.03017
0.09727, 0.03054
0.09818, 0.03090
0.09910, 0.03127
0.10002, 0.03164
0.10094, 0.03200
0.10187, 0.03237
0.10280, 0.03274
0.10373, 0.03311
0.10467, 0.03348
0.10561, 0.03385
0.10656, 0.03422
0.10751, 0.03459
0.10846, 0.03496
0.10941, 0.03533
0.11037, 0.03571
0.11133, 0.03608
0.11230, 0.03645
0.11327, 0.03683
0.11424, 0.03720
0.11522, 0.03758
0.11619, 0.03796
0.11718, 0.03834
0.11816, 0.03871
0.11915, 0.03909
0.12014, 0.03947
0.12114, 0.03985
0.12214, 0.04024
0.12314, 0.04062
0.12414, 0.04100
0.12515, 0.04138
0.12616, 0.04177
0.12717, 0.04215
0.12819, 0.04254
0.12921, 0.04293
0.13024, 0.04331
0.13126, 0.04370
0.13229, 0.04409
0.13332, 0.04448
0.13436, 0.04487
0.13540, 0.04527
0.13644, 0.04566
0.13748, 0.04605
0.13853, 0.04645
0.13958, 0.04684
0.14063, 0.04724
0.14169, 0.04764
0.14275, 0.04804
0.14381, 0.04843
0.14488, 0.04884
0.14594, 0.04924
0.14701, 0.04964
0.14809, 0.05004
0.14916, 0.05045
0.15024, 0.05085
0.15133, 0.05126
0.15241, 0.05167
0.15350, 0.05208
0.15459, 0.05249
0.15568, 0.05290
0.15678, 0.05331
0.15788, 0.05373
0.15898, 0.05414
0.16008, 0.05456
0.16119, 0.05498
0.16230, 0.05539
0.16341, 0.05581
0.16453, 0.05624
0.16564, 0.05666
0.16676, 0.05708
0.16789, 0.05751
0.16901, 0.05793
0.17014, 0.05836
0.17127, 0.05879
0.17240, 0.05922
0.17354, 0.05965
0.17468, 0.06009
0.17582, 0.06052
0.17696, 0.06096
0.17811, 0.06140
0.17926, 0.06184
0.18041, 0.06228
0.18156, 0.06272
0.18272, 0.06317
0.18388, 0.06362
0.18505, 0.06407
0.18623, 0.06452
0.18741, 0.06497
0.18860, 0.06543
0.18980, 0.06590
0.19100, 0.06636
0.19222, 0.06683
0.19344, 0.06729
0.19466, 0.06777
0.19590, 0.06824
0.19714, 0.06872
0.19839, 0.06919
0.19965, 0.06967
0.20091, 0.07016
0.20218, 0.07064
0.20346, 0.07113
0.20475, 0.07161
0.20604, 0.07210
0.20735, 0.07259
0.20866, 0.07308
0.20997, 0.07358
0.21130, 0.07407
0.21263, 0.07457
0.21397, 0.07506
0.21532, 0.07556
0.21668, 0.07605
0.21804, 0.07655
0.21941, 0.07705
0.22079, 0.07755
0.22218, 0.07804
0.22358, 0.07854
0.22498, 0.07904
0.22639, 0.07954
0.22781, 0.08003
0.22924, 0.08053
0.23068, 0.08102
0.23212, 0.08152
0.23358, 0.08201
0.23504, 0.08250
0.23651, 0.08299
0.23799, 0.08348
0.23947, 0.08397
0.24097, 0.08445
0.24247, 0.08493
0.24399, 0.08541
0.24551, 0.08589
0.24704, 0.08636
0.24858, 0.08683
0.25012, 0.08730
0.25167, 0.08776
0.25323, 0.08822
0.25479, 0.08868
0.25635, 0.08912
0.25791, 0.08957
0.25948, 0.09000
0.26105, 0.09044
0.26262, 0.09086
0.26420, 0.09129
0.26577, 0.09170
0.26735, 0.09211
0.26893, 0.09252
0.27051, 0.09292
0.27210, 0.09332
0.27369, 0.09371
0.27528, 0.09409
0.27687, 0.09447
0.27846, 0.09485
0.28006, 0.09522
0.28166, 0.09558
0.28325, 0.09594
0.28486, 0.09629
0.28646, 0.09664
0.28807, 0.09698
0.28967, 0.09732
0.29128, 0.09765
0.29289, 0.09798
0.29450, 0.09830
0.29612, 0.09862
0.29773, 0.09893
0.29935, 0.09924
0.30097, 0.09954
0.30259, 0.09983
0.30421, 0.10012
0.30584, 0.10041
0.30746, 0.10069
0.30909, 0.10096
0.31072, 0.10123
0.31234, 0.10150
0.31397, 0.10176
0.31561, 0.10201
0.31724, 0.10226
0.31887, 0.10250
0.32051, 0.10274
0.32215, 0.10297
0.32378, 0.10320
0.32542, 0.10343
0.32706, 0.10365
0.32870, 0.10386
0.33034, 0.10407
0.33199, 0.10427
0.33363, 0.10447
0.33528, 0.10466
0.33692, 0.10485
0.33857, 0.10503
0.34021, 0.10521
0.34186, 0.10539
0.34351, 0.10555
0.34516, 0.10572
0.34681, 0.10588
0.34846, 0.10603
0.35011, 0.10618
0.35177, 0.10633
0.35342, 0.10647
0.35507, 0.10660
0.35672, 0.10673
0.35838, 0.10686
0.36003, 0.10698
0.36169, 0.10709
0.36334, 0.10720
0.36500, 0.10731
0.36666, 0.10741
0.36831, 0.10751
0.36997, 0.10761
0.37163, 0.10769
0.37329, 0.10778
0.37494, 0.10786
0.37660, 0.10793
0.37826, 0.10800
0.37992, 0.10807
0.38158, 0.10813
0.38324, 0.10819
0.38489, 0.10824
0.38655, 0.10829
0.38821, 0.10834
0.38987, 0.10838
0.39153, 0.10842
0.39319, 0.10845
0.39485, 0.10848
0.39651, 0.10850
0.39816, 0.10852
0.39982, 0.10854
0.40148, 0.10855
0.40314, 0.10856
0.40480, 0.10856
0.40646, 0.10856
0.40811, 0.10856
0.40977, 0.10855
0.41143, 0.10854
0.41308, 0.10852
0.41474, 0.10850
0.41640, 0.10848
0.41805, 0.10846
0.41971, 0.10843
0.42136, 0.10839
0.42302, 0.10835
0.42467, 0.10831
0.42632, 0.10827
0.42798, 0.10822
0.42963, 0.10817
0.43128, 0.10811
0.43293, 0.10805
0.43458, 0.10799
0.43623, 0.10793
0.43788, 0.10786
0.43953, 0.10779
0.44118, 0.10771
0.44283, 0.10763
0.44448, 0.10755
0.44613, 0.10747
0.44777, 0.10738
0.44942, 0.10729
0.45106, 0.10719
0.45271, 0.10710
0.45435, 0.10700
0.45599, 0.10689
0.45763, 0.10679
0.45927, 0.10668
0.46091, 0.10657
0.46255, 0.10645
0.46419, 0.10634
0.46583, 0.10622
0.46746, 0.10610
0.46910, 0.10597
0.47073, 0.10584
0.47237, 0.10571
0.47400, 0.10558
0.47563, 0.10544
0.47726, 0.10531
0.47889, 0.10516
0.48052, 0.10502
0.48215, 0.10488
0.48378, 0.10473
0.48541, 0.10458
0.48703, 0.10443
0.48865, 0.10427
0.49028, 0.10412
0.49190, 0.10396
0.49352, 0.10380
0.49514, 0.10363
0.49676, 0.10347
0.49837, 0.10330
0.49999, 0.10313
0.50161, 0.10296
0.50322, 0.10279
0.50483, 0.10261
0.50644, 0.10244
0.50806, 0.10226
0.50966, 0.10208
0.51127, 0.10190
0.51288, 0.10171
0.51448, 0.10153
0.51609, 0.10134
0.51769, 0.10115
0.51929, 0.10096
0.52089, 0.10077
0.52249, 0.10057
0.52409, 0.10038
0.52569, 0.10018
0.52728, 0.09999
0.52888, 0.09979
0.53047, 0.09959
0.53206, 0.09939
0.53365, 0.09918
0.53524, 0.09898
0.53683, 0.09877
0.53841, 0.09857
0.54000, 0.09836
0.54158, 0.09815
0.54316, 0.09794
0.54474, 0.09773
0.54632, 0.09752
0.54790, 0.09731
0.54947, 0.09709
0.55105, 0.09688
0.55262, 0.09667
0.55419, 0.09645
0.55576, 0.09623
0.55733, 0.09602
0.55889, 0.09580
0.56046, 0.09558
0.56202, 0.09536
0.56359, 0.09514
0.56515, 0.09492
0.56671, 0.09470
0.56826, 0.09448
0.56982, 0.09425
0.57137, 0.09403
0.57293, 0.09381
0.57448, 0.09359
0.57603, 0.09336
0.57758, 0.09314
0.57912, 0.09291
0.58067, 0.09269
0.58221, 0.09246
0.58375, 0.09224
0.58529, 0.09201
0.58683, 0.09179
0.58837, 0.09156
0.58990, 0.09134
0.59143, 0.09111
0.59297, 0.09089
0.59450, 0.09066
0.59602, 0.09044
0.59755, 0.09021
0.59908, 0.08999
0.60060, 0.08976
0.60212, 0.08954
0.60364, 0.08931
0.60516, 0.08909
0.60667, 0.08886
0.60819, 0.08864
0.60970, 0.08842
0.61121, 0.08819
0.61272, 0.08797
0.61423, 0.08775
0.61574, 0.08753
0.61724, 0.08731
0.61874, 0.08709
0.62024, 0.08687
0.62174, 0.08665
0.62324, 0.08643
0.62473, 0.08621
0.62623, 0.08599
0.62772, 0.08577
0.62921, 0.08556
0.63069, 0.08534
0.63218, 0.08513
0.63366, 0.08491
0.63515, 0.08470
0.63663, 0.08448
0.63810, 0.08427
0.63958, 0.08406
0.64106, 0.08385
0.64253, 0.08364
0.64400, 0.08343
0.64547, 0.08323
0.64694, 0.08302
0.64840, 0.08282
0.64986, 0.08261
0.65133, 0.08241
0.65278, 0.08221
0.65424, 0.08200
0.65570, 0.08181
0.65715, 0.08161
0.65860, 0.08141
0.66005, 0.08121
0.66150, 0.08102
0.66295, 0.08082
0.66439, 0.08063
0.66583, 0.08044
0.66727, 0.08025
0.66871, 0.08006
0.67015, 0.07987
0.67159, 0.07969
0.67304, 0.07950
0.67448, 0.07932
0.67592, 0.07913
0.67737, 0.07895
0.67882, 0.07877
0.68027, 0.07859
0.68172, 0.07840
0.68317, 0.07822
0.68462, 0.07804
0.68607, 0.07786
0.68753, 0.07768
0.68898, 0.07750
0.69044, 0.07731
0.69190, 0.07713
0.69335, 0.07695
0.69481, 0.07677
0.69627, 0.07658
0.69773, 0.07640
0.69919, 0.07621
0.70065, 0.07603
0.70211, 0.07584
0.70357, 0.07565
0.70503, 0.07546
0.70649, 0.07527
0.70795, 0.07508
0.70941, 0.07489
0.71088, 0.07469
0.71234, 0.07449
0.71380, 0.07430
0.71526, 0.07409
0.71672, 0.07389
0.71818, 0.07369
0.71964, 0.07348
0.72110, 0.07327
0.72256, 0.07306
0.72402, 0.07285
0.72548, 0.07263
0.72694, 0.07241
0.72840, 0.07219
0.72986, 0.07196
0.73131, 0.07174
0.73277, 0.07151
0.73422, 0.07127
0.73568, 0.07104
0.73713, 0.07080
0.73859, 0.07056
0.74004, 0.07031
0.74149, 0.07006
0.74294, 0.06981
0.74438, 0.06955
0.74583, 0.06929
0.74728, 0.06903
0.74872, 0.06876
0.75016, 0.06849
0.75160, 0.06821
0.75304, 0.06793
0.75448, 0.06765
0.75591, 0.06736
0.75733, 0.06707
0.75875, 0.06678
0.76017, 0.06648
0.76158, 0.06618
0.76298, 0.06588
0.76439, 0.06557
0.76578, 0.06526
0.76717, 0.06495
0.76856, 0.06464
0.76994, 0.06432
0.77131, 0.06400
0.77268, 0.06368
0.77405, 0.06335
0.77541, 0.06303
0.77676, 0.06270
0.77811, 0.06237
0.77946, 0.06204
0.78080, 0.06171
0.78214, 0.06137
0.78347, 0.06103
0.78479, 0.06070
0.78612, 0.06036
0.78743, 0.06002
0.78875, 0.05967
0.79006, 0.05933
0.79136, 0.05899
0.79266, 0.05864
0.79395, 0.05830
0.79524, 0.05795
0.79653, 0.05760
0.79781, 0.05726
0.79908, 0.05691
0.80036, 0.05656
0.80162, 0.05621
0.80289, 0.05586
0.80414, 0.05551
0.80540, 0.05516
0.80665, 0.05481
0.80789, 0.05446
0.80913, 0.05411
0.81037, 0.05376
0.81160, 0.05341
0.81283, 0.05306
0.81405, 0.05271
0.81527, 0.05236
0.81649, 0.05201
0.81770, 0.05166
0.81891, 0.05131
0.82011, 0.05096
0.82131, 0.05062
0.82250, 0.05027
0.82369, 0.04993
0.82487, 0.04958
0.82606, 0.04924
0.82723, 0.04889
0.82841, 0.04855
0.82958, 0.04821
0.83074, 0.04787
0.83190, 0.04753
0.83306, 0.04720
0.83421, 0.04686
0.83536, 0.04652
0.83650, 0.04619
0.83765, 0.04586
0.83878, 0.04553
0.83992, 0.04520
0.84105, 0.04487
0.84218, 0.04454
0.84330, 0.04421
0.84442, 0.04389
0.84554, 0.04356
0.84666, 0.04324
0.84777, 0.04292
0.84888, 0.04260
0.84998, 0.04228
0.85108, 0.04196
0.85218, 0.04164
0.85328, 0.04133
0.85437, 0.04101
0.85546, 0.04070
0.85654, 0.04039
0.85762, 0.04008
0.85870, 0.03977
0.85978, 0.03946
0.86085, 0.03916
0.86192, 0.03885
0.86298, 0.03855
0.86404, 0.03824
0.86510, 0.03794
0.86615, 0.03764
0.86721, 0.03734
0.86825, 0.03704
0.86930, 0.03675
0.87034, 0.03645
0.87138, 0.03616
0.87241, 0.03587
0.87344, 0.03558
0.87447, 0.03528
0.87549, 0.03500
0.87651, 0.03471
0.87752, 0.03442
0.87854, 0.03414
0.87955, 0.03385
0.88055, 0.03357
0.88155, 0.03329
0.88255, 0.03301
0.88355, 0.03273
0.88454, 0.03245
0.88552, 0.03218
0.88651, 0.03190
0.88749, 0.03163
0.88846, 0.03136
0.88944, 0.03109
0.89041, 0.03082
0.89137, 0.03055
0.89233, 0.03028
0.89329, 0.03002
0.89424, 0.02975
0.89519, 0.02949
0.89614, 0.02923
0.89708, 0.02897
0.89802, 0.02871
0.89896, 0.02845
0.89989, 0.02819
0.90082, 0.02794
0.90174, 0.02769
0.90266, 0.02743
0.90358, 0.02718
0.90449, 0.02693
0.90540, 0.02668
0.90631, 0.02644
0.90721, 0.02619
0.90810, 0.02594
0.90900, 0.02570
0.90989, 0.02546
0.91077, 0.02522
0.91165, 0.02498
0.91253, 0.02474
0.91341, 0.02450
0.91428, 0.02427
0.91514, 0.02403
0.91601, 0.02380
0.91686, 0.02357
0.91772, 0.02334
0.91857, 0.02311
0.91941, 0.02288
0.92026, 0.02266
0.92110, 0.02243
0.92193, 0.02221
0.92276, 0.02198
0.92359, 0.02176
0.92441, 0.02154
0.92523, 0.02132
0.92604, 0.02111
0.92685, 0.02089
0.92766, 0.02068
0.92846, 0.02046
0.92926, 0.02025
0.93005, 0.02004
0.93084, 0.01983
0.93163, 0.01962
0.93241, 0.01941
0.93319, 0.01921
0.93396, 0.01900
0.93473, 0.01880
0.93549, 0.01860
0.93626, 0.01840
0.93701, 0.01820
0.93776, 0.01800
0.93851, 0.01780
0.93926, 0.01761
0.94000, 0.01742
0.94073, 0.01722
0.94146, 0.01703
0.94219, 0.01684
0.94292, 0.01665
0.94363, 0.01646
0.94435, 0.01628
0.94506, 0.01609
0.94577, 0.01591
0.94647, 0.01573
0.94717, 0.01555
0.94786, 0.01537
0.94855, 0.01519
0.94923, 0.01501
0.94991, 0.01483
0.95059, 0.01466
0.95126, 0.01449
0.95193, 0.01431
0.95259, 0.01414
0.95325, 0.01397
0.95391, 0.01381
0.95456, 0.01364
0.95520, 0.01347
0.95585, 0.01331
0.95648, 0.01314
0.95712, 0.01298
0.95774, 0.01282
0.95837, 0.01266
0.95899, 0.01250
0.95960, 0.01235
0.96021, 0.01219
0.96082, 0.01204
0.96142, 0.01188
0.96202, 0.01173
0.96261, 0.01158
0.96320, 0.01143
0.96379, 0.01128
0.96437, 0.01114
0.96494, 0.01099
0.96551, 0.01085
0.96608, 0.01070
0.96664, 0.01056
0.96720, 0.01042
0.96775, 0.01028
0.96830, 0.01014
0.96885, 0.01001
0.96938, 0.00987
0.96992, 0.00974
0.97045, 0.00960
0.97098, 0.00947
0.97150, 0.00934
0.97201, 0.00921
0.97253, 0.00908
0.97303, 0.00896
0.97354, 0.00883
0.97404, 0.00871
0.97453, 0.00858
0.97502, 0.00846
0.97550, 0.00834
0.97598, 0.00822
0.97646, 0.00810
0.97693, 0.00799
0.97740, 0.00787
0.97786, 0.00776
0.97832, 0.00764
0.97877, 0.00753
0.97922, 0.00742
0.97966, 0.00731
0.98010, 0.00720
0.98053, 0.00710
0.98096, 0.00699
0.98139, 0.00689
0.98181, 0.00678
0.98222, 0.00668
0.98263, 0.00658
0.98304, 0.00648
0.98344, 0.00638
0.98384, 0.00628
0.98423, 0.00619
0.98462, 0.00609
0.98500, 0.00600
0.98538, 0.00590
0.98575, 0.00581
0.98612, 0.00572
0.98649, 0.00563
0.98684, 0.00555
0.98720, 0.00546
0.98755, 0.00537
0.98789, 0.00529
0.98823, 0.00521
0.98857, 0.00513
0.98890, 0.00504
0.98923, 0.00497
0.98955, 0.00489
0.98986, 0.00481
0.99018, 0.00473
0.99048, 0.00466
0.99079, 0.00459
0.99108, 0.00451
0.99138, 0.00444
0.99166, 0.00437
0.99195, 0.00430
0.99223, 0.00424
0.99250, 0.00417
0.99277, 0.00411
0.99303, 0.00404
0.99329, 0.00398
0.99355, 0.00392
0.99380, 0.00386
0.99404, 0.00380
0.99428, 0.00374
0.99452, 0.00368
0.99475, 0.00363
0.99497, 0.00357
0.99519, 0.00352
0.99541, 0.00347
0.99562, 0.00342
0.99583, 0.00337
0.99603, 0.00332
0.99623, 0.00327
0.99642, 0.00323
0.99661, 0.00318
0.99679, 0.00314
0.99697, 0.00309
0.99714, 0.00305
0.99731, 0.00301
0.99747, 0.00297
0.99763, 0.00294
0.99778, 0.00290
0.99793, 0.00286
0.99807, 0.00283
0.99821, 0.00280
0.99834, 0.00276
0.99847, 0.00273
0.99860, 0.00270
0.99872, 0.00267
0.99883, 0.00265
0.99894, 0.00262
0.99905, 0.00260
0.99915, 0.00257
0.99924, 0.00255
0.99933, 0.00253
0.99942, 0.00251
0.99950, 0.00249
0.99957, 0.00247
0.99964, 0.00245
0.99971, 0.00244
0.99977, 0.00242
0.99983, 0.00241
0.99988, 0.00240
0.99992, 0.00239
0.99996, 0.00238
1.00000, 0.00237
1.00003, 0.00236
1.00006, 0.00235
1.00008, 0.00235
1.00010, 0.00234
1.00011, 0.00234
1.00016, 0.00234
1.00017, 0.00233

=== Lower Surface ===
0.00000, -0.03812
0.00007, -0.03840
0.00011, -0.03867
0.00017, -0.03895
0.00024, -0.03922
0.00031, -0.03949
0.00039, -0.03975
0.00047, -0.04002
0.00056, -0.04029
0.00065, -0.04055
0.00075, -0.04082
0.00085, -0.04108
0.00096, -0.04134
0.00107, -0.04160
0.00118, -0.04186
0.00131, -0.04211
0.00143, -0.04237
0.00156, -0.04262
0.00170, -0.04288
0.00184, -0.04313
0.00198, -0.04338
0.00213, -0.04363
0.00229, -0.04388
0.00245, -0.04412
0.00262, -0.04437
0.00279, -0.04461
0.00296, -0.04486
0.00314, -0.04510
0.00332, -0.04534
0.00351, -0.04558
0.00371, -0.04581
0.00391, -0.04605
0.00411, -0.04628
0.00432, -0.04652
0.00453, -0.04675
0.00475, -0.04698
0.00498, -0.04721
0.00520, -0.04744
0.00544, -0.04767
0.00568, -0.04789
0.00592, -0.04812
0.00617, -0.04834
0.00642, -0.04856
0.00668, -0.04878
0.00694, -0.04900
0.00721, -0.04922
0.00748, -0.04943
0.00776, -0.04965
0.00804, -0.04986
0.00832, -0.05007
0.00862, -0.05029
0.00891, -0.05050
0.00921, -0.05070
0.00952, -0.05091
0.00983, -0.05112
0.01015, -0.05132
0.01047, -0.05152
0.01079, -0.05172
0.01112, -0.05192
0.01146, -0.05212
0.01180, -0.05232
0.01214, -0.05252
0.01249, -0.05271
0.01284, -0.05290
0.01320, -0.05310
0.01357, -0.05329
0.01394, -0.05347
0.01431, -0.05366
0.01469, -0.05385
0.01507, -0.05403
0.01546, -0.05422
0.01585, -0.05440
0.01625, -0.05458
0.01665, -0.05476
0.01706, -0.05494
0.01747, -0.05511
0.01789, -0.05529
0.01831, -0.05546
0.01874, -0.05563
0.01917, -0.05580
0.01960, -0.05597
0.02004, -0.05614
0.02049, -0.05631
0.02094, -0.05647
0.02139, -0.05663
0.02185, -0.05680
0.02232, -0.05696
0.02279, -0.05712
0.02326, -0.05727
0.02374, -0.05743
0.02422, -0.05758
0.02471, -0.05774
0.02520, -0.05789
0.02570, -0.05804
0.02620, -0.05819
0.02671, -0.05833
0.02722, -0.05848
0.02774, -0.05862
0.02826, -0.05877
0.02879, -0.05891
0.02932, -0.05905
0.02985, -0.05918
0.03039, -0.05932
0.03094, -0.05945
0.03149, -0.05959
0.03204, -0.05972
0.03260, -0.05985
0.03317, -0.05998
0.03374, -0.06011
0.03431, -0.06023
0.03489, -0.06036
0.03547, -0.06048
0.03606, -0.06060
0.03665, -0.06072
0.03725, -0.06083
0.03785, -0.06095
0.03845, -0.06106
0.03906, -0.06118
0.03968, -0.06129
0.04030, -0.06140
0.04092, -0.06151
0.04155, -0.06161
0.04219, -0.06172
0.04282, -0.06182
0.04347, -0.06192
0.04412, -0.06202
0.04477, -0.06212
0.04543, -0.06221
0.04609, -0.06231
0.04675, -0.06240
0.04743, -0.06249
0.04810, -0.06258
0.04878, -0.06267
0.04947, -0.06276
0.05016, -0.06284
0.05085, -0.06292
0.05155, -0.06300
0.05225, -0.06308
0.05296, -0.06316
0.05367, -0.06323
0.05439, -0.06331
0.05511, -0.06338
0.05584, -0.06345
0.05657, -0.06352
0.05730, -0.06358
0.05804, -0.06365
0.05879, -0.06371
0.05954, -0.06377
0.06029, -0.06383
0.06105, -0.06389
0.06181, -0.06395
0.06258, -0.06400
0.06335, -0.06405
0.06413, -0.06410
0.06491, -0.06415
0.06569, -0.06419
0.06648, -0.06424
0.06728, -0.06428
0.06807, -0.06432
0.06888, -0.06436
0.06969, -0.06440
0.07050, -0.06443
0.07131, -0.06446
0.07214, -0.06449
0.07296, -0.06452
0.07379, -0.06455
0.07463, -0.06457
0.07547, -0.06460
0.07631, -0.06462
0.07716, -0.06464
0.07801, -0.06465
0.07887, -0.06467
0.07973, -0.06468
0.08059, -0.06469
0.08147, -0.06470
0.08234, -0.06470
0.08322, -0.06471
0.08410, -0.06471
0.08499, -0.06471
0.08588, -0.06471
0.08678, -0.06470
0.08768, -0.06470
0.08859, -0.06469
0.08950, -0.06468
0.09041, -0.06467
0.09133, -0.06465
0.09225, -0.06463
0.09318, -0.06461
0.09411, -0.06459
0.09505, -0.06457
0.09599, -0.06454
0.09693, -0.06451
0.09788, -0.06448
0.09884, -0.06445
0.09979, -0.06441
0.10076, -0.06437
0.10172, -0.06433
0.10269, -0.06429
0.10367, -0.06425
0.10465, -0.06420
0.10563, -0.06415
0.10662, -0.06410
0.10761, -0.06404
0.10861, -0.06399
0.10961, -0.06393
0.11061, -0.06386
0.11162, -0.06380
0.11264, -0.06373
0.11365, -0.06366
0.11468, -0.06359
0.11570, -0.06352
0.11673, -0.06344
0.11777, -0.06336
0.11880, -0.06328
0.11985, -0.06319
0.12089, -0.06311
0.12195, -0.06302
0.12300, -0.06293
0.12406, -0.06283
0.12513, -0.06273
0.12619, -0.06263
0.12727, -0.06253
0.12834, -0.06242
0.12942, -0.06232
0.13051, -0.06220
0.13159, -0.06209
0.13269, -0.06197
0.13378, -0.06186
0.13488, -0.06173
0.13599, -0.06161
0.13710, -0.06148
0.13821, -0.06135
0.13933, -0.06122
0.14045, -0.06108
0.14158, -0.06094
0.14270, -0.06080
0.14384, -0.06065
0.14497, -0.06051
0.14612, -0.06035
0.14726, -0.06020
0.14841, -0.06004
0.14956, -0.05988
0.15072, -0.05972
0.15188, -0.05956
0.15305, -0.05939
0.15422, -0.05921
0.15539, -0.05904
0.15657, -0.05886
0.15775, -0.05868
0.15894, -0.05849
0.16013, -0.05831
0.16132, -0.05811
0.16252, -0.05792
0.16372, -0.05772
0.16492, -0.05752
0.16613, -0.05732
0.16735, -0.05711
0.16856, -0.05690
0.16978, -0.05668
0.17101, -0.05647
0.17224, -0.05624
0.17347, -0.05602
0.17471, -0.05579
0.17595, -0.05556
0.17719, -0.05532
0.17844, -0.05509
0.17969, -0.05484
0.18095, -0.05460
0.18221, -0.05435
0.18347, -0.05410
0.18474, -0.05384
0.18601, -0.05358
0.18728, -0.05332
0.18856, -0.05305
0.18984, -0.05278
0.19113, -0.05250
0.19242, -0.05222
0.19371, -0.05194
0.19501, -0.05165
0.19631, -0.05136
0.19761, -0.05107
0.19892, -0.05077
0.20023, -0.05047
0.20155, -0.05016
0.20287, -0.04985
0.20419, -0.04954
0.20551, -0.04922
0.20684, -0.04890
0.20818, -0.04857
0.20951, -0.04824
0.21085, -0.04791
0.21220, -0.04757
0.21354, -0.04722
0.21489, -0.04688
0.21625, -0.04653
0.21760, -0.04617
0.21896, -0.04581
0.22032, -0.04545
0.22167, -0.04509
0.22302, -0.04472
0.22438, -0.04435
0.22573, -0.04398
0.22708, -0.04361
0.22843, -0.04324
0.22977, -0.04286
0.23112, -0.04248
0.23246, -0.04210
0.23380, -0.04172
0.23514, -0.04134
0.23648, -0.04096
0.23781, -0.04057
0.23915, -0.04019
0.24048, -0.03980
0.24181, -0.03942
0.24313, -0.03903
0.24446, -0.03864
0.24578, -0.03826
0.24710, -0.03787
0.24842, -0.03748
0.24974, -0.03710
0.25105, -0.03671
0.25236, -0.03633
0.25367, -0.03594
0.25498, -0.03556
0.25628, -0.03518
0.25758, -0.03479
0.25888, -0.03441
0.26017, -0.03404
0.26146, -0.03366
0.26275, -0.03328
0.26404, -0.03291
0.26532, -0.03254
0.26660, -0.03217
0.26788, -0.03180
0.26915, -0.03144
0.27042, -0.03107
0.27168, -0.03071
0.27295, -0.03036
0.27420, -0.03000
0.27546, -0.02965
0.27671, -0.02931
0.27796, -0.02896
0.27920, -0.02862
0.28044, -0.02829
0.28167, -0.02795
0.28291, -0.02762
0.28414, -0.02730
0.28537, -0.02697
0.28660, -0.02665
0.28784, -0.02633
0.28908, -0.02602
0.29031, -0.02570
0.29156, -0.02539
0.29280, -0.02508
0.29404, -0.02477
0.29529, -0.02447
0.29654, -0.02416
0.29779, -0.02386
0.29905, -0.02357
0.30030, -0.02327
0.30156, -0.02298
0.30282, -0.02269
0.30408, -0.02240
0.30534, -0.02211
0.30661, -0.02183
0.30788, -0.02154
0.30915, -0.02126
0.31042, -0.02099
0.31169, -0.02071
0.31297, -0.02044
0.31425, -0.02017
0.31553, -0.01990
0.31681, -0.01964
0.31810, -0.01937
0.31938, -0.01911
0.32067, -0.01885
0.32196, -0.01860
0.32326, -0.01834
0.32455, -0.01809
0.32585, -0.01784
0.32715, -0.01760
0.32845, -0.01735
0.32976, -0.01711
0.33106, -0.01687
0.33237, -0.01663
0.33368, -0.01639
0.33500, -0.01616
0.33631, -0.01593
0.33763, -0.01570
0.33895, -0.01548
0.34027, -0.01525
0.34160, -0.01503
0.34292, -0.01481
0.34425, -0.01459
0.34558, -0.01438
0.34691, -0.01417
0.34825, -0.01396
0.34959, -0.01375
0.35093, -0.01354
0.35227, -0.01334
0.35361, -0.01314
0.35496, -0.01294
0.35631, -0.01274
0.35766, -0.01255
0.35901, -0.01236
0.36037, -0.01217
0.36172, -0.01198
0.36308, -0.01179
0.36445, -0.01161
0.36581, -0.01143
0.36718, -0.01125
0.36854, -0.01108
0.36992, -0.01090
0.37129, -0.01073
0.37266, -0.01056
0.37404, -0.01039
0.37542, -0.01023
0.37680, -0.01006
0.37819, -0.00990
0.37957, -0.00974
0.38096, -0.00958
0.38235, -0.00943
0.38374, -0.00928
0.38514, -0.00913
0.38654, -0.00898
0.38794, -0.00883
0.38934, -0.00869
0.39074, -0.00854
0.39215, -0.00840
0.39355, -0.00827
0.39496, -0.00813
0.39638, -0.00800
0.39779, -0.00786
0.39921, -0.00773
0.40063, -0.00761
0.40205, -0.00748
0.40347, -0.00736
0.40489, -0.00723
0.40632, -0.00711
0.40775, -0.00700
0.40918, -0.00688
0.41061, -0.00677
0.41205, -0.00665
0.41349, -0.00654
0.41493, -0.00643
0.41637, -0.00633
0.41781, -0.00622
0.41925, -0.00612
0.42070, -0.00602
0.42215, -0.00592
0.42360, -0.00582
0.42505, -0.00573
0.42651, -0.00563
0.42797, -0.00554
0.42943, -0.00545
0.43089, -0.00536
0.43235, -0.00527
0.43381, -0.00519
0.43528, -0.00511
0.43675, -0.00502
0.43822, -0.00494
0.43969, -0.00486
0.44116, -0.00479
0.44264, -0.00471
0.44412, -0.00464
0.44559, -0.00457
0.44707, -0.00450
0.44856, -0.00443
0.45004, -0.00436
0.45153, -0.00429
0.45302, -0.00423
0.45450, -0.00416
0.45600, -0.00410
0.45749, -0.00404
0.45898, -0.00398
0.46048, -0.00393
0.46198, -0.00387
0.46347, -0.00382
0.46498, -0.00376
0.46648, -0.00371
0.46798, -0.00366
0.46949, -0.00361
0.47099, -0.00356
0.47250, -0.00351
0.47401, -0.00347
0.47552, -0.00342
0.47703, -0.00338
0.47855, -0.00334
0.48006, -0.00330
0.48158, -0.00326
0.48310, -0.00322
0.48462, -0.00318
0.48614, -0.00314
0.48766, -0.00311
0.48919, -0.00307
0.49071, -0.00304
0.49224, -0.00300
0.49376, -0.00297
0.49529, -0.00294
0.49682, -0.00291
0.49835, -0.00288
0.49988, -0.00285
0.50142, -0.00282
0.50295, -0.00280
0.50449, -0.00277
0.50602, -0.00275
0.50756, -0.00272
0.50910, -0.00270
0.51064, -0.00267
0.51218, -0.00265
0.51372, -0.00263
0.51526, -0.00261
0.51681, -0.00259
0.51835, -0.00257
0.51990, -0.00255
0.52144, -0.00253
0.52299, -0.00251
0.52454, -0.00249
0.52608, -0.00247
0.52763, -0.00245
0.52918, -0.00244
0.53073, -0.00242
0.53229, -0.00240
0.53384, -0.00238
0.53539, -0.00237
0.53695, -0.00235
0.53850, -0.00234
0.54005, -0.00232
0.54161, -0.00231
0.54317, -0.00229
0.54472, -0.00228
0.54628, -0.00226
0.54784, -0.00225
0.54939, -0.00223
0.55095, -0.00222
0.55251, -0.00220
0.55407, -0.00219
0.55563, -0.00217
0.55719, -0.00216
0.55875, -0.00214
0.56031, -0.00213
0.56187, -0.00211
0.56343, -0.00209
0.56500, -0.00208
0.56656, -0.00206
0.56812, -0.00205
0.56968, -0.00203
0.57124, -0.00201
0.57281, -0.00200
0.57437, -0.00198
0.57593, -0.00196
0.57750, -0.00194
0.57906, -0.00192
0.58062, -0.00190
0.58218, -0.00188
0.58375, -0.00186
0.58531, -0.00184
0.58687, -0.00182
0.58843, -0.00180
0.59000, -0.00177
0.59156, -0.00175
0.59312, -0.00173
0.59468, -0.00170
0.59625, -0.00168
0.59781, -0.00165
0.59937, -0.00162
0.60093, -0.00159
0.60249, -0.00156
0.60405, -0.00153
0.60561, -0.00150
0.60717, -0.00147
0.60873, -0.00144
0.61029, -0.00141
0.61185, -0.00137
0.61340, -0.00134
0.61496, -0.00130
0.61652, -0.00126
0.61807, -0.00122
0.61963, -0.00119
0.62118, -0.00114
0.62274, -0.00110
0.62429, -0.00106
0.62585, -0.00102
0.62740, -0.00097
0.62895, -0.00092
0.63050, -0.00088
0.63205, -0.00083
0.63360, -0.00078
0.63515, -0.00072
0.63670, -0.00067
0.63824, -0.00062
0.63979, -0.00056
0.64133, -0.00050
0.64288, -0.00044
0.64442, -0.00038
0.64596, -0.00032
0.64751, -0.00026
0.64905, -0.00019
0.65058, -0.00013
0.65212, -0.00006
0.65366, 0.00001
0.65520, 0.00008
0.65673, 0.00015
0.65826, 0.00023
0.65980, 0.00030
0.66133, 0.00038
0.66286, 0.00046
0.66438, 0.00054
0.66591, 0.00062
0.66743, 0.00071
0.66895, 0.00079
0.67046, 0.00088
0.67197, 0.00097
0.67347, 0.00106
0.67497, 0.00115
0.67646, 0.00124
0.67795, 0.00134
0.67944, 0.00143
0.68092, 0.00153
0.68239, 0.00162
0.68386, 0.00172
0.68533, 0.00182
0.68679, 0.00191
0.68825, 0.00201
0.68970, 0.00211
0.69115, 0.00221
0.69259, 0.00230
0.69403, 0.00240
0.69546, 0.00250
0.69689, 0.00259
0.69832, 0.00269
0.69974, 0.00278
0.70116, 0.00287
0.70257, 0.00297
0.70398, 0.00306
0.70538, 0.00315
0.70678, 0.00324
0.70818, 0.00333
0.70957, 0.00342
0.71096, 0.00350
0.71234, 0.00359
0.71372, 0.00367
0.71509, 0.00375
0.71647, 0.00383
0.71783, 0.00391
0.71920, 0.00399
0.72056, 0.00406
0.72191, 0.00413
0.72326, 0.00420
0.72461, 0.00427
0.72595, 0.00434
0.72729, 0.00440
0.72863, 0.00446
0.72996, 0.00452
0.73129, 0.00457
0.73262, 0.00463
0.73394, 0.00468
0.73526, 0.00473
0.73657, 0.00477
0.73788, 0.00481
0.73919, 0.00485
0.74049, 0.00489
0.74179, 0.00492
0.74309, 0.00495
0.74438, 0.00498
0.74567, 0.00500
0.74696, 0.00502
0.74824, 0.00503
0.74953, 0.00505
0.75081, 0.00506
0.75210, 0.00506
0.75339, 0.00506
0.75467, 0.00506
0.75596, 0.00506
0.75724, 0.00505
0.75853, 0.00504
0.75981, 0.00503
0.76110, 0.00501
0.76238, 0.00499
0.76367, 0.00497
0.76495, 0.00494
0.76623, 0.00492
0.76752, 0.00489
0.76880, 0.00485
0.77008, 0.00482
0.77136, 0.00478
0.77264, 0.00474
0.77392, 0.00470
0.77520, 0.00465
0.77648, 0.00461
0.77776, 0.00456
0.77904, 0.00451
0.78031, 0.00446
0.78159, 0.00440
0.78286, 0.00435
0.78413, 0.00429
0.78541, 0.00423
0.78668, 0.00417
0.78795, 0.00411
0.78921, 0.00405
0.79048, 0.00399
0.79175, 0.00392
0.79301, 0.00386
0.79427, 0.00379
0.79553, 0.00372
0.79679, 0.00365
0.79805, 0.00358
0.79931, 0.00351
0.80056, 0.00344
0.80182, 0.00337
0.80307, 0.00330
0.80432, 0.00323
0.80556, 0.00315
0.80681, 0.00308
0.80805, 0.00301
0.80930, 0.00293
0.81054, 0.00286
0.81178, 0.00278
0.81301, 0.00271
0.81425, 0.00263
0.81548, 0.00256
0.81671, 0.00249
0.81793, 0.00241
0.81916, 0.00234
0.82038, 0.00226
0.82160, 0.00219
0.82282, 0.00212
0.82404, 0.00205
0.82525, 0.00197
0.82646, 0.00190
0.82767, 0.00183
0.82888, 0.00176
0.83008, 0.00169
0.83128, 0.00162
0.83248, 0.00156
0.83367, 0.00149
0.83486, 0.00142
0.83605, 0.00136
0.83723, 0.00129
0.83841, 0.00123
0.83959, 0.00117
0.84076, 0.00111
0.84193, 0.00105
0.84309, 0.00099
0.84425, 0.00093
0.84541, 0.00087
0.84657, 0.00081
0.84772, 0.00075
0.84887, 0.00070
0.85001, 0.00064
0.85115, 0.00059
0.85229, 0.00054
0.85342, 0.00048
0.85455, 0.00043
0.85567, 0.00038
0.85680, 0.00033
0.85791, 0.00028
0.85903, 0.00023
0.86014, 0.00018
0.86125, 0.00014
0.86235, 0.00009
0.86345, 0.00004
0.86454, -0.00000
0.86564, -0.00004
0.86672, -0.00009
0.86781, -0.00013
0.86889, -0.00017
0.86997, -0.00021
0.87104, -0.00025
0.87211, -0.00029
0.87317, -0.00033
0.87423, -0.00037
0.87529, -0.00041
0.87635, -0.00044
0.87740, -0.00048
0.87844, -0.00051
0.87948, -0.00055
0.88052, -0.00058
0.88155, -0.00062
0.88258, -0.00065
0.88361, -0.00068
0.88463, -0.00071
0.88565, -0.00074
0.88667, -0.00077
0.88768, -0.00080
0.88868, -0.00083
0.88968, -0.00086
0.89068, -0.00088
0.89168, -0.00091
0.89267, -0.00093
0.89365, -0.00096
0.89463, -0.00098
0.89561, -0.00101
0.89659, -0.00103
0.89755, -0.00105
0.89852, -0.00107
0.89948, -0.00110
0.90044, -0.00112
0.90139, -0.00114
0.90234, -0.00116
0.90329, -0.00117
0.90423, -0.00119
0.90516, -0.00121
0.90610, -0.00123
0.90702, -0.00124
0.90795, -0.00126
0.90887, -0.00128
0.90978, -0.00129
0.91069, -0.00130
0.91160, -0.00132
0.91250, -0.00133
0.91340, -0.00134
0.91430, -0.00136
0.91519, -0.00137
0.91607, -0.00138
0.91696, -0.00139
0.91783, -0.00140
0.91871, -0.00141
0.91957, -0.00142
0.92044, -0.00143
0.92130, -0.00143
0.92215, -0.00144
0.92301, -0.00145
0.92385, -0.00146
0.92469, -0.00146
0.92553, -0.00147
0.92637, -0.00147
0.92720, -0.00148
0.92802, -0.00148
0.92884, -0.00149
0.92966, -0.00149
0.93047, -0.00149
0.93128, -0.00150
0.93208, -0.00150
0.93288, -0.00150
0.93367, -0.00150
0.93446, -0.00150
0.93525, -0.00150
0.93603, -0.00150
0.93681, -0.00150
0.93758, -0.00150
0.93835, -0.00150
0.93911, -0.00150
0.93987, -0.00150
0.94062, -0.00150
0.94137, -0.00150
0.94212, -0.00149
0.94286, -0.00149
0.94359, -0.00149
0.94432, -0.00148
0.94505, -0.00148
0.94577, -0.00148
0.94649, -0.00147
0.94720, -0.00147
0.94791, -0.00146
0.94862, -0.00146
0.94932, -0.00145
0.95001, -0.00144
0.95070, -0.00144
0.95139, -0.00143
0.95207, -0.00142
0.95274, -0.00142
0.95342, -0.00141
0.95408, -0.00140
0.95475, -0.00140
0.95540, -0.00139
0.95606, -0.00138
0.95670, -0.00137
0.95735, -0.00136
0.95799, -0.00135
0.95862, -0.00134
0.95925, -0.00134
0.95988, -0.00133
0.96050, -0.00132
0.96111, -0.00131
0.96173, -0.00130
0.96233, -0.00129
0.96293, -0.00128
0.96353, -0.00127
0.96412, -0.00126
0.96471, -0.00125
0.96529, -0.00123
0.96587, -0.00122
0.96645, -0.00121
0.96701, -0.00120
0.96758, -0.00119
0.96814, -0.00118
0.96869, -0.00117
0.96924, -0.00115
0.96979, -0.00114
0.97033, -0.00113
0.97086, -0.00112
0.97139, -0.00111
0.97192, -0.00109
0.97244, -0.00108
0.97296, -0.00107
0.97347, -0.00106
0.97398, -0.00105
0.97448, -0.00103
0.97497, -0.00102
0.97547, -0.00101
0.97595, -0.00100
0.97644, -0.00098
0.97692, -0.00097
0.97739, -0.00096
0.97786, -0.00094
0.97832, -0.00093
0.97878, -0.00092
0.97923, -0.00091
0.97968, -0.00089
0.98012, -0.00088
0.98056, -0.00087
0.98100, -0.00085
0.98143, -0.00084
0.98185, -0.00083
0.98227, -0.00082
0.98269, -0.00080
0.98310, -0.00079
0.98350, -0.00078
0.98390, -0.00077
0.98430, -0.00075
0.98469, -0.00074
0.98507, -0.00073
0.98545, -0.00072
0.98583, -0.00070
0.98620, -0.00069
0.98657, -0.00068
0.98693, -0.00067
0.98728, -0.00066
0.98763, -0.00064
0.98798, -0.00063
0.98832, -0.00062
0.98866, -0.00061
0.98899, -0.00060
0.98932, -0.00058
0.98964, -0.00057
0.98995, -0.00056
0.99027, -0.00055
0.99057, -0.00054
0.99088, -0.00053
0.99117, -0.00052
0.99146, -0.00051
0.99175, -0.00050
0.99203, -0.00049
0.99231, -0.00048
0.99258, -0.00046
0.99285, -0.00045
0.99311, -0.00044
0.99337, -0.00043
0.99362, -0.00043
0.99387, -0.00042
0.99411, -0.00041
0.99435, -0.00040
0.99458, -0.00039
0.99481, -0.00038
0.99503, -0.00037
0.99525, -0.00036
0.99546, -0.00035
0.99567, -0.00034
0.99587, -0.00034
0.99607, -0.00033
0.99626, -0.00032
0.99645, -0.00031
0.99663, -0.00031
0.99681, -0.00030
0.99698, -0.00029
0.99715, -0.00028
0.99731, -0.00028
0.99747, -0.00027
0.99762, -0.00026
0.99777, -0.00026
0.99792, -0.00025
0.99805, -0.00025
0.99819, -0.00024
0.99831, -0.00024
0.99844, -0.00023
0.99855, -0.00023
0.99867, -0.00022
0.99877, -0.00022
0.99888, -0.00021
0.99897, -0.00021
0.99907, -0.00020
0.99916, -0.00020
0.99924, -0.00020
0.99932, -0.00019
0.99939, -0.00019
0.99946, -0.00019
0.99952, -0.00019
0.99958, -0.00018
0.99963, -0.00018
0.99968, -0.00018
0.99972, -0.00018
0.99976, -0.00017
0.99979, -0.00017
0.99982, -0.00017
0.99984, -0.00017
0.99986, -0.00017
0.99987, -0.00017
0.99984, -0.00017
0.99983, -0.00016
