airfoil_points_139
1.000000 0.019649
0.999748 0.019678
0.998993 0.019773
0.997736 0.019929
0.995977 0.020141
0.993719 0.020405
0.990964 0.020713
0.987715 0.021060
0.983974 0.021436
0.979746 0.021833
0.975036 0.022243
0.969846 0.022657
0.964184 0.023066
0.958054 0.023465
0.951463 0.023847
0.944418 0.024208
0.936925 0.024546
0.928992 0.024862
0.920627 0.025159
0.911838 0.025444
0.902635 0.025727
0.893027 0.026021
0.883022 0.026347
0.872632 0.026726
0.861867 0.027189
0.850737 0.027769
0.839255 0.028507
0.827430 0.029449
0.815276 0.030618
0.802805 0.032021
0.790028 0.033658
0.776960 0.035530
0.763613 0.037634
0.750000 0.039966
0.736136 0.042502
0.722033 0.045196
0.707708 0.047996
0.693173 0.050844
0.678443 0.053681
0.663534 0.056446
0.648460 0.059112
0.633237 0.061674
0.617879 0.064124
0.602403 0.066456
0.586824 0.068665
0.571157 0.070745
0.555419 0.072690
0.539625 0.074498
0.523791 0.076162
0.507933 0.077678
0.492067 0.079045
0.476209 0.080257
0.460375 0.081313
0.444581 0.082210
0.428843 0.082946
0.413176 0.083520
0.397597 0.083930
0.382121 0.084176
0.366763 0.084258
0.351540 0.084176
0.336466 0.083930
0.321557 0.083522
0.306827 0.082953
0.292292 0.082225
0.277967 0.081340
0.263864 0.080302
0.250000 0.079104
0.236387 0.077694
0.223040 0.076008
0.209972 0.074000
0.197195 0.071631
0.184724 0.068875
0.172570 0.065732
0.160745 0.062262
0.149263 0.058530
0.138133 0.054593
0.127368 0.050510
0.116978 0.046331
0.106973 0.042105
0.097365 0.037866
0.088162 0.033638
0.079373 0.029444
0.071008 0.025303
0.063075 0.021228
0.055582 0.017231
0.048537 0.013321
0.041946 0.009502
0.035816 0.005776
0.030154 0.002146
0.024964 -0.001392
0.020254 -0.004840
0.016026 -0.008200
0.012285 -0.011477
0.009036 -0.014675
0.006281 -0.017794
0.004023 -0.020835
0.002264 -0.023789
0.001007 -0.026619
0.000252 -0.029179
0.000000 -0.030576
0.000252 -0.036399
0.001007 -0.038757
0.002264 -0.041210
0.004023 -0.043598
0.006281 -0.045875
0.009036 -0.048023
0.012285 -0.050030
0.016026 -0.051883
0.020254 -0.053571
0.024964 -0.055084
0.030154 -0.056412
0.035816 -0.057543
0.041946 -0.058466
0.048537 -0.059174
0.055582 -0.059656
0.063075 -0.059905
0.071008 -0.059917
0.079373 -0.059688
0.088162 -0.059216
0.097365 -0.058505
0.106973 -0.057561
0.116978 -0.056394
0.127368 -0.055018
0.138133 -0.053455
0.149263 -0.051731
0.160745 -0.049891
0.172570 -0.048000
0.184724 -0.046136
0.197195 -0.044399
0.209972 -0.042905
0.223040 -0.041729
0.236387 -0.040801
0.250000 -0.040041
0.263864 -0.039364
0.277967 -0.038682
0.292292 -0.037961
0.306827 -0.037205
0.321557 -0.036421
0.336466 -0.035616
0.351540 -0.034797
0.366763 -0.033970
0.382121 -0.033143
0.397597 -0.032322
0.413176 -0.031512
0.428843 -0.030720
0.444581 -0.029953
0.460375 -0.029214
0.476209 -0.028510
0.492067 -0.027845
0.507933 -0.027224
0.523791 -0.026651
0.539625 -0.026129
0.555419 -0.025661
0.571157 -0.025250
0.586824 -0.024898
0.602403 -0.024607
0.617879 -0.024378
0.633237 -0.024212
0.648460 -0.024108
0.663534 -0.024067
0.678443 -0.024085
0.693173 -0.024117
0.707708 -0.024111
0.722033 -0.024017
0.736136 -0.023792
0.750000 -0.023399
0.763613 -0.022809
0.776960 -0.022015
0.790028 -0.021017
0.802805 -0.019821
0.815276 -0.018430
0.827430 -0.016852
0.839255 -0.015094
0.850737 -0.013179
0.861867 -0.011151
0.872632 -0.009052
0.883022 -0.006921
0.893027 -0.004793
0.902635 -0.002698
0.911838 -0.000660
0.920627 0.001298
0.928992 0.003159
0.936925 0.004912
0.944418 0.006545
0.951463 0.008054
0.958054 0.009434
0.964184 0.010686
0.969846 0.011810
0.975036 0.012811
0.979746 0.013691
0.983974 0.014457
0.987715 0.015115
0.990964 0.015670
0.993719 0.016128
0.995977 0.016494
0.997736 0.016774
0.998993 0.016971
0.999748 0.017088
1.000000 0.017126
