airfoil_points_415
1.000000 0.027928
0.999748 0.027967
0.998993 0.028083
0.997736 0.028273
0.995977 0.028532
0.993719 0.028855
0.990964 0.029235
0.987715 0.029661
0.983974 0.030124
0.979746 0.030614
0.975036 0.031118
0.969846 0.031624
0.964184 0.032121
0.958054 0.032597
0.951463 0.033041
0.944418 0.033441
0.936925 0.033789
0.928992 0.034078
0.920627 0.034300
0.911838 0.034451
0.902635 0.034530
0.893027 0.034537
0.883022 0.034475
0.872632 0.034351
0.861867 0.034175
0.850737 0.033959
0.839255 0.033720
0.827430 0.033480
0.815276 0.033265
0.802805 0.033114
0.790028 0.033071
0.776960 0.033185
0.763613 0.033515
0.750000 0.034125
0.736136 0.035062
0.722033 0.036295
0.707708 0.037773
0.693173 0.039443
0.678443 0.041242
0.663534 0.043108
0.648460 0.045003
0.633237 0.046916
0.617879 0.048834
0.602403 0.050746
0.586824 0.052637
0.571157 0.054495
0.555419 0.056305
0.539625 0.058054
0.523791 0.059728
0.507933 0.061313
0.492067 0.062795
0.476209 0.064162
0.460375 0.065400
0.444581 0.066498
0.428843 0.067443
0.413176 0.068224
0.397597 0.068833
0.382121 0.069259
0.366763 0.069494
0.351540 0.069532
0.336466 0.069367
0.321557 0.068992
0.306827 0.068406
0.292292 0.067605
0.277967 0.066587
0.263864 0.065354
0.250000 0.063904
0.236387 0.062229
0.223040 0.060317
0.209972 0.058160
0.197195 0.055755
0.184724 0.053099
0.172570 0.050216
0.160745 0.047187
0.149263 0.044090
0.138133 0.040998
0.127368 0.037978
0.116978 0.035102
0.106973 0.032386
0.097365 0.029791
0.088162 0.027278
0.079373 0.024819
0.071008 0.022390
0.063075 0.019970
0.055582 0.017546
0.048537 0.015104
0.041946 0.012639
0.035816 0.010143
0.030154 0.007614
0.024964 0.005051
0.020254 0.002454
0.016026 -0.000176
0.012285 -0.002836
0.009036 -0.005523
0.006281 -0.008234
0.004023 -0.010964
0.002264 -0.013708
0.001007 -0.016454
0.000252 -0.019164
0.000000 -0.021151
0.000252 -0.025097
0.001007 -0.027768
0.002264 -0.030426
0.004023 -0.033033
0.006281 -0.035578
0.009036 -0.038057
0.012285 -0.040470
0.016026 -0.042812
0.020254 -0.045082
0.024964 -0.047276
0.030154 -0.049389
0.035816 -0.051418
0.041946 -0.053355
0.048537 -0.055191
0.055582 -0.056917
0.063075 -0.058519
0.071008 -0.059984
0.079373 -0.061295
0.088162 -0.062431
0.097365 -0.063371
0.106973 -0.064090
0.116978 -0.064561
0.127368 -0.064754
0.138133 -0.064635
0.149263 -0.064187
0.160745 -0.063447
0.172570 -0.062462
0.184724 -0.061294
0.197195 -0.060026
0.209972 -0.058762
0.223040 -0.057582
0.236387 -0.056482
0.250000 -0.055451
0.263864 -0.054476
0.277967 -0.053542
0.292292 -0.052641
0.306827 -0.051776
0.321557 -0.050950
0.336466 -0.050164
0.351540 -0.049417
0.366763 -0.048710
0.382121 -0.048040
0.397597 -0.047405
0.413176 -0.046803
0.428843 -0.046229
0.444581 -0.045678
0.460375 -0.045147
0.476209 -0.044629
0.492067 -0.044118
0.507933 -0.043608
0.523791 -0.043092
0.539625 -0.042565
0.555419 -0.042018
0.571157 -0.041446
0.586824 -0.040842
0.602403 -0.040199
0.617879 -0.039511
0.633237 -0.038772
0.648460 -0.037977
0.663534 -0.037122
0.678443 -0.036199
0.693173 -0.035176
0.707708 -0.034001
0.722033 -0.032629
0.736136 -0.031022
0.750000 -0.029146
0.763613 -0.026975
0.776960 -0.024537
0.790028 -0.021888
0.802805 -0.019085
0.815276 -0.016179
0.827430 -0.013219
0.839255 -0.010251
0.850737 -0.007313
0.861867 -0.004435
0.872632 -0.001644
0.883022 0.001041
0.893027 0.003600
0.902635 0.006021
0.911838 0.008292
0.920627 0.010407
0.928992 0.012361
0.936925 0.014152
0.944418 0.015783
0.951463 0.017256
0.958054 0.018577
0.964184 0.019751
0.969846 0.020787
0.975036 0.021693
0.979746 0.022478
0.983974 0.023150
0.987715 0.023719
0.990964 0.024193
0.993719 0.024580
0.995977 0.024886
0.997736 0.025118
0.998993 0.025280
0.999748 0.025376
1.000000 0.025405
