airfoil_points_536
1.000000 -0.015116
0.999748 -0.015066
0.998993 -0.014916
0.997736 -0.014666
0.995977 -0.014318
0.993719 -0.013874
0.990964 -0.013336
0.987715 -0.012705
0.983974 -0.011984
0.979746 -0.011176
0.975036 -0.010284
0.969846 -0.009310
0.964184 -0.008255
0.958054 -0.007122
0.951463 -0.005912
0.944418 -0.004625
0.936925 -0.003260
0.928992 -0.001817
0.920627 -0.000292
0.911838 0.001318
0.902635 0.003018
0.893027 0.004816
0.883022 0.006721
0.872632 0.008742
0.861867 0.010892
0.850737 0.013185
0.839255 0.015638
0.827430 0.018264
0.815276 0.021045
0.802805 0.023949
0.790028 0.026938
0.776960 0.029968
0.763613 0.032993
0.750000 0.035962
0.736136 0.038847
0.722033 0.041653
0.707708 0.044385
0.693173 0.047049
0.678443 0.049653
0.663534 0.052206
0.648460 0.054705
0.633237 0.057139
0.617879 0.059496
0.602403 0.061766
0.586824 0.063937
0.571157 0.065998
0.555419 0.067938
0.539625 0.069746
0.523791 0.071413
0.507933 0.072927
0.492067 0.074279
0.476209 0.075461
0.460375 0.076463
0.444581 0.077279
0.428843 0.077900
0.413176 0.078321
0.397597 0.078536
0.382121 0.078540
0.366763 0.078330
0.351540 0.077902
0.336466 0.077255
0.321557 0.076387
0.306827 0.075299
0.292292 0.073991
0.277967 0.072465
0.263864 0.070725
0.250000 0.068775
0.236387 0.066646
0.223040 0.064384
0.209972 0.062032
0.197195 0.059631
0.184724 0.057218
0.172570 0.054811
0.160745 0.052402
0.149263 0.049984
0.138133 0.047550
0.127368 0.045094
0.116978 0.042613
0.106973 0.040101
0.097365 0.037554
0.088162 0.034971
0.079373 0.032349
0.071008 0.029689
0.063075 0.026991
0.055582 0.024257
0.048537 0.021490
0.041946 0.018693
0.035816 0.015870
0.030154 0.013025
0.024964 0.010163
0.020254 0.007289
0.016026 0.004409
0.012285 0.001526
0.009036 -0.001351
0.006281 -0.004218
0.004023 -0.007065
0.002264 -0.009879
0.001007 -0.012627
0.000252 -0.015184
0.000000 -0.016669
0.000252 -0.021989
0.001007 -0.024437
0.002264 -0.026967
0.004023 -0.029450
0.006281 -0.031855
0.009036 -0.034171
0.012285 -0.036391
0.016026 -0.038514
0.020254 -0.040538
0.024964 -0.042460
0.030154 -0.044279
0.035816 -0.045994
0.041946 -0.047603
0.048537 -0.049104
0.055582 -0.050496
0.063075 -0.051774
0.071008 -0.052936
0.079373 -0.053977
0.088162 -0.054895
0.097365 -0.055683
0.106973 -0.056335
0.116978 -0.056845
0.127368 -0.057205
0.138133 -0.057407
0.149263 -0.057442
0.160745 -0.057304
0.172570 -0.056983
0.184724 -0.056473
0.197195 -0.055763
0.209972 -0.054845
0.223040 -0.053728
0.236387 -0.052447
0.250000 -0.051044
0.263864 -0.049570
0.277967 -0.048081
0.292292 -0.046621
0.306827 -0.045198
0.321557 -0.043820
0.336466 -0.042491
0.351540 -0.041216
0.366763 -0.040000
0.382121 -0.038846
0.397597 -0.037756
0.413176 -0.036732
0.428843 -0.035775
0.444581 -0.034885
0.460375 -0.034061
0.476209 -0.033303
0.492067 -0.032608
0.507933 -0.031975
0.523791 -0.031400
0.539625 -0.030881
0.555419 -0.030413
0.571157 -0.029992
0.586824 -0.029615
0.602403 -0.029277
0.617879 -0.028973
0.633237 -0.028698
0.648460 -0.028448
0.663534 -0.028217
0.678443 -0.028004
0.693173 -0.027817
0.707708 -0.027672
0.722033 -0.027585
0.736136 -0.027567
0.750000 -0.027630
0.763613 -0.027773
0.776960 -0.027956
0.790028 -0.028134
0.802805 -0.028271
0.815276 -0.028334
0.827430 -0.028296
0.839255 -0.028137
0.850737 -0.027859
0.861867 -0.027480
0.872632 -0.027021
0.883022 -0.026500
0.893027 -0.025931
0.902635 -0.025331
0.911838 -0.024711
0.920627 -0.024083
0.928992 -0.023458
0.936925 -0.022844
0.944418 -0.022248
0.951463 -0.021676
0.958054 -0.021134
0.964184 -0.020624
0.969846 -0.020151
0.975036 -0.019716
0.979746 -0.019321
0.983974 -0.018967
0.987715 -0.018655
0.990964 -0.018385
0.993719 -0.018157
0.995977 -0.017970
0.997736 -0.017826
0.998993 -0.017723
0.999748 -0.017661
1.000000 -0.017644
