airfoil_points_881
1.000000 0.028507
0.999748 0.028535
0.998993 0.028627
0.997736 0.028777
0.995977 0.028981
0.993719 0.029234
0.990964 0.029529
0.987715 0.029859
0.983974 0.030214
0.979746 0.030584
0.975036 0.030959
0.969846 0.031328
0.964184 0.031679
0.958054 0.032002
0.951463 0.032285
0.944418 0.032518
0.936925 0.032693
0.928992 0.032799
0.920627 0.032831
0.911838 0.032781
0.902635 0.032646
0.893027 0.032424
0.883022 0.032115
0.872632 0.031720
0.861867 0.031245
0.850737 0.030696
0.839255 0.030084
0.827430 0.029422
0.815276 0.028734
0.802805 0.028062
0.790028 0.027457
0.776960 0.026976
0.763613 0.026686
0.750000 0.026665
0.736136 0.026973
0.722033 0.027568
0.707708 0.028375
0.693173 0.029312
0.678443 0.030295
0.663534 0.031235
0.648460 0.032080
0.633237 0.032839
0.617879 0.033524
0.602403 0.034149
0.586824 0.034726
0.571157 0.035271
0.555419 0.035799
0.539625 0.036324
0.523791 0.036865
0.507933 0.037436
0.492067 0.038054
0.476209 0.038735
0.460375 0.039495
0.444581 0.040348
0.428843 0.041309
0.413176 0.042391
0.397597 0.043608
0.382121 0.044969
0.366763 0.046484
0.351540 0.048161
0.336466 0.050005
0.321557 0.052020
0.306827 0.054209
0.292292 0.056570
0.277967 0.059100
0.263864 0.061793
0.250000 0.064641
0.236387 0.067633
0.223040 0.070756
0.209972 0.073995
0.197195 0.077324
0.184724 0.080701
0.172570 0.084088
0.160745 0.087449
0.149263 0.090752
0.138133 0.093966
0.127368 0.097019
0.116978 0.099848
0.106973 0.102407
0.097365 0.104662
0.088162 0.106589
0.079373 0.108175
0.071008 0.109415
0.063075 0.110307
0.055582 0.110858
0.048537 0.111077
0.041946 0.110976
0.035816 0.110572
0.030154 0.109881
0.024964 0.108921
0.020254 0.107711
0.016026 0.106270
0.012285 0.104615
0.009036 0.102765
0.006281 0.100737
0.004023 0.098550
0.002264 0.096230
0.001007 0.093824
0.000252 0.091507
0.000000 0.090214
0.000252 0.084050
0.001007 0.081449
0.002264 0.078524
0.004023 0.075428
0.006281 0.072191
0.009036 0.068817
0.012285 0.065298
0.016026 0.061624
0.020254 0.057782
0.024964 0.053761
0.030154 0.049550
0.035816 0.045143
0.041946 0.040535
0.048537 0.035728
0.055582 0.030730
0.063075 0.025553
0.071008 0.020219
0.079373 0.014757
0.088162 0.009202
0.097365 0.003598
0.106973 -0.002002
0.116978 -0.007544
0.127368 -0.012994
0.138133 -0.018331
0.149263 -0.023528
0.160745 -0.028557
0.172570 -0.033390
0.184724 -0.037998
0.197195 -0.042358
0.209972 -0.046458
0.223040 -0.050284
0.236387 -0.053826
0.250000 -0.057076
0.263864 -0.060024
0.277967 -0.062667
0.292292 -0.065000
0.306827 -0.067022
0.321557 -0.068732
0.336466 -0.070133
0.351540 -0.071228
0.366763 -0.072023
0.382121 -0.072525
0.397597 -0.072743
0.413176 -0.072690
0.428843 -0.072376
0.444581 -0.071818
0.460375 -0.071030
0.476209 -0.070029
0.492067 -0.068835
0.507933 -0.067468
0.523791 -0.065947
0.539625 -0.064295
0.555419 -0.062532
0.571157 -0.060683
0.586824 -0.058769
0.602403 -0.056812
0.617879 -0.054835
0.633237 -0.052859
0.648460 -0.050906
0.663534 -0.048994
0.678443 -0.047144
0.693173 -0.045320
0.707708 -0.043442
0.722033 -0.041436
0.736136 -0.039238
0.750000 -0.036791
0.763613 -0.034049
0.776960 -0.031033
0.790028 -0.027810
0.802805 -0.024447
0.815276 -0.021007
0.827430 -0.017548
0.839255 -0.014124
0.850737 -0.010780
0.861867 -0.007540
0.872632 -0.004424
0.883022 -0.001446
0.893027 0.001380
0.902635 0.004046
0.911838 0.006544
0.920627 0.008872
0.928992 0.011026
0.936925 0.013009
0.944418 0.014821
0.951463 0.016468
0.958054 0.017955
0.964184 0.019288
0.969846 0.020474
0.975036 0.021522
0.979746 0.022439
0.983974 0.023233
0.987715 0.023913
0.990964 0.024485
0.993719 0.024957
0.995977 0.025334
0.997736 0.025621
0.998993 0.025824
0.999748 0.025944
1.000000 0.025984
