=== Airfoil Parameters ===
m = 0.02
p = 0.4
t = 0.12

=== Control Points ===
0.00000, -0.01168, -0.01168
0.06667, -0.00191, -0.00802
0.13333, 0.00782, -0.00329
0.20000, 0.01668, 0.00168
0.26667, 0.02422, 0.00645
0.66667, 0.02428, 0.00823
0.75000, 0.01945, 0.00625
0.83333, 0.01332, 0.00375
0.91667, 0.00811, 0.00294
1.00000, 0.00306, 0.00306

=== Upper Surface ===
0.00000, -0.01168
-0.00005, -0.01140
-0.00007, -0.01112
-0.00010, -0.01084
-0.00012, -0.01056
-0.00013, -0.01029
-0.00015, -0.01001
-0.00015, -0.00973
-0.00015, -0.00945
-0.00015, -0.00917
-0.00014, -0.00889
-0.00013, -0.00861
-0.00011, -0.00833
-0.00009, -0.00804
-0.00006, -0.00776
-0.00003, -0.00748
0.00001, -0.00720
0.00005, -0.00691
0.00010, -0.00663
0.00016, -0.00635
0.00021, -0.00607
0.00028, -0.00578
0.00034, -0.00550
0.00042, -0.00521
0.00049, -0.00493
0.00058, -0.00464
0.00067, -0.00436
0.00076, -0.00407
0.00086, -0.00379
0.00096, -0.00350
0.00107, -0.00321
0.00118, -0.00293
0.00130, -0.00264
0.00142, -0.00235
0.00155, -0.00206
0.00168, -0.00177
0.00182, -0.00149
0.00196, -0.00120
0.00211, -0.00091
0.00226, -0.00062
0.00241, -0.00033
0.00258, -0.00004
0.00274, 0.00025
0.00292, 0.00054
0.00309, 0.00083
0.00327, 0.00112
0.00346, 0.00141
0.00365, 0.00170
0.00385, 0.00200
0.00405, 0.00229
0.00426, 0.00258
0.00447, 0.00287
0.00468, 0.00317
0.00491, 0.00346
0.00513, 0.00375
0.00536, 0.00405
0.00560, 0.00434
0.00584, 0.00463
0.00608, 0.00493
0.00633, 0.00522
0.00659, 0.00552
0.00685, 0.00581
0.00711, 0.00611
0.00738, 0.00640
0.00766, 0.00670
0.00794, 0.00700
0.00822, 0.00729
0.00851, 0.00759
0.00881, 0.00789
0.00911, 0.00818
0.00941, 0.00848
0.00972, 0.00878
0.01003, 0.00908
0.01035, 0.00937
0.01068, 0.00967
0.01100, 0.00997
0.01134, 0.01027
0.01167, 0.01057
0.01202, 0.01087
0.01237, 0.01117
0.01272, 0.01147
0.01308, 0.01177
0.01344, 0.01207
0.01380, 0.01237
0.01418, 0.01267
0.01455, 0.01297
0.01493, 0.01327
0.01532, 0.01357
0.01571, 0.01387
0.01611, 0.01417
0.01651, 0.01447
0.01691, 0.01477
0.01732, 0.01508
0.01774, 0.01538
0.01816, 0.01568
0.01858, 0.01598
0.01901, 0.01629
0.01944, 0.01659
0.01988, 0.01689
0.02033, 0.01719
0.02078, 0.01750
0.02123, 0.01780
0.02169, 0.01810
0.02215, 0.01841
0.02262, 0.01871
0.02309, 0.01902
0.02356, 0.01932
0.02405, 0.01962
0.02453, 0.01993
0.02502, 0.02023
0.02552, 0.02054
0.02602, 0.02084
0.02652, 0.02115
0.02703, 0.02145
0.02755, 0.02176
0.02807, 0.02206
0.02859, 0.02237
0.02912, 0.02267
0.02965, 0.02298
0.03019, 0.02329
0.03074, 0.02359
0.03128, 0.02390
0.03183, 0.02420
0.03239, 0.02451
0.03295, 0.02482
0.03352, 0.02512
0.03409, 0.02543
0.03467, 0.02573
0.03525, 0.02604
0.03583, 0.02635
0.03642, 0.02665
0.03701, 0.02696
0.03761, 0.02727
0.03822, 0.02757
0.03882, 0.02788
0.03944, 0.02819
0.04005, 0.02849
0.04068, 0.02880
0.04130, 0.02911
0.04193, 0.02941
0.04257, 0.02972
0.04321, 0.03003
0.04385, 0.03033
0.04450, 0.03064
0.04516, 0.03095
0.04582, 0.03126
0.04648, 0.03156
0.04715, 0.03187
0.04782, 0.03218
0.04850, 0.03248
0.04918, 0.03279
0.04986, 0.03310
0.05055, 0.03340
0.05125, 0.03371
0.05195, 0.03402
0.05265, 0.03432
0.05336, 0.03463
0.05408, 0.03494
0.05479, 0.03524
0.05552, 0.03555
0.05624, 0.03586
0.05697, 0.03616
0.05771, 0.03647
0.05845, 0.03677
0.05919, 0.03708
0.05994, 0.03739
0.06070, 0.03769
0.06146, 0.03800
0.06222, 0.03830
0.06299, 0.03861
0.06376, 0.03891
0.06453, 0.03922
0.06532, 0.03952
0.06610, 0.03983
0.06689, 0.04013
0.06768, 0.04044
0.06848, 0.04074
0.06929, 0.04105
0.07009, 0.04135
0.07090, 0.04165
0.07172, 0.04196
0.07254, 0.04226
0.07337, 0.04256
0.07420, 0.04287
0.07503, 0.04317
0.07587, 0.04347
0.07671, 0.04378
0.07756, 0.04408
0.07841, 0.04438
0.07927, 0.04468
0.08013, 0.04498
0.08099, 0.04528
0.08186, 0.04558
0.08273, 0.04589
0.08361, 0.04619
0.08449, 0.04649
0.08538, 0.04679
0.08627, 0.04708
0.08716, 0.04738
0.08806, 0.04768
0.08897, 0.04798
0.08988, 0.04828
0.09079, 0.04858
0.09170, 0.04887
0.09262, 0.04917
0.09355, 0.04947
0.09448, 0.04976
0.09541, 0.05006
0.09635, 0.05036
0.09729, 0.05065
0.09824, 0.05095
0.09919, 0.05124
0.10015, 0.05153
0.10110, 0.05183
0.10207, 0.05212
0.10304, 0.05241
0.10401, 0.05271
0.10498, 0.05300
0.10596, 0.05329
0.10695, 0.05358
0.10794, 0.05387
0.10893, 0.05416
0.10993, 0.05445
0.11093, 0.05474
0.11193, 0.05503
0.11294, 0.05531
0.11396, 0.05560
0.11497, 0.05589
0.11600, 0.05617
0.11702, 0.05646
0.11805, 0.05674
0.11909, 0.05703
0.12013, 0.05731
0.12117, 0.05759
0.12222, 0.05788
0.12327, 0.05816
0.12432, 0.05844
0.12538, 0.05872
0.12644, 0.05900
0.12751, 0.05928
0.12858, 0.05956
0.12966, 0.05984
0.13073, 0.06011
0.13182, 0.06039
0.13290, 0.06066
0.13399, 0.06094
0.13509, 0.06121
0.13618, 0.06149
0.13728, 0.06176
0.13839, 0.06203
0.13950, 0.06230
0.14061, 0.06257
0.14173, 0.06284
0.14284, 0.06311
0.14397, 0.06338
0.14509, 0.06365
0.14623, 0.06391
0.14736, 0.06418
0.14850, 0.06444
0.14964, 0.06471
0.15078, 0.06497
0.15193, 0.06523
0.15308, 0.06549
0.15424, 0.06576
0.15540, 0.06602
0.15656, 0.06627
0.15773, 0.06653
0.15890, 0.06679
0.16007, 0.06705
0.16125, 0.06730
0.16243, 0.06756
0.16361, 0.06781
0.16480, 0.06806
0.16599, 0.06832
0.16718, 0.06857
0.16838, 0.06882
0.16958, 0.06907
0.17078, 0.06932
0.17199, 0.06956
0.17320, 0.06981
0.17442, 0.07006
0.17563, 0.07030
0.17685, 0.07055
0.17808, 0.07079
0.17930, 0.07103
0.18054, 0.07127
0.18177, 0.07151
0.18301, 0.07175
0.18425, 0.07199
0.18549, 0.07223
0.18674, 0.07247
0.18799, 0.07270
0.18924, 0.07294
0.19050, 0.07317
0.19175, 0.07341
0.19302, 0.07364
0.19428, 0.07387
0.19555, 0.07410
0.19683, 0.07433
0.19810, 0.07456
0.19939, 0.07478
0.20067, 0.07501
0.20196, 0.07524
0.20325, 0.07546
0.20455, 0.07568
0.20585, 0.07591
0.20715, 0.07613
0.20846, 0.07635
0.20977, 0.07657
0.21109, 0.07679
0.21240, 0.07700
0.21373, 0.07722
0.21505, 0.07743
0.21638, 0.07765
0.21772, 0.07786
0.21905, 0.07807
0.22039, 0.07828
0.22174, 0.07849
0.22309, 0.07869
0.22444, 0.07890
0.22579, 0.07910
0.22715, 0.07931
0.22851, 0.07951
0.22988, 0.07971
0.23125, 0.07991
0.23262, 0.08010
0.23400, 0.08030
0.23538, 0.08049
0.23677, 0.08069
0.23815, 0.08088
0.23954, 0.08107
0.24094, 0.08125
0.24234, 0.08144
0.24374, 0.08162
0.24514, 0.08181
0.24655, 0.08199
0.24797, 0.08216
0.24938, 0.08234
0.25080, 0.08252
0.25222, 0.08269
0.25365, 0.08286
0.25508, 0.08303
0.25651, 0.08320
0.25795, 0.08337
0.25939, 0.08353
0.26083, 0.08369
0.26228, 0.08385
0.26373, 0.08401
0.26518, 0.08416
0.26663, 0.08432
0.26809, 0.08447
0.26954, 0.08462
0.27100, 0.08476
0.27247, 0.08491
0.27393, 0.08505
0.27540, 0.08519
0.27687, 0.08533
0.27834, 0.08546
0.27981, 0.08560
0.28128, 0.08573
0.28276, 0.08586
0.28424, 0.08599
0.28572, 0.08611
0.28721, 0.08623
0.28869, 0.08635
0.29018, 0.08647
0.29167, 0.08659
0.29316, 0.08670
0.29466, 0.08682
0.29615, 0.08693
0.29765, 0.08703
0.29915, 0.08714
0.30065, 0.08724
0.30215, 0.08734
0.30366, 0.08744
0.30516, 0.08754
0.30667, 0.08763
0.30818, 0.08773
0.30970, 0.08782
0.31121, 0.08790
0.31273, 0.08799
0.31424, 0.08807
0.31576, 0.08816
0.31728, 0.08823
0.31881, 0.08831
0.32033, 0.08839
0.32186, 0.08846
0.32338, 0.08853
0.32491, 0.08860
0.32644, 0.08867
0.32797, 0.08873
0.32951, 0.08879
0.33104, 0.08885
0.33258, 0.08891
0.33412, 0.08897
0.33566, 0.08902
0.33720, 0.08907
0.33874, 0.08912
0.34029, 0.08917
0.34183, 0.08921
0.34338, 0.08926
0.34493, 0.08930
0.34647, 0.08934
0.34803, 0.08937
0.34958, 0.08941
0.35113, 0.08944
0.35269, 0.08947
0.35424, 0.08950
0.35580, 0.08953
0.35736, 0.08955
0.35892, 0.08957
0.36048, 0.08959
0.36204, 0.08961
0.36360, 0.08963
0.36517, 0.08964
0.36673, 0.08965
0.36830, 0.08966
0.36986, 0.08967
0.37143, 0.08968
0.37300, 0.08968
0.37457, 0.08968
0.37614, 0.08968
0.37772, 0.08968
0.37929, 0.08968
0.38086, 0.08967
0.38244, 0.08966
0.38401, 0.08965
0.38559, 0.08964
0.38717, 0.08962
0.38875, 0.08961
0.39033, 0.08959
0.39191, 0.08957
0.39349, 0.08955
0.39507, 0.08952
0.39665, 0.08950
0.39824, 0.08947
0.39982, 0.08944
0.40141, 0.08941
0.40299, 0.08938
0.40458, 0.08934
0.40617, 0.08930
0.40775, 0.08926
0.40934, 0.08922
0.41093, 0.08918
0.41252, 0.08914
0.41411, 0.08909
0.41570, 0.08904
0.41729, 0.08899
0.41888, 0.08894
0.42048, 0.08889
0.42207, 0.08883
0.42366, 0.08877
0.42525, 0.08871
0.42685, 0.08865
0.42844, 0.08859
0.43004, 0.08852
0.43163, 0.08846
0.43323, 0.08839
0.43482, 0.08832
0.43642, 0.08825
0.43802, 0.08818
0.43961, 0.08810
0.44121, 0.08802
0.44281, 0.08794
0.44441, 0.08786
0.44601, 0.08778
0.44760, 0.08770
0.44920, 0.08761
0.45080, 0.08753
0.45240, 0.08744
0.45400, 0.08735
0.45560, 0.08726
0.45720, 0.08716
0.45880, 0.08707
0.46040, 0.08697
0.46200, 0.08688
0.46360, 0.08678
0.46519, 0.08667
0.46679, 0.08657
0.46839, 0.08647
0.46999, 0.08636
0.47159, 0.08625
0.47319, 0.08615
0.47479, 0.08603
0.47639, 0.08592
0.47799, 0.08581
0.47959, 0.08569
0.48119, 0.08558
0.48279, 0.08546
0.48439, 0.08534
0.48599, 0.08522
0.48759, 0.08510
0.48918, 0.08498
0.49078, 0.08485
0.49238, 0.08472
0.49398, 0.08460
0.49558, 0.08447
0.49717, 0.08434
0.49877, 0.08421
0.50037, 0.08407
0.50196, 0.08394
0.50356, 0.08380
0.50516, 0.08367
0.50675, 0.08353
0.50835, 0.08339
0.50994, 0.08325
0.51153, 0.08310
0.51313, 0.08296
0.51472, 0.08282
0.51631, 0.08267
0.51791, 0.08252
0.51950, 0.08237
0.52109, 0.08223
0.52268, 0.08207
0.52427, 0.08192
0.52586, 0.08177
0.52745, 0.08162
0.52904, 0.08146
0.53063, 0.08130
0.53221, 0.08115
0.53380, 0.08099
0.53539, 0.08083
0.53697, 0.08067
0.53856, 0.08050
0.54014, 0.08034
0.54173, 0.08018
0.54331, 0.08001
0.54489, 0.07985
0.54647, 0.07968
0.54805, 0.07951
0.54963, 0.07934
0.55121, 0.07917
0.55279, 0.07900
0.55437, 0.07883
0.55595, 0.07865
0.55752, 0.07848
0.55910, 0.07830
0.56067, 0.07813
0.56224, 0.07795
0.56382, 0.07777
0.56539, 0.07759
0.56696, 0.07741
0.56853, 0.07723
0.57010, 0.07705
0.57166, 0.07687
0.57323, 0.07669
0.57480, 0.07650
0.57636, 0.07632
0.57793, 0.07613
0.57949, 0.07595
0.58105, 0.07576
0.58261, 0.07557
0.58417, 0.07538
0.58573, 0.07519
0.58729, 0.07500
0.58884, 0.07481
0.59040, 0.07462
0.59195, 0.07443
0.59351, 0.07424
0.59506, 0.07404
0.59661, 0.07385
0.59816, 0.07365
0.59970, 0.07346
0.60125, 0.07326
0.60280, 0.07306
0.60434, 0.07287
0.60588, 0.07267
0.60743, 0.07247
0.60897, 0.07227
0.61051, 0.07207
0.61204, 0.07187
0.61358, 0.07167
0.61512, 0.07147
0.61665, 0.07127
0.61818, 0.07106
0.61971, 0.07086
0.62124, 0.07066
0.62277, 0.07045
0.62430, 0.07025
0.62582, 0.07004
0.62735, 0.06984
0.62887, 0.06963
0.63039, 0.06942
0.63191, 0.06922
0.63343, 0.06901
0.63495, 0.06880
0.63646, 0.06859
0.63797, 0.06839
0.63949, 0.06818
0.64100, 0.06797
0.64251, 0.06776
0.64401, 0.06755
0.64552, 0.06734
0.64702, 0.06713
0.64852, 0.06692
0.65003, 0.06671
0.65152, 0.06649
0.65302, 0.06628
0.65452, 0.06607
0.65601, 0.06586
0.65750, 0.06565
0.65899, 0.06543
0.66048, 0.06522
0.66197, 0.06501
0.66346, 0.06479
0.66494, 0.06458
0.66642, 0.06437
0.66790, 0.06415
0.66938, 0.06394
0.67086, 0.06372
0.67233, 0.06351
0.67380, 0.06329
0.67528, 0.06308
0.67675, 0.06286
0.67822, 0.06265
0.67969, 0.06243
0.68115, 0.06221
0.68262, 0.06200
0.68408, 0.06178
0.68554, 0.06156
0.68700, 0.06135
0.68846, 0.06113
0.68992, 0.06091
0.69137, 0.06069
0.69283, 0.06048
0.69428, 0.06026
0.69573, 0.06004
0.69718, 0.05982
0.69863, 0.05960
0.70007, 0.05938
0.70151, 0.05916
0.70296, 0.05894
0.70440, 0.05872
0.70583, 0.05850
0.70727, 0.05828
0.70870, 0.05805
0.71014, 0.05783
0.71157, 0.05761
0.71299, 0.05739
0.71442, 0.05716
0.71585, 0.05694
0.71727, 0.05671
0.71869, 0.05649
0.72011, 0.05626
0.72152, 0.05604
0.72294, 0.05581
0.72435, 0.05559
0.72576, 0.05536
0.72717, 0.05513
0.72858, 0.05491
0.72998, 0.05468
0.73138, 0.05445
0.73278, 0.05422
0.73418, 0.05399
0.73558, 0.05376
0.73697, 0.05353
0.73836, 0.05330
0.73975, 0.05307
0.74114, 0.05284
0.74252, 0.05261
0.74390, 0.05238
0.74528, 0.05215
0.74666, 0.05191
0.74803, 0.05168
0.74941, 0.05145
0.75078, 0.05121
0.75214, 0.05098
0.75351, 0.05074
0.75487, 0.05051
0.75623, 0.05027
0.75758, 0.05003
0.75894, 0.04980
0.76029, 0.04956
0.76163, 0.04932
0.76298, 0.04909
0.76432, 0.04885
0.76565, 0.04861
0.76699, 0.04837
0.76832, 0.04813
0.76965, 0.04790
0.77097, 0.04766
0.77229, 0.04742
0.77361, 0.04718
0.77493, 0.04694
0.77624, 0.04670
0.77755, 0.04647
0.77885, 0.04623
0.78016, 0.04599
0.78146, 0.04575
0.78275, 0.04551
0.78405, 0.04527
0.78534, 0.04504
0.78662, 0.04480
0.78791, 0.04456
0.78919, 0.04432
0.79047, 0.04409
0.79174, 0.04385
0.79301, 0.04361
0.79428, 0.04338
0.79554, 0.04314
0.79681, 0.04291
0.79806, 0.04267
0.79932, 0.04244
0.80057, 0.04220
0.80182, 0.04197
0.80306, 0.04173
0.80431, 0.04150
0.80554, 0.04127
0.80678, 0.04103
0.80801, 0.04080
0.80924, 0.04057
0.81047, 0.04034
0.81169, 0.04011
0.81291, 0.03988
0.81412, 0.03965
0.81534, 0.03942
0.81654, 0.03919
0.81775, 0.03897
0.81895, 0.03874
0.82015, 0.03851
0.82135, 0.03829
0.82254, 0.03806
0.82373, 0.03784
0.82492, 0.03761
0.82610, 0.03739
0.82728, 0.03717
0.82845, 0.03695
0.82963, 0.03673
0.83079, 0.03651
0.83196, 0.03629
0.83312, 0.03607
0.83428, 0.03585
0.83544, 0.03563
0.83659, 0.03542
0.83774, 0.03520
0.83888, 0.03499
0.84003, 0.03477
0.84117, 0.03456
0.84230, 0.03435
0.84344, 0.03414
0.84457, 0.03393
0.84569, 0.03372
0.84682, 0.03351
0.84794, 0.03330
0.84906, 0.03309
0.85017, 0.03288
0.85128, 0.03268
0.85239, 0.03247
0.85349, 0.03227
0.85459, 0.03206
0.85569, 0.03186
0.85679, 0.03166
0.85788, 0.03146
0.85897, 0.03125
0.86005, 0.03105
0.86113, 0.03085
0.86221, 0.03066
0.86328, 0.03046
0.86435, 0.03026
0.86542, 0.03006
0.86648, 0.02987
0.86754, 0.02967
0.86860, 0.02948
0.86965, 0.02928
0.87070, 0.02909
0.87175, 0.02890
0.87279, 0.02870
0.87383, 0.02851
0.87487, 0.02832
0.87590, 0.02813
0.87693, 0.02794
0.87795, 0.02775
0.87897, 0.02757
0.87999, 0.02738
0.88100, 0.02719
0.88201, 0.02701
0.88302, 0.02682
0.88402, 0.02664
0.88502, 0.02645
0.88602, 0.02627
0.88701, 0.02609
0.88800, 0.02590
0.88898, 0.02572
0.88996, 0.02554
0.89094, 0.02536
0.89191, 0.02518
0.89288, 0.02500
0.89385, 0.02483
0.89481, 0.02465
0.89577, 0.02447
0.89672, 0.02430
0.89767, 0.02412
0.89862, 0.02395
0.89956, 0.02377
0.90050, 0.02360
0.90144, 0.02343
0.90237, 0.02325
0.90330, 0.02308
0.90422, 0.02291
0.90514, 0.02274
0.90605, 0.02257
0.90697, 0.02240
0.90787, 0.02224
0.90878, 0.02207
0.90968, 0.02190
0.91057, 0.02174
0.91146, 0.02157
0.91235, 0.02141
0.91324, 0.02124
0.91412, 0.02108
0.91499, 0.02092
0.91586, 0.02075
0.91673, 0.02059
0.91759, 0.02043
0.91845, 0.02027
0.91931, 0.02011
0.92016, 0.01995
0.92101, 0.01979
0.92185, 0.01964
0.92269, 0.01948
0.92352, 0.01932
0.92436, 0.01917
0.92518, 0.01901
0.92600, 0.01886
0.92682, 0.01871
0.92764, 0.01855
0.92845, 0.01840
0.92925, 0.01825
0.93005, 0.01810
0.93085, 0.01795
0.93164, 0.01780
0.93243, 0.01765
0.93322, 0.01750
0.93400, 0.01736
0.93478, 0.01721
0.93555, 0.01706
0.93631, 0.01692
0.93708, 0.01677
0.93784, 0.01663
0.93859, 0.01649
0.93934, 0.01635
0.94009, 0.01620
0.94083, 0.01606
0.94157, 0.01592
0.94230, 0.01578
0.94303, 0.01564
0.94376, 0.01551
0.94448, 0.01537
0.94519, 0.01523
0.94590, 0.01510
0.94661, 0.01496
0.94731, 0.01483
0.94801, 0.01469
0.94871, 0.01456
0.94940, 0.01443
0.95008, 0.01430
0.95076, 0.01416
0.95144, 0.01403
0.95211, 0.01391
0.95278, 0.01378
0.95344, 0.01365
0.95410, 0.01352
0.95475, 0.01340
0.95540, 0.01327
0.95605, 0.01314
0.95669, 0.01302
0.95733, 0.01290
0.95796, 0.01278
0.95858, 0.01265
0.95921, 0.01253
0.95983, 0.01241
0.96044, 0.01229
0.96105, 0.01217
0.96165, 0.01206
0.96225, 0.01194
0.96285, 0.01182
0.96344, 0.01171
0.96403, 0.01159
0.96461, 0.01148
0.96519, 0.01137
0.96576, 0.01125
0.96633, 0.01114
0.96689, 0.01103
0.96745, 0.01092
0.96800, 0.01081
0.96855, 0.01070
0.96910, 0.01060
0.96964, 0.01049
0.97018, 0.01038
0.97071, 0.01028
0.97123, 0.01017
0.97176, 0.01007
0.97227, 0.00997
0.97279, 0.00987
0.97330, 0.00977
0.97380, 0.00967
0.97430, 0.00957
0.97479, 0.00947
0.97528, 0.00937
0.97577, 0.00927
0.97625, 0.00918
0.97672, 0.00908
0.97719, 0.00899
0.97766, 0.00890
0.97812, 0.00880
0.97858, 0.00871
0.97903, 0.00862
0.97948, 0.00853
0.97992, 0.00844
0.98036, 0.00835
0.98079, 0.00827
0.98122, 0.00818
0.98164, 0.00810
0.98206, 0.00801
0.98248, 0.00793
0.98289, 0.00785
0.98329, 0.00776
0.98369, 0.00768
0.98409, 0.00760
0.98448, 0.00752
0.98486, 0.00745
0.98525, 0.00737
0.98562, 0.00729
0.98599, 0.00722
0.98636, 0.00714
0.98672, 0.00707
0.98708, 0.00700
0.98743, 0.00693
0.98778, 0.00685
0.98812, 0.00678
0.98846, 0.00672
0.98879, 0.00665
0.98912, 0.00658
0.98945, 0.00651
0.98976, 0.00645
0.99008, 0.00639
0.99039, 0.00632
0.99069, 0.00626
0.99099, 0.00620
0.99129, 0.00614
0.99158, 0.00608
0.99186, 0.00602
0.99214, 0.00596
0.99242, 0.00591
0.99269, 0.00585
0.99295, 0.00580
0.99322, 0.00574
0.99347, 0.00569
0.99372, 0.00564
0.99397, 0.00559
0.99421, 0.00554
0.99445, 0.00549
0.99468, 0.00544
0.99491, 0.00539
0.99513, 0.00535
0.99535, 0.00530
0.99556, 0.00526
0.99577, 0.00522
0.99597, 0.00517
0.99617, 0.00513
0.99636, 0.00509
0.99655, 0.00505
0.99673, 0.00502
0.99691, 0.00498
0.99709, 0.00494
0.99725, 0.00491
0.99742, 0.00487
0.99758, 0.00484
0.99773, 0.00481
0.99788, 0.00478
0.99802, 0.00475
0.99816, 0.00472
0.99830, 0.00469
0.99843, 0.00466
0.99855, 0.00464
0.99867, 0.00461
0.99879, 0.00459
0.99890, 0.00457
0.99900, 0.00455
0.99910, 0.00452
0.99920, 0.00450
0.99929, 0.00449
0.99938, 0.00447
0.99946, 0.00445
0.99953, 0.00444
0.99960, 0.00442
0.99967, 0.00441
0.99973, 0.00439
0.99979, 0.00438
0.99984, 0.00437
0.99989, 0.00436
0.99993, 0.00435
0.99996, 0.00435
1.00000, 0.00434
1.00002, 0.00433
1.00004, 0.00433
1.00006, 0.00432
1.00008, 0.00432
1.00011, 0.00432
1.00012, 0.00432

=== Lower Surface ===
0.00000, -0.01168
0.00005, -0.01195
0.00009, -0.01223
0.00014, -0.01250
0.00020, -0.01278
0.00026, -0.01305
0.00032, -0.01332
0.00039, -0.01359
0.00047, -0.01386
0.00055, -0.01413
0.00064, -0.01440
0.00073, -0.01466
0.00082, -0.01493
0.00092, -0.01519
0.00103, -0.01545
0.00114, -0.01572
0.00125, -0.01598
0.00137, -0.01624
0.00150, -0.01649
0.00163, -0.01675
0.00176, -0.01701
0.00190, -0.01726
0.00205, -0.01752
0.00220, -0.01777
0.00235, -0.01802
0.00251, -0.01827
0.00268, -0.01852
0.00284, -0.01877
0.00302, -0.01902
0.00320, -0.01927
0.00338, -0.01951
0.00357, -0.01975
0.00376, -0.02000
0.00396, -0.02024
0.00416, -0.02048
0.00437, -0.02072
0.00459, -0.02096
0.00480, -0.02120
0.00503, -0.02143
0.00525, -0.02167
0.00549, -0.02190
0.00572, -0.02213
0.00597, -0.02237
0.00621, -0.02260
0.00647, -0.02283
0.00672, -0.02306
0.00698, -0.02328
0.00725, -0.02351
0.00752, -0.02373
0.00780, -0.02396
0.00808, -0.02418
0.00837, -0.02440
0.00866, -0.02462
0.00895, -0.02484
0.00925, -0.02506
0.00956, -0.02528
0.00987, -0.02549
0.01018, -0.02571
0.01050, -0.02592
0.01083, -0.02613
0.01116, -0.02634
0.01149, -0.02655
0.01183, -0.02676
0.01218, -0.02697
0.01253, -0.02718
0.01288, -0.02738
0.01324, -0.02758
0.01360, -0.02779
0.01397, -0.02799
0.01434, -0.02819
0.01472, -0.02839
0.01510, -0.02859
0.01549, -0.02878
0.01588, -0.02898
0.01628, -0.02917
0.01668, -0.02937
0.01709, -0.02956
0.01750, -0.02975
0.01792, -0.02994
0.01834, -0.03013
0.01876, -0.03031
0.01919, -0.03050
0.01963, -0.03068
0.02007, -0.03087
0.02051, -0.03105
0.02096, -0.03123
0.02141, -0.03141
0.02187, -0.03159
0.02234, -0.03177
0.02281, -0.03194
0.02328, -0.03212
0.02376, -0.03229
0.02424, -0.03246
0.02473, -0.03263
0.02522, -0.03280
0.02571, -0.03297
0.02621, -0.03314
0.02672, -0.03330
0.02723, -0.03347
0.02775, -0.03363
0.02827, -0.03379
0.02879, -0.03395
0.02932, -0.03411
0.02985, -0.03427
0.03039, -0.03443
0.03093, -0.03458
0.03148, -0.03474
0.03203, -0.03489
0.03259, -0.03504
0.03315, -0.03519
0.03372, -0.03534
0.03429, -0.03549
0.03486, -0.03563
0.03544, -0.03578
0.03603, -0.03592
0.03662, -0.03606
0.03721, -0.03621
0.03781, -0.03635
0.03841, -0.03648
0.03902, -0.03662
0.03963, -0.03676
0.04024, -0.03689
0.04086, -0.03702
0.04149, -0.03716
0.04212, -0.03729
0.04275, -0.03742
0.04339, -0.03754
0.04403, -0.03767
0.04468, -0.03779
0.04533, -0.03792
0.04599, -0.03804
0.04665, -0.03816
0.04731, -0.03828
0.04798, -0.03840
0.04866, -0.03852
0.04934, -0.03863
0.05002, -0.03875
0.05070, -0.03886
0.05140, -0.03897
0.05209, -0.03908
0.05279, -0.03919
0.05350, -0.03930
0.05421, -0.03940
0.05492, -0.03951
0.05564, -0.03961
0.05636, -0.03971
0.05708, -0.03981
0.05781, -0.03991
0.05855, -0.04001
0.05929, -0.04011
0.06003, -0.04020
0.06078, -0.04030
0.06153, -0.04039
0.06229, -0.04048
0.06305, -0.04057
0.06381, -0.04066
0.06458, -0.04074
0.06535, -0.04083
0.06613, -0.04091
0.06691, -0.04099
0.06769, -0.04108
0.06848, -0.04116
0.06928, -0.04123
0.07007, -0.04131
0.07088, -0.04139
0.07168, -0.04146
0.07249, -0.04153
0.07331, -0.04161
0.07412, -0.04168
0.07495, -0.04175
0.07577, -0.04181
0.07660, -0.04188
0.07744, -0.04194
0.07827, -0.04201
0.07912, -0.04207
0.07996, -0.04213
0.08081, -0.04219
0.08167, -0.04225
0.08253, -0.04230
0.08339, -0.04236
0.08425, -0.04241
0.08512, -0.04246
0.08600, -0.04251
0.08688, -0.04256
0.08776, -0.04261
0.08864, -0.04266
0.08953, -0.04270
0.09043, -0.04275
0.09132, -0.04279
0.09222, -0.04283
0.09313, -0.04287
0.09404, -0.04291
0.09495, -0.04295
0.09587, -0.04299
0.09679, -0.04302
0.09771, -0.04305
0.09864, -0.04309
0.09957, -0.04312
0.10050, -0.04315
0.10144, -0.04317
0.10239, -0.04320
0.10333, -0.04323
0.10428, -0.04325
0.10524, -0.04327
0.10619, -0.04329
0.10715, -0.04331
0.10812, -0.04333
0.10909, -0.04335
0.11006, -0.04337
0.11103, -0.04338
0.11201, -0.04339
0.11299, -0.04341
0.11398, -0.04342
0.11497, -0.04343
0.11596, -0.04344
0.11696, -0.04344
0.11796, -0.04345
0.11896, -0.04345
0.11997, -0.04346
0.12098, -0.04346
0.12199, -0.04346
0.12301, -0.04346
0.12403, -0.04346
0.12505, -0.04346
0.12608, -0.04345
0.12711, -0.04345
0.12814, -0.04344
0.12918, -0.04343
0.13022, -0.04342
0.13127, -0.04341
0.13231, -0.04340
0.13336, -0.04339
0.13442, -0.04338
0.13548, -0.04336
0.13654, -0.04335
0.13760, -0.04333
0.13867, -0.04331
0.13974, -0.04329
0.14081, -0.04327
0.14189, -0.04325
0.14297, -0.04323
0.14405, -0.04320
0.14514, -0.04318
0.14623, -0.04315
0.14732, -0.04312
0.14842, -0.04310
0.14952, -0.04307
0.15062, -0.04303
0.15173, -0.04300
0.15284, -0.04297
0.15395, -0.04293
0.15507, -0.04290
0.15619, -0.04286
0.15731, -0.04282
0.15844, -0.04279
0.15957, -0.04275
0.16070, -0.04270
0.16184, -0.04266
0.16298, -0.04262
0.16412, -0.04257
0.16527, -0.04253
0.16641, -0.04248
0.16757, -0.04243
0.16872, -0.04238
0.16988, -0.04233
0.17104, -0.04228
0.17221, -0.04223
0.17338, -0.04218
0.17455, -0.04212
0.17572, -0.04207
0.17690, -0.04201
0.17808, -0.04195
0.17926, -0.04189
0.18045, -0.04183
0.18164, -0.04177
0.18283, -0.04171
0.18403, -0.04165
0.18523, -0.04158
0.18643, -0.04152
0.18763, -0.04145
0.18884, -0.04138
0.19005, -0.04131
0.19126, -0.04124
0.19248, -0.04117
0.19370, -0.04110
0.19492, -0.04103
0.19615, -0.04095
0.19738, -0.04088
0.19861, -0.04080
0.19984, -0.04072
0.20108, -0.04065
0.20232, -0.04057
0.20356, -0.04049
0.20481, -0.04041
0.20605, -0.04032
0.20730, -0.04024
0.20856, -0.04015
0.20981, -0.04007
0.21107, -0.03998
0.21233, -0.03990
0.21359, -0.03981
0.21486, -0.03972
0.21612, -0.03963
0.21739, -0.03954
0.21866, -0.03945
0.21993, -0.03935
0.22121, -0.03926
0.22248, -0.03917
0.22376, -0.03907
0.22504, -0.03898
0.22632, -0.03888
0.22760, -0.03878
0.22889, -0.03869
0.23017, -0.03859
0.23146, -0.03849
0.23275, -0.03839
0.23404, -0.03829
0.23534, -0.03819
0.23663, -0.03809
0.23793, -0.03799
0.23923, -0.03789
0.24053, -0.03779
0.24183, -0.03769
0.24314, -0.03758
0.24444, -0.03748
0.24575, -0.03738
0.24706, -0.03727
0.24837, -0.03717
0.24968, -0.03707
0.25099, -0.03696
0.25231, -0.03686
0.25362, -0.03675
0.25494, -0.03665
0.25626, -0.03654
0.25758, -0.03644
0.25890, -0.03633
0.26023, -0.03622
0.26155, -0.03612
0.26288, -0.03601
0.26420, -0.03591
0.26553, -0.03580
0.26686, -0.03570
0.26820, -0.03559
0.26953, -0.03549
0.27086, -0.03538
0.27220, -0.03528
0.27354, -0.03517
0.27487, -0.03507
0.27622, -0.03496
0.27756, -0.03486
0.27891, -0.03475
0.28025, -0.03465
0.28160, -0.03454
0.28296, -0.03444
0.28431, -0.03433
0.28567, -0.03423
0.28703, -0.03413
0.28839, -0.03402
0.28975, -0.03392
0.29112, -0.03382
0.29248, -0.03371
0.29385, -0.03361
0.29522, -0.03351
0.29660, -0.03340
0.29797, -0.03330
0.29935, -0.03320
0.30073, -0.03310
0.30211, -0.03299
0.30350, -0.03289
0.30488, -0.03279
0.30627, -0.03269
0.30766, -0.03259
0.30905, -0.03249
0.31045, -0.03239
0.31184, -0.03229
0.31324, -0.03218
0.31464, -0.03208
0.31604, -0.03198
0.31745, -0.03188
0.31885, -0.03178
0.32026, -0.03169
0.32167, -0.03159
0.32308, -0.03149
0.32450, -0.03139
0.32591, -0.03129
0.32733, -0.03119
0.32875, -0.03109
0.33017, -0.03100
0.33159, -0.03090
0.33302, -0.03080
0.33444, -0.03070
0.33587, -0.03061
0.33730, -0.03051
0.33873, -0.03041
0.34017, -0.03032
0.34160, -0.03022
0.34304, -0.03013
0.34448, -0.03003
0.34592, -0.02994
0.34736, -0.02984
0.34880, -0.02975
0.35025, -0.02965
0.35170, -0.02956
0.35314, -0.02946
0.35459, -0.02937
0.35605, -0.02928
0.35750, -0.02919
0.35896, -0.02909
0.36041, -0.02900
0.36187, -0.02891
0.36333, -0.02882
0.36479, -0.02873
0.36626, -0.02863
0.36772, -0.02854
0.36919, -0.02845
0.37066, -0.02836
0.37213, -0.02827
0.37360, -0.02818
0.37507, -0.02809
0.37654, -0.02801
0.37802, -0.02792
0.37949, -0.02783
0.38097, -0.02774
0.38245, -0.02765
0.38393, -0.02757
0.38542, -0.02748
0.38690, -0.02739
0.38839, -0.02730
0.38987, -0.02722
0.39136, -0.02713
0.39285, -0.02705
0.39434, -0.02696
0.39583, -0.02688
0.39732, -0.02679
0.39882, -0.02671
0.40032, -0.02662
0.40181, -0.02654
0.40331, -0.02646
0.40481, -0.02637
0.40631, -0.02629
0.40781, -0.02621
0.40932, -0.02613
0.41082, -0.02605
0.41233, -0.02596
0.41383, -0.02588
0.41534, -0.02580
0.41685, -0.02572
0.41836, -0.02564
0.41987, -0.02556
0.42138, -0.02548
0.42290, -0.02540
0.42441, -0.02532
0.42593, -0.02525
0.42744, -0.02517
0.42896, -0.02509
0.43048, -0.02501
0.43200, -0.02493
0.43352, -0.02486
0.43504, -0.02478
0.43656, -0.02470
0.43808, -0.02463
0.43961, -0.02455
0.44113, -0.02448
0.44266, -0.02440
0.44419, -0.02433
0.44571, -0.02425
0.44724, -0.02418
0.44877, -0.02410
0.45030, -0.02403
0.45183, -0.02396
0.45336, -0.02388
0.45490, -0.02381
0.45643, -0.02374
0.45796, -0.02367
0.45950, -0.02359
0.46103, -0.02352
0.46257, -0.02345
0.46411, -0.02338
0.46565, -0.02331
0.46718, -0.02324
0.46872, -0.02317
0.47026, -0.02310
0.47180, -0.02303
0.47334, -0.02296
0.47488, -0.02289
0.47643, -0.02282
0.47797, -0.02275
0.47951, -0.02268
0.48105, -0.02261
0.48260, -0.02255
0.48414, -0.02248
0.48569, -0.02241
0.48723, -0.02234
0.48878, -0.02228
0.49032, -0.02221
0.49187, -0.02215
0.49342, -0.02208
0.49496, -0.02201
0.49651, -0.02195
0.49806, -0.02188
0.49961, -0.02182
0.50116, -0.02175
0.50271, -0.02169
0.50426, -0.02162
0.50581, -0.02156
0.50735, -0.02149
0.50890, -0.02143
0.51046, -0.02137
0.51201, -0.02130
0.51356, -0.02124
0.51511, -0.02118
0.51666, -0.02111
0.51821, -0.02105
0.51976, -0.02099
0.52131, -0.02093
0.52286, -0.02087
0.52441, -0.02080
0.52597, -0.02074
0.52752, -0.02068
0.52907, -0.02062
0.53062, -0.02056
0.53217, -0.02050
0.53372, -0.02044
0.53528, -0.02038
0.53683, -0.02032
0.53838, -0.02026
0.53993, -0.02020
0.54148, -0.02014
0.54303, -0.02008
0.54458, -0.02002
0.54613, -0.01996
0.54768, -0.01990
0.54923, -0.01984
0.55079, -0.01978
0.55234, -0.01972
0.55388, -0.01966
0.55543, -0.01960
0.55698, -0.01954
0.55853, -0.01948
0.56008, -0.01943
0.56163, -0.01937
0.56318, -0.01931
0.56473, -0.01925
0.56627, -0.01919
0.56782, -0.01914
0.56937, -0.01908
0.57091, -0.01902
0.57246, -0.01896
0.57400, -0.01890
0.57555, -0.01885
0.57709, -0.01879
0.57864, -0.01873
0.58018, -0.01867
0.58172, -0.01862
0.58326, -0.01856
0.58481, -0.01850
0.58635, -0.01845
0.58789, -0.01839
0.58943, -0.01833
0.59097, -0.01827
0.59250, -0.01822
0.59404, -0.01816
0.59558, -0.01810
0.59711, -0.01805
0.59865, -0.01799
0.60019, -0.01793
0.60172, -0.01788
0.60325, -0.01782
0.60479, -0.01776
0.60632, -0.01770
0.60785, -0.01765
0.60938, -0.01759
0.61091, -0.01753
0.61244, -0.01748
0.61396, -0.01742
0.61549, -0.01736
0.61702, -0.01731
0.61854, -0.01725
0.62006, -0.01719
0.62159, -0.01713
0.62311, -0.01708
0.62463, -0.01702
0.62615, -0.01696
0.62767, -0.01691
0.62918, -0.01685
0.63070, -0.01679
0.63222, -0.01673
0.63373, -0.01668
0.63524, -0.01662
0.63676, -0.01656
0.63827, -0.01650
0.63978, -0.01644
0.64128, -0.01639
0.64279, -0.01633
0.64430, -0.01627
0.64580, -0.01621
0.64731, -0.01615
0.64881, -0.01609
0.65031, -0.01604
0.65181, -0.01598
0.65331, -0.01592
0.65480, -0.01586
0.65630, -0.01580
0.65779, -0.01574
0.65929, -0.01568
0.66078, -0.01562
0.66227, -0.01556
0.66376, -0.01550
0.66524, -0.01544
0.66673, -0.01538
0.66821, -0.01532
0.66969, -0.01526
0.67117, -0.01520
0.67265, -0.01514
0.67412, -0.01508
0.67560, -0.01502
0.67707, -0.01496
0.67854, -0.01490
0.68001, -0.01484
0.68147, -0.01478
0.68293, -0.01471
0.68440, -0.01465
0.68585, -0.01459
0.68731, -0.01453
0.68877, -0.01447
0.69022, -0.01441
0.69167, -0.01435
0.69312, -0.01429
0.69456, -0.01423
0.69601, -0.01417
0.69745, -0.01411
0.69889, -0.01405
0.70033, -0.01399
0.70177, -0.01393
0.70320, -0.01387
0.70463, -0.01381
0.70606, -0.01375
0.70749, -0.01369
0.70891, -0.01363
0.71033, -0.01357
0.71175, -0.01351
0.71317, -0.01345
0.71459, -0.01339
0.71600, -0.01333
0.71741, -0.01328
0.71882, -0.01322
0.72023, -0.01316
0.72163, -0.01310
0.72303, -0.01305
0.72443, -0.01299
0.72583, -0.01293
0.72722, -0.01288
0.72862, -0.01282
0.73001, -0.01277
0.73139, -0.01271
0.73278, -0.01266
0.73416, -0.01260
0.73554, -0.01255
0.73692, -0.01250
0.73830, -0.01244
0.73967, -0.01239
0.74104, -0.01234
0.74241, -0.01229
0.74377, -0.01224
0.74514, -0.01218
0.74650, -0.01213
0.74786, -0.01208
0.74921, -0.01203
0.75057, -0.01199
0.75192, -0.01194
0.75327, -0.01189
0.75462, -0.01184
0.75596, -0.01179
0.75731, -0.01175
0.75865, -0.01170
0.75999, -0.01165
0.76133, -0.01161
0.76266, -0.01156
0.76400, -0.01152
0.76533, -0.01147
0.76666, -0.01143
0.76799, -0.01138
0.76931, -0.01134
0.77063, -0.01129
0.77195, -0.01125
0.77327, -0.01120
0.77459, -0.01116
0.77590, -0.01112
0.77721, -0.01107
0.77852, -0.01103
0.77983, -0.01099
0.78113, -0.01094
0.78244, -0.01090
0.78373, -0.01086
0.78503, -0.01081
0.78633, -0.01077
0.78762, -0.01073
0.78891, -0.01069
0.79019, -0.01064
0.79148, -0.01060
0.79276, -0.01056
0.79404, -0.01051
0.79532, -0.01047
0.79659, -0.01043
0.79786, -0.01038
0.79913, -0.01034
0.80039, -0.01029
0.80166, -0.01025
0.80292, -0.01021
0.80417, -0.01016
0.80543, -0.01012
0.80668, -0.01007
0.80793, -0.01003
0.80918, -0.00998
0.81042, -0.00994
0.81166, -0.00989
0.81290, -0.00984
0.81413, -0.00980
0.81536, -0.00975
0.81659, -0.00970
0.81782, -0.00966
0.81904, -0.00961
0.82026, -0.00956
0.82148, -0.00951
0.82269, -0.00946
0.82390, -0.00942
0.82511, -0.00937
0.82632, -0.00932
0.82752, -0.00927
0.82871, -0.00922
0.82991, -0.00917
0.83110, -0.00912
0.83229, -0.00906
0.83348, -0.00901
0.83466, -0.00896
0.83584, -0.00891
0.83701, -0.00885
0.83818, -0.00880
0.83935, -0.00875
0.84051, -0.00869
0.84167, -0.00864
0.84283, -0.00858
0.84398, -0.00853
0.84513, -0.00847
0.84628, -0.00841
0.84742, -0.00836
0.84856, -0.00830
0.84970, -0.00825
0.85083, -0.00819
0.85196, -0.00813
0.85308, -0.00807
0.85420, -0.00801
0.85532, -0.00796
0.85643, -0.00790
0.85754, -0.00784
0.85865, -0.00778
0.85975, -0.00772
0.86085, -0.00766
0.86194, -0.00760
0.86303, -0.00754
0.86412, -0.00748
0.86520, -0.00742
0.86628, -0.00736
0.86736, -0.00730
0.86843, -0.00724
0.86950, -0.00718
0.87056, -0.00712
0.87162, -0.00706
0.87268, -0.00700
0.87373, -0.00694
0.87478, -0.00688
0.87583, -0.00681
0.87687, -0.00675
0.87791, -0.00669
0.87894, -0.00663
0.87997, -0.00657
0.88100, -0.00651
0.88202, -0.00644
0.88304, -0.00638
0.88405, -0.00632
0.88506, -0.00626
0.88607, -0.00620
0.88707, -0.00614
0.88807, -0.00607
0.88907, -0.00601
0.89006, -0.00595
0.89104, -0.00589
0.89203, -0.00583
0.89301, -0.00576
0.89398, -0.00570
0.89495, -0.00564
0.89592, -0.00558
0.89688, -0.00552
0.89784, -0.00545
0.89879, -0.00539
0.89975, -0.00533
0.90069, -0.00527
0.90164, -0.00521
0.90257, -0.00515
0.90351, -0.00508
0.90444, -0.00502
0.90537, -0.00496
0.90629, -0.00490
0.90721, -0.00484
0.90812, -0.00478
0.90903, -0.00472
0.90994, -0.00466
0.91084, -0.00460
0.91174, -0.00454
0.91263, -0.00448
0.91352, -0.00442
0.91440, -0.00436
0.91528, -0.00430
0.91616, -0.00424
0.91703, -0.00418
0.91790, -0.00412
0.91877, -0.00406
0.91963, -0.00400
0.92048, -0.00394
0.92133, -0.00388
0.92218, -0.00382
0.92303, -0.00377
0.92386, -0.00371
0.92470, -0.00365
0.92553, -0.00359
0.92636, -0.00353
0.92718, -0.00348
0.92800, -0.00342
0.92881, -0.00336
0.92962, -0.00331
0.93042, -0.00325
0.93122, -0.00319
0.93202, -0.00314
0.93281, -0.00308
0.93360, -0.00302
0.93438, -0.00297
0.93516, -0.00291
0.93594, -0.00286
0.93671, -0.00280
0.93747, -0.00275
0.93823, -0.00270
0.93899, -0.00264
0.93974, -0.00259
0.94049, -0.00253
0.94124, -0.00248
0.94197, -0.00243
0.94271, -0.00237
0.94344, -0.00232
0.94417, -0.00227
0.94489, -0.00222
0.94561, -0.00217
0.94632, -0.00212
0.94703, -0.00206
0.94773, -0.00201
0.94843, -0.00196
0.94913, -0.00191
0.94982, -0.00186
0.95050, -0.00181
0.95118, -0.00176
0.95186, -0.00171
0.95253, -0.00167
0.95320, -0.00162
0.95387, -0.00157
0.95453, -0.00152
0.95518, -0.00147
0.95583, -0.00143
0.95648, -0.00138
0.95712, -0.00133
0.95775, -0.00129
0.95838, -0.00124
0.95901, -0.00119
0.95963, -0.00115
0.96025, -0.00110
0.96087, -0.00106
0.96148, -0.00101
0.96208, -0.00097
0.96268, -0.00093
0.96327, -0.00088
0.96387, -0.00084
0.96445, -0.00080
0.96503, -0.00075
0.96561, -0.00071
0.96618, -0.00067
0.96675, -0.00063
0.96731, -0.00059
0.96787, -0.00054
0.96842, -0.00050
0.96897, -0.00046
0.96952, -0.00042
0.97006, -0.00038
0.97059, -0.00034
0.97112, -0.00031
0.97165, -0.00027
0.97217, -0.00023
0.97268, -0.00019
0.97319, -0.00015
0.97370, -0.00012
0.97420, -0.00008
0.97470, -0.00004
0.97519, -0.00001
0.97568, 0.00003
0.97616, 0.00006
0.97664, 0.00010
0.97712, 0.00013
0.97758, 0.00017
0.97805, 0.00020
0.97851, 0.00024
0.97896, 0.00027
0.97941, 0.00030
0.97986, 0.00034
0.98030, 0.00037
0.98073, 0.00040
0.98116, 0.00043
0.98159, 0.00046
0.98201, 0.00049
0.98243, 0.00052
0.98284, 0.00056
0.98324, 0.00059
0.98365, 0.00061
0.98404, 0.00064
0.98443, 0.00067
0.98482, 0.00070
0.98520, 0.00073
0.98558, 0.00076
0.98595, 0.00078
0.98632, 0.00081
0.98669, 0.00084
0.98704, 0.00086
0.98740, 0.00089
0.98775, 0.00092
0.98809, 0.00094
0.98843, 0.00097
0.98876, 0.00099
0.98909, 0.00101
0.98942, 0.00104
0.98974, 0.00106
0.99005, 0.00108
0.99036, 0.00111
0.99066, 0.00113
0.99096, 0.00115
0.99126, 0.00117
0.99155, 0.00119
0.99184, 0.00122
0.99212, 0.00124
0.99239, 0.00126
0.99266, 0.00128
0.99293, 0.00130
0.99319, 0.00131
0.99344, 0.00133
0.99369, 0.00135
0.99394, 0.00137
0.99418, 0.00139
0.99442, 0.00140
0.99465, 0.00142
0.99487, 0.00144
0.99510, 0.00145
0.99531, 0.00147
0.99552, 0.00149
0.99573, 0.00150
0.99593, 0.00152
0.99613, 0.00153
0.99632, 0.00154
0.99651, 0.00156
0.99669, 0.00157
0.99686, 0.00158
0.99704, 0.00160
0.99720, 0.00161
0.99736, 0.00162
0.99752, 0.00163
0.99767, 0.00164
0.99782, 0.00165
0.99796, 0.00166
0.99810, 0.00167
0.99823, 0.00168
0.99836, 0.00169
0.99848, 0.00170
0.99860, 0.00171
0.99871, 0.00172
0.99882, 0.00173
0.99892, 0.00173
0.99902, 0.00174
0.99911, 0.00175
0.99920, 0.00175
0.99928, 0.00176
0.99936, 0.00176
0.99943, 0.00177
0.99949, 0.00178
0.99956, 0.00178
0.99961, 0.00178
0.99967, 0.00179
0.99971, 0.00179
0.99976, 0.00179
0.99979, 0.00180
0.99983, 0.00180
0.99985, 0.00180
0.99988, 0.00180
0.99989, 0.00180
0.99990, 0.00181
0.99989, 0.00181
0.99988, 0.00181
