airfoil_points_692
1.000000 -0.014277
0.999748 -0.014237
0.998993 -0.014119
0.997736 -0.013923
0.995977 -0.013649
0.993719 -0.013299
0.990964 -0.012875
0.987715 -0.012378
0.983974 -0.011811
0.979746 -0.011174
0.975036 -0.010471
0.969846 -0.009702
0.964184 -0.008868
0.958054 -0.007971
0.951463 -0.007011
0.944418 -0.005986
0.936925 -0.004896
0.928992 -0.003738
0.920627 -0.002508
0.911838 -0.001201
0.902635 0.000189
0.893027 0.001670
0.883022 0.003252
0.872632 0.004947
0.861867 0.006767
0.850737 0.008728
0.839255 0.010848
0.827430 0.013142
0.815276 0.015606
0.802805 0.018222
0.790028 0.020970
0.776960 0.023824
0.763613 0.026757
0.750000 0.029737
0.736136 0.032737
0.722033 0.035737
0.707708 0.038713
0.693173 0.041641
0.678443 0.044496
0.663534 0.047255
0.648460 0.049902
0.633237 0.052434
0.617879 0.054844
0.602403 0.057128
0.586824 0.059280
0.571157 0.061298
0.555419 0.063178
0.539625 0.064915
0.523791 0.066508
0.507933 0.067954
0.492067 0.069251
0.476209 0.070397
0.460375 0.071391
0.444581 0.072233
0.428843 0.072921
0.413176 0.073455
0.397597 0.073836
0.382121 0.074064
0.366763 0.074140
0.351540 0.074065
0.336466 0.073840
0.321557 0.073467
0.306827 0.072948
0.292292 0.072286
0.277967 0.071484
0.263864 0.070543
0.250000 0.069464
0.236387 0.068229
0.223040 0.066816
0.209972 0.065209
0.197195 0.063394
0.184724 0.061362
0.172570 0.059137
0.160745 0.056772
0.149263 0.054317
0.138133 0.051818
0.127368 0.049313
0.116978 0.046845
0.106973 0.044417
0.097365 0.042014
0.088162 0.039620
0.079373 0.037224
0.071008 0.034817
0.063075 0.032390
0.055582 0.029940
0.048537 0.027461
0.041946 0.024951
0.035816 0.022410
0.030154 0.019837
0.024964 0.017233
0.020254 0.014599
0.016026 0.011938
0.012285 0.009251
0.009036 0.006542
0.006281 0.003813
0.004023 0.001069
0.002264 -0.001687
0.001007 -0.004444
0.000252 -0.007164
0.000000 -0.009195
0.000252 -0.013073
0.001007 -0.015749
0.002264 -0.018405
0.004023 -0.021004
0.006281 -0.023539
0.009036 -0.026005
0.012285 -0.028398
0.016026 -0.030717
0.020254 -0.032958
0.024964 -0.035118
0.030154 -0.037193
0.035816 -0.039179
0.041946 -0.041071
0.048537 -0.042862
0.055582 -0.044546
0.063075 -0.046116
0.071008 -0.047561
0.079373 -0.048872
0.088162 -0.050038
0.097365 -0.051046
0.106973 -0.051880
0.116978 -0.052527
0.127368 -0.052969
0.138133 -0.053187
0.149263 -0.053180
0.160745 -0.052978
0.172570 -0.052616
0.184724 -0.052136
0.197195 -0.051597
0.209972 -0.051063
0.223040 -0.050562
0.236387 -0.050075
0.250000 -0.049583
0.263864 -0.049063
0.277967 -0.048493
0.292292 -0.047865
0.306827 -0.047184
0.321557 -0.046459
0.336466 -0.045697
0.351540 -0.044904
0.366763 -0.044089
0.382121 -0.043258
0.397597 -0.042419
0.413176 -0.041580
0.428843 -0.040748
0.444581 -0.039930
0.460375 -0.039133
0.476209 -0.038365
0.492067 -0.037631
0.507933 -0.036937
0.523791 -0.036290
0.539625 -0.035694
0.555419 -0.035155
0.571157 -0.034677
0.586824 -0.034263
0.602403 -0.033916
0.617879 -0.033640
0.633237 -0.033437
0.648460 -0.033308
0.663534 -0.033253
0.678443 -0.033273
0.693173 -0.033352
0.707708 -0.033469
0.722033 -0.033606
0.736136 -0.033747
0.750000 -0.033875
0.763613 -0.033974
0.776960 -0.034021
0.790028 -0.033994
0.802805 -0.033875
0.815276 -0.033647
0.827430 -0.033300
0.839255 -0.032824
0.850737 -0.032227
0.861867 -0.031529
0.872632 -0.030751
0.883022 -0.029912
0.893027 -0.029029
0.902635 -0.028118
0.911838 -0.027194
0.920627 -0.026268
0.928992 -0.025352
0.936925 -0.024456
0.944418 -0.023588
0.951463 -0.022756
0.958054 -0.021966
0.964184 -0.021222
0.969846 -0.020530
0.975036 -0.019891
0.979746 -0.019308
0.983974 -0.018784
0.987715 -0.018320
0.990964 -0.017917
0.993719 -0.017575
0.995977 -0.017295
0.997736 -0.017077
0.998993 -0.016922
0.999748 -0.016828
1.000000 -0.016800
