airfoil_points_556
1.000000 -0.036457
0.999748 -0.036394
0.998993 -0.036204
0.997736 -0.035887
0.995977 -0.035440
0.993719 -0.034862
0.990964 -0.034150
0.987715 -0.033300
0.983974 -0.032310
0.979746 -0.031176
0.975036 -0.029894
0.969846 -0.028462
0.964184 -0.026877
0.958054 -0.025138
0.951463 -0.023244
0.944418 -0.021194
0.936925 -0.018992
0.928992 -0.016641
0.920627 -0.014146
0.911838 -0.011516
0.902635 -0.008759
0.893027 -0.005889
0.883022 -0.002922
0.872632 0.000126
0.861867 0.003233
0.850737 0.006376
0.839255 0.009528
0.827430 0.012658
0.815276 0.015724
0.802805 0.018679
0.790028 0.021471
0.776960 0.024047
0.763613 0.026351
0.750000 0.028325
0.736136 0.029947
0.722033 0.031264
0.707708 0.032336
0.693173 0.033231
0.678443 0.034029
0.663534 0.034820
0.648460 0.035662
0.633237 0.036552
0.617879 0.037484
0.602403 0.038451
0.586824 0.039443
0.571157 0.040453
0.555419 0.041471
0.539625 0.042488
0.523791 0.043495
0.507933 0.044480
0.492067 0.045435
0.476209 0.046350
0.460375 0.047213
0.444581 0.048015
0.428843 0.048747
0.413176 0.049399
0.397597 0.049961
0.382121 0.050426
0.366763 0.050785
0.351540 0.051030
0.336466 0.051155
0.321557 0.051154
0.306827 0.051020
0.292292 0.050750
0.277967 0.050338
0.263864 0.049783
0.250000 0.049103
0.236387 0.048394
0.223040 0.047773
0.209972 0.047355
0.197195 0.047253
0.184724 0.047498
0.172570 0.047947
0.160745 0.048474
0.149263 0.048983
0.138133 0.049395
0.127368 0.049650
0.116978 0.049724
0.106973 0.049604
0.097365 0.049285
0.088162 0.048761
0.079373 0.048034
0.071008 0.047106
0.063075 0.045982
0.055582 0.044669
0.048537 0.043179
0.041946 0.041520
0.035816 0.039705
0.030154 0.037746
0.024964 0.035657
0.020254 0.033450
0.016026 0.031139
0.012285 0.028736
0.009036 0.026253
0.006281 0.023703
0.004023 0.021093
0.002264 0.018434
0.001007 0.015738
0.000252 0.013029
0.000000 0.010856
0.000252 0.007265
0.001007 0.004530
0.002264 0.001806
0.004023 -0.000890
0.006281 -0.003557
0.009036 -0.006199
0.012285 -0.008821
0.016026 -0.011430
0.020254 -0.014035
0.024964 -0.016644
0.030154 -0.019265
0.035816 -0.021907
0.041946 -0.024578
0.048537 -0.027284
0.055582 -0.030029
0.063075 -0.032817
0.071008 -0.035650
0.079373 -0.038524
0.088162 -0.041434
0.097365 -0.044374
0.106973 -0.047331
0.116978 -0.050290
0.127368 -0.053232
0.138133 -0.056113
0.149263 -0.058873
0.160745 -0.061448
0.172570 -0.063769
0.184724 -0.065764
0.197195 -0.067357
0.209972 -0.068510
0.223040 -0.069257
0.236387 -0.069652
0.250000 -0.069764
0.263864 -0.069681
0.277967 -0.069508
0.292292 -0.069285
0.306827 -0.069010
0.321557 -0.068686
0.336466 -0.068310
0.351540 -0.067883
0.366763 -0.067402
0.382121 -0.066868
0.397597 -0.066277
0.413176 -0.065628
0.428843 -0.064919
0.444581 -0.064147
0.460375 -0.063311
0.476209 -0.062407
0.492067 -0.061433
0.507933 -0.060386
0.523791 -0.059263
0.539625 -0.058063
0.555419 -0.056782
0.571157 -0.055419
0.586824 -0.053971
0.602403 -0.052438
0.617879 -0.050816
0.633237 -0.049107
0.648460 -0.047308
0.663534 -0.045421
0.678443 -0.043445
0.693173 -0.041429
0.707708 -0.039471
0.722033 -0.037670
0.736136 -0.036119
0.750000 -0.034905
0.763613 -0.034092
0.776960 -0.033639
0.790028 -0.033475
0.802805 -0.033537
0.815276 -0.033769
0.827430 -0.034122
0.839255 -0.034553
0.850737 -0.035032
0.861867 -0.035537
0.872632 -0.036047
0.883022 -0.036549
0.893027 -0.037028
0.902635 -0.037474
0.911838 -0.037880
0.920627 -0.038239
0.928992 -0.038549
0.936925 -0.038807
0.944418 -0.039016
0.951463 -0.039175
0.958054 -0.039288
0.964184 -0.039360
0.969846 -0.039396
0.975036 -0.039400
0.979746 -0.039379
0.983974 -0.039339
0.987715 -0.039287
0.990964 -0.039227
0.993719 -0.039167
0.995977 -0.039110
0.997736 -0.039061
0.998993 -0.039024
0.999748 -0.039000
1.000000 -0.038989
