=== Airfoil Parameters ===
m = 0.02
p = 0.4
t = 0.12

=== Control Points ===
0.00000, 0.01005, 0.01005
0.06667, 0.02436, 0.01825
0.13333, 0.03699, 0.02588
0.20000, 0.03980, 0.02480
0.26667, 0.03406, 0.01629
0.66667, 0.02412, 0.00808
0.75000, 0.01883, 0.00564
0.83333, 0.01767, 0.00810
0.91667, 0.01598, 0.01081
1.00000, 0.01158, 0.01158

=== Upper Surface ===
0.00000, 0.01005
-0.00006, 0.01032
-0.00009, 0.01060
-0.00012, 0.01088
-0.00016, 0.01115
-0.00018, 0.01143
-0.00020, 0.01171
-0.00022, 0.01199
-0.00023, 0.01227
-0.00024, 0.01255
-0.00024, 0.01283
-0.00024, 0.01311
-0.00023, 0.01339
-0.00022, 0.01368
-0.00020, 0.01396
-0.00018, 0.01424
-0.00015, 0.01452
-0.00012, 0.01481
-0.00008, 0.01509
-0.00004, 0.01538
0.00001, 0.01566
0.00006, 0.01595
0.00012, 0.01624
0.00018, 0.01652
0.00025, 0.01681
0.00032, 0.01710
0.00040, 0.01739
0.00048, 0.01768
0.00056, 0.01797
0.00066, 0.01826
0.00075, 0.01855
0.00085, 0.01884
0.00096, 0.01913
0.00107, 0.01942
0.00118, 0.01971
0.00130, 0.02001
0.00143, 0.02030
0.00155, 0.02059
0.00169, 0.02089
0.00183, 0.02118
0.00197, 0.02148
0.00212, 0.02177
0.00227, 0.02207
0.00243, 0.02237
0.00259, 0.02266
0.00276, 0.02296
0.00293, 0.02326
0.00311, 0.02356
0.00329, 0.02386
0.00347, 0.02416
0.00366, 0.02446
0.00386, 0.02476
0.00406, 0.02506
0.00426, 0.02537
0.00447, 0.02567
0.00469, 0.02597
0.00491, 0.02628
0.00513, 0.02658
0.00536, 0.02689
0.00559, 0.02719
0.00583, 0.02750
0.00607, 0.02780
0.00631, 0.02811
0.00657, 0.02842
0.00682, 0.02873
0.00708, 0.02904
0.00735, 0.02935
0.00762, 0.02966
0.00789, 0.02997
0.00817, 0.03028
0.00845, 0.03059
0.00874, 0.03090
0.00904, 0.03121
0.00933, 0.03153
0.00963, 0.03184
0.00994, 0.03216
0.01025, 0.03247
0.01057, 0.03279
0.01089, 0.03310
0.01122, 0.03342
0.01155, 0.03374
0.01188, 0.03406
0.01222, 0.03438
0.01256, 0.03470
0.01291, 0.03502
0.01326, 0.03534
0.01362, 0.03566
0.01398, 0.03598
0.01435, 0.03630
0.01472, 0.03663
0.01510, 0.03695
0.01548, 0.03728
0.01587, 0.03760
0.01626, 0.03793
0.01665, 0.03825
0.01705, 0.03858
0.01746, 0.03891
0.01786, 0.03924
0.01828, 0.03957
0.01870, 0.03990
0.01912, 0.04023
0.01955, 0.04056
0.01998, 0.04089
0.02042, 0.04122
0.02086, 0.04156
0.02130, 0.04189
0.02175, 0.04223
0.02221, 0.04256
0.02267, 0.04290
0.02314, 0.04323
0.02361, 0.04357
0.02408, 0.04391
0.02456, 0.04425
0.02504, 0.04459
0.02553, 0.04493
0.02603, 0.04527
0.02652, 0.04561
0.02703, 0.04595
0.02754, 0.04629
0.02805, 0.04663
0.02857, 0.04698
0.02909, 0.04732
0.02962, 0.04767
0.03015, 0.04801
0.03068, 0.04836
0.03123, 0.04871
0.03177, 0.04905
0.03232, 0.04940
0.03288, 0.04975
0.03344, 0.05010
0.03401, 0.05045
0.03458, 0.05080
0.03515, 0.05115
0.03573, 0.05150
0.03632, 0.05186
0.03691, 0.05221
0.03751, 0.05256
0.03811, 0.05292
0.03871, 0.05327
0.03932, 0.05363
0.03994, 0.05398
0.04056, 0.05434
0.04118, 0.05470
0.04181, 0.05506
0.04245, 0.05541
0.04309, 0.05577
0.04374, 0.05613
0.04439, 0.05649
0.04504, 0.05685
0.04570, 0.05721
0.04637, 0.05757
0.04704, 0.05793
0.04772, 0.05830
0.04840, 0.05866
0.04908, 0.05902
0.04978, 0.05938
0.05047, 0.05975
0.05118, 0.06011
0.05188, 0.06048
0.05260, 0.06084
0.05331, 0.06121
0.05404, 0.06157
0.05477, 0.06194
0.05550, 0.06230
0.05624, 0.06267
0.05698, 0.06303
0.05773, 0.06340
0.05849, 0.06377
0.05925, 0.06414
0.06002, 0.06450
0.06079, 0.06487
0.06157, 0.06524
0.06235, 0.06560
0.06314, 0.06597
0.06393, 0.06634
0.06473, 0.06671
0.06553, 0.06707
0.06634, 0.06744
0.06716, 0.06781
0.06798, 0.06818
0.06881, 0.06854
0.06964, 0.06891
0.07048, 0.06928
0.07132, 0.06965
0.07217, 0.07001
0.07303, 0.07038
0.07389, 0.07074
0.07476, 0.07111
0.07563, 0.07147
0.07651, 0.07184
0.07739, 0.07220
0.07828, 0.07257
0.07918, 0.07293
0.08008, 0.07329
0.08099, 0.07366
0.08190, 0.07402
0.08282, 0.07438
0.08375, 0.07474
0.08468, 0.07510
0.08562, 0.07546
0.08656, 0.07582
0.08751, 0.07617
0.08847, 0.07653
0.08943, 0.07689
0.09040, 0.07724
0.09137, 0.07759
0.09235, 0.07794
0.09334, 0.07830
0.09433, 0.07865
0.09533, 0.07899
0.09634, 0.07934
0.09735, 0.07969
0.09837, 0.08003
0.09939, 0.08037
0.10042, 0.08071
0.10146, 0.08105
0.10251, 0.08139
0.10356, 0.08173
0.10461, 0.08206
0.10568, 0.08239
0.10675, 0.08272
0.10782, 0.08305
0.10890, 0.08338
0.10999, 0.08370
0.11109, 0.08403
0.11219, 0.08435
0.11330, 0.08466
0.11442, 0.08498
0.11554, 0.08529
0.11667, 0.08560
0.11781, 0.08591
0.11895, 0.08621
0.12010, 0.08651
0.12126, 0.08681
0.12242, 0.08711
0.12359, 0.08740
0.12477, 0.08769
0.12596, 0.08797
0.12715, 0.08826
0.12834, 0.08853
0.12954, 0.08881
0.13075, 0.08908
0.13196, 0.08935
0.13318, 0.08961
0.13440, 0.08987
0.13563, 0.09013
0.13686, 0.09038
0.13809, 0.09063
0.13933, 0.09087
0.14058, 0.09111
0.14183, 0.09135
0.14308, 0.09158
0.14434, 0.09181
0.14561, 0.09203
0.14687, 0.09225
0.14815, 0.09246
0.14943, 0.09267
0.15071, 0.09288
0.15199, 0.09308
0.15329, 0.09328
0.15458, 0.09347
0.15588, 0.09366
0.15719, 0.09384
0.15849, 0.09402
0.15981, 0.09419
0.16113, 0.09436
0.16245, 0.09453
0.16377, 0.09469
0.16510, 0.09484
0.16644, 0.09499
0.16778, 0.09514
0.16912, 0.09528
0.17047, 0.09542
0.17182, 0.09555
0.17318, 0.09567
0.17454, 0.09579
0.17590, 0.09591
0.17727, 0.09602
0.17864, 0.09613
0.18002, 0.09623
0.18140, 0.09632
0.18278, 0.09642
0.18417, 0.09650
0.18556, 0.09658
0.18695, 0.09666
0.18835, 0.09673
0.18976, 0.09679
0.19116, 0.09685
0.19257, 0.09690
0.19399, 0.09695
0.19541, 0.09699
0.19683, 0.09703
0.19825, 0.09706
0.19968, 0.09709
0.20111, 0.09711
0.20255, 0.09713
0.20398, 0.09714
0.20542, 0.09714
0.20685, 0.09714
0.20829, 0.09713
0.20972, 0.09712
0.21115, 0.09711
0.21258, 0.09709
0.21401, 0.09707
0.21544, 0.09704
0.21687, 0.09700
0.21829, 0.09697
0.21971, 0.09692
0.22114, 0.09688
0.22256, 0.09683
0.22397, 0.09678
0.22539, 0.09672
0.22681, 0.09666
0.22822, 0.09660
0.22963, 0.09653
0.23104, 0.09646
0.23245, 0.09639
0.23385, 0.09631
0.23525, 0.09623
0.23665, 0.09615
0.23805, 0.09607
0.23945, 0.09598
0.24084, 0.09589
0.24223, 0.09580
0.24362, 0.09571
0.24501, 0.09562
0.24639, 0.09552
0.24777, 0.09543
0.24915, 0.09533
0.25053, 0.09523
0.25190, 0.09513
0.25327, 0.09503
0.25463, 0.09492
0.25600, 0.09482
0.25736, 0.09472
0.25872, 0.09461
0.26007, 0.09451
0.26142, 0.09440
0.26277, 0.09430
0.26411, 0.09419
0.26545, 0.09409
0.26679, 0.09398
0.26813, 0.09388
0.26946, 0.09378
0.27079, 0.09367
0.27211, 0.09357
0.27344, 0.09347
0.27476, 0.09337
0.27609, 0.09327
0.27742, 0.09317
0.27875, 0.09307
0.28009, 0.09297
0.28142, 0.09287
0.28276, 0.09277
0.28411, 0.09267
0.28545, 0.09257
0.28680, 0.09247
0.28815, 0.09238
0.28950, 0.09228
0.29085, 0.09218
0.29221, 0.09209
0.29357, 0.09199
0.29493, 0.09190
0.29629, 0.09180
0.29766, 0.09171
0.29903, 0.09161
0.30040, 0.09152
0.30177, 0.09142
0.30315, 0.09133
0.30452, 0.09124
0.30590, 0.09114
0.30728, 0.09105
0.30867, 0.09096
0.31006, 0.09087
0.31144, 0.09078
0.31284, 0.09069
0.31423, 0.09060
0.31562, 0.09051
0.31702, 0.09042
0.31842, 0.09033
0.31982, 0.09024
0.32123, 0.09015
0.32264, 0.09006
0.32404, 0.08998
0.32546, 0.08989
0.32687, 0.08980
0.32828, 0.08971
0.32970, 0.08963
0.33112, 0.08954
0.33254, 0.08945
0.33397, 0.08937
0.33539, 0.08928
0.33682, 0.08920
0.33825, 0.08911
0.33968, 0.08903
0.34112, 0.08895
0.34255, 0.08886
0.34399, 0.08878
0.34543, 0.08869
0.34687, 0.08861
0.34832, 0.08853
0.34977, 0.08845
0.35121, 0.08836
0.35266, 0.08828
0.35412, 0.08820
0.35557, 0.08812
0.35703, 0.08804
0.35849, 0.08796
0.35995, 0.08788
0.36141, 0.08780
0.36287, 0.08772
0.36434, 0.08764
0.36581, 0.08756
0.36728, 0.08748
0.36875, 0.08740
0.37022, 0.08732
0.37170, 0.08724
0.37317, 0.08716
0.37465, 0.08708
0.37613, 0.08700
0.37761, 0.08692
0.37910, 0.08684
0.38058, 0.08677
0.38207, 0.08669
0.38356, 0.08661
0.38505, 0.08653
0.38654, 0.08645
0.38804, 0.08638
0.38953, 0.08630
0.39103, 0.08622
0.39253, 0.08614
0.39403, 0.08607
0.39554, 0.08599
0.39704, 0.08591
0.39855, 0.08583
0.40005, 0.08576
0.40156, 0.08568
0.40307, 0.08560
0.40458, 0.08552
0.40610, 0.08545
0.40761, 0.08537
0.40913, 0.08529
0.41065, 0.08522
0.41217, 0.08514
0.41369, 0.08506
0.41521, 0.08498
0.41674, 0.08491
0.41826, 0.08483
0.41979, 0.08475
0.42132, 0.08467
0.42284, 0.08460
0.42438, 0.08452
0.42591, 0.08444
0.42744, 0.08436
0.42898, 0.08428
0.43051, 0.08421
0.43205, 0.08413
0.43359, 0.08405
0.43513, 0.08397
0.43667, 0.08389
0.43821, 0.08381
0.43975, 0.08373
0.44130, 0.08365
0.44284, 0.08357
0.44439, 0.08349
0.44594, 0.08341
0.44749, 0.08333
0.44904, 0.08325
0.45059, 0.08317
0.45214, 0.08309
0.45369, 0.08300
0.45525, 0.08292
0.45680, 0.08284
0.45836, 0.08276
0.45992, 0.08267
0.46147, 0.08259
0.46303, 0.08251
0.46459, 0.08242
0.46615, 0.08234
0.46772, 0.08225
0.46928, 0.08217
0.47084, 0.08208
0.47241, 0.08199
0.47397, 0.08191
0.47554, 0.08182
0.47711, 0.08173
0.47867, 0.08164
0.48024, 0.08155
0.48181, 0.08147
0.48338, 0.08138
0.48495, 0.08129
0.48652, 0.08119
0.48809, 0.08110
0.48967, 0.08101
0.49124, 0.08092
0.49281, 0.08083
0.49439, 0.08073
0.49596, 0.08064
0.49754, 0.08054
0.49911, 0.08045
0.50069, 0.08035
0.50227, 0.08025
0.50384, 0.08016
0.50542, 0.08006
0.50700, 0.07996
0.50858, 0.07986
0.51016, 0.07976
0.51174, 0.07966
0.51332, 0.07956
0.51490, 0.07945
0.51648, 0.07935
0.51806, 0.07925
0.51964, 0.07914
0.52122, 0.07903
0.52280, 0.07893
0.52438, 0.07882
0.52596, 0.07871
0.52755, 0.07860
0.52913, 0.07849
0.53071, 0.07838
0.53229, 0.07827
0.53388, 0.07816
0.53546, 0.07804
0.53704, 0.07793
0.53862, 0.07782
0.54021, 0.07770
0.54179, 0.07758
0.54337, 0.07746
0.54496, 0.07734
0.54654, 0.07722
0.54812, 0.07710
0.54970, 0.07698
0.55129, 0.07686
0.55287, 0.07673
0.55445, 0.07661
0.55603, 0.07648
0.55761, 0.07635
0.55920, 0.07623
0.56078, 0.07610
0.56236, 0.07597
0.56394, 0.07583
0.56552, 0.07570
0.56710, 0.07557
0.56868, 0.07543
0.57026, 0.07530
0.57184, 0.07516
0.57342, 0.07502
0.57500, 0.07488
0.57658, 0.07474
0.57815, 0.07460
0.57973, 0.07445
0.58131, 0.07431
0.58288, 0.07416
0.58446, 0.07402
0.58603, 0.07387
0.58761, 0.07372
0.58918, 0.07357
0.59076, 0.07342
0.59233, 0.07326
0.59390, 0.07311
0.59547, 0.07295
0.59704, 0.07279
0.59861, 0.07264
0.60018, 0.07248
0.60175, 0.07231
0.60332, 0.07215
0.60488, 0.07199
0.60645, 0.07182
0.60802, 0.07165
0.60958, 0.07149
0.61114, 0.07132
0.61271, 0.07115
0.61427, 0.07097
0.61583, 0.07080
0.61739, 0.07062
0.61895, 0.07045
0.62051, 0.07027
0.62206, 0.07009
0.62362, 0.06991
0.62517, 0.06973
0.62673, 0.06954
0.62828, 0.06936
0.62983, 0.06917
0.63138, 0.06898
0.63293, 0.06879
0.63448, 0.06860
0.63603, 0.06840
0.63757, 0.06821
0.63911, 0.06801
0.64066, 0.06782
0.64220, 0.06762
0.64374, 0.06742
0.64528, 0.06721
0.64682, 0.06701
0.64835, 0.06680
0.64989, 0.06660
0.65142, 0.06639
0.65295, 0.06618
0.65449, 0.06597
0.65601, 0.06575
0.65754, 0.06554
0.65907, 0.06532
0.66059, 0.06510
0.66212, 0.06488
0.66364, 0.06466
0.66516, 0.06444
0.66668, 0.06421
0.66819, 0.06398
0.66971, 0.06376
0.67122, 0.06353
0.67273, 0.06330
0.67423, 0.06306
0.67573, 0.06283
0.67723, 0.06260
0.67872, 0.06236
0.68021, 0.06212
0.68169, 0.06189
0.68317, 0.06165
0.68465, 0.06141
0.68612, 0.06117
0.68759, 0.06093
0.68906, 0.06069
0.69052, 0.06045
0.69198, 0.06020
0.69343, 0.05996
0.69488, 0.05972
0.69633, 0.05948
0.69777, 0.05923
0.69921, 0.05899
0.70065, 0.05875
0.70208, 0.05851
0.70351, 0.05827
0.70493, 0.05802
0.70635, 0.05778
0.70777, 0.05754
0.70919, 0.05730
0.71060, 0.05706
0.71200, 0.05682
0.71341, 0.05658
0.71481, 0.05635
0.71620, 0.05611
0.71760, 0.05587
0.71899, 0.05564
0.72037, 0.05540
0.72176, 0.05517
0.72313, 0.05494
0.72451, 0.05471
0.72588, 0.05448
0.72725, 0.05425
0.72862, 0.05402
0.72998, 0.05380
0.73134, 0.05357
0.73269, 0.05335
0.73404, 0.05313
0.73539, 0.05291
0.73674, 0.05269
0.73808, 0.05247
0.73942, 0.05226
0.74075, 0.05204
0.74208, 0.05183
0.74341, 0.05162
0.74473, 0.05142
0.74606, 0.05121
0.74737, 0.05101
0.74869, 0.05081
0.75000, 0.05061
0.75131, 0.05041
0.75262, 0.05021
0.75392, 0.05002
0.75523, 0.04983
0.75653, 0.04964
0.75783, 0.04945
0.75913, 0.04927
0.76044, 0.04908
0.76173, 0.04890
0.76303, 0.04872
0.76433, 0.04854
0.76562, 0.04837
0.76692, 0.04819
0.76821, 0.04802
0.76950, 0.04785
0.77079, 0.04768
0.77208, 0.04751
0.77337, 0.04734
0.77465, 0.04717
0.77594, 0.04701
0.77722, 0.04684
0.77850, 0.04668
0.77978, 0.04652
0.78106, 0.04636
0.78233, 0.04620
0.78361, 0.04604
0.78488, 0.04589
0.78615, 0.04573
0.78742, 0.04558
0.78868, 0.04542
0.78995, 0.04527
0.79121, 0.04512
0.79247, 0.04496
0.79373, 0.04481
0.79499, 0.04466
0.79625, 0.04452
0.79750, 0.04437
0.79875, 0.04422
0.80000, 0.04407
0.80125, 0.04392
0.80249, 0.04378
0.80374, 0.04363
0.80498, 0.04349
0.80621, 0.04334
0.80745, 0.04320
0.80868, 0.04305
0.80992, 0.04291
0.81114, 0.04277
0.81237, 0.04262
0.81360, 0.04248
0.81482, 0.04234
0.81604, 0.04220
0.81725, 0.04205
0.81847, 0.04191
0.81968, 0.04177
0.82089, 0.04163
0.82210, 0.04149
0.82330, 0.04134
0.82450, 0.04120
0.82570, 0.04106
0.82689, 0.04092
0.82809, 0.04078
0.82928, 0.04064
0.83047, 0.04049
0.83165, 0.04035
0.83283, 0.04021
0.83401, 0.04007
0.83519, 0.03992
0.83636, 0.03978
0.83753, 0.03964
0.83869, 0.03949
0.83986, 0.03935
0.84101, 0.03921
0.84217, 0.03906
0.84332, 0.03892
0.84447, 0.03877
0.84561, 0.03863
0.84676, 0.03849
0.84789, 0.03834
0.84903, 0.03820
0.85016, 0.03805
0.85129, 0.03791
0.85241, 0.03776
0.85353, 0.03762
0.85465, 0.03747
0.85576, 0.03732
0.85687, 0.03718
0.85797, 0.03703
0.85908, 0.03689
0.86017, 0.03674
0.86127, 0.03660
0.86236, 0.03645
0.86345, 0.03630
0.86453, 0.03616
0.86561, 0.03601
0.86669, 0.03586
0.86776, 0.03572
0.86883, 0.03557
0.86989, 0.03542
0.87096, 0.03528
0.87201, 0.03513
0.87307, 0.03499
0.87412, 0.03484
0.87516, 0.03469
0.87621, 0.03455
0.87725, 0.03440
0.87828, 0.03425
0.87931, 0.03411
0.88034, 0.03396
0.88136, 0.03381
0.88238, 0.03367
0.88340, 0.03352
0.88441, 0.03337
0.88542, 0.03323
0.88642, 0.03308
0.88742, 0.03293
0.88842, 0.03279
0.88941, 0.03264
0.89040, 0.03250
0.89138, 0.03235
0.89236, 0.03220
0.89334, 0.03206
0.89431, 0.03191
0.89528, 0.03177
0.89625, 0.03162
0.89721, 0.03148
0.89816, 0.03133
0.89912, 0.03119
0.90007, 0.03104
0.90101, 0.03090
0.90195, 0.03075
0.90289, 0.03061
0.90382, 0.03046
0.90475, 0.03032
0.90567, 0.03018
0.90659, 0.03003
0.90751, 0.02989
0.90842, 0.02975
0.90933, 0.02960
0.91023, 0.02946
0.91113, 0.02932
0.91203, 0.02917
0.91292, 0.02903
0.91381, 0.02889
0.91469, 0.02875
0.91557, 0.02861
0.91644, 0.02846
0.91731, 0.02832
0.91818, 0.02818
0.91904, 0.02804
0.91990, 0.02790
0.92075, 0.02776
0.92160, 0.02762
0.92245, 0.02748
0.92329, 0.02734
0.92413, 0.02720
0.92496, 0.02707
0.92579, 0.02693
0.92661, 0.02679
0.92743, 0.02665
0.92825, 0.02651
0.92906, 0.02638
0.92986, 0.02624
0.93067, 0.02611
0.93147, 0.02597
0.93226, 0.02583
0.93305, 0.02570
0.93383, 0.02556
0.93461, 0.02543
0.93539, 0.02530
0.93616, 0.02516
0.93693, 0.02503
0.93770, 0.02490
0.93845, 0.02477
0.93921, 0.02463
0.93996, 0.02450
0.94071, 0.02437
0.94145, 0.02424
0.94218, 0.02411
0.94292, 0.02398
0.94364, 0.02385
0.94437, 0.02372
0.94509, 0.02360
0.94580, 0.02347
0.94651, 0.02334
0.94722, 0.02321
0.94792, 0.02309
0.94862, 0.02296
0.94931, 0.02284
0.95000, 0.02271
0.95068, 0.02259
0.95136, 0.02247
0.95204, 0.02234
0.95271, 0.02222
0.95337, 0.02210
0.95403, 0.02198
0.95469, 0.02186
0.95534, 0.02174
0.95599, 0.02162
0.95663, 0.02150
0.95727, 0.02138
0.95790, 0.02126
0.95853, 0.02114
0.95916, 0.02103
0.95978, 0.02091
0.96040, 0.02080
0.96101, 0.02068
0.96161, 0.02057
0.96221, 0.02045
0.96281, 0.02034
0.96340, 0.02023
0.96399, 0.02012
0.96458, 0.02001
0.96516, 0.01989
0.96573, 0.01979
0.96630, 0.01968
0.96686, 0.01957
0.96743, 0.01946
0.96798, 0.01935
0.96853, 0.01925
0.96908, 0.01914
0.96962, 0.01904
0.97016, 0.01893
0.97069, 0.01883
0.97122, 0.01873
0.97174, 0.01863
0.97226, 0.01852
0.97277, 0.01842
0.97328, 0.01832
0.97379, 0.01823
0.97429, 0.01813
0.97478, 0.01803
0.97527, 0.01793
0.97576, 0.01784
0.97624, 0.01774
0.97672, 0.01765
0.97719, 0.01755
0.97765, 0.01746
0.97812, 0.01737
0.97857, 0.01728
0.97903, 0.01719
0.97948, 0.01710
0.97992, 0.01701
0.98036, 0.01692
0.98079, 0.01684
0.98122, 0.01675
0.98164, 0.01666
0.98206, 0.01658
0.98248, 0.01650
0.98289, 0.01641
0.98329, 0.01633
0.98369, 0.01625
0.98409, 0.01617
0.98448, 0.01609
0.98487, 0.01601
0.98525, 0.01593
0.98563, 0.01586
0.98600, 0.01578
0.98636, 0.01571
0.98673, 0.01563
0.98708, 0.01556
0.98744, 0.01549
0.98778, 0.01542
0.98813, 0.01535
0.98847, 0.01528
0.98880, 0.01521
0.98913, 0.01514
0.98945, 0.01507
0.98977, 0.01501
0.99009, 0.01494
0.99039, 0.01488
0.99070, 0.01481
0.99100, 0.01475
0.99129, 0.01469
0.99158, 0.01463
0.99187, 0.01457
0.99215, 0.01451
0.99243, 0.01446
0.99270, 0.01440
0.99296, 0.01434
0.99322, 0.01429
0.99348, 0.01424
0.99373, 0.01418
0.99398, 0.01413
0.99422, 0.01408
0.99446, 0.01403
0.99469, 0.01398
0.99492, 0.01393
0.99514, 0.01389
0.99535, 0.01384
0.99557, 0.01380
0.99577, 0.01375
0.99598, 0.01371
0.99618, 0.01367
0.99637, 0.01363
0.99656, 0.01359
0.99674, 0.01355
0.99692, 0.01351
0.99709, 0.01348
0.99726, 0.01344
0.99743, 0.01341
0.99758, 0.01337
0.99774, 0.01334
0.99789, 0.01331
0.99803, 0.01328
0.99817, 0.01325
0.99831, 0.01322
0.99844, 0.01319
0.99856, 0.01316
0.99868, 0.01314
0.99880, 0.01311
0.99891, 0.01309
0.99901, 0.01307
0.99911, 0.01305
0.99921, 0.01303
0.99930, 0.01301
0.99938, 0.01299
0.99946, 0.01297
0.99954, 0.01296
0.99961, 0.01294
0.99968, 0.01293
0.99974, 0.01291
0.99979, 0.01290
0.99985, 0.01289
0.99989, 0.01288
0.99993, 0.01287
0.99997, 0.01286
1.00000, 0.01286
1.00003, 0.01285
1.00005, 0.01285
1.00007, 0.01284
1.00008, 0.01284
1.00012, 0.01284
1.00013, 0.01283

=== Lower Surface ===
0.00000, 0.01005
0.00007, 0.00978
0.00011, 0.00950
0.00017, 0.00923
0.00024, 0.00895
0.00031, 0.00868
0.00038, 0.00842
0.00046, 0.00815
0.00055, 0.00788
0.00064, 0.00762
0.00074, 0.00735
0.00084, 0.00709
0.00094, 0.00683
0.00105, 0.00657
0.00117, 0.00631
0.00129, 0.00605
0.00141, 0.00580
0.00154, 0.00554
0.00168, 0.00529
0.00182, 0.00504
0.00197, 0.00479
0.00212, 0.00454
0.00227, 0.00429
0.00243, 0.00404
0.00260, 0.00379
0.00277, 0.00355
0.00294, 0.00331
0.00312, 0.00307
0.00331, 0.00283
0.00350, 0.00259
0.00370, 0.00235
0.00390, 0.00211
0.00410, 0.00188
0.00431, 0.00165
0.00453, 0.00141
0.00475, 0.00118
0.00498, 0.00095
0.00521, 0.00073
0.00544, 0.00050
0.00568, 0.00027
0.00593, 0.00005
0.00618, -0.00017
0.00644, -0.00039
0.00670, -0.00061
0.00697, -0.00083
0.00724, -0.00105
0.00751, -0.00126
0.00780, -0.00147
0.00808, -0.00169
0.00838, -0.00190
0.00867, -0.00210
0.00897, -0.00231
0.00928, -0.00252
0.00959, -0.00272
0.00991, -0.00292
0.01023, -0.00313
0.01056, -0.00333
0.01089, -0.00352
0.01123, -0.00372
0.01157, -0.00392
0.01192, -0.00411
0.01227, -0.00430
0.01263, -0.00449
0.01300, -0.00468
0.01336, -0.00487
0.01374, -0.00505
0.01411, -0.00524
0.01450, -0.00542
0.01489, -0.00560
0.01528, -0.00578
0.01568, -0.00595
0.01608, -0.00613
0.01649, -0.00630
0.01690, -0.00648
0.01732, -0.00665
0.01774, -0.00681
0.01817, -0.00698
0.01860, -0.00715
0.01904, -0.00731
0.01949, -0.00747
0.01993, -0.00763
0.02039, -0.00779
0.02085, -0.00795
0.02131, -0.00810
0.02178, -0.00826
0.02225, -0.00841
0.02273, -0.00856
0.02321, -0.00871
0.02370, -0.00885
0.02419, -0.00900
0.02469, -0.00914
0.02519, -0.00928
0.02569, -0.00942
0.02621, -0.00956
0.02672, -0.00969
0.02724, -0.00983
0.02777, -0.00996
0.02830, -0.01009
0.02884, -0.01022
0.02938, -0.01034
0.02992, -0.01047
0.03047, -0.01059
0.03103, -0.01071
0.03159, -0.01083
0.03215, -0.01095
0.03272, -0.01106
0.03329, -0.01118
0.03387, -0.01129
0.03445, -0.01140
0.03504, -0.01150
0.03563, -0.01161
0.03623, -0.01171
0.03683, -0.01182
0.03743, -0.01192
0.03804, -0.01202
0.03866, -0.01211
0.03928, -0.01221
0.03990, -0.01230
0.04053, -0.01239
0.04116, -0.01248
0.04180, -0.01257
0.04244, -0.01265
0.04308, -0.01274
0.04373, -0.01282
0.04439, -0.01290
0.04505, -0.01298
0.04571, -0.01306
0.04637, -0.01313
0.04705, -0.01320
0.04772, -0.01327
0.04840, -0.01334
0.04908, -0.01341
0.04977, -0.01348
0.05046, -0.01354
0.05116, -0.01360
0.05186, -0.01366
0.05257, -0.01372
0.05327, -0.01378
0.05399, -0.01383
0.05470, -0.01389
0.05542, -0.01394
0.05615, -0.01399
0.05688, -0.01404
0.05761, -0.01408
0.05834, -0.01413
0.05908, -0.01417
0.05983, -0.01421
0.06057, -0.01425
0.06133, -0.01429
0.06208, -0.01433
0.06284, -0.01436
0.06360, -0.01439
0.06437, -0.01442
0.06514, -0.01446
0.06591, -0.01448
0.06669, -0.01451
0.06747, -0.01454
0.06825, -0.01456
0.06904, -0.01458
0.06983, -0.01460
0.07062, -0.01462
0.07142, -0.01464
0.07222, -0.01466
0.07302, -0.01467
0.07383, -0.01469
0.07464, -0.01470
0.07546, -0.01471
0.07627, -0.01472
0.07709, -0.01473
0.07792, -0.01474
0.07874, -0.01475
0.07957, -0.01475
0.08040, -0.01476
0.08124, -0.01476
0.08208, -0.01476
0.08292, -0.01476
0.08376, -0.01476
0.08461, -0.01476
0.08546, -0.01476
0.08631, -0.01476
0.08717, -0.01475
0.08803, -0.01475
0.08889, -0.01474
0.08975, -0.01473
0.09061, -0.01473
0.09148, -0.01472
0.09235, -0.01471
0.09323, -0.01470
0.09410, -0.01469
0.09498, -0.01468
0.09586, -0.01467
0.09675, -0.01465
0.09763, -0.01464
0.09852, -0.01463
0.09941, -0.01462
0.10030, -0.01460
0.10119, -0.01459
0.10209, -0.01457
0.10299, -0.01456
0.10389, -0.01454
0.10479, -0.01453
0.10569, -0.01451
0.10660, -0.01449
0.10751, -0.01448
0.10842, -0.01446
0.10933, -0.01445
0.11024, -0.01443
0.11116, -0.01441
0.11207, -0.01440
0.11299, -0.01438
0.11391, -0.01437
0.11483, -0.01435
0.11576, -0.01434
0.11668, -0.01432
0.11760, -0.01431
0.11853, -0.01429
0.11946, -0.01428
0.12039, -0.01427
0.12132, -0.01425
0.12225, -0.01424
0.12318, -0.01423
0.12412, -0.01422
0.12505, -0.01421
0.12599, -0.01420
0.12692, -0.01420
0.12786, -0.01419
0.12880, -0.01418
0.12974, -0.01418
0.13068, -0.01417
0.13162, -0.01417
0.13256, -0.01417
0.13350, -0.01417
0.13444, -0.01417
0.13539, -0.01417
0.13633, -0.01417
0.13727, -0.01418
0.13822, -0.01419
0.13916, -0.01419
0.14011, -0.01420
0.14106, -0.01421
0.14200, -0.01423
0.14296, -0.01424
0.14391, -0.01425
0.14486, -0.01427
0.14582, -0.01429
0.14678, -0.01431
0.14775, -0.01433
0.14871, -0.01435
0.14968, -0.01437
0.15065, -0.01440
0.15162, -0.01443
0.15260, -0.01445
0.15357, -0.01448
0.15455, -0.01451
0.15553, -0.01455
0.15652, -0.01458
0.15750, -0.01462
0.15849, -0.01466
0.15948, -0.01470
0.16047, -0.01474
0.16147, -0.01478
0.16247, -0.01483
0.16347, -0.01487
0.16447, -0.01492
0.16547, -0.01497
0.16648, -0.01503
0.16749, -0.01508
0.16850, -0.01514
0.16951, -0.01519
0.17053, -0.01525
0.17155, -0.01532
0.17257, -0.01538
0.17359, -0.01545
0.17462, -0.01551
0.17564, -0.01558
0.17667, -0.01565
0.17771, -0.01573
0.17874, -0.01580
0.17978, -0.01588
0.18082, -0.01596
0.18186, -0.01604
0.18290, -0.01613
0.18395, -0.01621
0.18500, -0.01630
0.18605, -0.01639
0.18710, -0.01649
0.18816, -0.01658
0.18922, -0.01668
0.19028, -0.01678
0.19134, -0.01688
0.19241, -0.01699
0.19348, -0.01709
0.19455, -0.01720
0.19562, -0.01731
0.19669, -0.01743
0.19777, -0.01754
0.19886, -0.01766
0.19995, -0.01778
0.20104, -0.01791
0.20215, -0.01803
0.20326, -0.01816
0.20438, -0.01829
0.20550, -0.01843
0.20663, -0.01856
0.20777, -0.01870
0.20891, -0.01884
0.21007, -0.01898
0.21123, -0.01913
0.21239, -0.01928
0.21357, -0.01942
0.21475, -0.01958
0.21594, -0.01973
0.21713, -0.01988
0.21834, -0.02004
0.21955, -0.02020
0.22077, -0.02035
0.22199, -0.02052
0.22322, -0.02068
0.22447, -0.02084
0.22571, -0.02101
0.22697, -0.02117
0.22823, -0.02134
0.22951, -0.02151
0.23078, -0.02168
0.23207, -0.02185
0.23337, -0.02202
0.23467, -0.02219
0.23598, -0.02236
0.23730, -0.02253
0.23862, -0.02271
0.23995, -0.02288
0.24130, -0.02305
0.24265, -0.02322
0.24400, -0.02340
0.24537, -0.02357
0.24674, -0.02374
0.24812, -0.02391
0.24951, -0.02408
0.25091, -0.02425
0.25232, -0.02442
0.25373, -0.02459
0.25515, -0.02476
0.25658, -0.02493
0.25802, -0.02509
0.25946, -0.02525
0.26092, -0.02541
0.26238, -0.02557
0.26384, -0.02573
0.26530, -0.02588
0.26677, -0.02603
0.26824, -0.02618
0.26971, -0.02633
0.27118, -0.02647
0.27266, -0.02661
0.27413, -0.02675
0.27561, -0.02689
0.27709, -0.02702
0.27858, -0.02715
0.28006, -0.02728
0.28155, -0.02740
0.28304, -0.02753
0.28453, -0.02765
0.28602, -0.02777
0.28751, -0.02788
0.28901, -0.02800
0.29051, -0.02811
0.29200, -0.02822
0.29351, -0.02832
0.29501, -0.02843
0.29651, -0.02853
0.29802, -0.02863
0.29953, -0.02872
0.30103, -0.02882
0.30255, -0.02891
0.30406, -0.02900
0.30557, -0.02909
0.30709, -0.02917
0.30860, -0.02925
0.31012, -0.02933
0.31164, -0.02941
0.31316, -0.02949
0.31469, -0.02956
0.31621, -0.02963
0.31773, -0.02970
0.31926, -0.02976
0.32079, -0.02983
0.32232, -0.02989
0.32385, -0.02995
0.32538, -0.03001
0.32692, -0.03006
0.32845, -0.03011
0.32999, -0.03016
0.33152, -0.03021
0.33306, -0.03026
0.33460, -0.03030
0.33614, -0.03034
0.33768, -0.03038
0.33923, -0.03042
0.34077, -0.03045
0.34231, -0.03048
0.34386, -0.03051
0.34541, -0.03054
0.34696, -0.03057
0.34850, -0.03059
0.35005, -0.03062
0.35161, -0.03064
0.35316, -0.03065
0.35471, -0.03067
0.35626, -0.03068
0.35782, -0.03070
0.35938, -0.03071
0.36093, -0.03071
0.36249, -0.03072
0.36405, -0.03072
0.36561, -0.03073
0.36717, -0.03073
0.36873, -0.03072
0.37029, -0.03072
0.37185, -0.03071
0.37341, -0.03071
0.37498, -0.03070
0.37654, -0.03069
0.37810, -0.03067
0.37967, -0.03066
0.38124, -0.03064
0.38280, -0.03062
0.38437, -0.03060
0.38594, -0.03058
0.38751, -0.03056
0.38908, -0.03053
0.39064, -0.03051
0.39221, -0.03048
0.39378, -0.03045
0.39536, -0.03042
0.39693, -0.03038
0.39850, -0.03035
0.40007, -0.03031
0.40164, -0.03027
0.40322, -0.03023
0.40479, -0.03019
0.40636, -0.03015
0.40794, -0.03010
0.40951, -0.03006
0.41109, -0.03001
0.41266, -0.02996
0.41424, -0.02991
0.41581, -0.02986
0.41739, -0.02980
0.41897, -0.02975
0.42054, -0.02969
0.42212, -0.02964
0.42370, -0.02958
0.42527, -0.02952
0.42685, -0.02946
0.42843, -0.02939
0.43000, -0.02933
0.43158, -0.02926
0.43316, -0.02920
0.43474, -0.02913
0.43631, -0.02906
0.43789, -0.02899
0.43947, -0.02892
0.44105, -0.02885
0.44263, -0.02877
0.44420, -0.02870
0.44578, -0.02862
0.44736, -0.02855
0.44894, -0.02847
0.45051, -0.02839
0.45209, -0.02831
0.45367, -0.02823
0.45525, -0.02815
0.45682, -0.02807
0.45840, -0.02798
0.45998, -0.02790
0.46156, -0.02781
0.46313, -0.02772
0.46471, -0.02764
0.46628, -0.02755
0.46786, -0.02746
0.46944, -0.02737
0.47101, -0.02728
0.47259, -0.02719
0.47416, -0.02710
0.47574, -0.02700
0.47731, -0.02691
0.47889, -0.02681
0.48046, -0.02672
0.48203, -0.02662
0.48361, -0.02653
0.48518, -0.02643
0.48675, -0.02633
0.48832, -0.02623
0.48990, -0.02614
0.49147, -0.02604
0.49304, -0.02594
0.49461, -0.02584
0.49618, -0.02574
0.49775, -0.02563
0.49932, -0.02553
0.50088, -0.02543
0.50245, -0.02533
0.50402, -0.02523
0.50559, -0.02512
0.50715, -0.02502
0.50872, -0.02491
0.51028, -0.02481
0.51185, -0.02470
0.51341, -0.02460
0.51498, -0.02449
0.51654, -0.02439
0.51810, -0.02428
0.51966, -0.02418
0.52122, -0.02407
0.52278, -0.02396
0.52434, -0.02386
0.52590, -0.02375
0.52746, -0.02364
0.52902, -0.02354
0.53057, -0.02343
0.53213, -0.02332
0.53368, -0.02322
0.53524, -0.02311
0.53679, -0.02300
0.53835, -0.02290
0.53990, -0.02279
0.54145, -0.02268
0.54300, -0.02257
0.54455, -0.02247
0.54610, -0.02236
0.54765, -0.02225
0.54919, -0.02215
0.55074, -0.02204
0.55229, -0.02193
0.55383, -0.02183
0.55537, -0.02172
0.55692, -0.02162
0.55846, -0.02151
0.56000, -0.02141
0.56154, -0.02130
0.56308, -0.02120
0.56462, -0.02109
0.56615, -0.02099
0.56769, -0.02088
0.56922, -0.02078
0.57076, -0.02068
0.57229, -0.02057
0.57382, -0.02047
0.57535, -0.02037
0.57688, -0.02027
0.57841, -0.02017
0.57994, -0.02007
0.58147, -0.01997
0.58299, -0.01987
0.58452, -0.01977
0.58604, -0.01967
0.58756, -0.01957
0.58908, -0.01948
0.59060, -0.01938
0.59212, -0.01928
0.59364, -0.01919
0.59516, -0.01909
0.59667, -0.01900
0.59818, -0.01890
0.59970, -0.01881
0.60121, -0.01872
0.60272, -0.01863
0.60423, -0.01854
0.60574, -0.01845
0.60724, -0.01836
0.60875, -0.01827
0.61025, -0.01818
0.61175, -0.01809
0.61326, -0.01801
0.61476, -0.01792
0.61626, -0.01784
0.61775, -0.01775
0.61925, -0.01767
0.62074, -0.01759
0.62224, -0.01751
0.62373, -0.01743
0.62522, -0.01735
0.62671, -0.01727
0.62820, -0.01719
0.62968, -0.01711
0.63117, -0.01704
0.63265, -0.01696
0.63413, -0.01689
0.63562, -0.01682
0.63709, -0.01674
0.63857, -0.01667
0.64005, -0.01660
0.64152, -0.01653
0.64300, -0.01647
0.64447, -0.01640
0.64594, -0.01633
0.64741, -0.01627
0.64888, -0.01621
0.65034, -0.01614
0.65181, -0.01608
0.65327, -0.01602
0.65473, -0.01596
0.65619, -0.01591
0.65765, -0.01585
0.65910, -0.01580
0.66056, -0.01574
0.66201, -0.01569
0.66346, -0.01564
0.66491, -0.01559
0.66637, -0.01554
0.66782, -0.01549
0.66927, -0.01544
0.67072, -0.01540
0.67217, -0.01535
0.67362, -0.01531
0.67508, -0.01527
0.67653, -0.01522
0.67798, -0.01518
0.67944, -0.01514
0.68089, -0.01510
0.68235, -0.01506
0.68380, -0.01502
0.68525, -0.01499
0.68671, -0.01495
0.68816, -0.01491
0.68962, -0.01487
0.69107, -0.01484
0.69253, -0.01480
0.69398, -0.01476
0.69543, -0.01472
0.69689, -0.01469
0.69834, -0.01465
0.69979, -0.01461
0.70124, -0.01457
0.70270, -0.01454
0.70415, -0.01450
0.70560, -0.01446
0.70705, -0.01442
0.70850, -0.01438
0.70995, -0.01434
0.71139, -0.01429
0.71284, -0.01425
0.71429, -0.01421
0.71574, -0.01416
0.71718, -0.01412
0.71863, -0.01407
0.72007, -0.01402
0.72151, -0.01397
0.72295, -0.01392
0.72439, -0.01387
0.72583, -0.01382
0.72727, -0.01376
0.72871, -0.01371
0.73014, -0.01365
0.73158, -0.01359
0.73301, -0.01353
0.73445, -0.01347
0.73588, -0.01341
0.73731, -0.01334
0.73873, -0.01327
0.74016, -0.01320
0.74159, -0.01313
0.74301, -0.01306
0.74443, -0.01298
0.74585, -0.01290
0.74727, -0.01283
0.74869, -0.01274
0.75010, -0.01266
0.75151, -0.01257
0.75292, -0.01248
0.75432, -0.01239
0.75572, -0.01230
0.75712, -0.01220
0.75851, -0.01211
0.75989, -0.01201
0.76128, -0.01191
0.76265, -0.01181
0.76403, -0.01170
0.76540, -0.01160
0.76677, -0.01149
0.76813, -0.01138
0.76949, -0.01127
0.77084, -0.01116
0.77220, -0.01104
0.77354, -0.01093
0.77489, -0.01081
0.77623, -0.01069
0.77756, -0.01058
0.77889, -0.01046
0.78022, -0.01034
0.78155, -0.01021
0.78287, -0.01009
0.78418, -0.00997
0.78549, -0.00984
0.78680, -0.00972
0.78811, -0.00959
0.78941, -0.00946
0.79071, -0.00934
0.79200, -0.00921
0.79329, -0.00908
0.79457, -0.00895
0.79586, -0.00882
0.79713, -0.00869
0.79841, -0.00856
0.79968, -0.00843
0.80094, -0.00829
0.80221, -0.00816
0.80347, -0.00803
0.80472, -0.00790
0.80597, -0.00776
0.80722, -0.00763
0.80846, -0.00750
0.80970, -0.00737
0.81094, -0.00723
0.81217, -0.00710
0.81340, -0.00697
0.81463, -0.00683
0.81585, -0.00670
0.81706, -0.00657
0.81828, -0.00643
0.81949, -0.00630
0.82069, -0.00617
0.82190, -0.00604
0.82309, -0.00591
0.82429, -0.00578
0.82548, -0.00564
0.82667, -0.00551
0.82785, -0.00538
0.82903, -0.00525
0.83021, -0.00513
0.83138, -0.00500
0.83255, -0.00487
0.83372, -0.00474
0.83488, -0.00461
0.83604, -0.00449
0.83719, -0.00436
0.83834, -0.00424
0.83949, -0.00411
0.84064, -0.00399
0.84178, -0.00386
0.84292, -0.00374
0.84406, -0.00362
0.84519, -0.00350
0.84632, -0.00338
0.84744, -0.00326
0.84857, -0.00314
0.84968, -0.00302
0.85080, -0.00290
0.85191, -0.00278
0.85302, -0.00266
0.85413, -0.00254
0.85523, -0.00243
0.85633, -0.00231
0.85742, -0.00220
0.85851, -0.00208
0.85960, -0.00197
0.86069, -0.00186
0.86177, -0.00174
0.86285, -0.00163
0.86392, -0.00152
0.86499, -0.00141
0.86606, -0.00130
0.86712, -0.00119
0.86818, -0.00108
0.86924, -0.00097
0.87029, -0.00086
0.87134, -0.00075
0.87239, -0.00065
0.87343, -0.00054
0.87447, -0.00044
0.87550, -0.00033
0.87653, -0.00023
0.87756, -0.00012
0.87859, -0.00002
0.87961, 0.00008
0.88062, 0.00019
0.88164, 0.00029
0.88265, 0.00039
0.88365, 0.00049
0.88465, 0.00059
0.88565, 0.00069
0.88665, 0.00079
0.88764, 0.00088
0.88862, 0.00098
0.88961, 0.00108
0.89059, 0.00117
0.89156, 0.00127
0.89254, 0.00136
0.89350, 0.00146
0.89447, 0.00155
0.89543, 0.00165
0.89638, 0.00174
0.89734, 0.00183
0.89829, 0.00192
0.89923, 0.00201
0.90017, 0.00210
0.90111, 0.00219
0.90204, 0.00228
0.90297, 0.00237
0.90390, 0.00246
0.90482, 0.00255
0.90574, 0.00263
0.90665, 0.00272
0.90756, 0.00280
0.90847, 0.00289
0.90937, 0.00297
0.91027, 0.00306
0.91116, 0.00314
0.91205, 0.00322
0.91294, 0.00331
0.91382, 0.00339
0.91470, 0.00347
0.91557, 0.00355
0.91644, 0.00363
0.91731, 0.00371
0.91817, 0.00379
0.91903, 0.00387
0.91988, 0.00394
0.92073, 0.00402
0.92158, 0.00410
0.92242, 0.00417
0.92325, 0.00425
0.92409, 0.00432
0.92492, 0.00440
0.92574, 0.00447
0.92656, 0.00454
0.92738, 0.00462
0.92819, 0.00469
0.92900, 0.00476
0.92980, 0.00483
0.93060, 0.00490
0.93140, 0.00497
0.93219, 0.00504
0.93298, 0.00511
0.93376, 0.00518
0.93454, 0.00525
0.93531, 0.00532
0.93608, 0.00538
0.93685, 0.00545
0.93761, 0.00551
0.93837, 0.00558
0.93912, 0.00564
0.93987, 0.00571
0.94061, 0.00577
0.94135, 0.00584
0.94209, 0.00590
0.94282, 0.00596
0.94355, 0.00602
0.94427, 0.00608
0.94499, 0.00614
0.94570, 0.00620
0.94641, 0.00626
0.94712, 0.00632
0.94782, 0.00638
0.94852, 0.00644
0.94921, 0.00650
0.94990, 0.00655
0.95058, 0.00661
0.95126, 0.00667
0.95193, 0.00672
0.95260, 0.00678
0.95327, 0.00683
0.95393, 0.00688
0.95459, 0.00694
0.95524, 0.00699
0.95589, 0.00704
0.95653, 0.00710
0.95717, 0.00715
0.95780, 0.00720
0.95843, 0.00725
0.95906, 0.00730
0.95968, 0.00735
0.96030, 0.00740
0.96091, 0.00745
0.96151, 0.00750
0.96212, 0.00754
0.96272, 0.00759
0.96331, 0.00764
0.96390, 0.00768
0.96448, 0.00773
0.96506, 0.00778
0.96564, 0.00782
0.96621, 0.00787
0.96677, 0.00791
0.96734, 0.00795
0.96789, 0.00800
0.96844, 0.00804
0.96899, 0.00808
0.96953, 0.00812
0.97007, 0.00817
0.97061, 0.00821
0.97114, 0.00825
0.97166, 0.00829
0.97218, 0.00833
0.97270, 0.00837
0.97321, 0.00841
0.97371, 0.00844
0.97421, 0.00848
0.97471, 0.00852
0.97520, 0.00856
0.97569, 0.00859
0.97617, 0.00863
0.97665, 0.00867
0.97712, 0.00870
0.97759, 0.00874
0.97805, 0.00877
0.97851, 0.00880
0.97896, 0.00884
0.97941, 0.00887
0.97986, 0.00890
0.98030, 0.00894
0.98073, 0.00897
0.98116, 0.00900
0.98159, 0.00903
0.98201, 0.00906
0.98242, 0.00909
0.98284, 0.00912
0.98324, 0.00915
0.98364, 0.00918
0.98404, 0.00921
0.98443, 0.00924
0.98482, 0.00927
0.98520, 0.00929
0.98558, 0.00932
0.98595, 0.00935
0.98632, 0.00938
0.98668, 0.00940
0.98704, 0.00943
0.98739, 0.00945
0.98774, 0.00948
0.98808, 0.00950
0.98842, 0.00953
0.98876, 0.00955
0.98909, 0.00957
0.98941, 0.00960
0.98973, 0.00962
0.99004, 0.00964
0.99035, 0.00966
0.99066, 0.00969
0.99096, 0.00971
0.99125, 0.00973
0.99154, 0.00975
0.99183, 0.00977
0.99211, 0.00979
0.99238, 0.00981
0.99265, 0.00983
0.99292, 0.00984
0.99318, 0.00986
0.99344, 0.00988
0.99369, 0.00990
0.99393, 0.00991
0.99417, 0.00993
0.99441, 0.00995
0.99464, 0.00996
0.99487, 0.00998
0.99509, 0.00999
0.99530, 0.01001
0.99552, 0.01002
0.99572, 0.01004
0.99592, 0.01005
0.99612, 0.01007
0.99631, 0.01008
0.99650, 0.01009
0.99668, 0.01010
0.99686, 0.01012
0.99703, 0.01013
0.99720, 0.01014
0.99736, 0.01015
0.99751, 0.01016
0.99767, 0.01017
0.99781, 0.01018
0.99795, 0.01019
0.99809, 0.01020
0.99822, 0.01021
0.99835, 0.01022
0.99847, 0.01023
0.99859, 0.01024
0.99870, 0.01024
0.99881, 0.01025
0.99891, 0.01026
0.99901, 0.01026
0.99910, 0.01027
0.99919, 0.01028
0.99927, 0.01028
0.99935, 0.01029
0.99942, 0.01029
0.99949, 0.01030
0.99955, 0.01030
0.99961, 0.01030
0.99966, 0.01031
0.99971, 0.01031
0.99975, 0.01031
0.99979, 0.01032
0.99982, 0.01032
0.99985, 0.01032
0.99987, 0.01032
0.99989, 0.01032
0.99990, 0.01032
0.99988, 0.01033
0.99987, 0.01033
