airfoil_points_809
1.000000 0.006820
0.999748 0.006864
0.998993 0.006997
0.997736 0.007216
0.995977 0.007519
0.993719 0.007905
0.990964 0.008370
0.987715 0.008910
0.983974 0.009521
0.979746 0.010197
0.975036 0.010935
0.969846 0.011729
0.964184 0.012574
0.958054 0.013466
0.951463 0.014401
0.944418 0.015374
0.936925 0.016384
0.928992 0.017428
0.920627 0.018505
0.911838 0.019615
0.902635 0.020761
0.893027 0.021945
0.883022 0.023172
0.872632 0.024449
0.861867 0.025784
0.850737 0.027187
0.839255 0.028672
0.827430 0.030253
0.815276 0.031937
0.802805 0.033729
0.790028 0.035635
0.776960 0.037658
0.763613 0.039805
0.750000 0.042078
0.736136 0.044468
0.722033 0.046943
0.707708 0.049464
0.693173 0.051992
0.678443 0.054484
0.663534 0.056898
0.648460 0.059212
0.633237 0.061423
0.617879 0.063529
0.602403 0.065528
0.586824 0.067416
0.571157 0.069193
0.555419 0.070856
0.539625 0.072406
0.523791 0.073841
0.507933 0.075161
0.492067 0.076366
0.476209 0.077456
0.460375 0.078431
0.444581 0.079292
0.428843 0.080040
0.413176 0.080675
0.397597 0.081199
0.382121 0.081613
0.366763 0.081917
0.351540 0.082113
0.336466 0.082203
0.321557 0.082187
0.306827 0.082068
0.292292 0.081846
0.277967 0.081523
0.263864 0.081101
0.250000 0.080572
0.236387 0.079908
0.223040 0.079075
0.209972 0.078049
0.197195 0.076810
0.184724 0.075343
0.172570 0.073661
0.160745 0.071789
0.149263 0.069750
0.138133 0.067566
0.127368 0.065256
0.116978 0.062841
0.106973 0.060334
0.097365 0.057745
0.088162 0.055085
0.079373 0.052363
0.071008 0.049587
0.063075 0.046767
0.055582 0.043910
0.048537 0.041022
0.041946 0.038111
0.035816 0.035183
0.030154 0.032244
0.024964 0.029300
0.020254 0.026354
0.016026 0.023413
0.012285 0.020481
0.009036 0.017562
0.006281 0.014662
0.004023 0.011789
0.002264 0.008954
0.001007 0.006191
0.000252 0.003621
0.000000 0.002124
0.000252 -0.003181
0.001007 -0.005630
0.002264 -0.008155
0.004023 -0.010628
0.006281 -0.013017
0.009036 -0.015310
0.012285 -0.017501
0.016026 -0.019586
0.020254 -0.021562
0.024964 -0.023425
0.030154 -0.025175
0.035816 -0.026808
0.041946 -0.028323
0.048537 -0.029718
0.055582 -0.030994
0.063075 -0.032149
0.071008 -0.033183
0.079373 -0.034099
0.088162 -0.034896
0.097365 -0.035579
0.106973 -0.036150
0.116978 -0.036614
0.127368 -0.036976
0.138133 -0.037244
0.149263 -0.037429
0.160745 -0.037550
0.172570 -0.037628
0.184724 -0.037689
0.197195 -0.037760
0.209972 -0.037869
0.223040 -0.038009
0.236387 -0.038153
0.250000 -0.038272
0.263864 -0.038333
0.277967 -0.038304
0.292292 -0.038177
0.306827 -0.037958
0.321557 -0.037652
0.336466 -0.037265
0.351540 -0.036804
0.366763 -0.036274
0.382121 -0.035684
0.397597 -0.035041
0.413176 -0.034352
0.428843 -0.033626
0.444581 -0.032871
0.460375 -0.032094
0.476209 -0.031304
0.492067 -0.030509
0.507933 -0.029716
0.523791 -0.028934
0.539625 -0.028170
0.555419 -0.027431
0.571157 -0.026724
0.586824 -0.026055
0.602403 -0.025429
0.617879 -0.024853
0.633237 -0.024331
0.648460 -0.023867
0.663534 -0.023465
0.678443 -0.023126
0.693173 -0.022823
0.707708 -0.022518
0.722033 -0.022175
0.736136 -0.021765
0.750000 -0.021260
0.763613 -0.020640
0.776960 -0.019907
0.790028 -0.019071
0.802805 -0.018142
0.815276 -0.017129
0.827430 -0.016043
0.839255 -0.014893
0.850737 -0.013693
0.861867 -0.012460
0.872632 -0.011214
0.883022 -0.009969
0.893027 -0.008739
0.902635 -0.007536
0.911838 -0.006370
0.920627 -0.005250
0.928992 -0.004183
0.936925 -0.003174
0.944418 -0.002226
0.951463 -0.001344
0.958054 -0.000528
0.964184 0.000220
0.969846 0.000901
0.975036 0.001514
0.979746 0.002062
0.983974 0.002546
0.987715 0.002967
0.990964 0.003327
0.993719 0.003628
0.995977 0.003872
0.997736 0.004059
0.998993 0.004193
0.999748 0.004272
1.000000 0.004295
