=== Airfoil Parameters ===
m = 0.02
p = 0.4
t = 0.12

=== Control Points ===
0.00000, -0.00627, -0.00627
0.06667, 0.00756, 0.00145
0.13333, 0.01831, 0.00720
0.20000, 0.02314, 0.00814
0.26667, 0.02795, 0.01017
0.66667, 0.03140, 0.01535
0.75000, 0.03160, 0.01840
0.83333, 0.02417, 0.01460
0.91667, 0.01080, 0.00563
1.00000, -0.00184, -0.00184

=== Upper Surface ===
0.00000, -0.00627
-0.00007, -0.00600
-0.00010, -0.00572
-0.00014, -0.00545
-0.00018, -0.00517
-0.00021, -0.00489
-0.00024, -0.00461
-0.00027, -0.00434
-0.00028, -0.00406
-0.00030, -0.00378
-0.00030, -0.00350
-0.00031, -0.00321
-0.00030, -0.00293
-0.00030, -0.00265
-0.00029, -0.00237
-0.00027, -0.00208
-0.00025, -0.00180
-0.00022, -0.00152
-0.00019, -0.00123
-0.00015, -0.00094
-0.00011, -0.00066
-0.00006, -0.00037
-0.00001, -0.00008
0.00005, 0.00021
0.00011, 0.00050
0.00018, 0.00079
0.00025, 0.00108
0.00032, 0.00137
0.00041, 0.00166
0.00049, 0.00195
0.00058, 0.00224
0.00068, 0.00254
0.00078, 0.00283
0.00089, 0.00313
0.00100, 0.00342
0.00112, 0.00372
0.00124, 0.00401
0.00136, 0.00431
0.00149, 0.00461
0.00163, 0.00491
0.00177, 0.00520
0.00192, 0.00550
0.00207, 0.00580
0.00222, 0.00610
0.00238, 0.00640
0.00255, 0.00671
0.00272, 0.00701
0.00289, 0.00731
0.00308, 0.00761
0.00326, 0.00792
0.00345, 0.00822
0.00365, 0.00853
0.00384, 0.00883
0.00405, 0.00914
0.00426, 0.00945
0.00447, 0.00976
0.00469, 0.01006
0.00492, 0.01037
0.00515, 0.01068
0.00538, 0.01099
0.00562, 0.01130
0.00586, 0.01161
0.00611, 0.01192
0.00637, 0.01224
0.00662, 0.01255
0.00689, 0.01286
0.00716, 0.01318
0.00743, 0.01349
0.00771, 0.01381
0.00799, 0.01412
0.00828, 0.01444
0.00857, 0.01475
0.00887, 0.01507
0.00917, 0.01539
0.00948, 0.01571
0.00979, 0.01603
0.01011, 0.01635
0.01043, 0.01667
0.01075, 0.01699
0.01109, 0.01731
0.01142, 0.01763
0.01176, 0.01795
0.01211, 0.01827
0.01246, 0.01860
0.01282, 0.01892
0.01318, 0.01924
0.01354, 0.01957
0.01391, 0.01989
0.01429, 0.02022
0.01467, 0.02055
0.01505, 0.02087
0.01544, 0.02120
0.01584, 0.02153
0.01624, 0.02186
0.01664, 0.02219
0.01705, 0.02252
0.01747, 0.02285
0.01789, 0.02318
0.01831, 0.02351
0.01874, 0.02384
0.01917, 0.02417
0.01961, 0.02450
0.02006, 0.02484
0.02051, 0.02517
0.02096, 0.02550
0.02142, 0.02584
0.02188, 0.02617
0.02235, 0.02651
0.02282, 0.02684
0.02330, 0.02718
0.02378, 0.02752
0.02427, 0.02785
0.02476, 0.02819
0.02526, 0.02853
0.02576, 0.02887
0.02627, 0.02921
0.02678, 0.02954
0.02730, 0.02988
0.02782, 0.03022
0.02835, 0.03056
0.02888, 0.03090
0.02942, 0.03125
0.02996, 0.03159
0.03051, 0.03193
0.03106, 0.03227
0.03162, 0.03261
0.03218, 0.03296
0.03275, 0.03330
0.03332, 0.03364
0.03390, 0.03399
0.03448, 0.03433
0.03507, 0.03467
0.03566, 0.03502
0.03625, 0.03536
0.03686, 0.03571
0.03746, 0.03606
0.03807, 0.03640
0.03869, 0.03675
0.03931, 0.03709
0.03994, 0.03744
0.04057, 0.03779
0.04121, 0.03813
0.04185, 0.03848
0.04250, 0.03883
0.04315, 0.03917
0.04381, 0.03952
0.04447, 0.03987
0.04514, 0.04022
0.04581, 0.04057
0.04649, 0.04091
0.04717, 0.04126
0.04786, 0.04161
0.04855, 0.04196
0.04925, 0.04231
0.04995, 0.04265
0.05066, 0.04300
0.05137, 0.04335
0.05209, 0.04370
0.05281, 0.04405
0.05354, 0.04440
0.05427, 0.04474
0.05501, 0.04509
0.05576, 0.04544
0.05651, 0.04579
0.05726, 0.04614
0.05802, 0.04648
0.05878, 0.04683
0.05955, 0.04718
0.06033, 0.04752
0.06111, 0.04787
0.06190, 0.04822
0.06269, 0.04856
0.06348, 0.04891
0.06428, 0.04926
0.06509, 0.04960
0.06590, 0.04995
0.06672, 0.05029
0.06754, 0.05064
0.06837, 0.05098
0.06920, 0.05132
0.07004, 0.05167
0.07088, 0.05201
0.07173, 0.05235
0.07259, 0.05269
0.07345, 0.05303
0.07431, 0.05337
0.07518, 0.05371
0.07606, 0.05405
0.07694, 0.05439
0.07783, 0.05473
0.07872, 0.05506
0.07961, 0.05540
0.08052, 0.05574
0.08142, 0.05607
0.08234, 0.05640
0.08326, 0.05674
0.08418, 0.05707
0.08511, 0.05740
0.08605, 0.05773
0.08699, 0.05806
0.08793, 0.05839
0.08889, 0.05871
0.08984, 0.05904
0.09081, 0.05936
0.09177, 0.05969
0.09275, 0.06001
0.09373, 0.06033
0.09471, 0.06065
0.09570, 0.06097
0.09670, 0.06128
0.09770, 0.06160
0.09871, 0.06191
0.09972, 0.06223
0.10074, 0.06254
0.10176, 0.06285
0.10279, 0.06315
0.10383, 0.06346
0.10487, 0.06376
0.10591, 0.06407
0.10697, 0.06437
0.10802, 0.06467
0.10909, 0.06496
0.11016, 0.06526
0.11123, 0.06555
0.11231, 0.06584
0.11340, 0.06613
0.11449, 0.06642
0.11559, 0.06671
0.11669, 0.06699
0.11780, 0.06727
0.11892, 0.06755
0.12004, 0.06782
0.12116, 0.06810
0.12230, 0.06837
0.12343, 0.06863
0.12458, 0.06890
0.12573, 0.06916
0.12688, 0.06942
0.12804, 0.06968
0.12921, 0.06993
0.13037, 0.07019
0.13154, 0.07043
0.13271, 0.07068
0.13389, 0.07092
0.13506, 0.07116
0.13624, 0.07140
0.13742, 0.07163
0.13860, 0.07186
0.13979, 0.07209
0.14097, 0.07231
0.14216, 0.07253
0.14335, 0.07275
0.14454, 0.07297
0.14573, 0.07318
0.14692, 0.07339
0.14812, 0.07360
0.14931, 0.07380
0.15051, 0.07401
0.15171, 0.07421
0.15291, 0.07440
0.15411, 0.07460
0.15531, 0.07479
0.15652, 0.07499
0.15772, 0.07517
0.15893, 0.07536
0.16013, 0.07555
0.16134, 0.07573
0.16255, 0.07591
0.16376, 0.07609
0.16497, 0.07626
0.16618, 0.07644
0.16739, 0.07661
0.16860, 0.07678
0.16981, 0.07695
0.17102, 0.07712
0.17223, 0.07729
0.17345, 0.07746
0.17466, 0.07762
0.17587, 0.07778
0.17708, 0.07794
0.17830, 0.07810
0.17951, 0.07826
0.18072, 0.07842
0.18193, 0.07858
0.18315, 0.07873
0.18436, 0.07889
0.18557, 0.07904
0.18678, 0.07920
0.18799, 0.07935
0.18920, 0.07950
0.19041, 0.07966
0.19162, 0.07981
0.19283, 0.07996
0.19404, 0.08011
0.19525, 0.08026
0.19646, 0.08041
0.19767, 0.08056
0.19889, 0.08071
0.20010, 0.08086
0.20133, 0.08102
0.20256, 0.08117
0.20379, 0.08132
0.20503, 0.08147
0.20627, 0.08162
0.20751, 0.08177
0.20876, 0.08193
0.21002, 0.08208
0.21128, 0.08223
0.21254, 0.08238
0.21381, 0.08253
0.21509, 0.08268
0.21636, 0.08284
0.21765, 0.08299
0.21893, 0.08314
0.22023, 0.08329
0.22152, 0.08344
0.22282, 0.08359
0.22413, 0.08374
0.22544, 0.08388
0.22675, 0.08403
0.22807, 0.08418
0.22940, 0.08433
0.23073, 0.08447
0.23206, 0.08462
0.23340, 0.08477
0.23474, 0.08491
0.23609, 0.08505
0.23744, 0.08520
0.23880, 0.08534
0.24016, 0.08548
0.24153, 0.08562
0.24290, 0.08576
0.24427, 0.08589
0.24565, 0.08603
0.24704, 0.08617
0.24843, 0.08630
0.24982, 0.08643
0.25122, 0.08656
0.25262, 0.08669
0.25403, 0.08682
0.25544, 0.08695
0.25686, 0.08708
0.25828, 0.08720
0.25971, 0.08732
0.26114, 0.08744
0.26257, 0.08756
0.26401, 0.08768
0.26545, 0.08779
0.26690, 0.08790
0.26834, 0.08801
0.26979, 0.08812
0.27124, 0.08823
0.27270, 0.08833
0.27415, 0.08844
0.27561, 0.08854
0.27707, 0.08864
0.27853, 0.08873
0.27999, 0.08883
0.28145, 0.08892
0.28292, 0.08901
0.28439, 0.08910
0.28586, 0.08918
0.28733, 0.08927
0.28881, 0.08935
0.29028, 0.08943
0.29176, 0.08951
0.29324, 0.08959
0.29473, 0.08966
0.29621, 0.08973
0.29770, 0.08980
0.29918, 0.08987
0.30067, 0.08994
0.30216, 0.09000
0.30366, 0.09007
0.30515, 0.09013
0.30665, 0.09019
0.30814, 0.09024
0.30964, 0.09030
0.31115, 0.09035
0.31265, 0.09040
0.31415, 0.09045
0.31566, 0.09050
0.31717, 0.09054
0.31868, 0.09059
0.32019, 0.09063
0.32170, 0.09067
0.32321, 0.09070
0.32473, 0.09074
0.32624, 0.09077
0.32776, 0.09081
0.32928, 0.09084
0.33080, 0.09087
0.33233, 0.09089
0.33385, 0.09092
0.33537, 0.09094
0.33690, 0.09096
0.33843, 0.09098
0.33996, 0.09100
0.34149, 0.09101
0.34302, 0.09103
0.34455, 0.09104
0.34609, 0.09105
0.34762, 0.09106
0.34916, 0.09106
0.35070, 0.09107
0.35224, 0.09107
0.35378, 0.09107
0.35532, 0.09107
0.35686, 0.09107
0.35840, 0.09107
0.35995, 0.09106
0.36149, 0.09105
0.36304, 0.09105
0.36459, 0.09104
0.36614, 0.09102
0.36769, 0.09101
0.36924, 0.09099
0.37079, 0.09098
0.37234, 0.09096
0.37389, 0.09094
0.37545, 0.09092
0.37700, 0.09089
0.37856, 0.09087
0.38012, 0.09084
0.38167, 0.09081
0.38323, 0.09078
0.38479, 0.09075
0.38635, 0.09072
0.38791, 0.09068
0.38948, 0.09065
0.39104, 0.09061
0.39260, 0.09057
0.39417, 0.09053
0.39573, 0.09049
0.39730, 0.09044
0.39886, 0.09040
0.40043, 0.09035
0.40200, 0.09030
0.40356, 0.09025
0.40513, 0.09020
0.40670, 0.09015
0.40827, 0.09010
0.40984, 0.09004
0.41141, 0.08998
0.41298, 0.08993
0.41455, 0.08987
0.41613, 0.08981
0.41770, 0.08975
0.41927, 0.08968
0.42085, 0.08962
0.42242, 0.08955
0.42399, 0.08949
0.42557, 0.08942
0.42714, 0.08935
0.42872, 0.08928
0.43030, 0.08920
0.43187, 0.08913
0.43345, 0.08906
0.43503, 0.08898
0.43660, 0.08890
0.43818, 0.08883
0.43976, 0.08875
0.44134, 0.08867
0.44291, 0.08858
0.44449, 0.08850
0.44607, 0.08842
0.44765, 0.08833
0.44923, 0.08825
0.45081, 0.08816
0.45239, 0.08807
0.45396, 0.08798
0.45554, 0.08789
0.45712, 0.08780
0.45870, 0.08771
0.46028, 0.08762
0.46186, 0.08752
0.46344, 0.08743
0.46502, 0.08733
0.46660, 0.08723
0.46818, 0.08713
0.46976, 0.08703
0.47134, 0.08693
0.47292, 0.08683
0.47450, 0.08673
0.47608, 0.08663
0.47766, 0.08653
0.47923, 0.08642
0.48081, 0.08632
0.48239, 0.08621
0.48397, 0.08610
0.48555, 0.08600
0.48713, 0.08589
0.48870, 0.08578
0.49028, 0.08567
0.49186, 0.08556
0.49344, 0.08545
0.49501, 0.08533
0.49659, 0.08522
0.49817, 0.08511
0.49974, 0.08499
0.50132, 0.08488
0.50289, 0.08476
0.50447, 0.08464
0.50604, 0.08453
0.50762, 0.08441
0.50919, 0.08429
0.51077, 0.08417
0.51234, 0.08405
0.51391, 0.08393
0.51548, 0.08381
0.51706, 0.08369
0.51863, 0.08357
0.52020, 0.08345
0.52177, 0.08333
0.52334, 0.08320
0.52491, 0.08308
0.52648, 0.08296
0.52804, 0.08283
0.52961, 0.08271
0.53118, 0.08258
0.53274, 0.08245
0.53431, 0.08233
0.53588, 0.08220
0.53744, 0.08207
0.53900, 0.08195
0.54057, 0.08182
0.54213, 0.08169
0.54369, 0.08156
0.54525, 0.08143
0.54681, 0.08131
0.54837, 0.08118
0.54993, 0.08105
0.55149, 0.08092
0.55305, 0.08079
0.55460, 0.08066
0.55616, 0.08053
0.55772, 0.08039
0.55927, 0.08026
0.56082, 0.08013
0.56238, 0.08000
0.56393, 0.07987
0.56548, 0.07974
0.56703, 0.07961
0.56858, 0.07947
0.57013, 0.07934
0.57167, 0.07921
0.57322, 0.07908
0.57477, 0.07895
0.57631, 0.07881
0.57785, 0.07868
0.57940, 0.07855
0.58094, 0.07841
0.58248, 0.07828
0.58402, 0.07815
0.58556, 0.07802
0.58709, 0.07788
0.58863, 0.07775
0.59016, 0.07762
0.59170, 0.07749
0.59323, 0.07735
0.59476, 0.07722
0.59629, 0.07709
0.59782, 0.07696
0.59935, 0.07683
0.60088, 0.07669
0.60241, 0.07656
0.60393, 0.07643
0.60546, 0.07630
0.60698, 0.07617
0.60850, 0.07604
0.61002, 0.07590
0.61154, 0.07577
0.61306, 0.07564
0.61457, 0.07551
0.61609, 0.07538
0.61760, 0.07525
0.61911, 0.07512
0.62063, 0.07499
0.62214, 0.07486
0.62364, 0.07473
0.62515, 0.07460
0.62666, 0.07448
0.62816, 0.07435
0.62966, 0.07422
0.63117, 0.07409
0.63267, 0.07397
0.63417, 0.07384
0.63566, 0.07371
0.63716, 0.07359
0.63865, 0.07346
0.64015, 0.07333
0.64164, 0.07321
0.64313, 0.07309
0.64462, 0.07296
0.64610, 0.07284
0.64759, 0.07271
0.64907, 0.07259
0.65056, 0.07247
0.65204, 0.07235
0.65352, 0.07222
0.65499, 0.07210
0.65647, 0.07198
0.65794, 0.07186
0.65942, 0.07174
0.66089, 0.07162
0.66236, 0.07151
0.66382, 0.07139
0.66529, 0.07127
0.66676, 0.07115
0.66822, 0.07104
0.66969, 0.07092
0.67115, 0.07080
0.67262, 0.07069
0.67408, 0.07057
0.67555, 0.07046
0.67702, 0.07034
0.67848, 0.07023
0.67995, 0.07011
0.68142, 0.07000
0.68288, 0.06988
0.68435, 0.06977
0.68582, 0.06965
0.68728, 0.06954
0.68875, 0.06942
0.69022, 0.06931
0.69168, 0.06919
0.69315, 0.06907
0.69461, 0.06895
0.69608, 0.06883
0.69754, 0.06871
0.69901, 0.06859
0.70047, 0.06847
0.70193, 0.06835
0.70340, 0.06822
0.70486, 0.06810
0.70632, 0.06797
0.70778, 0.06785
0.70924, 0.06772
0.71070, 0.06759
0.71216, 0.06746
0.71362, 0.06732
0.71507, 0.06719
0.71653, 0.06705
0.71798, 0.06692
0.71944, 0.06678
0.72089, 0.06664
0.72234, 0.06649
0.72379, 0.06635
0.72524, 0.06620
0.72669, 0.06605
0.72814, 0.06590
0.72959, 0.06575
0.73103, 0.06560
0.73247, 0.06544
0.73391, 0.06528
0.73535, 0.06512
0.73679, 0.06496
0.73823, 0.06479
0.73967, 0.06462
0.74110, 0.06445
0.74253, 0.06428
0.74397, 0.06410
0.74539, 0.06392
0.74682, 0.06374
0.74825, 0.06356
0.74967, 0.06337
0.75109, 0.06318
0.75251, 0.06299
0.75393, 0.06279
0.75534, 0.06259
0.75675, 0.06239
0.75815, 0.06219
0.75955, 0.06199
0.76095, 0.06178
0.76235, 0.06157
0.76374, 0.06135
0.76512, 0.06114
0.76651, 0.06092
0.76789, 0.06070
0.76926, 0.06048
0.77064, 0.06025
0.77200, 0.06002
0.77337, 0.05980
0.77473, 0.05956
0.77609, 0.05933
0.77744, 0.05909
0.77879, 0.05886
0.78014, 0.05862
0.78148, 0.05838
0.78282, 0.05813
0.78416, 0.05789
0.78549, 0.05764
0.78682, 0.05739
0.78814, 0.05714
0.78947, 0.05689
0.79078, 0.05663
0.79210, 0.05637
0.79341, 0.05612
0.79471, 0.05586
0.79602, 0.05560
0.79731, 0.05533
0.79861, 0.05507
0.79990, 0.05480
0.80119, 0.05454
0.80247, 0.05427
0.80375, 0.05400
0.80503, 0.05373
0.80630, 0.05345
0.80757, 0.05318
0.80884, 0.05290
0.81010, 0.05263
0.81135, 0.05235
0.81261, 0.05207
0.81386, 0.05179
0.81511, 0.05151
0.81635, 0.05123
0.81759, 0.05094
0.81882, 0.05066
0.82005, 0.05037
0.82128, 0.05009
0.82250, 0.04980
0.82372, 0.04951
0.82494, 0.04922
0.82615, 0.04893
0.82736, 0.04864
0.82857, 0.04835
0.82977, 0.04806
0.83096, 0.04777
0.83216, 0.04747
0.83335, 0.04718
0.83453, 0.04688
0.83571, 0.04659
0.83689, 0.04629
0.83806, 0.04600
0.83923, 0.04570
0.84040, 0.04540
0.84156, 0.04510
0.84272, 0.04480
0.84387, 0.04450
0.84502, 0.04420
0.84617, 0.04391
0.84731, 0.04361
0.84845, 0.04330
0.84958, 0.04300
0.85071, 0.04270
0.85184, 0.04240
0.85296, 0.04210
0.85408, 0.04180
0.85519, 0.04150
0.85630, 0.04120
0.85741, 0.04090
0.85851, 0.04060
0.85961, 0.04030
0.86070, 0.03999
0.86179, 0.03969
0.86288, 0.03939
0.86396, 0.03909
0.86504, 0.03879
0.86611, 0.03849
0.86718, 0.03819
0.86825, 0.03789
0.86931, 0.03759
0.87036, 0.03729
0.87142, 0.03700
0.87247, 0.03670
0.87351, 0.03640
0.87456, 0.03610
0.87559, 0.03580
0.87663, 0.03551
0.87766, 0.03521
0.87868, 0.03492
0.87970, 0.03462
0.88072, 0.03433
0.88174, 0.03403
0.88274, 0.03374
0.88375, 0.03345
0.88475, 0.03315
0.88575, 0.03286
0.88674, 0.03257
0.88773, 0.03228
0.88872, 0.03199
0.88970, 0.03170
0.89068, 0.03142
0.89165, 0.03113
0.89262, 0.03084
0.89358, 0.03056
0.89454, 0.03027
0.89550, 0.02999
0.89645, 0.02970
0.89740, 0.02942
0.89835, 0.02914
0.89929, 0.02886
0.90023, 0.02858
0.90116, 0.02830
0.90209, 0.02802
0.90301, 0.02775
0.90393, 0.02747
0.90485, 0.02720
0.90576, 0.02692
0.90667, 0.02665
0.90757, 0.02638
0.90847, 0.02611
0.90937, 0.02584
0.91026, 0.02557
0.91115, 0.02530
0.91203, 0.02504
0.91291, 0.02477
0.91379, 0.02451
0.91466, 0.02425
0.91553, 0.02398
0.91639, 0.02372
0.91725, 0.02346
0.91810, 0.02321
0.91895, 0.02295
0.91980, 0.02269
0.92064, 0.02244
0.92148, 0.02218
0.92231, 0.02193
0.92314, 0.02168
0.92397, 0.02143
0.92479, 0.02118
0.92561, 0.02094
0.92642, 0.02069
0.92723, 0.02045
0.92804, 0.02020
0.92884, 0.01996
0.92963, 0.01972
0.93043, 0.01948
0.93121, 0.01924
0.93200, 0.01901
0.93278, 0.01877
0.93355, 0.01854
0.93432, 0.01830
0.93509, 0.01807
0.93585, 0.01784
0.93661, 0.01761
0.93737, 0.01739
0.93812, 0.01716
0.93886, 0.01694
0.93960, 0.01671
0.94034, 0.01649
0.94107, 0.01627
0.94180, 0.01605
0.94253, 0.01583
0.94325, 0.01562
0.94396, 0.01540
0.94468, 0.01519
0.94538, 0.01498
0.94609, 0.01477
0.94679, 0.01456
0.94748, 0.01435
0.94817, 0.01415
0.94886, 0.01394
0.94954, 0.01374
0.95022, 0.01354
0.95089, 0.01334
0.95156, 0.01314
0.95222, 0.01294
0.95288, 0.01274
0.95354, 0.01255
0.95419, 0.01236
0.95484, 0.01217
0.95548, 0.01198
0.95612, 0.01179
0.95675, 0.01160
0.95738, 0.01141
0.95800, 0.01123
0.95863, 0.01105
0.95924, 0.01087
0.95985, 0.01069
0.96046, 0.01051
0.96106, 0.01033
0.96166, 0.01016
0.96226, 0.00998
0.96285, 0.00981
0.96343, 0.00964
0.96401, 0.00947
0.96459, 0.00930
0.96516, 0.00914
0.96573, 0.00897
0.96629, 0.00881
0.96685, 0.00865
0.96740, 0.00849
0.96795, 0.00833
0.96850, 0.00817
0.96904, 0.00801
0.96958, 0.00786
0.97011, 0.00771
0.97064, 0.00755
0.97116, 0.00740
0.97168, 0.00725
0.97219, 0.00711
0.97270, 0.00696
0.97320, 0.00682
0.97370, 0.00667
0.97420, 0.00653
0.97469, 0.00639
0.97518, 0.00625
0.97566, 0.00612
0.97614, 0.00598
0.97661, 0.00585
0.97708, 0.00572
0.97754, 0.00558
0.97800, 0.00545
0.97846, 0.00533
0.97891, 0.00520
0.97935, 0.00507
0.97979, 0.00495
0.98023, 0.00483
0.98066, 0.00471
0.98109, 0.00459
0.98151, 0.00447
0.98193, 0.00435
0.98234, 0.00424
0.98275, 0.00412
0.98315, 0.00401
0.98355, 0.00390
0.98395, 0.00379
0.98434, 0.00368
0.98472, 0.00357
0.98510, 0.00347
0.98548, 0.00337
0.98585, 0.00326
0.98622, 0.00316
0.98658, 0.00306
0.98694, 0.00296
0.98729, 0.00287
0.98764, 0.00277
0.98798, 0.00268
0.98832, 0.00258
0.98865, 0.00249
0.98898, 0.00240
0.98931, 0.00231
0.98963, 0.00223
0.98994, 0.00214
0.99025, 0.00206
0.99056, 0.00197
0.99086, 0.00189
0.99115, 0.00181
0.99144, 0.00173
0.99173, 0.00165
0.99201, 0.00158
0.99229, 0.00150
0.99256, 0.00143
0.99283, 0.00136
0.99309, 0.00129
0.99335, 0.00122
0.99360, 0.00115
0.99385, 0.00108
0.99410, 0.00102
0.99434, 0.00095
0.99457, 0.00089
0.99480, 0.00083
0.99502, 0.00077
0.99524, 0.00071
0.99546, 0.00065
0.99567, 0.00059
0.99587, 0.00054
0.99608, 0.00049
0.99627, 0.00043
0.99646, 0.00038
0.99665, 0.00033
0.99683, 0.00028
0.99701, 0.00024
0.99718, 0.00019
0.99735, 0.00015
0.99751, 0.00010
0.99767, 0.00006
0.99782, 0.00002
0.99797, -0.00002
0.99811, -0.00005
0.99825, -0.00009
0.99838, -0.00013
0.99851, -0.00016
0.99863, -0.00019
0.99875, -0.00022
0.99887, -0.00025
0.99897, -0.00028
0.99908, -0.00031
0.99918, -0.00034
0.99927, -0.00036
0.99936, -0.00039
0.99945, -0.00041
0.99953, -0.00043
0.99960, -0.00045
0.99967, -0.00047
0.99974, -0.00048
0.99980, -0.00050
0.99985, -0.00052
0.99991, -0.00053
0.99995, -0.00054
0.99999, -0.00055
1.00003, -0.00056
1.00006, -0.00057
1.00009, -0.00058
1.00011, -0.00058
1.00013, -0.00059
1.00014, -0.00059
1.00019, -0.00060
1.00021, -0.00060

=== Lower Surface ===
0.00000, -0.00627
0.00008, -0.00654
0.00012, -0.00682
0.00019, -0.00709
0.00026, -0.00736
0.00034, -0.00763
0.00042, -0.00790
0.00051, -0.00816
0.00060, -0.00843
0.00070, -0.00869
0.00080, -0.00895
0.00091, -0.00921
0.00102, -0.00947
0.00113, -0.00973
0.00125, -0.00998
0.00138, -0.01024
0.00151, -0.01049
0.00165, -0.01074
0.00179, -0.01099
0.00193, -0.01124
0.00209, -0.01149
0.00224, -0.01174
0.00240, -0.01198
0.00257, -0.01222
0.00274, -0.01247
0.00291, -0.01271
0.00309, -0.01295
0.00328, -0.01318
0.00347, -0.01342
0.00366, -0.01365
0.00386, -0.01389
0.00407, -0.01412
0.00428, -0.01435
0.00449, -0.01458
0.00471, -0.01481
0.00494, -0.01503
0.00516, -0.01526
0.00540, -0.01548
0.00564, -0.01571
0.00588, -0.01593
0.00613, -0.01615
0.00638, -0.01636
0.00664, -0.01658
0.00691, -0.01679
0.00717, -0.01701
0.00745, -0.01722
0.00773, -0.01743
0.00801, -0.01764
0.00830, -0.01785
0.00859, -0.01805
0.00889, -0.01826
0.00919, -0.01846
0.00950, -0.01866
0.00981, -0.01886
0.01012, -0.01906
0.01045, -0.01926
0.01077, -0.01945
0.01111, -0.01965
0.01144, -0.01984
0.01178, -0.02003
0.01213, -0.02022
0.01248, -0.02041
0.01284, -0.02060
0.01320, -0.02078
0.01356, -0.02096
0.01393, -0.02115
0.01431, -0.02133
0.01469, -0.02151
0.01507, -0.02168
0.01546, -0.02186
0.01585, -0.02203
0.01625, -0.02221
0.01666, -0.02238
0.01707, -0.02255
0.01748, -0.02272
0.01790, -0.02288
0.01832, -0.02305
0.01875, -0.02321
0.01918, -0.02337
0.01962, -0.02353
0.02006, -0.02369
0.02050, -0.02385
0.02095, -0.02401
0.02141, -0.02416
0.02187, -0.02431
0.02234, -0.02447
0.02281, -0.02462
0.02328, -0.02476
0.02376, -0.02491
0.02424, -0.02506
0.02473, -0.02520
0.02522, -0.02534
0.02572, -0.02548
0.02622, -0.02562
0.02673, -0.02576
0.02724, -0.02589
0.02776, -0.02603
0.02828, -0.02616
0.02880, -0.02629
0.02933, -0.02642
0.02987, -0.02655
0.03041, -0.02667
0.03095, -0.02680
0.03150, -0.02692
0.03205, -0.02704
0.03260, -0.02716
0.03317, -0.02728
0.03373, -0.02740
0.03430, -0.02751
0.03487, -0.02763
0.03545, -0.02774
0.03604, -0.02785
0.03662, -0.02796
0.03722, -0.02807
0.03781, -0.02818
0.03841, -0.02828
0.03902, -0.02838
0.03963, -0.02848
0.04024, -0.02858
0.04086, -0.02868
0.04148, -0.02878
0.04211, -0.02888
0.04274, -0.02897
0.04337, -0.02906
0.04401, -0.02915
0.04465, -0.02924
0.04530, -0.02933
0.04595, -0.02942
0.04661, -0.02950
0.04727, -0.02959
0.04793, -0.02967
0.04860, -0.02975
0.04927, -0.02983
0.04995, -0.02991
0.05063, -0.02998
0.05131, -0.03006
0.05200, -0.03013
0.05269, -0.03020
0.05339, -0.03027
0.05408, -0.03034
0.05479, -0.03041
0.05550, -0.03048
0.05621, -0.03054
0.05692, -0.03061
0.05764, -0.03067
0.05837, -0.03073
0.05909, -0.03079
0.05982, -0.03085
0.06056, -0.03091
0.06130, -0.03096
0.06204, -0.03102
0.06279, -0.03107
0.06353, -0.03112
0.06429, -0.03118
0.06504, -0.03123
0.06581, -0.03127
0.06657, -0.03132
0.06734, -0.03137
0.06811, -0.03141
0.06888, -0.03146
0.06966, -0.03150
0.07044, -0.03154
0.07123, -0.03158
0.07202, -0.03162
0.07281, -0.03166
0.07361, -0.03170
0.07440, -0.03173
0.07521, -0.03177
0.07601, -0.03180
0.07682, -0.03183
0.07763, -0.03187
0.07845, -0.03190
0.07927, -0.03193
0.08009, -0.03196
0.08092, -0.03198
0.08175, -0.03201
0.08258, -0.03204
0.08341, -0.03206
0.08425, -0.03209
0.08509, -0.03211
0.08593, -0.03214
0.08678, -0.03216
0.08763, -0.03218
0.08849, -0.03220
0.08934, -0.03222
0.09020, -0.03224
0.09106, -0.03226
0.09193, -0.03228
0.09279, -0.03230
0.09367, -0.03231
0.09454, -0.03233
0.09541, -0.03234
0.09629, -0.03236
0.09717, -0.03237
0.09806, -0.03239
0.09895, -0.03240
0.09984, -0.03242
0.10073, -0.03243
0.10162, -0.03244
0.10252, -0.03246
0.10342, -0.03247
0.10432, -0.03248
0.10523, -0.03249
0.10613, -0.03250
0.10704, -0.03251
0.10796, -0.03252
0.10887, -0.03254
0.10979, -0.03255
0.11071, -0.03256
0.11163, -0.03257
0.11255, -0.03258
0.11348, -0.03259
0.11440, -0.03260
0.11533, -0.03261
0.11627, -0.03262
0.11720, -0.03263
0.11814, -0.03264
0.11908, -0.03265
0.12002, -0.03266
0.12096, -0.03268
0.12190, -0.03269
0.12285, -0.03270
0.12380, -0.03271
0.12475, -0.03273
0.12570, -0.03274
0.12666, -0.03275
0.12761, -0.03277
0.12857, -0.03278
0.12953, -0.03280
0.13049, -0.03281
0.13145, -0.03283
0.13242, -0.03285
0.13338, -0.03287
0.13435, -0.03288
0.13532, -0.03290
0.13629, -0.03292
0.13726, -0.03294
0.13823, -0.03297
0.13921, -0.03299
0.14019, -0.03301
0.14117, -0.03304
0.14216, -0.03306
0.14316, -0.03309
0.14416, -0.03311
0.14516, -0.03314
0.14617, -0.03316
0.14718, -0.03319
0.14820, -0.03322
0.14923, -0.03325
0.15026, -0.03327
0.15129, -0.03330
0.15233, -0.03333
0.15338, -0.03336
0.15443, -0.03339
0.15548, -0.03341
0.15655, -0.03344
0.15761, -0.03347
0.15869, -0.03350
0.15976, -0.03353
0.16085, -0.03356
0.16194, -0.03359
0.16303, -0.03362
0.16413, -0.03364
0.16524, -0.03367
0.16635, -0.03370
0.16747, -0.03373
0.16859, -0.03376
0.16972, -0.03378
0.17086, -0.03381
0.17200, -0.03383
0.17315, -0.03386
0.17430, -0.03388
0.17546, -0.03391
0.17663, -0.03393
0.17780, -0.03395
0.17898, -0.03398
0.18016, -0.03400
0.18135, -0.03402
0.18255, -0.03403
0.18375, -0.03405
0.18496, -0.03407
0.18617, -0.03408
0.18740, -0.03410
0.18862, -0.03411
0.18986, -0.03412
0.19110, -0.03413
0.19235, -0.03414
0.19360, -0.03414
0.19486, -0.03415
0.19613, -0.03415
0.19740, -0.03415
0.19868, -0.03415
0.19997, -0.03414
0.20126, -0.03414
0.20256, -0.03413
0.20386, -0.03412
0.20517, -0.03411
0.20648, -0.03409
0.20779, -0.03407
0.20911, -0.03405
0.21042, -0.03403
0.21174, -0.03401
0.21306, -0.03398
0.21438, -0.03396
0.21570, -0.03393
0.21702, -0.03390
0.21834, -0.03387
0.21966, -0.03383
0.22099, -0.03380
0.22231, -0.03376
0.22364, -0.03372
0.22497, -0.03368
0.22629, -0.03364
0.22762, -0.03359
0.22895, -0.03355
0.23028, -0.03350
0.23161, -0.03345
0.23295, -0.03340
0.23428, -0.03335
0.23561, -0.03330
0.23695, -0.03325
0.23828, -0.03319
0.23962, -0.03314
0.24096, -0.03308
0.24229, -0.03303
0.24363, -0.03297
0.24497, -0.03291
0.24631, -0.03285
0.24765, -0.03279
0.24899, -0.03273
0.25033, -0.03266
0.25167, -0.03260
0.25301, -0.03254
0.25435, -0.03248
0.25569, -0.03241
0.25703, -0.03235
0.25837, -0.03228
0.25971, -0.03222
0.26106, -0.03215
0.26240, -0.03208
0.26374, -0.03202
0.26508, -0.03195
0.26643, -0.03189
0.26777, -0.03182
0.26911, -0.03175
0.27045, -0.03169
0.27180, -0.03162
0.27315, -0.03156
0.27449, -0.03149
0.27584, -0.03142
0.27720, -0.03136
0.27855, -0.03129
0.27991, -0.03122
0.28127, -0.03116
0.28263, -0.03109
0.28400, -0.03103
0.28536, -0.03096
0.28673, -0.03089
0.28811, -0.03083
0.28948, -0.03076
0.29086, -0.03069
0.29223, -0.03063
0.29361, -0.03056
0.29500, -0.03050
0.29638, -0.03043
0.29777, -0.03036
0.29916, -0.03030
0.30055, -0.03023
0.30194, -0.03016
0.30334, -0.03010
0.30474, -0.03003
0.30614, -0.02997
0.30754, -0.02990
0.30894, -0.02983
0.31035, -0.02977
0.31176, -0.02970
0.31317, -0.02963
0.31458, -0.02957
0.31600, -0.02950
0.31741, -0.02944
0.31883, -0.02937
0.32025, -0.02930
0.32168, -0.02924
0.32310, -0.02917
0.32453, -0.02911
0.32596, -0.02904
0.32739, -0.02897
0.32882, -0.02891
0.33026, -0.02884
0.33169, -0.02878
0.33313, -0.02871
0.33457, -0.02864
0.33602, -0.02858
0.33746, -0.02851
0.33891, -0.02845
0.34036, -0.02838
0.34181, -0.02831
0.34326, -0.02825
0.34471, -0.02818
0.34617, -0.02811
0.34763, -0.02805
0.34909, -0.02798
0.35055, -0.02792
0.35201, -0.02785
0.35347, -0.02778
0.35494, -0.02772
0.35641, -0.02765
0.35788, -0.02759
0.35935, -0.02752
0.36082, -0.02745
0.36230, -0.02739
0.36378, -0.02732
0.36526, -0.02725
0.36674, -0.02719
0.36822, -0.02712
0.36970, -0.02705
0.37119, -0.02699
0.37267, -0.02692
0.37416, -0.02686
0.37565, -0.02679
0.37714, -0.02672
0.37863, -0.02666
0.38013, -0.02659
0.38163, -0.02652
0.38312, -0.02645
0.38462, -0.02639
0.38612, -0.02632
0.38762, -0.02625
0.38913, -0.02619
0.39063, -0.02612
0.39214, -0.02605
0.39365, -0.02598
0.39516, -0.02592
0.39667, -0.02585
0.39818, -0.02578
0.39969, -0.02571
0.40121, -0.02565
0.40272, -0.02558
0.40424, -0.02551
0.40576, -0.02544
0.40728, -0.02537
0.40880, -0.02530
0.41032, -0.02524
0.41184, -0.02517
0.41337, -0.02510
0.41490, -0.02503
0.41642, -0.02496
0.41795, -0.02489
0.41948, -0.02482
0.42101, -0.02475
0.42254, -0.02468
0.42408, -0.02461
0.42561, -0.02454
0.42715, -0.02447
0.42868, -0.02440
0.43022, -0.02433
0.43176, -0.02426
0.43330, -0.02419
0.43484, -0.02412
0.43638, -0.02405
0.43792, -0.02398
0.43947, -0.02390
0.44101, -0.02383
0.44256, -0.02376
0.44410, -0.02369
0.44565, -0.02362
0.44720, -0.02354
0.44875, -0.02347
0.45030, -0.02340
0.45185, -0.02332
0.45340, -0.02325
0.45495, -0.02318
0.45650, -0.02310
0.45806, -0.02303
0.45961, -0.02295
0.46117, -0.02288
0.46273, -0.02280
0.46428, -0.02273
0.46584, -0.02265
0.46740, -0.02257
0.46896, -0.02250
0.47052, -0.02242
0.47208, -0.02234
0.47364, -0.02227
0.47520, -0.02219
0.47676, -0.02211
0.47832, -0.02203
0.47989, -0.02195
0.48145, -0.02188
0.48302, -0.02180
0.48458, -0.02172
0.48615, -0.02164
0.48771, -0.02156
0.48928, -0.02148
0.49085, -0.02139
0.49241, -0.02131
0.49398, -0.02123
0.49555, -0.02115
0.49712, -0.02107
0.49868, -0.02098
0.50025, -0.02090
0.50182, -0.02081
0.50339, -0.02073
0.50496, -0.02065
0.50653, -0.02056
0.50810, -0.02048
0.50967, -0.02039
0.51124, -0.02030
0.51282, -0.02022
0.51439, -0.02013
0.51596, -0.02004
0.51753, -0.01995
0.51910, -0.01986
0.52067, -0.01977
0.52225, -0.01968
0.52382, -0.01959
0.52539, -0.01950
0.52696, -0.01941
0.52853, -0.01932
0.53011, -0.01923
0.53168, -0.01913
0.53325, -0.01904
0.53482, -0.01895
0.53639, -0.01885
0.53797, -0.01876
0.53954, -0.01866
0.54111, -0.01857
0.54268, -0.01847
0.54425, -0.01837
0.54582, -0.01828
0.54739, -0.01818
0.54896, -0.01808
0.55054, -0.01798
0.55211, -0.01788
0.55368, -0.01778
0.55525, -0.01768
0.55682, -0.01758
0.55838, -0.01747
0.55995, -0.01737
0.56152, -0.01727
0.56309, -0.01716
0.56466, -0.01706
0.56622, -0.01695
0.56779, -0.01684
0.56936, -0.01674
0.57092, -0.01663
0.57249, -0.01652
0.57405, -0.01641
0.57562, -0.01630
0.57718, -0.01619
0.57875, -0.01608
0.58031, -0.01597
0.58187, -0.01586
0.58343, -0.01575
0.58499, -0.01563
0.58656, -0.01552
0.58811, -0.01540
0.58967, -0.01529
0.59123, -0.01517
0.59279, -0.01505
0.59435, -0.01493
0.59590, -0.01482
0.59746, -0.01470
0.59901, -0.01458
0.60057, -0.01445
0.60212, -0.01433
0.60367, -0.01421
0.60522, -0.01409
0.60677, -0.01396
0.60832, -0.01384
0.60987, -0.01371
0.61142, -0.01359
0.61297, -0.01346
0.61451, -0.01333
0.61606, -0.01320
0.61760, -0.01307
0.61914, -0.01294
0.62069, -0.01281
0.62223, -0.01268
0.62377, -0.01255
0.62530, -0.01241
0.62684, -0.01228
0.62838, -0.01214
0.62991, -0.01201
0.63145, -0.01187
0.63298, -0.01173
0.63451, -0.01159
0.63604, -0.01145
0.63757, -0.01131
0.63910, -0.01117
0.64063, -0.01103
0.64215, -0.01089
0.64368, -0.01074
0.64520, -0.01060
0.64672, -0.01045
0.64824, -0.01031
0.64976, -0.01016
0.65128, -0.01001
0.65279, -0.00986
0.65431, -0.00971
0.65582, -0.00956
0.65733, -0.00941
0.65884, -0.00926
0.66035, -0.00911
0.66185, -0.00895
0.66336, -0.00880
0.66486, -0.00864
0.66637, -0.00848
0.66787, -0.00833
0.66936, -0.00817
0.67085, -0.00801
0.67234, -0.00785
0.67383, -0.00769
0.67531, -0.00753
0.67679, -0.00737
0.67827, -0.00720
0.67974, -0.00704
0.68120, -0.00688
0.68267, -0.00672
0.68413, -0.00655
0.68559, -0.00639
0.68704, -0.00623
0.68849, -0.00607
0.68993, -0.00590
0.69138, -0.00574
0.69282, -0.00558
0.69425, -0.00542
0.69568, -0.00526
0.69711, -0.00510
0.69854, -0.00494
0.69996, -0.00478
0.70138, -0.00462
0.70279, -0.00446
0.70420, -0.00431
0.70561, -0.00415
0.70701, -0.00400
0.70841, -0.00384
0.70981, -0.00369
0.71120, -0.00354
0.71260, -0.00339
0.71398, -0.00324
0.71537, -0.00309
0.71675, -0.00295
0.71812, -0.00280
0.71950, -0.00266
0.72087, -0.00252
0.72224, -0.00238
0.72360, -0.00224
0.72496, -0.00210
0.72632, -0.00197
0.72767, -0.00183
0.72902, -0.00170
0.73037, -0.00157
0.73171, -0.00145
0.73306, -0.00132
0.73439, -0.00120
0.73573, -0.00108
0.73706, -0.00096
0.73839, -0.00084
0.73972, -0.00073
0.74104, -0.00061
0.74236, -0.00050
0.74367, -0.00040
0.74499, -0.00029
0.74630, -0.00019
0.74760, -0.00009
0.74891, 0.00001
0.75021, 0.00011
0.75151, 0.00020
0.75281, 0.00029
0.75411, 0.00038
0.75540, 0.00046
0.75670, 0.00055
0.75799, 0.00063
0.75928, 0.00070
0.76057, 0.00078
0.76186, 0.00085
0.76314, 0.00092
0.76443, 0.00099
0.76571, 0.00106
0.76700, 0.00112
0.76828, 0.00118
0.76955, 0.00124
0.77083, 0.00130
0.77211, 0.00136
0.77338, 0.00141
0.77465, 0.00146
0.77592, 0.00151
0.77719, 0.00155
0.77845, 0.00160
0.77972, 0.00164
0.78098, 0.00168
0.78224, 0.00172
0.78350, 0.00176
0.78475, 0.00179
0.78601, 0.00182
0.78726, 0.00185
0.78851, 0.00188
0.78976, 0.00191
0.79101, 0.00194
0.79225, 0.00196
0.79349, 0.00198
0.79473, 0.00200
0.79597, 0.00202
0.79721, 0.00203
0.79844, 0.00205
0.79967, 0.00206
0.80090, 0.00207
0.80213, 0.00208
0.80335, 0.00209
0.80457, 0.00210
0.80579, 0.00210
0.80701, 0.00211
0.80822, 0.00211
0.80944, 0.00211
0.81065, 0.00211
0.81186, 0.00211
0.81306, 0.00210
0.81426, 0.00210
0.81547, 0.00209
0.81666, 0.00208
0.81786, 0.00208
0.81905, 0.00207
0.82024, 0.00205
0.82143, 0.00204
0.82261, 0.00203
0.82380, 0.00201
0.82498, 0.00199
0.82615, 0.00198
0.82733, 0.00196
0.82850, 0.00194
0.82967, 0.00192
0.83084, 0.00190
0.83200, 0.00187
0.83316, 0.00185
0.83432, 0.00182
0.83548, 0.00180
0.83663, 0.00177
0.83778, 0.00174
0.83893, 0.00171
0.84007, 0.00168
0.84121, 0.00165
0.84235, 0.00162
0.84349, 0.00159
0.84462, 0.00155
0.84576, 0.00152
0.84688, 0.00148
0.84801, 0.00145
0.84913, 0.00141
0.85025, 0.00138
0.85137, 0.00134
0.85248, 0.00130
0.85359, 0.00126
0.85470, 0.00122
0.85580, 0.00118
0.85690, 0.00114
0.85800, 0.00110
0.85909, 0.00106
0.86018, 0.00102
0.86127, 0.00098
0.86236, 0.00094
0.86344, 0.00089
0.86452, 0.00085
0.86559, 0.00081
0.86667, 0.00076
0.86773, 0.00072
0.86880, 0.00067
0.86986, 0.00063
0.87092, 0.00058
0.87198, 0.00054
0.87303, 0.00049
0.87408, 0.00045
0.87512, 0.00040
0.87616, 0.00036
0.87720, 0.00031
0.87824, 0.00027
0.87927, 0.00022
0.88030, 0.00017
0.88132, 0.00013
0.88234, 0.00008
0.88336, 0.00004
0.88437, -0.00001
0.88538, -0.00006
0.88639, -0.00010
0.88739, -0.00015
0.88839, -0.00020
0.88938, -0.00024
0.89037, -0.00029
0.89136, -0.00033
0.89235, -0.00038
0.89333, -0.00042
0.89430, -0.00047
0.89528, -0.00051
0.89624, -0.00056
0.89721, -0.00060
0.89817, -0.00065
0.89913, -0.00069
0.90008, -0.00074
0.90103, -0.00078
0.90198, -0.00083
0.90292, -0.00087
0.90386, -0.00091
0.90479, -0.00096
0.90572, -0.00100
0.90665, -0.00104
0.90757, -0.00108
0.90849, -0.00113
0.90940, -0.00117
0.91031, -0.00121
0.91122, -0.00125
0.91212, -0.00129
0.91302, -0.00133
0.91391, -0.00137
0.91480, -0.00141
0.91569, -0.00145
0.91657, -0.00149
0.91745, -0.00153
0.91832, -0.00157
0.91919, -0.00160
0.92005, -0.00164
0.92092, -0.00168
0.92177, -0.00171
0.92262, -0.00175
0.92347, -0.00179
0.92432, -0.00182
0.92516, -0.00186
0.92599, -0.00189
0.92682, -0.00192
0.92765, -0.00196
0.92847, -0.00199
0.92929, -0.00202
0.93010, -0.00206
0.93091, -0.00209
0.93172, -0.00212
0.93252, -0.00215
0.93332, -0.00218
0.93411, -0.00221
0.93490, -0.00224
0.93568, -0.00227
0.93646, -0.00230
0.93723, -0.00233
0.93800, -0.00235
0.93877, -0.00238
0.93953, -0.00241
0.94029, -0.00243
0.94104, -0.00246
0.94179, -0.00249
0.94253, -0.00251
0.94327, -0.00254
0.94401, -0.00256
0.94474, -0.00258
0.94546, -0.00261
0.94618, -0.00263
0.94690, -0.00265
0.94761, -0.00267
0.94832, -0.00269
0.94902, -0.00272
0.94972, -0.00274
0.95041, -0.00276
0.95110, -0.00278
0.95179, -0.00279
0.95247, -0.00281
0.95314, -0.00283
0.95381, -0.00285
0.95448, -0.00287
0.95514, -0.00288
0.95580, -0.00290
0.95645, -0.00292
0.95710, -0.00293
0.95774, -0.00295
0.95838, -0.00296
0.95901, -0.00297
0.95964, -0.00299
0.96026, -0.00300
0.96088, -0.00302
0.96150, -0.00303
0.96211, -0.00304
0.96271, -0.00305
0.96331, -0.00306
0.96391, -0.00307
0.96450, -0.00309
0.96509, -0.00310
0.96567, -0.00311
0.96624, -0.00312
0.96682, -0.00312
0.96738, -0.00313
0.96795, -0.00314
0.96850, -0.00315
0.96906, -0.00316
0.96960, -0.00317
0.97015, -0.00317
0.97069, -0.00318
0.97122, -0.00319
0.97175, -0.00319
0.97227, -0.00320
0.97279, -0.00320
0.97331, -0.00321
0.97382, -0.00321
0.97432, -0.00322
0.97482, -0.00322
0.97532, -0.00323
0.97581, -0.00323
0.97629, -0.00323
0.97677, -0.00324
0.97725, -0.00324
0.97772, -0.00324
0.97819, -0.00325
0.97865, -0.00325
0.97910, -0.00325
0.97955, -0.00325
0.98000, -0.00325
0.98044, -0.00325
0.98088, -0.00326
0.98131, -0.00326
0.98174, -0.00326
0.98216, -0.00326
0.98258, -0.00326
0.98299, -0.00326
0.98340, -0.00326
0.98380, -0.00326
0.98420, -0.00326
0.98459, -0.00326
0.98498, -0.00326
0.98536, -0.00325
0.98574, -0.00325
0.98611, -0.00325
0.98648, -0.00325
0.98684, -0.00325
0.98720, -0.00325
0.98755, -0.00325
0.98790, -0.00324
0.98824, -0.00324
0.98858, -0.00324
0.98891, -0.00324
0.98924, -0.00324
0.98956, -0.00323
0.98988, -0.00323
0.99020, -0.00323
0.99050, -0.00323
0.99081, -0.00322
0.99111, -0.00322
0.99140, -0.00322
0.99169, -0.00322
0.99197, -0.00321
0.99225, -0.00321
0.99252, -0.00321
0.99279, -0.00320
0.99306, -0.00320
0.99331, -0.00320
0.99357, -0.00320
0.99382, -0.00319
0.99406, -0.00319
0.99430, -0.00319
0.99453, -0.00318
0.99476, -0.00318
0.99498, -0.00318
0.99520, -0.00317
0.99542, -0.00317
0.99562, -0.00317
0.99583, -0.00316
0.99603, -0.00316
0.99622, -0.00316
0.99641, -0.00316
0.99659, -0.00315
0.99677, -0.00315
0.99694, -0.00315
0.99711, -0.00314
0.99728, -0.00314
0.99743, -0.00314
0.99759, -0.00314
0.99774, -0.00313
0.99788, -0.00313
0.99802, -0.00313
0.99815, -0.00313
0.99828, -0.00312
0.99840, -0.00312
0.99852, -0.00312
0.99863, -0.00312
0.99874, -0.00312
0.99884, -0.00311
0.99894, -0.00311
0.99904, -0.00311
0.99912, -0.00311
0.99921, -0.00311
0.99929, -0.00311
0.99936, -0.00310
0.99943, -0.00310
0.99949, -0.00310
0.99955, -0.00310
0.99960, -0.00310
0.99965, -0.00310
0.99969, -0.00310
0.99973, -0.00310
0.99976, -0.00310
0.99979, -0.00310
0.99981, -0.00310
0.99983, -0.00310
0.99984, -0.00309
0.99980, -0.00309
0.99979, -0.00309
