=== Airfoil Parameters ===
m = 0.02
p = 0.4
t = 0.12

=== Control Points ===
0.00000, 0.00935, 0.00935
0.06667, 0.01287, 0.00676
0.13333, 0.01660, 0.00549
0.20000, 0.02047, 0.00547
0.26667, 0.02053, 0.00275
0.66667, 0.01196, -0.00409
0.75000, 0.00224, -0.01095
0.83333, -0.00081, -0.01037
0.91667, 0.00626, 0.00109
1.00000, 0.01427, 0.01427

=== Upper Surface ===
0.00000, 0.00935
-0.00002, 0.00963
-0.00002, 0.00991
-0.00003, 0.01019
-0.00003, 0.01047
-0.00002, 0.01075
-0.00001, 0.01103
0.00001, 0.01130
0.00003, 0.01158
0.00005, 0.01186
0.00008, 0.01214
0.00012, 0.01242
0.00016, 0.01270
0.00021, 0.01298
0.00026, 0.01326
0.00031, 0.01353
0.00037, 0.01381
0.00044, 0.01409
0.00051, 0.01437
0.00058, 0.01465
0.00066, 0.01492
0.00075, 0.01520
0.00084, 0.01548
0.00094, 0.01576
0.00104, 0.01604
0.00114, 0.01631
0.00125, 0.01659
0.00137, 0.01687
0.00149, 0.01714
0.00161, 0.01742
0.00174, 0.01770
0.00188, 0.01797
0.00202, 0.01825
0.00216, 0.01853
0.00231, 0.01880
0.00247, 0.01908
0.00263, 0.01936
0.00279, 0.01963
0.00296, 0.01991
0.00314, 0.02018
0.00332, 0.02046
0.00350, 0.02073
0.00369, 0.02101
0.00389, 0.02128
0.00409, 0.02156
0.00429, 0.02183
0.00450, 0.02211
0.00472, 0.02238
0.00494, 0.02266
0.00516, 0.02293
0.00539, 0.02320
0.00563, 0.02348
0.00587, 0.02375
0.00611, 0.02402
0.00636, 0.02430
0.00662, 0.02457
0.00688, 0.02484
0.00714, 0.02511
0.00741, 0.02539
0.00768, 0.02566
0.00796, 0.02593
0.00825, 0.02620
0.00854, 0.02647
0.00883, 0.02675
0.00913, 0.02702
0.00943, 0.02729
0.00974, 0.02756
0.01006, 0.02783
0.01038, 0.02810
0.01070, 0.02837
0.01103, 0.02864
0.01136, 0.02891
0.01170, 0.02918
0.01204, 0.02945
0.01239, 0.02972
0.01274, 0.02998
0.01310, 0.03025
0.01346, 0.03052
0.01383, 0.03079
0.01420, 0.03105
0.01458, 0.03132
0.01496, 0.03159
0.01535, 0.03186
0.01574, 0.03212
0.01614, 0.03239
0.01654, 0.03265
0.01695, 0.03292
0.01736, 0.03318
0.01777, 0.03345
0.01820, 0.03371
0.01862, 0.03398
0.01905, 0.03424
0.01949, 0.03450
0.01993, 0.03477
0.02037, 0.03503
0.02082, 0.03529
0.02128, 0.03556
0.02174, 0.03582
0.02220, 0.03608
0.02267, 0.03634
0.02314, 0.03660
0.02362, 0.03686
0.02410, 0.03712
0.02459, 0.03738
0.02509, 0.03764
0.02558, 0.03790
0.02609, 0.03816
0.02659, 0.03842
0.02710, 0.03867
0.02762, 0.03893
0.02814, 0.03919
0.02867, 0.03945
0.02920, 0.03970
0.02973, 0.03996
0.03027, 0.04021
0.03082, 0.04047
0.03137, 0.04072
0.03192, 0.04098
0.03248, 0.04123
0.03304, 0.04149
0.03361, 0.04174
0.03418, 0.04199
0.03476, 0.04224
0.03534, 0.04250
0.03593, 0.04275
0.03652, 0.04300
0.03711, 0.04325
0.03771, 0.04350
0.03832, 0.04375
0.03892, 0.04400
0.03954, 0.04424
0.04016, 0.04449
0.04078, 0.04474
0.04141, 0.04499
0.04204, 0.04523
0.04267, 0.04548
0.04331, 0.04573
0.04396, 0.04597
0.04461, 0.04622
0.04526, 0.04646
0.04592, 0.04670
0.04659, 0.04695
0.04725, 0.04719
0.04792, 0.04743
0.04860, 0.04768
0.04928, 0.04792
0.04997, 0.04816
0.05066, 0.04840
0.05135, 0.04864
0.05205, 0.04888
0.05275, 0.04912
0.05346, 0.04935
0.05417, 0.04959
0.05488, 0.04983
0.05560, 0.05007
0.05633, 0.05030
0.05706, 0.05054
0.05779, 0.05077
0.05853, 0.05101
0.05927, 0.05124
0.06001, 0.05148
0.06076, 0.05171
0.06152, 0.05194
0.06228, 0.05217
0.06304, 0.05241
0.06381, 0.05264
0.06458, 0.05287
0.06535, 0.05310
0.06613, 0.05333
0.06691, 0.05356
0.06770, 0.05378
0.06849, 0.05401
0.06929, 0.05424
0.07009, 0.05447
0.07089, 0.05469
0.07170, 0.05492
0.07251, 0.05514
0.07333, 0.05537
0.07415, 0.05559
0.07497, 0.05582
0.07580, 0.05604
0.07663, 0.05626
0.07747, 0.05648
0.07831, 0.05671
0.07915, 0.05693
0.08000, 0.05715
0.08085, 0.05737
0.08171, 0.05759
0.08257, 0.05781
0.08343, 0.05802
0.08430, 0.05824
0.08517, 0.05846
0.08605, 0.05868
0.08693, 0.05889
0.08781, 0.05911
0.08870, 0.05932
0.08959, 0.05954
0.09048, 0.05975
0.09138, 0.05997
0.09228, 0.06018
0.09319, 0.06039
0.09410, 0.06060
0.09501, 0.06082
0.09593, 0.06103
0.09685, 0.06124
0.09778, 0.06145
0.09870, 0.06166
0.09963, 0.06187
0.10057, 0.06208
0.10151, 0.06228
0.10245, 0.06249
0.10340, 0.06270
0.10435, 0.06291
0.10530, 0.06311
0.10626, 0.06332
0.10722, 0.06353
0.10818, 0.06373
0.10915, 0.06394
0.11012, 0.06414
0.11110, 0.06434
0.11207, 0.06455
0.11305, 0.06475
0.11404, 0.06495
0.11503, 0.06516
0.11602, 0.06536
0.11701, 0.06556
0.11801, 0.06576
0.11902, 0.06596
0.12002, 0.06616
0.12103, 0.06636
0.12204, 0.06656
0.12306, 0.06676
0.12407, 0.06696
0.12510, 0.06716
0.12612, 0.06736
0.12715, 0.06756
0.12818, 0.06775
0.12922, 0.06795
0.13025, 0.06815
0.13130, 0.06834
0.13235, 0.06854
0.13340, 0.06874
0.13446, 0.06893
0.13552, 0.06913
0.13659, 0.06933
0.13766, 0.06952
0.13874, 0.06972
0.13983, 0.06991
0.14092, 0.07010
0.14201, 0.07030
0.14311, 0.07049
0.14422, 0.07068
0.14533, 0.07087
0.14645, 0.07107
0.14757, 0.07126
0.14870, 0.07145
0.14983, 0.07163
0.15097, 0.07182
0.15211, 0.07201
0.15326, 0.07220
0.15442, 0.07238
0.15558, 0.07257
0.15674, 0.07275
0.15791, 0.07293
0.15909, 0.07311
0.16028, 0.07329
0.16146, 0.07347
0.16266, 0.07365
0.16386, 0.07382
0.16506, 0.07400
0.16628, 0.07417
0.16749, 0.07434
0.16872, 0.07451
0.16994, 0.07468
0.17118, 0.07485
0.17242, 0.07501
0.17366, 0.07517
0.17492, 0.07534
0.17617, 0.07550
0.17744, 0.07565
0.17871, 0.07581
0.17998, 0.07596
0.18126, 0.07611
0.18255, 0.07626
0.18384, 0.07640
0.18514, 0.07655
0.18645, 0.07669
0.18776, 0.07683
0.18907, 0.07696
0.19040, 0.07710
0.19172, 0.07723
0.19306, 0.07735
0.19440, 0.07748
0.19575, 0.07760
0.19710, 0.07772
0.19846, 0.07783
0.19982, 0.07794
0.20118, 0.07805
0.20254, 0.07815
0.20391, 0.07825
0.20527, 0.07835
0.20664, 0.07845
0.20801, 0.07854
0.20937, 0.07863
0.21074, 0.07871
0.21211, 0.07879
0.21348, 0.07887
0.21485, 0.07895
0.21623, 0.07902
0.21760, 0.07909
0.21897, 0.07916
0.22034, 0.07923
0.22172, 0.07929
0.22309, 0.07935
0.22447, 0.07941
0.22584, 0.07946
0.22721, 0.07951
0.22859, 0.07957
0.22996, 0.07961
0.23134, 0.07966
0.23271, 0.07970
0.23409, 0.07974
0.23546, 0.07978
0.23684, 0.07982
0.23822, 0.07986
0.23959, 0.07989
0.24097, 0.07992
0.24234, 0.07995
0.24371, 0.07998
0.24509, 0.08001
0.24646, 0.08003
0.24784, 0.08006
0.24921, 0.08008
0.25058, 0.08010
0.25195, 0.08012
0.25333, 0.08014
0.25470, 0.08016
0.25607, 0.08018
0.25744, 0.08019
0.25881, 0.08021
0.26018, 0.08022
0.26155, 0.08024
0.26291, 0.08025
0.26428, 0.08026
0.26565, 0.08027
0.26701, 0.08029
0.26838, 0.08030
0.26975, 0.08031
0.27112, 0.08032
0.27249, 0.08033
0.27387, 0.08034
0.27525, 0.08034
0.27663, 0.08035
0.27801, 0.08036
0.27940, 0.08037
0.28079, 0.08038
0.28218, 0.08038
0.28357, 0.08039
0.28497, 0.08039
0.28637, 0.08040
0.28777, 0.08041
0.28917, 0.08041
0.29057, 0.08041
0.29198, 0.08042
0.29339, 0.08042
0.29481, 0.08042
0.29622, 0.08043
0.29764, 0.08043
0.29906, 0.08043
0.30048, 0.08043
0.30190, 0.08043
0.30333, 0.08043
0.30476, 0.08043
0.30619, 0.08043
0.30762, 0.08042
0.30906, 0.08042
0.31050, 0.08042
0.31194, 0.08042
0.31338, 0.08041
0.31482, 0.08041
0.31627, 0.08040
0.31772, 0.08040
0.31917, 0.08039
0.32062, 0.08038
0.32208, 0.08038
0.32353, 0.08037
0.32499, 0.08036
0.32646, 0.08035
0.32792, 0.08034
0.32938, 0.08033
0.33085, 0.08032
0.33232, 0.08031
0.33379, 0.08030
0.33527, 0.08029
0.33674, 0.08027
0.33822, 0.08026
0.33970, 0.08025
0.34118, 0.08023
0.34267, 0.08022
0.34415, 0.08020
0.34564, 0.08018
0.34713, 0.08017
0.34862, 0.08015
0.35011, 0.08013
0.35161, 0.08011
0.35310, 0.08009
0.35460, 0.08007
0.35610, 0.08005
0.35761, 0.08002
0.35911, 0.08000
0.36062, 0.07998
0.36212, 0.07995
0.36363, 0.07993
0.36514, 0.07990
0.36666, 0.07987
0.36817, 0.07985
0.36969, 0.07982
0.37121, 0.07979
0.37273, 0.07976
0.37425, 0.07973
0.37577, 0.07970
0.37730, 0.07967
0.37882, 0.07963
0.38035, 0.07960
0.38188, 0.07957
0.38341, 0.07953
0.38494, 0.07949
0.38648, 0.07946
0.38801, 0.07942
0.38955, 0.07938
0.39109, 0.07934
0.39263, 0.07930
0.39417, 0.07926
0.39571, 0.07922
0.39725, 0.07917
0.39880, 0.07913
0.40035, 0.07909
0.40190, 0.07904
0.40344, 0.07899
0.40500, 0.07895
0.40655, 0.07890
0.40810, 0.07885
0.40966, 0.07880
0.41121, 0.07875
0.41277, 0.07869
0.41433, 0.07864
0.41589, 0.07859
0.41745, 0.07853
0.41901, 0.07848
0.42058, 0.07842
0.42214, 0.07836
0.42371, 0.07830
0.42527, 0.07824
0.42684, 0.07818
0.42841, 0.07812
0.42998, 0.07805
0.43155, 0.07799
0.43312, 0.07792
0.43470, 0.07786
0.43627, 0.07779
0.43785, 0.07772
0.43942, 0.07765
0.44100, 0.07758
0.44258, 0.07751
0.44416, 0.07743
0.44574, 0.07736
0.44732, 0.07728
0.44890, 0.07721
0.45048, 0.07713
0.45207, 0.07705
0.45365, 0.07697
0.45524, 0.07689
0.45682, 0.07680
0.45841, 0.07672
0.46000, 0.07664
0.46158, 0.07655
0.46317, 0.07646
0.46476, 0.07637
0.46635, 0.07628
0.46794, 0.07619
0.46953, 0.07610
0.47113, 0.07601
0.47272, 0.07591
0.47431, 0.07581
0.47591, 0.07572
0.47750, 0.07562
0.47909, 0.07552
0.48069, 0.07542
0.48229, 0.07531
0.48388, 0.07521
0.48548, 0.07510
0.48708, 0.07500
0.48867, 0.07489
0.49027, 0.07478
0.49187, 0.07467
0.49347, 0.07456
0.49507, 0.07444
0.49667, 0.07433
0.49827, 0.07421
0.49987, 0.07409
0.50147, 0.07397
0.50307, 0.07385
0.50467, 0.07373
0.50627, 0.07361
0.50787, 0.07348
0.50947, 0.07335
0.51107, 0.07323
0.51267, 0.07310
0.51428, 0.07297
0.51588, 0.07283
0.51748, 0.07270
0.51908, 0.07256
0.52068, 0.07243
0.52228, 0.07229
0.52389, 0.07215
0.52549, 0.07201
0.52709, 0.07186
0.52869, 0.07172
0.53029, 0.07157
0.53189, 0.07143
0.53350, 0.07128
0.53510, 0.07112
0.53670, 0.07097
0.53830, 0.07082
0.53990, 0.07066
0.54150, 0.07051
0.54310, 0.07035
0.54470, 0.07019
0.54630, 0.07002
0.54790, 0.06986
0.54950, 0.06969
0.55110, 0.06953
0.55270, 0.06936
0.55430, 0.06919
0.55589, 0.06902
0.55749, 0.06884
0.55909, 0.06867
0.56068, 0.06849
0.56228, 0.06831
0.56388, 0.06813
0.56547, 0.06795
0.56707, 0.06777
0.56866, 0.06758
0.57025, 0.06739
0.57185, 0.06720
0.57344, 0.06701
0.57503, 0.06682
0.57662, 0.06663
0.57821, 0.06643
0.57980, 0.06623
0.58139, 0.06604
0.58298, 0.06583
0.58457, 0.06563
0.58615, 0.06543
0.58774, 0.06522
0.58932, 0.06501
0.59091, 0.06480
0.59249, 0.06459
0.59407, 0.06438
0.59566, 0.06416
0.59724, 0.06395
0.59882, 0.06373
0.60040, 0.06351
0.60197, 0.06329
0.60355, 0.06306
0.60513, 0.06284
0.60670, 0.06261
0.60828, 0.06238
0.60985, 0.06215
0.61142, 0.06191
0.61299, 0.06168
0.61456, 0.06144
0.61613, 0.06120
0.61770, 0.06096
0.61926, 0.06072
0.62083, 0.06048
0.62239, 0.06023
0.62396, 0.05998
0.62552, 0.05973
0.62708, 0.05948
0.62864, 0.05923
0.63019, 0.05897
0.63175, 0.05872
0.63330, 0.05846
0.63486, 0.05820
0.63641, 0.05794
0.63796, 0.05767
0.63951, 0.05741
0.64106, 0.05714
0.64260, 0.05687
0.64415, 0.05660
0.64569, 0.05632
0.64724, 0.05605
0.64878, 0.05577
0.65031, 0.05549
0.65185, 0.05521
0.65339, 0.05493
0.65492, 0.05464
0.65645, 0.05436
0.65798, 0.05407
0.65951, 0.05378
0.66104, 0.05349
0.66257, 0.05319
0.66409, 0.05290
0.66561, 0.05260
0.66713, 0.05230
0.66865, 0.05200
0.67017, 0.05170
0.67168, 0.05139
0.67319, 0.05108
0.67470, 0.05078
0.67620, 0.05047
0.67770, 0.05016
0.67920, 0.04985
0.68069, 0.04953
0.68218, 0.04922
0.68366, 0.04890
0.68514, 0.04859
0.68661, 0.04827
0.68808, 0.04796
0.68955, 0.04764
0.69101, 0.04732
0.69247, 0.04700
0.69393, 0.04668
0.69538, 0.04637
0.69683, 0.04605
0.69827, 0.04573
0.69971, 0.04541
0.70114, 0.04509
0.70258, 0.04477
0.70400, 0.04445
0.70543, 0.04413
0.70685, 0.04382
0.70827, 0.04350
0.70968, 0.04318
0.71109, 0.04287
0.71249, 0.04255
0.71390, 0.04224
0.71529, 0.04192
0.71669, 0.04161
0.71808, 0.04130
0.71947, 0.04099
0.72085, 0.04067
0.72223, 0.04037
0.72361, 0.04006
0.72498, 0.03975
0.72635, 0.03945
0.72771, 0.03914
0.72908, 0.03884
0.73043, 0.03854
0.73179, 0.03824
0.73314, 0.03794
0.73449, 0.03765
0.73583, 0.03735
0.73717, 0.03706
0.73851, 0.03677
0.73984, 0.03648
0.74117, 0.03619
0.74250, 0.03591
0.74382, 0.03562
0.74514, 0.03534
0.74646, 0.03506
0.74777, 0.03479
0.74908, 0.03451
0.75039, 0.03424
0.75169, 0.03397
0.75299, 0.03370
0.75429, 0.03344
0.75559, 0.03318
0.75688, 0.03292
0.75817, 0.03266
0.75945, 0.03240
0.76074, 0.03215
0.76202, 0.03190
0.76330, 0.03165
0.76458, 0.03141
0.76585, 0.03116
0.76713, 0.03092
0.76840, 0.03069
0.76966, 0.03045
0.77093, 0.03022
0.77219, 0.02999
0.77345, 0.02976
0.77471, 0.02953
0.77596, 0.02931
0.77722, 0.02909
0.77847, 0.02887
0.77971, 0.02865
0.78096, 0.02844
0.78220, 0.02823
0.78344, 0.02802
0.78468, 0.02781
0.78591, 0.02761
0.78714, 0.02741
0.78837, 0.02721
0.78960, 0.02702
0.79083, 0.02682
0.79205, 0.02663
0.79327, 0.02645
0.79448, 0.02626
0.79570, 0.02608
0.79691, 0.02590
0.79812, 0.02572
0.79932, 0.02555
0.80053, 0.02537
0.80173, 0.02520
0.80293, 0.02504
0.80412, 0.02487
0.80532, 0.02471
0.80651, 0.02455
0.80769, 0.02440
0.80888, 0.02424
0.81006, 0.02409
0.81124, 0.02394
0.81242, 0.02379
0.81359, 0.02365
0.81476, 0.02351
0.81593, 0.02337
0.81710, 0.02324
0.81826, 0.02310
0.81942, 0.02297
0.82058, 0.02284
0.82174, 0.02272
0.82289, 0.02259
0.82404, 0.02247
0.82519, 0.02236
0.82633, 0.02224
0.82747, 0.02213
0.82861, 0.02202
0.82975, 0.02191
0.83088, 0.02181
0.83201, 0.02170
0.83314, 0.02160
0.83427, 0.02151
0.83539, 0.02141
0.83651, 0.02132
0.83763, 0.02123
0.83875, 0.02114
0.83986, 0.02106
0.84098, 0.02097
0.84209, 0.02089
0.84320, 0.02081
0.84430, 0.02074
0.84541, 0.02066
0.84651, 0.02059
0.84761, 0.02052
0.84871, 0.02045
0.84980, 0.02039
0.85089, 0.02032
0.85198, 0.02026
0.85307, 0.02020
0.85416, 0.02014
0.85524, 0.02008
0.85632, 0.02003
0.85740, 0.01997
0.85847, 0.01992
0.85954, 0.01987
0.86061, 0.01982
0.86168, 0.01978
0.86275, 0.01973
0.86381, 0.01968
0.86487, 0.01964
0.86592, 0.01960
0.86697, 0.01956
0.86802, 0.01952
0.86907, 0.01948
0.87012, 0.01945
0.87116, 0.01941
0.87220, 0.01938
0.87323, 0.01934
0.87426, 0.01931
0.87529, 0.01928
0.87632, 0.01925
0.87734, 0.01922
0.87836, 0.01919
0.87938, 0.01916
0.88039, 0.01914
0.88140, 0.01911
0.88241, 0.01909
0.88342, 0.01906
0.88442, 0.01904
0.88541, 0.01902
0.88641, 0.01900
0.88740, 0.01898
0.88839, 0.01896
0.88937, 0.01894
0.89035, 0.01892
0.89133, 0.01890
0.89230, 0.01888
0.89327, 0.01887
0.89424, 0.01885
0.89521, 0.01883
0.89617, 0.01882
0.89712, 0.01880
0.89807, 0.01879
0.89902, 0.01877
0.89997, 0.01876
0.90091, 0.01874
0.90185, 0.01873
0.90278, 0.01872
0.90372, 0.01871
0.90464, 0.01869
0.90557, 0.01868
0.90649, 0.01867
0.90740, 0.01866
0.90831, 0.01865
0.90922, 0.01863
0.91013, 0.01862
0.91103, 0.01861
0.91193, 0.01860
0.91282, 0.01859
0.91371, 0.01858
0.91459, 0.01857
0.91547, 0.01856
0.91635, 0.01855
0.91722, 0.01854
0.91809, 0.01853
0.91896, 0.01852
0.91982, 0.01851
0.92068, 0.01850
0.92153, 0.01849
0.92238, 0.01848
0.92323, 0.01847
0.92407, 0.01846
0.92490, 0.01845
0.92574, 0.01844
0.92656, 0.01842
0.92739, 0.01841
0.92821, 0.01840
0.92903, 0.01839
0.92984, 0.01838
0.93065, 0.01837
0.93145, 0.01836
0.93225, 0.01835
0.93304, 0.01834
0.93383, 0.01832
0.93462, 0.01831
0.93540, 0.01830
0.93618, 0.01829
0.93695, 0.01828
0.93772, 0.01826
0.93849, 0.01825
0.93925, 0.01824
0.94001, 0.01822
0.94076, 0.01821
0.94150, 0.01820
0.94225, 0.01818
0.94299, 0.01817
0.94372, 0.01816
0.94445, 0.01814
0.94518, 0.01813
0.94590, 0.01811
0.94661, 0.01810
0.94732, 0.01808
0.94803, 0.01807
0.94873, 0.01805
0.94943, 0.01803
0.95013, 0.01802
0.95082, 0.01800
0.95150, 0.01798
0.95218, 0.01797
0.95286, 0.01795
0.95353, 0.01793
0.95419, 0.01792
0.95486, 0.01790
0.95551, 0.01788
0.95617, 0.01786
0.95682, 0.01784
0.95746, 0.01782
0.95810, 0.01780
0.95873, 0.01779
0.95936, 0.01777
0.95999, 0.01775
0.96061, 0.01773
0.96122, 0.01771
0.96183, 0.01769
0.96244, 0.01767
0.96304, 0.01765
0.96364, 0.01763
0.96423, 0.01760
0.96482, 0.01758
0.96540, 0.01756
0.96598, 0.01754
0.96655, 0.01752
0.96712, 0.01750
0.96768, 0.01748
0.96824, 0.01745
0.96880, 0.01743
0.96935, 0.01741
0.96989, 0.01739
0.97043, 0.01736
0.97097, 0.01734
0.97150, 0.01732
0.97202, 0.01729
0.97255, 0.01727
0.97306, 0.01725
0.97357, 0.01722
0.97408, 0.01720
0.97458, 0.01718
0.97508, 0.01715
0.97557, 0.01713
0.97606, 0.01711
0.97654, 0.01708
0.97702, 0.01706
0.97749, 0.01704
0.97796, 0.01701
0.97842, 0.01699
0.97888, 0.01696
0.97933, 0.01694
0.97978, 0.01692
0.98022, 0.01689
0.98066, 0.01687
0.98110, 0.01684
0.98153, 0.01682
0.98195, 0.01680
0.98237, 0.01677
0.98278, 0.01675
0.98319, 0.01672
0.98360, 0.01670
0.98400, 0.01668
0.98439, 0.01665
0.98478, 0.01663
0.98517, 0.01661
0.98555, 0.01658
0.98592, 0.01656
0.98629, 0.01654
0.98666, 0.01651
0.98702, 0.01649
0.98737, 0.01647
0.98772, 0.01645
0.98807, 0.01642
0.98841, 0.01640
0.98875, 0.01638
0.98908, 0.01636
0.98940, 0.01633
0.98972, 0.01631
0.99004, 0.01629
0.99035, 0.01627
0.99066, 0.01625
0.99096, 0.01623
0.99125, 0.01621
0.99155, 0.01619
0.99183, 0.01616
0.99211, 0.01614
0.99239, 0.01612
0.99266, 0.01611
0.99293, 0.01609
0.99319, 0.01607
0.99345, 0.01605
0.99370, 0.01603
0.99394, 0.01601
0.99419, 0.01599
0.99442, 0.01597
0.99465, 0.01596
0.99488, 0.01594
0.99510, 0.01592
0.99532, 0.01591
0.99553, 0.01589
0.99574, 0.01587
0.99594, 0.01586
0.99614, 0.01584
0.99633, 0.01583
0.99652, 0.01581
0.99670, 0.01580
0.99688, 0.01578
0.99705, 0.01577
0.99721, 0.01576
0.99738, 0.01574
0.99753, 0.01573
0.99769, 0.01572
0.99783, 0.01571
0.99798, 0.01570
0.99811, 0.01568
0.99825, 0.01567
0.99837, 0.01566
0.99849, 0.01565
0.99861, 0.01564
0.99872, 0.01563
0.99883, 0.01562
0.99893, 0.01562
0.99903, 0.01561
0.99912, 0.01560
0.99921, 0.01559
0.99929, 0.01559
0.99937, 0.01558
0.99944, 0.01557
0.99951, 0.01557
0.99957, 0.01556
0.99963, 0.01556
0.99968, 0.01555
0.99973, 0.01555
0.99977, 0.01555
0.99981, 0.01554
0.99984, 0.01554
0.99987, 0.01554
0.99989, 0.01554
0.99991, 0.01553
0.99992, 0.01553
0.99991, 0.01553
0.99990, 0.01553

=== Lower Surface ===
0.00000, 0.00935
0.00002, 0.00907
0.00004, 0.00879
0.00007, 0.00851
0.00011, 0.00824
0.00014, 0.00796
0.00019, 0.00768
0.00024, 0.00741
0.00029, 0.00713
0.00035, 0.00686
0.00041, 0.00659
0.00048, 0.00631
0.00055, 0.00604
0.00063, 0.00577
0.00071, 0.00550
0.00080, 0.00523
0.00089, 0.00496
0.00099, 0.00469
0.00109, 0.00443
0.00120, 0.00416
0.00131, 0.00389
0.00143, 0.00363
0.00155, 0.00336
0.00168, 0.00310
0.00181, 0.00283
0.00195, 0.00257
0.00209, 0.00231
0.00224, 0.00204
0.00239, 0.00178
0.00254, 0.00152
0.00270, 0.00126
0.00287, 0.00100
0.00304, 0.00075
0.00322, 0.00049
0.00340, 0.00023
0.00358, -0.00002
0.00377, -0.00028
0.00397, -0.00053
0.00417, -0.00079
0.00437, -0.00104
0.00458, -0.00130
0.00480, -0.00155
0.00501, -0.00180
0.00524, -0.00205
0.00547, -0.00230
0.00570, -0.00255
0.00594, -0.00280
0.00618, -0.00305
0.00643, -0.00329
0.00668, -0.00354
0.00694, -0.00379
0.00720, -0.00403
0.00747, -0.00427
0.00774, -0.00452
0.00802, -0.00476
0.00830, -0.00500
0.00859, -0.00525
0.00888, -0.00549
0.00918, -0.00573
0.00948, -0.00597
0.00978, -0.00620
0.01009, -0.00644
0.01041, -0.00668
0.01073, -0.00692
0.01106, -0.00715
0.01138, -0.00739
0.01172, -0.00762
0.01206, -0.00786
0.01240, -0.00809
0.01275, -0.00832
0.01310, -0.00855
0.01346, -0.00878
0.01383, -0.00901
0.01419, -0.00924
0.01457, -0.00947
0.01494, -0.00970
0.01532, -0.00993
0.01571, -0.01015
0.01610, -0.01038
0.01650, -0.01061
0.01690, -0.01083
0.01730, -0.01105
0.01771, -0.01128
0.01813, -0.01150
0.01855, -0.01172
0.01897, -0.01194
0.01940, -0.01216
0.01984, -0.01238
0.02027, -0.01260
0.02072, -0.01281
0.02116, -0.01303
0.02162, -0.01325
0.02207, -0.01346
0.02254, -0.01368
0.02300, -0.01389
0.02347, -0.01411
0.02395, -0.01432
0.02443, -0.01453
0.02491, -0.01474
0.02540, -0.01495
0.02590, -0.01516
0.02640, -0.01537
0.02690, -0.01558
0.02741, -0.01578
0.02792, -0.01599
0.02844, -0.01619
0.02896, -0.01640
0.02949, -0.01660
0.03002, -0.01681
0.03055, -0.01701
0.03110, -0.01721
0.03164, -0.01741
0.03219, -0.01761
0.03274, -0.01781
0.03330, -0.01801
0.03387, -0.01820
0.03444, -0.01840
0.03501, -0.01860
0.03559, -0.01879
0.03617, -0.01899
0.03675, -0.01918
0.03734, -0.01937
0.03794, -0.01956
0.03854, -0.01975
0.03915, -0.01995
0.03975, -0.02013
0.04037, -0.02032
0.04099, -0.02051
0.04161, -0.02070
0.04224, -0.02088
0.04287, -0.02107
0.04351, -0.02125
0.04415, -0.02144
0.04479, -0.02162
0.04544, -0.02180
0.04610, -0.02198
0.04676, -0.02216
0.04742, -0.02234
0.04809, -0.02252
0.04876, -0.02269
0.04944, -0.02287
0.05012, -0.02305
0.05081, -0.02322
0.05150, -0.02339
0.05219, -0.02357
0.05289, -0.02374
0.05360, -0.02391
0.05430, -0.02408
0.05502, -0.02425
0.05573, -0.02442
0.05646, -0.02458
0.05718, -0.02475
0.05791, -0.02492
0.05865, -0.02508
0.05939, -0.02524
0.06013, -0.02541
0.06088, -0.02557
0.06164, -0.02573
0.06239, -0.02589
0.06315, -0.02605
0.06392, -0.02620
0.06469, -0.02636
0.06547, -0.02652
0.06625, -0.02667
0.06703, -0.02683
0.06782, -0.02698
0.06861, -0.02713
0.06941, -0.02728
0.07021, -0.02743
0.07102, -0.02758
0.07183, -0.02773
0.07264, -0.02787
0.07346, -0.02802
0.07429, -0.02816
0.07511, -0.02831
0.07595, -0.02845
0.07678, -0.02859
0.07762, -0.02873
0.07847, -0.02887
0.07932, -0.02901
0.08017, -0.02914
0.08103, -0.02928
0.08189, -0.02941
0.08276, -0.02955
0.08363, -0.02968
0.08451, -0.02981
0.08539, -0.02994
0.08627, -0.03007
0.08716, -0.03020
0.08806, -0.03032
0.08895, -0.03045
0.08985, -0.03057
0.09076, -0.03070
0.09167, -0.03082
0.09259, -0.03094
0.09350, -0.03106
0.09443, -0.03118
0.09535, -0.03129
0.09629, -0.03141
0.09722, -0.03152
0.09816, -0.03164
0.09911, -0.03175
0.10006, -0.03186
0.10101, -0.03197
0.10197, -0.03208
0.10293, -0.03218
0.10389, -0.03229
0.10486, -0.03239
0.10584, -0.03250
0.10682, -0.03260
0.10780, -0.03270
0.10878, -0.03280
0.10978, -0.03289
0.11077, -0.03299
0.11177, -0.03308
0.11277, -0.03318
0.11378, -0.03327
0.11479, -0.03336
0.11581, -0.03345
0.11683, -0.03354
0.11785, -0.03362
0.11888, -0.03371
0.11992, -0.03379
0.12095, -0.03387
0.12199, -0.03395
0.12304, -0.03403
0.12409, -0.03411
0.12514, -0.03418
0.12620, -0.03426
0.12726, -0.03433
0.12833, -0.03440
0.12940, -0.03447
0.13047, -0.03454
0.13155, -0.03460
0.13263, -0.03467
0.13372, -0.03473
0.13481, -0.03479
0.13590, -0.03485
0.13700, -0.03491
0.13810, -0.03496
0.13920, -0.03502
0.14031, -0.03507
0.14141, -0.03512
0.14252, -0.03517
0.14363, -0.03522
0.14475, -0.03527
0.14586, -0.03532
0.14698, -0.03536
0.14810, -0.03540
0.14922, -0.03545
0.15034, -0.03549
0.15146, -0.03553
0.15258, -0.03557
0.15371, -0.03561
0.15484, -0.03564
0.15597, -0.03568
0.15710, -0.03572
0.15823, -0.03575
0.15936, -0.03578
0.16050, -0.03582
0.16163, -0.03585
0.16277, -0.03588
0.16391, -0.03591
0.16505, -0.03594
0.16619, -0.03597
0.16733, -0.03600
0.16847, -0.03603
0.16961, -0.03606
0.17076, -0.03609
0.17190, -0.03611
0.17305, -0.03614
0.17420, -0.03617
0.17534, -0.03619
0.17649, -0.03622
0.17764, -0.03625
0.17879, -0.03627
0.17994, -0.03630
0.18109, -0.03633
0.18224, -0.03636
0.18340, -0.03638
0.18455, -0.03641
0.18570, -0.03644
0.18685, -0.03647
0.18801, -0.03649
0.18916, -0.03652
0.19032, -0.03655
0.19147, -0.03658
0.19262, -0.03661
0.19378, -0.03665
0.19493, -0.03668
0.19609, -0.03671
0.19724, -0.03674
0.19840, -0.03678
0.19955, -0.03681
0.20071, -0.03685
0.20187, -0.03689
0.20303, -0.03693
0.20419, -0.03697
0.20536, -0.03701
0.20653, -0.03705
0.20771, -0.03709
0.20889, -0.03713
0.21007, -0.03718
0.21127, -0.03722
0.21246, -0.03727
0.21367, -0.03731
0.21487, -0.03736
0.21609, -0.03741
0.21730, -0.03745
0.21852, -0.03750
0.21975, -0.03755
0.22098, -0.03760
0.22222, -0.03765
0.22346, -0.03770
0.22471, -0.03775
0.22597, -0.03780
0.22722, -0.03785
0.22849, -0.03791
0.22976, -0.03796
0.23103, -0.03801
0.23231, -0.03806
0.23359, -0.03811
0.23488, -0.03816
0.23618, -0.03822
0.23748, -0.03827
0.23878, -0.03832
0.24009, -0.03837
0.24141, -0.03842
0.24273, -0.03847
0.24406, -0.03852
0.24539, -0.03857
0.24673, -0.03862
0.24807, -0.03867
0.24942, -0.03872
0.25077, -0.03876
0.25213, -0.03881
0.25349, -0.03886
0.25486, -0.03890
0.25624, -0.03894
0.25762, -0.03899
0.25901, -0.03903
0.26040, -0.03907
0.26179, -0.03911
0.26320, -0.03915
0.26460, -0.03918
0.26602, -0.03922
0.26743, -0.03925
0.26885, -0.03928
0.27027, -0.03931
0.27170, -0.03934
0.27312, -0.03937
0.27455, -0.03940
0.27598, -0.03942
0.27741, -0.03944
0.27884, -0.03946
0.28028, -0.03948
0.28171, -0.03950
0.28315, -0.03952
0.28459, -0.03953
0.28603, -0.03955
0.28748, -0.03956
0.28893, -0.03957
0.29037, -0.03958
0.29182, -0.03959
0.29327, -0.03959
0.29473, -0.03960
0.29618, -0.03960
0.29764, -0.03961
0.29910, -0.03961
0.30056, -0.03961
0.30202, -0.03960
0.30348, -0.03960
0.30494, -0.03960
0.30641, -0.03959
0.30788, -0.03958
0.30935, -0.03957
0.31082, -0.03956
0.31229, -0.03955
0.31377, -0.03954
0.31524, -0.03952
0.31672, -0.03951
0.31820, -0.03949
0.31968, -0.03947
0.32116, -0.03945
0.32264, -0.03943
0.32412, -0.03941
0.32561, -0.03939
0.32710, -0.03936
0.32858, -0.03934
0.33007, -0.03931
0.33156, -0.03928
0.33306, -0.03925
0.33455, -0.03922
0.33604, -0.03919
0.33754, -0.03916
0.33904, -0.03913
0.34054, -0.03909
0.34203, -0.03906
0.34354, -0.03902
0.34504, -0.03898
0.34654, -0.03894
0.34804, -0.03890
0.34955, -0.03886
0.35106, -0.03882
0.35256, -0.03877
0.35407, -0.03873
0.35558, -0.03868
0.35709, -0.03864
0.35860, -0.03859
0.36012, -0.03854
0.36163, -0.03849
0.36315, -0.03844
0.36466, -0.03839
0.36618, -0.03834
0.36770, -0.03828
0.36921, -0.03823
0.37073, -0.03817
0.37225, -0.03812
0.37377, -0.03806
0.37530, -0.03800
0.37682, -0.03795
0.37834, -0.03789
0.37987, -0.03783
0.38139, -0.03777
0.38292, -0.03770
0.38445, -0.03764
0.38597, -0.03758
0.38750, -0.03752
0.38903, -0.03745
0.39056, -0.03739
0.39209, -0.03732
0.39362, -0.03725
0.39515, -0.03719
0.39669, -0.03712
0.39822, -0.03705
0.39975, -0.03698
0.40129, -0.03691
0.40282, -0.03684
0.40436, -0.03677
0.40589, -0.03670
0.40743, -0.03662
0.40897, -0.03655
0.41050, -0.03648
0.41204, -0.03640
0.41358, -0.03633
0.41512, -0.03625
0.41666, -0.03618
0.41820, -0.03610
0.41974, -0.03603
0.42128, -0.03595
0.42282, -0.03587
0.42436, -0.03580
0.42591, -0.03572
0.42745, -0.03564
0.42899, -0.03556
0.43053, -0.03548
0.43208, -0.03540
0.43362, -0.03532
0.43517, -0.03524
0.43671, -0.03516
0.43825, -0.03508
0.43980, -0.03500
0.44134, -0.03492
0.44289, -0.03484
0.44444, -0.03476
0.44598, -0.03468
0.44753, -0.03459
0.44907, -0.03451
0.45062, -0.03443
0.45217, -0.03435
0.45371, -0.03426
0.45526, -0.03418
0.45681, -0.03410
0.45835, -0.03402
0.45990, -0.03393
0.46145, -0.03385
0.46299, -0.03377
0.46454, -0.03368
0.46609, -0.03360
0.46763, -0.03352
0.46918, -0.03344
0.47073, -0.03335
0.47228, -0.03327
0.47382, -0.03319
0.47537, -0.03310
0.47692, -0.03302
0.47846, -0.03294
0.48001, -0.03286
0.48156, -0.03277
0.48310, -0.03269
0.48465, -0.03261
0.48620, -0.03253
0.48774, -0.03245
0.48929, -0.03236
0.49084, -0.03228
0.49238, -0.03220
0.49393, -0.03212
0.49547, -0.03204
0.49702, -0.03196
0.49856, -0.03188
0.50011, -0.03180
0.50165, -0.03172
0.50319, -0.03164
0.50474, -0.03156
0.50628, -0.03148
0.50782, -0.03141
0.50937, -0.03133
0.51091, -0.03125
0.51245, -0.03117
0.51399, -0.03110
0.51554, -0.03102
0.51708, -0.03094
0.51862, -0.03087
0.52016, -0.03080
0.52170, -0.03072
0.52324, -0.03065
0.52478, -0.03057
0.52631, -0.03050
0.52785, -0.03043
0.52939, -0.03036
0.53093, -0.03029
0.53246, -0.03022
0.53400, -0.03015
0.53553, -0.03008
0.53707, -0.03001
0.53860, -0.02994
0.54014, -0.02987
0.54167, -0.02981
0.54320, -0.02974
0.54474, -0.02968
0.54627, -0.02961
0.54780, -0.02955
0.54933, -0.02948
0.55086, -0.02942
0.55239, -0.02936
0.55391, -0.02930
0.55544, -0.02924
0.55697, -0.02918
0.55850, -0.02912
0.56002, -0.02906
0.56155, -0.02901
0.56307, -0.02895
0.56459, -0.02889
0.56612, -0.02884
0.56764, -0.02879
0.56916, -0.02873
0.57068, -0.02868
0.57220, -0.02863
0.57372, -0.02858
0.57524, -0.02853
0.57675, -0.02848
0.57827, -0.02844
0.57978, -0.02839
0.58130, -0.02834
0.58281, -0.02830
0.58432, -0.02826
0.58584, -0.02821
0.58735, -0.02817
0.58886, -0.02813
0.59037, -0.02809
0.59187, -0.02805
0.59338, -0.02802
0.59489, -0.02798
0.59639, -0.02795
0.59790, -0.02791
0.59940, -0.02788
0.60090, -0.02785
0.60240, -0.02782
0.60390, -0.02779
0.60540, -0.02776
0.60690, -0.02773
0.60840, -0.02770
0.60989, -0.02768
0.61139, -0.02766
0.61288, -0.02763
0.61437, -0.02761
0.61587, -0.02759
0.61736, -0.02757
0.61885, -0.02755
0.62033, -0.02754
0.62182, -0.02752
0.62331, -0.02751
0.62479, -0.02749
0.62627, -0.02748
0.62776, -0.02747
0.62924, -0.02746
0.63072, -0.02745
0.63219, -0.02745
0.63367, -0.02744
0.63515, -0.02744
0.63662, -0.02744
0.63810, -0.02743
0.63957, -0.02743
0.64104, -0.02743
0.64251, -0.02744
0.64398, -0.02744
0.64544, -0.02745
0.64691, -0.02745
0.64837, -0.02746
0.64984, -0.02747
0.65130, -0.02748
0.65276, -0.02749
0.65422, -0.02750
0.65567, -0.02752
0.65713, -0.02754
0.65858, -0.02755
0.66004, -0.02757
0.66149, -0.02759
0.66294, -0.02761
0.66439, -0.02764
0.66584, -0.02766
0.66729, -0.02769
0.66875, -0.02772
0.67020, -0.02775
0.67165, -0.02778
0.67311, -0.02781
0.67456, -0.02784
0.67602, -0.02787
0.67747, -0.02791
0.67893, -0.02794
0.68039, -0.02798
0.68184, -0.02802
0.68330, -0.02805
0.68476, -0.02809
0.68622, -0.02813
0.68767, -0.02817
0.68913, -0.02821
0.69059, -0.02825
0.69205, -0.02829
0.69350, -0.02833
0.69496, -0.02837
0.69642, -0.02841
0.69788, -0.02845
0.69933, -0.02849
0.70079, -0.02852
0.70225, -0.02856
0.70370, -0.02860
0.70516, -0.02864
0.70661, -0.02868
0.70807, -0.02871
0.70952, -0.02875
0.71097, -0.02878
0.71243, -0.02882
0.71388, -0.02885
0.71533, -0.02888
0.71678, -0.02892
0.71823, -0.02895
0.71968, -0.02898
0.72113, -0.02900
0.72258, -0.02903
0.72402, -0.02906
0.72547, -0.02908
0.72691, -0.02910
0.72836, -0.02912
0.72980, -0.02914
0.73124, -0.02916
0.73268, -0.02917
0.73412, -0.02919
0.73556, -0.02920
0.73699, -0.02921
0.73843, -0.02922
0.73986, -0.02922
0.74129, -0.02923
0.74272, -0.02923
0.74415, -0.02923
0.74558, -0.02922
0.74701, -0.02922
0.74843, -0.02921
0.74985, -0.02920
0.75127, -0.02919
0.75269, -0.02917
0.75410, -0.02915
0.75551, -0.02913
0.75692, -0.02911
0.75833, -0.02908
0.75973, -0.02905
0.76113, -0.02902
0.76253, -0.02899
0.76392, -0.02895
0.76531, -0.02892
0.76670, -0.02887
0.76809, -0.02883
0.76947, -0.02878
0.77085, -0.02874
0.77223, -0.02868
0.77361, -0.02863
0.77498, -0.02857
0.77635, -0.02851
0.77771, -0.02845
0.77908, -0.02839
0.78044, -0.02832
0.78179, -0.02825
0.78315, -0.02818
0.78450, -0.02810
0.78585, -0.02803
0.78719, -0.02794
0.78853, -0.02786
0.78987, -0.02778
0.79121, -0.02769
0.79254, -0.02760
0.79387, -0.02750
0.79519, -0.02741
0.79652, -0.02731
0.79783, -0.02721
0.79915, -0.02711
0.80046, -0.02700
0.80177, -0.02689
0.80308, -0.02678
0.80438, -0.02667
0.80568, -0.02655
0.80698, -0.02643
0.80827, -0.02631
0.80956, -0.02618
0.81084, -0.02606
0.81212, -0.02593
0.81340, -0.02580
0.81468, -0.02566
0.81595, -0.02553
0.81722, -0.02539
0.81848, -0.02524
0.81974, -0.02510
0.82100, -0.02495
0.82225, -0.02480
0.82350, -0.02465
0.82475, -0.02450
0.82599, -0.02434
0.82723, -0.02418
0.82847, -0.02402
0.82970, -0.02386
0.83093, -0.02369
0.83215, -0.02352
0.83337, -0.02335
0.83459, -0.02318
0.83580, -0.02301
0.83701, -0.02283
0.83821, -0.02265
0.83941, -0.02247
0.84060, -0.02228
0.84179, -0.02210
0.84297, -0.02191
0.84415, -0.02172
0.84533, -0.02153
0.84650, -0.02133
0.84767, -0.02114
0.84883, -0.02094
0.84998, -0.02074
0.85114, -0.02054
0.85228, -0.02034
0.85343, -0.02014
0.85457, -0.01994
0.85570, -0.01973
0.85683, -0.01953
0.85796, -0.01932
0.85908, -0.01911
0.86019, -0.01890
0.86130, -0.01869
0.86241, -0.01848
0.86351, -0.01826
0.86461, -0.01805
0.86571, -0.01783
0.86680, -0.01762
0.86788, -0.01740
0.86896, -0.01719
0.87004, -0.01697
0.87111, -0.01675
0.87218, -0.01653
0.87324, -0.01631
0.87430, -0.01609
0.87535, -0.01587
0.87640, -0.01565
0.87745, -0.01543
0.87849, -0.01521
0.87952, -0.01498
0.88056, -0.01476
0.88158, -0.01454
0.88261, -0.01432
0.88363, -0.01409
0.88464, -0.01387
0.88565, -0.01365
0.88666, -0.01342
0.88766, -0.01320
0.88865, -0.01298
0.88965, -0.01275
0.89064, -0.01253
0.89162, -0.01231
0.89260, -0.01208
0.89357, -0.01186
0.89455, -0.01164
0.89551, -0.01141
0.89648, -0.01119
0.89743, -0.01097
0.89839, -0.01075
0.89934, -0.01053
0.90028, -0.01030
0.90122, -0.01008
0.90216, -0.00986
0.90309, -0.00964
0.90402, -0.00942
0.90494, -0.00920
0.90586, -0.00899
0.90678, -0.00877
0.90769, -0.00855
0.90859, -0.00833
0.90950, -0.00812
0.91039, -0.00790
0.91129, -0.00769
0.91218, -0.00747
0.91306, -0.00726
0.91394, -0.00704
0.91482, -0.00683
0.91569, -0.00662
0.91656, -0.00641
0.91742, -0.00620
0.91828, -0.00599
0.91914, -0.00578
0.91999, -0.00557
0.92083, -0.00537
0.92168, -0.00516
0.92251, -0.00496
0.92335, -0.00475
0.92418, -0.00455
0.92500, -0.00435
0.92582, -0.00414
0.92664, -0.00394
0.92745, -0.00374
0.92826, -0.00354
0.92906, -0.00335
0.92986, -0.00315
0.93065, -0.00295
0.93144, -0.00276
0.93223, -0.00257
0.93301, -0.00237
0.93379, -0.00218
0.93456, -0.00199
0.93533, -0.00180
0.93610, -0.00161
0.93686, -0.00143
0.93761, -0.00124
0.93836, -0.00106
0.93911, -0.00087
0.93985, -0.00069
0.94059, -0.00051
0.94133, -0.00033
0.94205, -0.00015
0.94278, 0.00003
0.94350, 0.00021
0.94422, 0.00038
0.94493, 0.00056
0.94564, 0.00073
0.94634, 0.00090
0.94704, 0.00107
0.94774, 0.00124
0.94843, 0.00141
0.94911, 0.00158
0.94980, 0.00174
0.95047, 0.00191
0.95115, 0.00207
0.95181, 0.00223
0.95248, 0.00239
0.95314, 0.00255
0.95379, 0.00271
0.95444, 0.00287
0.95509, 0.00302
0.95573, 0.00318
0.95637, 0.00333
0.95701, 0.00348
0.95763, 0.00364
0.95826, 0.00378
0.95888, 0.00393
0.95949, 0.00408
0.96011, 0.00423
0.96071, 0.00437
0.96132, 0.00451
0.96191, 0.00465
0.96251, 0.00480
0.96310, 0.00493
0.96368, 0.00507
0.96426, 0.00521
0.96484, 0.00534
0.96541, 0.00548
0.96597, 0.00561
0.96654, 0.00574
0.96709, 0.00587
0.96765, 0.00600
0.96820, 0.00613
0.96874, 0.00626
0.96928, 0.00638
0.96981, 0.00650
0.97034, 0.00663
0.97087, 0.00675
0.97139, 0.00687
0.97191, 0.00699
0.97242, 0.00710
0.97293, 0.00722
0.97343, 0.00734
0.97393, 0.00745
0.97443, 0.00756
0.97492, 0.00767
0.97540, 0.00778
0.97588, 0.00789
0.97636, 0.00800
0.97683, 0.00810
0.97730, 0.00821
0.97776, 0.00831
0.97821, 0.00841
0.97867, 0.00852
0.97912, 0.00862
0.97956, 0.00871
0.98000, 0.00881
0.98043, 0.00891
0.98086, 0.00900
0.98129, 0.00910
0.98171, 0.00919
0.98213, 0.00928
0.98254, 0.00937
0.98294, 0.00946
0.98335, 0.00955
0.98374, 0.00963
0.98414, 0.00972
0.98452, 0.00980
0.98491, 0.00989
0.98528, 0.00997
0.98566, 0.01005
0.98603, 0.01013
0.98639, 0.01021
0.98675, 0.01028
0.98711, 0.01036
0.98746, 0.01043
0.98780, 0.01051
0.98814, 0.01058
0.98848, 0.01065
0.98881, 0.01072
0.98914, 0.01079
0.98946, 0.01086
0.98978, 0.01092
0.99009, 0.01099
0.99040, 0.01105
0.99070, 0.01112
0.99100, 0.01118
0.99129, 0.01124
0.99158, 0.01130
0.99187, 0.01136
0.99215, 0.01142
0.99242, 0.01148
0.99269, 0.01153
0.99295, 0.01159
0.99321, 0.01164
0.99347, 0.01169
0.99372, 0.01174
0.99397, 0.01179
0.99421, 0.01184
0.99444, 0.01189
0.99467, 0.01194
0.99490, 0.01198
0.99512, 0.01203
0.99534, 0.01207
0.99555, 0.01212
0.99576, 0.01216
0.99596, 0.01220
0.99616, 0.01224
0.99635, 0.01228
0.99654, 0.01232
0.99672, 0.01235
0.99690, 0.01239
0.99707, 0.01242
0.99724, 0.01246
0.99741, 0.01249
0.99756, 0.01252
0.99772, 0.01255
0.99787, 0.01258
0.99801, 0.01261
0.99815, 0.01264
0.99828, 0.01266
0.99841, 0.01269
0.99854, 0.01271
0.99866, 0.01274
0.99877, 0.01276
0.99888, 0.01278
0.99899, 0.01280
0.99909, 0.01282
0.99918, 0.01284
0.99928, 0.01286
0.99936, 0.01288
0.99944, 0.01289
0.99952, 0.01291
0.99959, 0.01292
0.99965, 0.01293
0.99972, 0.01295
0.99977, 0.01296
0.99982, 0.01297
0.99987, 0.01298
0.99991, 0.01299
0.99995, 0.01299
0.99998, 0.01300
1.00001, 0.01300
1.00003, 0.01301
1.00005, 0.01301
1.00006, 0.01301
1.00009, 0.01302
1.00010, 0.01302
