=== Airfoil Parameters ===
m = 0.02
p = 0.4
t = 0.12

=== Control Points ===
0.00000, -0.01077, -0.01077
0.06667, 0.00441, -0.00171
0.13333, 0.02484, 0.01373
0.20000, 0.03816, 0.02316
0.26667, 0.03204, 0.01426
0.66667, 0.01088, -0.00517
0.75000, -0.00146, -0.01466
0.83333, -0.00015, -0.00972
0.91667, 0.00394, -0.00123
1.00000, 0.00374, 0.00374

=== Upper Surface ===
0.00000, -0.01076
-0.00005, -0.01049
-0.00007, -0.01021
-0.00009, -0.00993
-0.00011, -0.00965
-0.00013, -0.00937
-0.00014, -0.00909
-0.00015, -0.00881
-0.00015, -0.00854
-0.00015, -0.00826
-0.00014, -0.00797
-0.00012, -0.00769
-0.00011, -0.00741
-0.00008, -0.00713
-0.00006, -0.00685
-0.00002, -0.00657
0.00001, -0.00629
0.00006, -0.00600
0.00010, -0.00572
0.00015, -0.00544
0.00021, -0.00515
0.00027, -0.00487
0.00034, -0.00459
0.00041, -0.00430
0.00048, -0.00402
0.00056, -0.00373
0.00065, -0.00345
0.00074, -0.00316
0.00083, -0.00288
0.00093, -0.00259
0.00103, -0.00230
0.00114, -0.00202
0.00125, -0.00173
0.00137, -0.00144
0.00149, -0.00115
0.00162, -0.00087
0.00175, -0.00058
0.00188, -0.00029
0.00202, 0.00000
0.00217, 0.00029
0.00231, 0.00058
0.00247, 0.00087
0.00262, 0.00116
0.00279, 0.00145
0.00295, 0.00175
0.00312, 0.00204
0.00330, 0.00233
0.00348, 0.00262
0.00366, 0.00292
0.00385, 0.00321
0.00404, 0.00350
0.00424, 0.00380
0.00444, 0.00409
0.00465, 0.00439
0.00486, 0.00468
0.00507, 0.00498
0.00529, 0.00528
0.00552, 0.00557
0.00574, 0.00587
0.00598, 0.00617
0.00621, 0.00647
0.00645, 0.00677
0.00670, 0.00707
0.00695, 0.00737
0.00720, 0.00767
0.00746, 0.00797
0.00772, 0.00827
0.00799, 0.00858
0.00826, 0.00888
0.00853, 0.00918
0.00881, 0.00949
0.00910, 0.00979
0.00938, 0.01010
0.00967, 0.01040
0.00997, 0.01071
0.01027, 0.01102
0.01058, 0.01132
0.01088, 0.01163
0.01120, 0.01194
0.01151, 0.01225
0.01184, 0.01256
0.01216, 0.01287
0.01249, 0.01319
0.01282, 0.01350
0.01316, 0.01381
0.01350, 0.01413
0.01385, 0.01444
0.01420, 0.01476
0.01456, 0.01507
0.01492, 0.01539
0.01528, 0.01571
0.01565, 0.01603
0.01602, 0.01635
0.01639, 0.01667
0.01677, 0.01699
0.01716, 0.01731
0.01755, 0.01763
0.01794, 0.01796
0.01833, 0.01828
0.01873, 0.01861
0.01914, 0.01893
0.01955, 0.01926
0.01996, 0.01959
0.02038, 0.01992
0.02080, 0.02025
0.02123, 0.02058
0.02166, 0.02091
0.02209, 0.02124
0.02253, 0.02157
0.02297, 0.02191
0.02342, 0.02224
0.02387, 0.02258
0.02433, 0.02292
0.02479, 0.02326
0.02525, 0.02360
0.02572, 0.02394
0.02619, 0.02428
0.02667, 0.02462
0.02715, 0.02496
0.02763, 0.02531
0.02812, 0.02565
0.02862, 0.02600
0.02911, 0.02635
0.02962, 0.02670
0.03012, 0.02705
0.03063, 0.02740
0.03115, 0.02775
0.03167, 0.02810
0.03219, 0.02846
0.03272, 0.02881
0.03325, 0.02917
0.03379, 0.02953
0.03433, 0.02989
0.03487, 0.03025
0.03542, 0.03061
0.03598, 0.03097
0.03654, 0.03134
0.03710, 0.03170
0.03767, 0.03207
0.03824, 0.03244
0.03881, 0.03280
0.03939, 0.03317
0.03998, 0.03355
0.04057, 0.03392
0.04116, 0.03429
0.04176, 0.03467
0.04236, 0.03504
0.04297, 0.03542
0.04358, 0.03580
0.04420, 0.03618
0.04482, 0.03656
0.04545, 0.03694
0.04608, 0.03733
0.04671, 0.03771
0.04735, 0.03810
0.04799, 0.03849
0.04864, 0.03887
0.04930, 0.03926
0.04995, 0.03966
0.05062, 0.04005
0.05128, 0.04044
0.05195, 0.04084
0.05263, 0.04123
0.05331, 0.04163
0.05400, 0.04203
0.05469, 0.04243
0.05538, 0.04283
0.05608, 0.04324
0.05679, 0.04364
0.05750, 0.04405
0.05821, 0.04445
0.05893, 0.04486
0.05965, 0.04527
0.06038, 0.04568
0.06112, 0.04609
0.06186, 0.04651
0.06260, 0.04692
0.06335, 0.04734
0.06410, 0.04775
0.06486, 0.04817
0.06562, 0.04859
0.06639, 0.04901
0.06716, 0.04944
0.06794, 0.04986
0.06872, 0.05028
0.06951, 0.05071
0.07031, 0.05113
0.07110, 0.05156
0.07191, 0.05199
0.07272, 0.05242
0.07353, 0.05285
0.07435, 0.05328
0.07517, 0.05372
0.07600, 0.05415
0.07684, 0.05459
0.07767, 0.05502
0.07852, 0.05546
0.07937, 0.05590
0.08022, 0.05634
0.08108, 0.05678
0.08195, 0.05722
0.08282, 0.05766
0.08370, 0.05811
0.08458, 0.05855
0.08547, 0.05900
0.08636, 0.05944
0.08726, 0.05989
0.08816, 0.06034
0.08907, 0.06079
0.08998, 0.06123
0.09090, 0.06168
0.09183, 0.06213
0.09276, 0.06259
0.09369, 0.06304
0.09464, 0.06349
0.09558, 0.06394
0.09654, 0.06440
0.09749, 0.06485
0.09846, 0.06530
0.09943, 0.06576
0.10040, 0.06622
0.10138, 0.06667
0.10237, 0.06713
0.10336, 0.06758
0.10436, 0.06804
0.10537, 0.06850
0.10638, 0.06895
0.10739, 0.06941
0.10841, 0.06987
0.10944, 0.07033
0.11047, 0.07078
0.11151, 0.07124
0.11256, 0.07170
0.11361, 0.07215
0.11467, 0.07261
0.11573, 0.07307
0.11680, 0.07352
0.11788, 0.07398
0.11896, 0.07444
0.12005, 0.07489
0.12115, 0.07535
0.12225, 0.07581
0.12337, 0.07626
0.12450, 0.07672
0.12563, 0.07717
0.12677, 0.07763
0.12793, 0.07808
0.12909, 0.07854
0.13026, 0.07899
0.13144, 0.07944
0.13263, 0.07989
0.13384, 0.08034
0.13505, 0.08079
0.13627, 0.08124
0.13750, 0.08169
0.13874, 0.08213
0.13999, 0.08257
0.14125, 0.08301
0.14253, 0.08344
0.14381, 0.08388
0.14510, 0.08431
0.14641, 0.08474
0.14772, 0.08516
0.14905, 0.08558
0.15038, 0.08600
0.15173, 0.08641
0.15309, 0.08682
0.15446, 0.08723
0.15585, 0.08763
0.15724, 0.08802
0.15865, 0.08841
0.16006, 0.08879
0.16149, 0.08917
0.16294, 0.08954
0.16439, 0.08991
0.16586, 0.09027
0.16734, 0.09062
0.16883, 0.09096
0.17033, 0.09130
0.17185, 0.09163
0.17338, 0.09195
0.17492, 0.09226
0.17647, 0.09257
0.17804, 0.09286
0.17962, 0.09314
0.18122, 0.09342
0.18282, 0.09368
0.18444, 0.09393
0.18608, 0.09417
0.18773, 0.09440
0.18939, 0.09462
0.19106, 0.09482
0.19275, 0.09501
0.19445, 0.09519
0.19616, 0.09535
0.19788, 0.09550
0.19961, 0.09564
0.20133, 0.09576
0.20305, 0.09586
0.20476, 0.09595
0.20647, 0.09602
0.20817, 0.09608
0.20986, 0.09613
0.21155, 0.09617
0.21323, 0.09619
0.21490, 0.09620
0.21657, 0.09620
0.21823, 0.09619
0.21988, 0.09616
0.22152, 0.09613
0.22316, 0.09608
0.22478, 0.09603
0.22640, 0.09597
0.22801, 0.09590
0.22962, 0.09582
0.23121, 0.09573
0.23279, 0.09563
0.23437, 0.09553
0.23594, 0.09542
0.23750, 0.09530
0.23905, 0.09518
0.24059, 0.09505
0.24212, 0.09492
0.24364, 0.09478
0.24515, 0.09464
0.24665, 0.09449
0.24815, 0.09435
0.24963, 0.09419
0.25110, 0.09404
0.25257, 0.09388
0.25402, 0.09372
0.25546, 0.09355
0.25690, 0.09339
0.25832, 0.09322
0.25973, 0.09306
0.26113, 0.09289
0.26253, 0.09272
0.26391, 0.09256
0.26528, 0.09239
0.26664, 0.09223
0.26799, 0.09206
0.26932, 0.09190
0.27065, 0.09174
0.27197, 0.09158
0.27327, 0.09142
0.27457, 0.09127
0.27586, 0.09112
0.27715, 0.09097
0.27844, 0.09082
0.27974, 0.09067
0.28103, 0.09052
0.28233, 0.09037
0.28363, 0.09023
0.28494, 0.09008
0.28625, 0.08994
0.28756, 0.08980
0.28887, 0.08966
0.29018, 0.08952
0.29150, 0.08938
0.29282, 0.08924
0.29415, 0.08910
0.29547, 0.08897
0.29680, 0.08883
0.29813, 0.08870
0.29946, 0.08856
0.30080, 0.08843
0.30214, 0.08830
0.30348, 0.08817
0.30482, 0.08804
0.30617, 0.08791
0.30752, 0.08778
0.30887, 0.08766
0.31022, 0.08753
0.31158, 0.08741
0.31294, 0.08728
0.31430, 0.08716
0.31566, 0.08704
0.31703, 0.08692
0.31840, 0.08680
0.31977, 0.08668
0.32115, 0.08656
0.32252, 0.08644
0.32390, 0.08633
0.32528, 0.08621
0.32667, 0.08610
0.32805, 0.08598
0.32944, 0.08587
0.33084, 0.08576
0.33223, 0.08565
0.33363, 0.08554
0.33503, 0.08543
0.33643, 0.08532
0.33783, 0.08521
0.33924, 0.08510
0.34065, 0.08500
0.34206, 0.08489
0.34347, 0.08479
0.34489, 0.08468
0.34631, 0.08458
0.34773, 0.08448
0.34915, 0.08437
0.35058, 0.08427
0.35200, 0.08417
0.35344, 0.08407
0.35487, 0.08397
0.35630, 0.08387
0.35774, 0.08377
0.35918, 0.08368
0.36062, 0.08358
0.36207, 0.08348
0.36351, 0.08339
0.36496, 0.08329
0.36641, 0.08320
0.36787, 0.08310
0.36932, 0.08301
0.37078, 0.08292
0.37224, 0.08282
0.37371, 0.08273
0.37517, 0.08264
0.37664, 0.08255
0.37811, 0.08246
0.37958, 0.08237
0.38105, 0.08228
0.38253, 0.08219
0.38400, 0.08210
0.38548, 0.08201
0.38697, 0.08192
0.38845, 0.08183
0.38994, 0.08175
0.39143, 0.08166
0.39292, 0.08157
0.39441, 0.08148
0.39590, 0.08140
0.39740, 0.08131
0.39890, 0.08123
0.40040, 0.08114
0.40190, 0.08105
0.40340, 0.08097
0.40491, 0.08088
0.40642, 0.08080
0.40793, 0.08071
0.40944, 0.08063
0.41096, 0.08054
0.41247, 0.08045
0.41399, 0.08037
0.41551, 0.08028
0.41703, 0.08020
0.41855, 0.08011
0.42008, 0.08003
0.42161, 0.07994
0.42314, 0.07986
0.42467, 0.07977
0.42620, 0.07969
0.42773, 0.07960
0.42927, 0.07951
0.43080, 0.07943
0.43234, 0.07934
0.43388, 0.07925
0.43543, 0.07917
0.43697, 0.07908
0.43852, 0.07899
0.44006, 0.07890
0.44161, 0.07882
0.44316, 0.07873
0.44471, 0.07864
0.44627, 0.07855
0.44782, 0.07846
0.44938, 0.07837
0.45094, 0.07828
0.45249, 0.07819
0.45406, 0.07809
0.45562, 0.07800
0.45718, 0.07791
0.45875, 0.07781
0.46031, 0.07772
0.46188, 0.07762
0.46345, 0.07753
0.46502, 0.07743
0.46659, 0.07734
0.46816, 0.07724
0.46974, 0.07714
0.47131, 0.07704
0.47289, 0.07694
0.47446, 0.07684
0.47604, 0.07674
0.47762, 0.07664
0.47920, 0.07653
0.48078, 0.07643
0.48237, 0.07632
0.48395, 0.07622
0.48554, 0.07611
0.48712, 0.07600
0.48871, 0.07589
0.49030, 0.07578
0.49189, 0.07567
0.49348, 0.07556
0.49507, 0.07544
0.49666, 0.07533
0.49825, 0.07521
0.49985, 0.07509
0.50144, 0.07498
0.50303, 0.07486
0.50463, 0.07473
0.50623, 0.07461
0.50782, 0.07449
0.50942, 0.07436
0.51102, 0.07424
0.51262, 0.07411
0.51422, 0.07398
0.51582, 0.07385
0.51742, 0.07372
0.51902, 0.07358
0.52063, 0.07345
0.52223, 0.07331
0.52383, 0.07317
0.52544, 0.07303
0.52704, 0.07289
0.52865, 0.07275
0.53025, 0.07260
0.53186, 0.07246
0.53346, 0.07231
0.53507, 0.07216
0.53668, 0.07200
0.53828, 0.07185
0.53989, 0.07170
0.54150, 0.07154
0.54311, 0.07138
0.54472, 0.07122
0.54632, 0.07106
0.54793, 0.07089
0.54954, 0.07072
0.55115, 0.07055
0.55276, 0.07038
0.55437, 0.07021
0.55598, 0.07004
0.55758, 0.06986
0.55919, 0.06968
0.56080, 0.06950
0.56241, 0.06932
0.56402, 0.06913
0.56563, 0.06894
0.56724, 0.06875
0.56885, 0.06856
0.57045, 0.06837
0.57206, 0.06817
0.57367, 0.06797
0.57528, 0.06777
0.57688, 0.06757
0.57849, 0.06736
0.58010, 0.06715
0.58170, 0.06694
0.58331, 0.06673
0.58492, 0.06651
0.58652, 0.06630
0.58813, 0.06608
0.58973, 0.06585
0.59133, 0.06563
0.59294, 0.06540
0.59454, 0.06517
0.59614, 0.06494
0.59774, 0.06470
0.59934, 0.06446
0.60094, 0.06422
0.60254, 0.06398
0.60414, 0.06373
0.60574, 0.06349
0.60734, 0.06323
0.60893, 0.06298
0.61053, 0.06272
0.61213, 0.06246
0.61372, 0.06220
0.61531, 0.06194
0.61690, 0.06167
0.61850, 0.06140
0.62009, 0.06112
0.62168, 0.06085
0.62326, 0.06057
0.62485, 0.06029
0.62644, 0.06000
0.62802, 0.05971
0.62961, 0.05942
0.63119, 0.05913
0.63277, 0.05883
0.63435, 0.05853
0.63593, 0.05823
0.63751, 0.05793
0.63909, 0.05762
0.64067, 0.05731
0.64224, 0.05699
0.64381, 0.05667
0.64538, 0.05635
0.64696, 0.05603
0.64852, 0.05570
0.65009, 0.05537
0.65166, 0.05504
0.65322, 0.05470
0.65479, 0.05436
0.65635, 0.05402
0.65791, 0.05368
0.65947, 0.05333
0.66102, 0.05298
0.66258, 0.05262
0.66413, 0.05226
0.66568, 0.05190
0.66723, 0.05154
0.66878, 0.05117
0.67033, 0.05080
0.67187, 0.05043
0.67341, 0.05005
0.67495, 0.04967
0.67648, 0.04929
0.67800, 0.04891
0.67952, 0.04852
0.68102, 0.04814
0.68252, 0.04775
0.68402, 0.04736
0.68551, 0.04697
0.68699, 0.04658
0.68846, 0.04619
0.68993, 0.04580
0.69139, 0.04541
0.69285, 0.04502
0.69429, 0.04463
0.69574, 0.04424
0.69717, 0.04385
0.69860, 0.04346
0.70002, 0.04307
0.70144, 0.04269
0.70285, 0.04230
0.70426, 0.04192
0.70566, 0.04154
0.70705, 0.04116
0.70844, 0.04078
0.70982, 0.04041
0.71119, 0.04003
0.71256, 0.03966
0.71393, 0.03930
0.71528, 0.03893
0.71664, 0.03857
0.71798, 0.03821
0.71932, 0.03785
0.72066, 0.03750
0.72199, 0.03715
0.72331, 0.03680
0.72463, 0.03646
0.72595, 0.03612
0.72726, 0.03578
0.72856, 0.03545
0.72986, 0.03513
0.73115, 0.03480
0.73244, 0.03448
0.73372, 0.03417
0.73500, 0.03386
0.73627, 0.03355
0.73754, 0.03325
0.73880, 0.03296
0.74006, 0.03267
0.74131, 0.03238
0.74256, 0.03210
0.74381, 0.03183
0.74504, 0.03156
0.74628, 0.03129
0.74751, 0.03103
0.74873, 0.03078
0.74995, 0.03053
0.75117, 0.03029
0.75238, 0.03005
0.75359, 0.02982
0.75481, 0.02960
0.75602, 0.02938
0.75723, 0.02916
0.75845, 0.02895
0.75966, 0.02875
0.76088, 0.02855
0.76209, 0.02835
0.76331, 0.02816
0.76453, 0.02797
0.76575, 0.02779
0.76697, 0.02762
0.76819, 0.02744
0.76942, 0.02727
0.77064, 0.02711
0.77186, 0.02695
0.77309, 0.02679
0.77431, 0.02664
0.77554, 0.02649
0.77676, 0.02635
0.77799, 0.02621
0.77921, 0.02607
0.78044, 0.02594
0.78166, 0.02581
0.78289, 0.02568
0.78411, 0.02556
0.78534, 0.02544
0.78657, 0.02532
0.78779, 0.02520
0.78902, 0.02509
0.79024, 0.02498
0.79147, 0.02488
0.79269, 0.02477
0.79391, 0.02467
0.79514, 0.02457
0.79636, 0.02447
0.79758, 0.02438
0.79880, 0.02429
0.80003, 0.02420
0.80125, 0.02411
0.80246, 0.02402
0.80368, 0.02394
0.80490, 0.02385
0.80612, 0.02377
0.80733, 0.02369
0.80855, 0.02362
0.80976, 0.02354
0.81097, 0.02346
0.81218, 0.02339
0.81339, 0.02332
0.81460, 0.02324
0.81581, 0.02317
0.81701, 0.02310
0.81822, 0.02303
0.81942, 0.02297
0.82062, 0.02290
0.82182, 0.02283
0.82302, 0.02276
0.82421, 0.02270
0.82540, 0.02263
0.82660, 0.02257
0.82779, 0.02250
0.82897, 0.02244
0.83016, 0.02237
0.83134, 0.02231
0.83253, 0.02224
0.83371, 0.02218
0.83488, 0.02211
0.83605, 0.02205
0.83722, 0.02199
0.83839, 0.02192
0.83955, 0.02185
0.84071, 0.02179
0.84187, 0.02172
0.84302, 0.02166
0.84417, 0.02159
0.84532, 0.02153
0.84646, 0.02146
0.84760, 0.02139
0.84874, 0.02133
0.84987, 0.02126
0.85100, 0.02119
0.85213, 0.02113
0.85325, 0.02106
0.85437, 0.02099
0.85549, 0.02092
0.85660, 0.02085
0.85771, 0.02079
0.85882, 0.02072
0.85992, 0.02065
0.86102, 0.02058
0.86211, 0.02051
0.86320, 0.02044
0.86429, 0.02037
0.86538, 0.02030
0.86646, 0.02023
0.86753, 0.02016
0.86861, 0.02009
0.86968, 0.02002
0.87074, 0.01995
0.87181, 0.01988
0.87286, 0.01980
0.87392, 0.01973
0.87497, 0.01966
0.87602, 0.01959
0.87706, 0.01951
0.87810, 0.01944
0.87914, 0.01937
0.88017, 0.01929
0.88120, 0.01922
0.88223, 0.01915
0.88325, 0.01907
0.88427, 0.01900
0.88528, 0.01892
0.88629, 0.01885
0.88730, 0.01877
0.88830, 0.01869
0.88930, 0.01862
0.89029, 0.01854
0.89128, 0.01847
0.89227, 0.01839
0.89325, 0.01831
0.89423, 0.01823
0.89520, 0.01816
0.89617, 0.01808
0.89714, 0.01800
0.89810, 0.01792
0.89906, 0.01784
0.90002, 0.01776
0.90097, 0.01768
0.90191, 0.01760
0.90286, 0.01752
0.90379, 0.01744
0.90473, 0.01736
0.90566, 0.01728
0.90658, 0.01720
0.90751, 0.01712
0.90842, 0.01704
0.90934, 0.01696
0.91025, 0.01688
0.91115, 0.01679
0.91205, 0.01671
0.91295, 0.01663
0.91384, 0.01655
0.91473, 0.01646
0.91562, 0.01638
0.91650, 0.01630
0.91737, 0.01621
0.91825, 0.01613
0.91911, 0.01605
0.91998, 0.01596
0.92084, 0.01588
0.92169, 0.01579
0.92254, 0.01571
0.92339, 0.01563
0.92423, 0.01554
0.92507, 0.01546
0.92590, 0.01537
0.92673, 0.01529
0.92755, 0.01520
0.92837, 0.01512
0.92919, 0.01503
0.93000, 0.01494
0.93081, 0.01486
0.93161, 0.01477
0.93241, 0.01469
0.93320, 0.01460
0.93399, 0.01451
0.93478, 0.01443
0.93556, 0.01434
0.93634, 0.01426
0.93711, 0.01417
0.93788, 0.01408
0.93864, 0.01400
0.93940, 0.01391
0.94015, 0.01382
0.94090, 0.01374
0.94165, 0.01365
0.94239, 0.01356
0.94312, 0.01348
0.94386, 0.01339
0.94458, 0.01331
0.94531, 0.01322
0.94602, 0.01313
0.94674, 0.01305
0.94745, 0.01296
0.94815, 0.01287
0.94885, 0.01279
0.94955, 0.01270
0.95024, 0.01262
0.95092, 0.01253
0.95161, 0.01244
0.95228, 0.01236
0.95296, 0.01227
0.95362, 0.01219
0.95429, 0.01210
0.95495, 0.01202
0.95560, 0.01193
0.95625, 0.01185
0.95690, 0.01176
0.95754, 0.01168
0.95817, 0.01159
0.95880, 0.01151
0.95943, 0.01143
0.96005, 0.01134
0.96067, 0.01126
0.96128, 0.01118
0.96189, 0.01109
0.96249, 0.01101
0.96309, 0.01093
0.96368, 0.01084
0.96427, 0.01076
0.96486, 0.01068
0.96544, 0.01060
0.96601, 0.01052
0.96658, 0.01044
0.96715, 0.01036
0.96771, 0.01028
0.96827, 0.01020
0.96882, 0.01012
0.96937, 0.01004
0.96991, 0.00996
0.97044, 0.00988
0.97098, 0.00980
0.97151, 0.00972
0.97203, 0.00965
0.97255, 0.00957
0.97306, 0.00949
0.97357, 0.00942
0.97407, 0.00934
0.97457, 0.00926
0.97507, 0.00919
0.97556, 0.00911
0.97604, 0.00904
0.97652, 0.00897
0.97700, 0.00889
0.97747, 0.00882
0.97794, 0.00875
0.97840, 0.00868
0.97885, 0.00860
0.97930, 0.00853
0.97975, 0.00846
0.98019, 0.00839
0.98063, 0.00832
0.98106, 0.00826
0.98149, 0.00819
0.98191, 0.00812
0.98233, 0.00805
0.98275, 0.00799
0.98315, 0.00792
0.98356, 0.00785
0.98396, 0.00779
0.98435, 0.00772
0.98474, 0.00766
0.98512, 0.00760
0.98550, 0.00754
0.98588, 0.00747
0.98625, 0.00741
0.98661, 0.00735
0.98697, 0.00729
0.98733, 0.00723
0.98768, 0.00717
0.98802, 0.00712
0.98836, 0.00706
0.98870, 0.00700
0.98903, 0.00695
0.98936, 0.00689
0.98968, 0.00684
0.98999, 0.00678
0.99030, 0.00673
0.99061, 0.00668
0.99091, 0.00662
0.99121, 0.00657
0.99150, 0.00652
0.99179, 0.00647
0.99207, 0.00642
0.99235, 0.00638
0.99262, 0.00633
0.99289, 0.00628
0.99315, 0.00624
0.99341, 0.00619
0.99366, 0.00615
0.99391, 0.00610
0.99415, 0.00606
0.99439, 0.00602
0.99462, 0.00598
0.99485, 0.00594
0.99508, 0.00590
0.99529, 0.00586
0.99551, 0.00582
0.99572, 0.00578
0.99592, 0.00575
0.99612, 0.00571
0.99631, 0.00567
0.99650, 0.00564
0.99669, 0.00561
0.99687, 0.00558
0.99704, 0.00554
0.99721, 0.00551
0.99738, 0.00548
0.99754, 0.00545
0.99769, 0.00543
0.99784, 0.00540
0.99799, 0.00537
0.99813, 0.00535
0.99826, 0.00532
0.99839, 0.00530
0.99852, 0.00528
0.99864, 0.00525
0.99875, 0.00523
0.99886, 0.00521
0.99897, 0.00519
0.99907, 0.00518
0.99917, 0.00516
0.99926, 0.00514
0.99934, 0.00513
0.99942, 0.00511
0.99950, 0.00510
0.99957, 0.00508
0.99964, 0.00507
0.99970, 0.00506
0.99976, 0.00505
0.99981, 0.00504
0.99986, 0.00503
0.99990, 0.00502
0.99993, 0.00502
0.99997, 0.00501
0.99999, 0.00501
1.00002, 0.00500
1.00003, 0.00500
1.00005, 0.00500
1.00007, 0.00499
1.00008, 0.00499

=== Lower Surface ===
0.00000, -0.01076
0.00005, -0.01104
0.00009, -0.01132
0.00014, -0.01159
0.00019, -0.01187
0.00025, -0.01214
0.00032, -0.01241
0.00039, -0.01268
0.00047, -0.01295
0.00055, -0.01322
0.00063, -0.01349
0.00072, -0.01375
0.00082, -0.01402
0.00092, -0.01428
0.00102, -0.01454
0.00114, -0.01481
0.00125, -0.01507
0.00137, -0.01533
0.00150, -0.01558
0.00163, -0.01584
0.00177, -0.01610
0.00191, -0.01635
0.00205, -0.01661
0.00221, -0.01686
0.00236, -0.01711
0.00253, -0.01736
0.00269, -0.01761
0.00287, -0.01786
0.00304, -0.01810
0.00323, -0.01835
0.00341, -0.01859
0.00361, -0.01883
0.00381, -0.01908
0.00401, -0.01932
0.00422, -0.01956
0.00443, -0.01979
0.00465, -0.02003
0.00488, -0.02026
0.00511, -0.02050
0.00535, -0.02073
0.00559, -0.02096
0.00583, -0.02119
0.00609, -0.02142
0.00634, -0.02165
0.00661, -0.02187
0.00687, -0.02210
0.00715, -0.02232
0.00742, -0.02254
0.00771, -0.02276
0.00800, -0.02298
0.00829, -0.02319
0.00859, -0.02341
0.00890, -0.02362
0.00921, -0.02383
0.00952, -0.02405
0.00985, -0.02425
0.01017, -0.02446
0.01051, -0.02467
0.01084, -0.02487
0.01119, -0.02507
0.01154, -0.02528
0.01189, -0.02547
0.01225, -0.02567
0.01261, -0.02587
0.01298, -0.02606
0.01336, -0.02625
0.01374, -0.02645
0.01413, -0.02663
0.01452, -0.02682
0.01492, -0.02701
0.01532, -0.02719
0.01573, -0.02737
0.01614, -0.02755
0.01656, -0.02773
0.01698, -0.02791
0.01741, -0.02808
0.01785, -0.02825
0.01829, -0.02842
0.01874, -0.02859
0.01919, -0.02876
0.01964, -0.02892
0.02011, -0.02909
0.02057, -0.02925
0.02105, -0.02941
0.02153, -0.02956
0.02201, -0.02972
0.02250, -0.02987
0.02299, -0.03002
0.02349, -0.03017
0.02400, -0.03031
0.02451, -0.03046
0.02502, -0.03060
0.02554, -0.03074
0.02607, -0.03087
0.02660, -0.03101
0.02714, -0.03114
0.02768, -0.03127
0.02823, -0.03140
0.02878, -0.03153
0.02934, -0.03165
0.02990, -0.03177
0.03047, -0.03189
0.03104, -0.03201
0.03162, -0.03212
0.03221, -0.03223
0.03279, -0.03234
0.03339, -0.03245
0.03399, -0.03256
0.03459, -0.03266
0.03520, -0.03276
0.03582, -0.03285
0.03644, -0.03295
0.03706, -0.03304
0.03769, -0.03313
0.03833, -0.03322
0.03897, -0.03330
0.03961, -0.03339
0.04026, -0.03347
0.04092, -0.03354
0.04158, -0.03362
0.04224, -0.03369
0.04291, -0.03376
0.04359, -0.03382
0.04426, -0.03389
0.04495, -0.03395
0.04564, -0.03401
0.04633, -0.03406
0.04703, -0.03412
0.04774, -0.03417
0.04844, -0.03422
0.04916, -0.03426
0.04988, -0.03430
0.05060, -0.03434
0.05133, -0.03438
0.05206, -0.03442
0.05279, -0.03445
0.05354, -0.03448
0.05428, -0.03450
0.05503, -0.03453
0.05579, -0.03455
0.05655, -0.03456
0.05731, -0.03458
0.05808, -0.03459
0.05885, -0.03460
0.05963, -0.03461
0.06041, -0.03461
0.06120, -0.03461
0.06199, -0.03461
0.06278, -0.03461
0.06358, -0.03460
0.06439, -0.03459
0.06519, -0.03458
0.06601, -0.03456
0.06682, -0.03455
0.06764, -0.03453
0.06847, -0.03450
0.06930, -0.03448
0.07013, -0.03445
0.07097, -0.03441
0.07181, -0.03438
0.07265, -0.03434
0.07350, -0.03430
0.07436, -0.03426
0.07521, -0.03421
0.07607, -0.03417
0.07694, -0.03412
0.07781, -0.03406
0.07868, -0.03401
0.07956, -0.03395
0.08044, -0.03389
0.08132, -0.03382
0.08221, -0.03376
0.08310, -0.03369
0.08399, -0.03361
0.08489, -0.03354
0.08579, -0.03346
0.08670, -0.03338
0.08761, -0.03330
0.08852, -0.03322
0.08943, -0.03313
0.09035, -0.03304
0.09128, -0.03295
0.09220, -0.03285
0.09313, -0.03275
0.09406, -0.03266
0.09500, -0.03255
0.09594, -0.03245
0.09688, -0.03234
0.09783, -0.03223
0.09877, -0.03212
0.09973, -0.03201
0.10068, -0.03189
0.10164, -0.03178
0.10260, -0.03166
0.10356, -0.03153
0.10453, -0.03141
0.10550, -0.03128
0.10647, -0.03116
0.10744, -0.03103
0.10842, -0.03089
0.10940, -0.03076
0.11039, -0.03062
0.11137, -0.03048
0.11236, -0.03034
0.11335, -0.03020
0.11434, -0.03006
0.11534, -0.02991
0.11634, -0.02977
0.11734, -0.02962
0.11834, -0.02947
0.11935, -0.02931
0.12036, -0.02916
0.12137, -0.02901
0.12238, -0.02885
0.12339, -0.02869
0.12441, -0.02853
0.12543, -0.02837
0.12645, -0.02821
0.12747, -0.02804
0.12850, -0.02788
0.12952, -0.02771
0.13055, -0.02755
0.13158, -0.02738
0.13262, -0.02721
0.13365, -0.02704
0.13469, -0.02687
0.13573, -0.02670
0.13676, -0.02652
0.13781, -0.02635
0.13885, -0.02618
0.13989, -0.02600
0.14094, -0.02583
0.14199, -0.02565
0.14303, -0.02547
0.14408, -0.02530
0.14514, -0.02512
0.14619, -0.02494
0.14724, -0.02476
0.14830, -0.02458
0.14935, -0.02441
0.15040, -0.02423
0.15145, -0.02405
0.15250, -0.02388
0.15355, -0.02370
0.15459, -0.02353
0.15564, -0.02336
0.15668, -0.02319
0.15772, -0.02302
0.15875, -0.02285
0.15978, -0.02269
0.16081, -0.02252
0.16184, -0.02236
0.16287, -0.02221
0.16389, -0.02205
0.16491, -0.02190
0.16592, -0.02175
0.16694, -0.02160
0.16794, -0.02145
0.16895, -0.02131
0.16995, -0.02117
0.17095, -0.02104
0.17194, -0.02091
0.17293, -0.02078
0.17391, -0.02065
0.17490, -0.02053
0.17587, -0.02041
0.17684, -0.02030
0.17781, -0.02019
0.17877, -0.02009
0.17973, -0.01999
0.18068, -0.01989
0.18162, -0.01980
0.18257, -0.01971
0.18350, -0.01963
0.18443, -0.01956
0.18535, -0.01948
0.18627, -0.01942
0.18718, -0.01935
0.18809, -0.01930
0.18899, -0.01925
0.18988, -0.01920
0.19076, -0.01916
0.19164, -0.01912
0.19252, -0.01909
0.19338, -0.01907
0.19424, -0.01905
0.19509, -0.01904
0.19594, -0.01903
0.19677, -0.01903
0.19760, -0.01903
0.19843, -0.01904
0.19924, -0.01906
0.20005, -0.01908
0.20085, -0.01910
0.20165, -0.01914
0.20244, -0.01918
0.20323, -0.01922
0.20404, -0.01927
0.20485, -0.01932
0.20567, -0.01938
0.20651, -0.01945
0.20736, -0.01952
0.20822, -0.01959
0.20909, -0.01967
0.20998, -0.01976
0.21088, -0.01985
0.21179, -0.01995
0.21271, -0.02005
0.21365, -0.02015
0.21460, -0.02027
0.21557, -0.02039
0.21654, -0.02051
0.21754, -0.02064
0.21854, -0.02077
0.21956, -0.02091
0.22060, -0.02106
0.22164, -0.02121
0.22271, -0.02136
0.22378, -0.02152
0.22487, -0.02168
0.22598, -0.02185
0.22710, -0.02203
0.22823, -0.02221
0.22938, -0.02239
0.23054, -0.02258
0.23172, -0.02277
0.23291, -0.02297
0.23412, -0.02316
0.23534, -0.02337
0.23658, -0.02357
0.23783, -0.02378
0.23910, -0.02400
0.24038, -0.02421
0.24168, -0.02443
0.24299, -0.02465
0.24432, -0.02487
0.24567, -0.02510
0.24703, -0.02532
0.24840, -0.02555
0.24979, -0.02578
0.25120, -0.02601
0.25262, -0.02624
0.25406, -0.02647
0.25551, -0.02669
0.25698, -0.02692
0.25846, -0.02715
0.25995, -0.02737
0.26145, -0.02759
0.26295, -0.02781
0.26445, -0.02802
0.26596, -0.02823
0.26746, -0.02844
0.26897, -0.02865
0.27048, -0.02885
0.27199, -0.02904
0.27351, -0.02924
0.27502, -0.02943
0.27654, -0.02961
0.27806, -0.02980
0.27958, -0.02998
0.28110, -0.03015
0.28262, -0.03033
0.28415, -0.03049
0.28567, -0.03066
0.28720, -0.03082
0.28873, -0.03098
0.29026, -0.03114
0.29180, -0.03129
0.29333, -0.03144
0.29487, -0.03159
0.29640, -0.03173
0.29794, -0.03187
0.29948, -0.03201
0.30102, -0.03214
0.30256, -0.03227
0.30411, -0.03240
0.30565, -0.03252
0.30720, -0.03264
0.30874, -0.03276
0.31029, -0.03288
0.31184, -0.03299
0.31339, -0.03310
0.31494, -0.03320
0.31650, -0.03330
0.31805, -0.03340
0.31960, -0.03350
0.32116, -0.03359
0.32272, -0.03368
0.32427, -0.03377
0.32583, -0.03386
0.32739, -0.03394
0.32895, -0.03402
0.33051, -0.03409
0.33207, -0.03416
0.33364, -0.03423
0.33520, -0.03430
0.33676, -0.03437
0.33833, -0.03443
0.33990, -0.03449
0.34146, -0.03454
0.34303, -0.03460
0.34460, -0.03465
0.34616, -0.03470
0.34773, -0.03474
0.34930, -0.03478
0.35087, -0.03482
0.35244, -0.03486
0.35402, -0.03490
0.35559, -0.03493
0.35716, -0.03496
0.35873, -0.03499
0.36031, -0.03501
0.36188, -0.03504
0.36345, -0.03506
0.36503, -0.03507
0.36660, -0.03509
0.36818, -0.03510
0.36975, -0.03512
0.37133, -0.03512
0.37291, -0.03513
0.37448, -0.03514
0.37606, -0.03514
0.37764, -0.03514
0.37921, -0.03514
0.38079, -0.03513
0.38237, -0.03512
0.38395, -0.03512
0.38553, -0.03511
0.38710, -0.03509
0.38868, -0.03508
0.39026, -0.03506
0.39184, -0.03504
0.39342, -0.03502
0.39500, -0.03500
0.39658, -0.03498
0.39815, -0.03495
0.39973, -0.03493
0.40131, -0.03490
0.40289, -0.03487
0.40447, -0.03483
0.40605, -0.03480
0.40763, -0.03476
0.40921, -0.03473
0.41078, -0.03469
0.41236, -0.03465
0.41394, -0.03460
0.41552, -0.03456
0.41710, -0.03451
0.41867, -0.03447
0.42025, -0.03442
0.42183, -0.03437
0.42341, -0.03432
0.42498, -0.03427
0.42656, -0.03421
0.42814, -0.03416
0.42971, -0.03410
0.43129, -0.03405
0.43286, -0.03399
0.43444, -0.03393
0.43601, -0.03387
0.43759, -0.03381
0.43916, -0.03374
0.44073, -0.03368
0.44231, -0.03362
0.44388, -0.03355
0.44545, -0.03348
0.44702, -0.03342
0.44860, -0.03335
0.45017, -0.03328
0.45174, -0.03321
0.45331, -0.03314
0.45488, -0.03307
0.45645, -0.03299
0.45802, -0.03292
0.45958, -0.03285
0.46115, -0.03277
0.46272, -0.03270
0.46428, -0.03262
0.46585, -0.03255
0.46742, -0.03247
0.46898, -0.03239
0.47054, -0.03232
0.47211, -0.03224
0.47367, -0.03216
0.47523, -0.03208
0.47679, -0.03200
0.47836, -0.03192
0.47992, -0.03184
0.48148, -0.03176
0.48303, -0.03168
0.48459, -0.03160
0.48615, -0.03152
0.48771, -0.03144
0.48926, -0.03136
0.49082, -0.03128
0.49237, -0.03120
0.49393, -0.03112
0.49548, -0.03104
0.49703, -0.03096
0.49858, -0.03088
0.50013, -0.03080
0.50168, -0.03072
0.50323, -0.03064
0.50478, -0.03056
0.50633, -0.03048
0.50787, -0.03040
0.50942, -0.03032
0.51096, -0.03024
0.51251, -0.03016
0.51405, -0.03008
0.51559, -0.03001
0.51713, -0.02993
0.51867, -0.02985
0.52021, -0.02978
0.52175, -0.02970
0.52329, -0.02962
0.52482, -0.02955
0.52636, -0.02948
0.52789, -0.02940
0.52943, -0.02933
0.53096, -0.02926
0.53249, -0.02919
0.53402, -0.02911
0.53555, -0.02905
0.53708, -0.02898
0.53861, -0.02891
0.54013, -0.02884
0.54166, -0.02877
0.54318, -0.02871
0.54470, -0.02864
0.54623, -0.02858
0.54775, -0.02852
0.54927, -0.02845
0.55079, -0.02839
0.55231, -0.02833
0.55382, -0.02827
0.55534, -0.02822
0.55685, -0.02816
0.55837, -0.02811
0.55988, -0.02805
0.56139, -0.02800
0.56290, -0.02795
0.56441, -0.02790
0.56592, -0.02785
0.56742, -0.02780
0.56893, -0.02775
0.57043, -0.02771
0.57194, -0.02766
0.57344, -0.02762
0.57494, -0.02758
0.57644, -0.02754
0.57794, -0.02750
0.57943, -0.02747
0.58093, -0.02743
0.58242, -0.02740
0.58392, -0.02737
0.58541, -0.02734
0.58690, -0.02731
0.58839, -0.02728
0.58988, -0.02726
0.59137, -0.02723
0.59285, -0.02721
0.59434, -0.02719
0.59582, -0.02717
0.59731, -0.02716
0.59879, -0.02714
0.60027, -0.02713
0.60174, -0.02712
0.60322, -0.02711
0.60470, -0.02710
0.60617, -0.02710
0.60765, -0.02709
0.60912, -0.02709
0.61059, -0.02709
0.61206, -0.02709
0.61353, -0.02710
0.61499, -0.02711
0.61646, -0.02711
0.61792, -0.02712
0.61939, -0.02714
0.62085, -0.02715
0.62231, -0.02717
0.62377, -0.02719
0.62522, -0.02721
0.62668, -0.02723
0.62813, -0.02726
0.62959, -0.02729
0.63104, -0.02732
0.63249, -0.02735
0.63394, -0.02738
0.63539, -0.02742
0.63683, -0.02746
0.63828, -0.02750
0.63972, -0.02754
0.64116, -0.02759
0.64261, -0.02764
0.64404, -0.02769
0.64548, -0.02774
0.64692, -0.02780
0.64835, -0.02786
0.64979, -0.02792
0.65122, -0.02798
0.65265, -0.02805
0.65408, -0.02812
0.65551, -0.02819
0.65693, -0.02826
0.65836, -0.02833
0.65978, -0.02841
0.66121, -0.02849
0.66263, -0.02858
0.66406, -0.02867
0.66550, -0.02876
0.66693, -0.02885
0.66837, -0.02894
0.66982, -0.02904
0.67126, -0.02914
0.67271, -0.02924
0.67417, -0.02935
0.67562, -0.02945
0.67708, -0.02956
0.67855, -0.02967
0.68001, -0.02978
0.68148, -0.02989
0.68295, -0.03000
0.68442, -0.03012
0.68590, -0.03023
0.68737, -0.03034
0.68886, -0.03045
0.69034, -0.03057
0.69182, -0.03068
0.69331, -0.03079
0.69480, -0.03090
0.69629, -0.03101
0.69778, -0.03112
0.69928, -0.03123
0.70077, -0.03134
0.70227, -0.03144
0.70377, -0.03155
0.70527, -0.03165
0.70677, -0.03175
0.70828, -0.03185
0.70978, -0.03194
0.71129, -0.03203
0.71279, -0.03212
0.71430, -0.03221
0.71581, -0.03229
0.71732, -0.03237
0.71883, -0.03244
0.72035, -0.03252
0.72186, -0.03258
0.72337, -0.03265
0.72489, -0.03271
0.72640, -0.03276
0.72791, -0.03281
0.72943, -0.03286
0.73095, -0.03290
0.73246, -0.03293
0.73398, -0.03296
0.73549, -0.03299
0.73701, -0.03301
0.73853, -0.03302
0.74004, -0.03303
0.74156, -0.03303
0.74307, -0.03303
0.74459, -0.03302
0.74610, -0.03300
0.74762, -0.03297
0.74913, -0.03294
0.75063, -0.03290
0.75213, -0.03286
0.75362, -0.03281
0.75511, -0.03275
0.75659, -0.03268
0.75806, -0.03261
0.75953, -0.03253
0.76099, -0.03245
0.76245, -0.03236
0.76390, -0.03227
0.76534, -0.03217
0.76678, -0.03206
0.76821, -0.03195
0.76964, -0.03184
0.77106, -0.03172
0.77247, -0.03160
0.77388, -0.03147
0.77529, -0.03133
0.77668, -0.03120
0.77807, -0.03106
0.77946, -0.03091
0.78084, -0.03076
0.78221, -0.03061
0.78358, -0.03045
0.78495, -0.03030
0.78630, -0.03013
0.78765, -0.02997
0.78900, -0.02980
0.79034, -0.02963
0.79168, -0.02945
0.79301, -0.02928
0.79433, -0.02910
0.79565, -0.02892
0.79696, -0.02873
0.79827, -0.02855
0.79958, -0.02836
0.80087, -0.02817
0.80217, -0.02798
0.80345, -0.02779
0.80474, -0.02759
0.80601, -0.02739
0.80729, -0.02720
0.80855, -0.02700
0.80981, -0.02680
0.81107, -0.02660
0.81232, -0.02640
0.81357, -0.02619
0.81481, -0.02599
0.81605, -0.02578
0.81728, -0.02558
0.81851, -0.02537
0.81973, -0.02517
0.82095, -0.02496
0.82216, -0.02475
0.82337, -0.02455
0.82458, -0.02434
0.82578, -0.02413
0.82697, -0.02393
0.82816, -0.02372
0.82934, -0.02351
0.83052, -0.02331
0.83170, -0.02310
0.83287, -0.02289
0.83404, -0.02269
0.83520, -0.02248
0.83636, -0.02228
0.83751, -0.02208
0.83867, -0.02187
0.83981, -0.02167
0.84096, -0.02147
0.84210, -0.02127
0.84324, -0.02106
0.84437, -0.02086
0.84550, -0.02066
0.84663, -0.02047
0.84775, -0.02027
0.84887, -0.02007
0.84999, -0.01987
0.85110, -0.01967
0.85221, -0.01948
0.85332, -0.01928
0.85442, -0.01909
0.85552, -0.01890
0.85662, -0.01870
0.85771, -0.01851
0.85880, -0.01832
0.85988, -0.01813
0.86096, -0.01794
0.86204, -0.01775
0.86311, -0.01756
0.86418, -0.01737
0.86525, -0.01718
0.86631, -0.01700
0.86737, -0.01681
0.86843, -0.01663
0.86948, -0.01644
0.87053, -0.01626
0.87157, -0.01608
0.87261, -0.01590
0.87365, -0.01572
0.87468, -0.01554
0.87571, -0.01536
0.87674, -0.01518
0.87776, -0.01500
0.87878, -0.01482
0.87979, -0.01465
0.88081, -0.01447
0.88181, -0.01430
0.88282, -0.01413
0.88382, -0.01396
0.88481, -0.01379
0.88581, -0.01362
0.88679, -0.01345
0.88778, -0.01328
0.88876, -0.01311
0.88974, -0.01294
0.89071, -0.01278
0.89168, -0.01261
0.89265, -0.01245
0.89361, -0.01229
0.89457, -0.01213
0.89552, -0.01197
0.89647, -0.01181
0.89742, -0.01165
0.89836, -0.01149
0.89930, -0.01133
0.90024, -0.01118
0.90117, -0.01102
0.90209, -0.01087
0.90302, -0.01071
0.90394, -0.01056
0.90485, -0.01041
0.90576, -0.01026
0.90667, -0.01011
0.90758, -0.00996
0.90848, -0.00982
0.90937, -0.00967
0.91026, -0.00953
0.91115, -0.00938
0.91204, -0.00924
0.91292, -0.00910
0.91379, -0.00895
0.91466, -0.00881
0.91553, -0.00868
0.91640, -0.00854
0.91726, -0.00840
0.91811, -0.00826
0.91897, -0.00813
0.91981, -0.00799
0.92066, -0.00786
0.92150, -0.00773
0.92233, -0.00760
0.92317, -0.00747
0.92399, -0.00734
0.92482, -0.00721
0.92564, -0.00708
0.92645, -0.00696
0.92726, -0.00683
0.92807, -0.00671
0.92887, -0.00658
0.92967, -0.00646
0.93047, -0.00634
0.93126, -0.00622
0.93204, -0.00610
0.93283, -0.00598
0.93361, -0.00587
0.93438, -0.00575
0.93515, -0.00563
0.93592, -0.00552
0.93668, -0.00541
0.93743, -0.00529
0.93819, -0.00518
0.93894, -0.00507
0.93968, -0.00496
0.94042, -0.00486
0.94116, -0.00475
0.94189, -0.00464
0.94262, -0.00454
0.94334, -0.00443
0.94406, -0.00433
0.94478, -0.00423
0.94549, -0.00412
0.94619, -0.00402
0.94689, -0.00392
0.94759, -0.00382
0.94829, -0.00373
0.94898, -0.00363
0.94966, -0.00353
0.95034, -0.00344
0.95102, -0.00334
0.95169, -0.00325
0.95236, -0.00316
0.95302, -0.00307
0.95368, -0.00298
0.95433, -0.00289
0.95498, -0.00280
0.95563, -0.00271
0.95627, -0.00262
0.95691, -0.00254
0.95754, -0.00245
0.95817, -0.00237
0.95879, -0.00229
0.95941, -0.00220
0.96002, -0.00212
0.96063, -0.00204
0.96124, -0.00196
0.96184, -0.00188
0.96244, -0.00181
0.96303, -0.00173
0.96362, -0.00165
0.96420, -0.00158
0.96478, -0.00150
0.96535, -0.00143
0.96592, -0.00136
0.96649, -0.00128
0.96705, -0.00121
0.96761, -0.00114
0.96816, -0.00107
0.96870, -0.00100
0.96925, -0.00094
0.96979, -0.00087
0.97032, -0.00080
0.97085, -0.00074
0.97137, -0.00067
0.97189, -0.00061
0.97241, -0.00054
0.97292, -0.00048
0.97342, -0.00042
0.97392, -0.00036
0.97442, -0.00030
0.97491, -0.00024
0.97540, -0.00018
0.97588, -0.00013
0.97636, -0.00007
0.97684, -0.00001
0.97731, 0.00004
0.97777, 0.00010
0.97823, 0.00015
0.97868, 0.00021
0.97913, 0.00026
0.97958, 0.00031
0.98002, 0.00036
0.98046, 0.00041
0.98089, 0.00046
0.98132, 0.00051
0.98174, 0.00056
0.98215, 0.00061
0.98257, 0.00065
0.98298, 0.00070
0.98338, 0.00074
0.98378, 0.00079
0.98417, 0.00083
0.98456, 0.00088
0.98494, 0.00092
0.98532, 0.00096
0.98570, 0.00100
0.98607, 0.00104
0.98643, 0.00108
0.98679, 0.00112
0.98715, 0.00116
0.98750, 0.00120
0.98785, 0.00124
0.98819, 0.00127
0.98852, 0.00131
0.98886, 0.00135
0.98918, 0.00138
0.98950, 0.00142
0.98982, 0.00145
0.99013, 0.00148
0.99044, 0.00152
0.99074, 0.00155
0.99104, 0.00158
0.99134, 0.00161
0.99162, 0.00164
0.99191, 0.00167
0.99219, 0.00170
0.99246, 0.00173
0.99273, 0.00175
0.99299, 0.00178
0.99325, 0.00181
0.99351, 0.00183
0.99375, 0.00186
0.99400, 0.00189
0.99424, 0.00191
0.99447, 0.00193
0.99470, 0.00196
0.99493, 0.00198
0.99515, 0.00200
0.99536, 0.00202
0.99557, 0.00205
0.99578, 0.00207
0.99598, 0.00209
0.99617, 0.00211
0.99637, 0.00213
0.99655, 0.00214
0.99673, 0.00216
0.99691, 0.00218
0.99708, 0.00220
0.99724, 0.00221
0.99741, 0.00223
0.99756, 0.00224
0.99771, 0.00226
0.99786, 0.00227
0.99800, 0.00229
0.99814, 0.00230
0.99827, 0.00231
0.99839, 0.00233
0.99852, 0.00234
0.99863, 0.00235
0.99874, 0.00236
0.99885, 0.00237
0.99895, 0.00238
0.99905, 0.00239
0.99914, 0.00240
0.99923, 0.00241
0.99931, 0.00242
0.99939, 0.00242
0.99946, 0.00243
0.99953, 0.00244
0.99959, 0.00244
0.99964, 0.00245
0.99970, 0.00245
0.99974, 0.00246
0.99979, 0.00246
0.99982, 0.00247
0.99986, 0.00247
0.99988, 0.00247
0.99991, 0.00247
0.99992, 0.00247
0.99993, 0.00248
0.99992, 0.00248
0.99992, 0.00248
