=== Airfoil Parameters ===
m = 0.02
p = 0.4
t = 0.12

=== Control Points ===
0.00000, -0.01366, -0.01366
0.06667, -0.00976, -0.01587
0.13333, -0.00731, -0.01842
0.20000, -0.00125, -0.01625
0.26667, 0.01118, -0.00660
0.66667, 0.02135, 0.00530
0.75000, 0.02444, 0.01125
0.83333, 0.01814, 0.00858
0.91667, 0.00671, 0.00154
1.00000, -0.00378, -0.00378

=== Upper Surface ===
0.00000, -0.01366
-0.00003, -0.01339
-0.00004, -0.01311
-0.00006, -0.01283
-0.00006, -0.01255
-0.00007, -0.01227
-0.00007, -0.01199
-0.00006, -0.01171
-0.00005, -0.01143
-0.00003, -0.01115
-0.00001, -0.01087
0.00002, -0.01059
0.00005, -0.01031
0.00009, -0.01003
0.00013, -0.00975
0.00018, -0.00947
0.00023, -0.00919
0.00029, -0.00891
0.00035, -0.00863
0.00041, -0.00835
0.00049, -0.00807
0.00056, -0.00779
0.00065, -0.00751
0.00073, -0.00723
0.00083, -0.00695
0.00092, -0.00667
0.00103, -0.00639
0.00113, -0.00611
0.00125, -0.00582
0.00137, -0.00554
0.00149, -0.00526
0.00162, -0.00498
0.00175, -0.00470
0.00189, -0.00442
0.00203, -0.00414
0.00218, -0.00386
0.00234, -0.00358
0.00250, -0.00330
0.00266, -0.00302
0.00283, -0.00274
0.00300, -0.00246
0.00318, -0.00217
0.00337, -0.00189
0.00356, -0.00161
0.00375, -0.00133
0.00395, -0.00105
0.00416, -0.00077
0.00437, -0.00049
0.00458, -0.00021
0.00481, 0.00007
0.00503, 0.00035
0.00526, 0.00063
0.00550, 0.00091
0.00574, 0.00119
0.00599, 0.00147
0.00624, 0.00175
0.00649, 0.00203
0.00676, 0.00231
0.00702, 0.00259
0.00730, 0.00287
0.00757, 0.00315
0.00786, 0.00343
0.00814, 0.00370
0.00844, 0.00398
0.00874, 0.00426
0.00904, 0.00454
0.00935, 0.00482
0.00966, 0.00510
0.00998, 0.00537
0.01030, 0.00565
0.01063, 0.00593
0.01097, 0.00620
0.01130, 0.00648
0.01165, 0.00676
0.01200, 0.00703
0.01235, 0.00731
0.01271, 0.00759
0.01308, 0.00786
0.01345, 0.00814
0.01382, 0.00841
0.01420, 0.00869
0.01459, 0.00896
0.01498, 0.00923
0.01537, 0.00951
0.01577, 0.00978
0.01618, 0.01005
0.01659, 0.01033
0.01701, 0.01060
0.01743, 0.01087
0.01785, 0.01114
0.01828, 0.01141
0.01872, 0.01168
0.01916, 0.01195
0.01961, 0.01222
0.02006, 0.01249
0.02051, 0.01276
0.02098, 0.01303
0.02144, 0.01330
0.02191, 0.01356
0.02239, 0.01383
0.02287, 0.01410
0.02336, 0.01436
0.02385, 0.01463
0.02434, 0.01489
0.02485, 0.01516
0.02535, 0.01542
0.02586, 0.01569
0.02638, 0.01595
0.02690, 0.01621
0.02743, 0.01647
0.02796, 0.01674
0.02849, 0.01700
0.02903, 0.01726
0.02958, 0.01752
0.03013, 0.01777
0.03068, 0.01803
0.03124, 0.01829
0.03181, 0.01855
0.03238, 0.01880
0.03295, 0.01906
0.03353, 0.01932
0.03412, 0.01957
0.03470, 0.01982
0.03530, 0.02008
0.03590, 0.02033
0.03650, 0.02058
0.03711, 0.02083
0.03772, 0.02108
0.03834, 0.02133
0.03896, 0.02158
0.03959, 0.02183
0.04022, 0.02208
0.04085, 0.02233
0.04149, 0.02257
0.04214, 0.02282
0.04279, 0.02306
0.04344, 0.02331
0.04410, 0.02355
0.04477, 0.02379
0.04544, 0.02403
0.04611, 0.02428
0.04679, 0.02452
0.04747, 0.02476
0.04815, 0.02499
0.04885, 0.02523
0.04954, 0.02547
0.05024, 0.02571
0.05094, 0.02594
0.05165, 0.02618
0.05237, 0.02641
0.05308, 0.02664
0.05381, 0.02688
0.05453, 0.02711
0.05526, 0.02734
0.05600, 0.02757
0.05674, 0.02780
0.05748, 0.02803
0.05823, 0.02825
0.05898, 0.02848
0.05974, 0.02871
0.06050, 0.02893
0.06126, 0.02915
0.06203, 0.02938
0.06280, 0.02960
0.06358, 0.02982
0.06436, 0.03004
0.06515, 0.03026
0.06594, 0.03048
0.06673, 0.03070
0.06753, 0.03092
0.06833, 0.03114
0.06913, 0.03135
0.06994, 0.03157
0.07076, 0.03178
0.07158, 0.03199
0.07240, 0.03221
0.07322, 0.03242
0.07405, 0.03263
0.07488, 0.03284
0.07572, 0.03305
0.07656, 0.03326
0.07741, 0.03347
0.07826, 0.03367
0.07911, 0.03388
0.07996, 0.03408
0.08082, 0.03429
0.08169, 0.03449
0.08255, 0.03470
0.08342, 0.03490
0.08430, 0.03510
0.08518, 0.03530
0.08606, 0.03550
0.08694, 0.03570
0.08783, 0.03590
0.08872, 0.03610
0.08962, 0.03630
0.09052, 0.03649
0.09142, 0.03669
0.09233, 0.03688
0.09323, 0.03708
0.09415, 0.03727
0.09506, 0.03747
0.09598, 0.03766
0.09691, 0.03785
0.09783, 0.03804
0.09876, 0.03823
0.09969, 0.03842
0.10063, 0.03861
0.10157, 0.03880
0.10251, 0.03899
0.10345, 0.03918
0.10440, 0.03937
0.10535, 0.03955
0.10631, 0.03974
0.10727, 0.03993
0.10823, 0.04011
0.10919, 0.04030
0.11016, 0.04048
0.11113, 0.04066
0.11210, 0.04085
0.11307, 0.04103
0.11405, 0.04121
0.11503, 0.04140
0.11602, 0.04158
0.11700, 0.04176
0.11799, 0.04194
0.11898, 0.04212
0.11998, 0.04231
0.12098, 0.04249
0.12198, 0.04267
0.12298, 0.04285
0.12398, 0.04303
0.12499, 0.04321
0.12600, 0.04339
0.12702, 0.04357
0.12803, 0.04374
0.12905, 0.04392
0.13007, 0.04410
0.13109, 0.04428
0.13212, 0.04446
0.13315, 0.04464
0.13417, 0.04482
0.13521, 0.04500
0.13624, 0.04518
0.13727, 0.04536
0.13831, 0.04554
0.13934, 0.04572
0.14038, 0.04590
0.14142, 0.04608
0.14247, 0.04626
0.14351, 0.04644
0.14455, 0.04662
0.14560, 0.04680
0.14665, 0.04698
0.14770, 0.04716
0.14875, 0.04734
0.14980, 0.04753
0.15085, 0.04771
0.15191, 0.04790
0.15296, 0.04808
0.15402, 0.04827
0.15508, 0.04845
0.15614, 0.04864
0.15720, 0.04883
0.15826, 0.04902
0.15932, 0.04921
0.16039, 0.04940
0.16145, 0.04959
0.16252, 0.04978
0.16358, 0.04997
0.16465, 0.05017
0.16572, 0.05036
0.16679, 0.05056
0.16786, 0.05076
0.16893, 0.05096
0.17000, 0.05116
0.17107, 0.05136
0.17214, 0.05156
0.17322, 0.05177
0.17429, 0.05198
0.17536, 0.05218
0.17644, 0.05239
0.17751, 0.05260
0.17859, 0.05282
0.17967, 0.05303
0.18075, 0.05325
0.18182, 0.05347
0.18290, 0.05369
0.18398, 0.05391
0.18506, 0.05413
0.18614, 0.05436
0.18722, 0.05458
0.18830, 0.05481
0.18938, 0.05505
0.19046, 0.05528
0.19155, 0.05552
0.19264, 0.05576
0.19373, 0.05600
0.19484, 0.05625
0.19595, 0.05649
0.19706, 0.05675
0.19819, 0.05700
0.19932, 0.05726
0.20047, 0.05752
0.20162, 0.05779
0.20278, 0.05806
0.20394, 0.05833
0.20512, 0.05860
0.20630, 0.05887
0.20749, 0.05915
0.20869, 0.05943
0.20990, 0.05972
0.21111, 0.06000
0.21233, 0.06029
0.21357, 0.06058
0.21481, 0.06087
0.21606, 0.06117
0.21731, 0.06146
0.21858, 0.06176
0.21985, 0.06206
0.22114, 0.06236
0.22243, 0.06266
0.22373, 0.06297
0.22504, 0.06327
0.22635, 0.06358
0.22768, 0.06389
0.22902, 0.06419
0.23036, 0.06450
0.23171, 0.06481
0.23307, 0.06512
0.23444, 0.06543
0.23582, 0.06574
0.23721, 0.06605
0.23861, 0.06636
0.24001, 0.06666
0.24143, 0.06697
0.24285, 0.06728
0.24428, 0.06759
0.24573, 0.06789
0.24718, 0.06820
0.24864, 0.06850
0.25011, 0.06880
0.25159, 0.06910
0.25308, 0.06940
0.25457, 0.06969
0.25608, 0.06998
0.25759, 0.07027
0.25911, 0.07056
0.26063, 0.07084
0.26215, 0.07112
0.26367, 0.07139
0.26519, 0.07166
0.26672, 0.07192
0.26825, 0.07219
0.26978, 0.07244
0.27131, 0.07270
0.27285, 0.07295
0.27439, 0.07319
0.27592, 0.07343
0.27746, 0.07367
0.27901, 0.07391
0.28055, 0.07414
0.28210, 0.07436
0.28365, 0.07459
0.28520, 0.07480
0.28675, 0.07502
0.28830, 0.07523
0.28985, 0.07544
0.29141, 0.07564
0.29297, 0.07584
0.29453, 0.07603
0.29609, 0.07622
0.29765, 0.07641
0.29922, 0.07660
0.30078, 0.07678
0.30235, 0.07695
0.30392, 0.07712
0.30549, 0.07729
0.30706, 0.07746
0.30863, 0.07762
0.31020, 0.07778
0.31178, 0.07793
0.31335, 0.07808
0.31493, 0.07823
0.31651, 0.07837
0.31809, 0.07851
0.31967, 0.07864
0.32125, 0.07877
0.32284, 0.07890
0.32442, 0.07902
0.32601, 0.07915
0.32759, 0.07926
0.32918, 0.07938
0.33077, 0.07949
0.33236, 0.07959
0.33395, 0.07969
0.33554, 0.07979
0.33713, 0.07989
0.33872, 0.07998
0.34032, 0.08007
0.34191, 0.08016
0.34351, 0.08024
0.34510, 0.08032
0.34670, 0.08039
0.34830, 0.08046
0.34990, 0.08053
0.35150, 0.08060
0.35310, 0.08066
0.35470, 0.08072
0.35630, 0.08077
0.35790, 0.08082
0.35950, 0.08087
0.36110, 0.08092
0.36271, 0.08096
0.36431, 0.08100
0.36591, 0.08104
0.36752, 0.08107
0.36912, 0.08110
0.37073, 0.08112
0.37233, 0.08115
0.37394, 0.08117
0.37555, 0.08119
0.37715, 0.08120
0.37876, 0.08121
0.38037, 0.08122
0.38198, 0.08123
0.38359, 0.08123
0.38519, 0.08123
0.38680, 0.08123
0.38841, 0.08122
0.39002, 0.08121
0.39163, 0.08120
0.39324, 0.08119
0.39485, 0.08117
0.39646, 0.08115
0.39807, 0.08113
0.39968, 0.08110
0.40129, 0.08108
0.40289, 0.08105
0.40450, 0.08101
0.40611, 0.08098
0.40772, 0.08094
0.40933, 0.08090
0.41094, 0.08086
0.41255, 0.08081
0.41416, 0.08077
0.41577, 0.08072
0.41738, 0.08066
0.41899, 0.08061
0.42060, 0.08055
0.42221, 0.08049
0.42381, 0.08043
0.42542, 0.08037
0.42703, 0.08030
0.42864, 0.08023
0.43025, 0.08016
0.43185, 0.08009
0.43346, 0.08002
0.43507, 0.07994
0.43667, 0.07986
0.43828, 0.07978
0.43988, 0.07970
0.44149, 0.07961
0.44309, 0.07953
0.44470, 0.07944
0.44630, 0.07935
0.44791, 0.07926
0.44951, 0.07916
0.45111, 0.07907
0.45271, 0.07897
0.45432, 0.07887
0.45592, 0.07877
0.45752, 0.07867
0.45912, 0.07856
0.46072, 0.07846
0.46232, 0.07835
0.46391, 0.07824
0.46551, 0.07813
0.46711, 0.07802
0.46871, 0.07791
0.47030, 0.07779
0.47190, 0.07767
0.47349, 0.07756
0.47509, 0.07744
0.47668, 0.07732
0.47827, 0.07720
0.47986, 0.07707
0.48146, 0.07695
0.48305, 0.07682
0.48464, 0.07670
0.48623, 0.07657
0.48781, 0.07644
0.48940, 0.07631
0.49099, 0.07618
0.49257, 0.07605
0.49416, 0.07592
0.49574, 0.07578
0.49733, 0.07565
0.49891, 0.07551
0.50049, 0.07537
0.50207, 0.07524
0.50365, 0.07510
0.50523, 0.07496
0.50681, 0.07482
0.50839, 0.07468
0.50996, 0.07454
0.51154, 0.07439
0.51311, 0.07425
0.51469, 0.07411
0.51626, 0.07396
0.51783, 0.07382
0.51940, 0.07367
0.52097, 0.07353
0.52254, 0.07338
0.52411, 0.07324
0.52567, 0.07309
0.52724, 0.07294
0.52880, 0.07279
0.53037, 0.07265
0.53193, 0.07250
0.53349, 0.07235
0.53505, 0.07220
0.53661, 0.07205
0.53817, 0.07190
0.53973, 0.07175
0.54128, 0.07160
0.54284, 0.07145
0.54439, 0.07130
0.54594, 0.07115
0.54749, 0.07100
0.54904, 0.07085
0.55059, 0.07070
0.55214, 0.07055
0.55369, 0.07040
0.55523, 0.07025
0.55677, 0.07010
0.55832, 0.06995
0.55986, 0.06980
0.56140, 0.06965
0.56294, 0.06950
0.56448, 0.06935
0.56601, 0.06920
0.56755, 0.06905
0.56908, 0.06891
0.57061, 0.06876
0.57215, 0.06861
0.57368, 0.06846
0.57520, 0.06832
0.57673, 0.06817
0.57826, 0.06803
0.57978, 0.06788
0.58131, 0.06774
0.58283, 0.06759
0.58435, 0.06745
0.58587, 0.06731
0.58739, 0.06716
0.58890, 0.06702
0.59042, 0.06688
0.59193, 0.06674
0.59344, 0.06660
0.59495, 0.06646
0.59646, 0.06632
0.59797, 0.06619
0.59948, 0.06605
0.60098, 0.06591
0.60249, 0.06578
0.60399, 0.06565
0.60549, 0.06551
0.60699, 0.06538
0.60849, 0.06525
0.60998, 0.06512
0.61148, 0.06499
0.61297, 0.06486
0.61446, 0.06473
0.61595, 0.06461
0.61744, 0.06448
0.61893, 0.06436
0.62041, 0.06424
0.62190, 0.06411
0.62338, 0.06399
0.62486, 0.06387
0.62634, 0.06376
0.62782, 0.06364
0.62929, 0.06352
0.63077, 0.06341
0.63224, 0.06330
0.63371, 0.06318
0.63518, 0.06307
0.63665, 0.06296
0.63812, 0.06286
0.63958, 0.06275
0.64105, 0.06264
0.64251, 0.06254
0.64397, 0.06244
0.64543, 0.06234
0.64688, 0.06224
0.64834, 0.06214
0.64979, 0.06204
0.65124, 0.06195
0.65269, 0.06186
0.65414, 0.06176
0.65559, 0.06167
0.65703, 0.06158
0.65847, 0.06150
0.65992, 0.06141
0.66136, 0.06133
0.66279, 0.06125
0.66423, 0.06117
0.66567, 0.06109
0.66710, 0.06101
0.66854, 0.06094
0.66998, 0.06086
0.67142, 0.06079
0.67287, 0.06072
0.67431, 0.06065
0.67576, 0.06058
0.67720, 0.06051
0.67865, 0.06045
0.68010, 0.06038
0.68156, 0.06031
0.68301, 0.06025
0.68447, 0.06019
0.68592, 0.06012
0.68738, 0.06006
0.68884, 0.06000
0.69029, 0.05993
0.69175, 0.05987
0.69322, 0.05980
0.69468, 0.05974
0.69614, 0.05968
0.69760, 0.05961
0.69907, 0.05955
0.70053, 0.05948
0.70200, 0.05941
0.70346, 0.05934
0.70493, 0.05927
0.70639, 0.05920
0.70786, 0.05913
0.70933, 0.05906
0.71079, 0.05899
0.71226, 0.05891
0.71373, 0.05883
0.71519, 0.05875
0.71666, 0.05867
0.71813, 0.05859
0.71959, 0.05850
0.72106, 0.05841
0.72253, 0.05832
0.72399, 0.05823
0.72546, 0.05813
0.72693, 0.05804
0.72839, 0.05794
0.72986, 0.05783
0.73132, 0.05773
0.73278, 0.05762
0.73425, 0.05750
0.73571, 0.05739
0.73717, 0.05727
0.73863, 0.05715
0.74009, 0.05702
0.74155, 0.05689
0.74300, 0.05676
0.74446, 0.05662
0.74591, 0.05648
0.74737, 0.05634
0.74882, 0.05619
0.75027, 0.05604
0.75172, 0.05588
0.75316, 0.05572
0.75460, 0.05556
0.75604, 0.05539
0.75747, 0.05522
0.75890, 0.05504
0.76032, 0.05486
0.76173, 0.05468
0.76315, 0.05449
0.76456, 0.05431
0.76596, 0.05411
0.76736, 0.05392
0.76875, 0.05372
0.77015, 0.05351
0.77153, 0.05331
0.77291, 0.05310
0.77429, 0.05289
0.77566, 0.05268
0.77703, 0.05246
0.77840, 0.05224
0.77976, 0.05202
0.78111, 0.05179
0.78247, 0.05157
0.78381, 0.05134
0.78516, 0.05110
0.78649, 0.05087
0.78783, 0.05063
0.78916, 0.05040
0.79048, 0.05016
0.79181, 0.04991
0.79312, 0.04967
0.79443, 0.04942
0.79574, 0.04917
0.79705, 0.04892
0.79835, 0.04867
0.79964, 0.04842
0.80094, 0.04816
0.80222, 0.04791
0.80351, 0.04765
0.80478, 0.04739
0.80606, 0.04713
0.80733, 0.04687
0.80860, 0.04661
0.80986, 0.04634
0.81112, 0.04608
0.81237, 0.04581
0.81362, 0.04554
0.81487, 0.04527
0.81611, 0.04500
0.81734, 0.04473
0.81858, 0.04446
0.81981, 0.04419
0.82103, 0.04392
0.82225, 0.04364
0.82347, 0.04337
0.82468, 0.04309
0.82589, 0.04282
0.82709, 0.04254
0.82829, 0.04226
0.82949, 0.04199
0.83068, 0.04171
0.83187, 0.04143
0.83305, 0.04115
0.83423, 0.04087
0.83541, 0.04060
0.83658, 0.04032
0.83775, 0.04004
0.83891, 0.03976
0.84007, 0.03948
0.84123, 0.03920
0.84238, 0.03892
0.84353, 0.03864
0.84468, 0.03836
0.84582, 0.03808
0.84696, 0.03780
0.84809, 0.03752
0.84922, 0.03724
0.85035, 0.03696
0.85147, 0.03668
0.85259, 0.03640
0.85370, 0.03613
0.85481, 0.03585
0.85592, 0.03557
0.85702, 0.03529
0.85812, 0.03501
0.85922, 0.03473
0.86031, 0.03445
0.86140, 0.03418
0.86248, 0.03390
0.86356, 0.03362
0.86464, 0.03335
0.86571, 0.03307
0.86678, 0.03279
0.86784, 0.03252
0.86890, 0.03224
0.86996, 0.03197
0.87101, 0.03169
0.87206, 0.03142
0.87311, 0.03115
0.87415, 0.03087
0.87519, 0.03060
0.87622, 0.03033
0.87725, 0.03006
0.87827, 0.02979
0.87930, 0.02952
0.88031, 0.02925
0.88133, 0.02898
0.88234, 0.02871
0.88334, 0.02845
0.88435, 0.02818
0.88534, 0.02791
0.88634, 0.02765
0.88733, 0.02738
0.88831, 0.02712
0.88930, 0.02686
0.89027, 0.02660
0.89125, 0.02633
0.89222, 0.02607
0.89319, 0.02581
0.89415, 0.02555
0.89511, 0.02530
0.89606, 0.02504
0.89701, 0.02478
0.89796, 0.02453
0.89890, 0.02427
0.89984, 0.02402
0.90077, 0.02377
0.90170, 0.02351
0.90263, 0.02326
0.90355, 0.02301
0.90447, 0.02276
0.90539, 0.02251
0.90630, 0.02227
0.90720, 0.02202
0.90811, 0.02178
0.90900, 0.02153
0.90990, 0.02129
0.91079, 0.02105
0.91167, 0.02080
0.91256, 0.02056
0.91343, 0.02032
0.91431, 0.02009
0.91518, 0.01985
0.91604, 0.01961
0.91690, 0.01938
0.91776, 0.01914
0.91861, 0.01891
0.91946, 0.01868
0.92031, 0.01845
0.92115, 0.01822
0.92199, 0.01799
0.92282, 0.01776
0.92365, 0.01754
0.92447, 0.01731
0.92529, 0.01709
0.92611, 0.01687
0.92692, 0.01665
0.92773, 0.01642
0.92853, 0.01621
0.92933, 0.01599
0.93013, 0.01577
0.93092, 0.01556
0.93170, 0.01534
0.93249, 0.01513
0.93327, 0.01492
0.93404, 0.01471
0.93481, 0.01450
0.93558, 0.01429
0.93634, 0.01408
0.93709, 0.01388
0.93785, 0.01367
0.93860, 0.01347
0.93934, 0.01327
0.94008, 0.01306
0.94082, 0.01286
0.94155, 0.01267
0.94228, 0.01247
0.94300, 0.01227
0.94372, 0.01208
0.94443, 0.01189
0.94514, 0.01169
0.94585, 0.01150
0.94655, 0.01131
0.94725, 0.01113
0.94794, 0.01094
0.94863, 0.01075
0.94932, 0.01057
0.95000, 0.01039
0.95067, 0.01021
0.95134, 0.01002
0.95201, 0.00985
0.95267, 0.00967
0.95333, 0.00949
0.95399, 0.00932
0.95463, 0.00914
0.95528, 0.00897
0.95592, 0.00880
0.95656, 0.00863
0.95719, 0.00846
0.95782, 0.00829
0.95844, 0.00813
0.95906, 0.00796
0.95967, 0.00780
0.96028, 0.00764
0.96089, 0.00748
0.96149, 0.00732
0.96209, 0.00716
0.96268, 0.00700
0.96327, 0.00685
0.96385, 0.00669
0.96443, 0.00654
0.96500, 0.00639
0.96557, 0.00624
0.96614, 0.00609
0.96670, 0.00594
0.96726, 0.00580
0.96781, 0.00565
0.96836, 0.00551
0.96890, 0.00537
0.96944, 0.00523
0.96997, 0.00509
0.97050, 0.00495
0.97103, 0.00481
0.97155, 0.00467
0.97206, 0.00454
0.97257, 0.00441
0.97308, 0.00428
0.97358, 0.00415
0.97408, 0.00402
0.97457, 0.00389
0.97506, 0.00376
0.97555, 0.00364
0.97603, 0.00351
0.97650, 0.00339
0.97697, 0.00327
0.97744, 0.00315
0.97790, 0.00303
0.97835, 0.00291
0.97881, 0.00280
0.97925, 0.00268
0.97970, 0.00257
0.98013, 0.00246
0.98057, 0.00235
0.98100, 0.00224
0.98142, 0.00213
0.98184, 0.00202
0.98225, 0.00192
0.98266, 0.00181
0.98307, 0.00171
0.98347, 0.00161
0.98387, 0.00151
0.98426, 0.00141
0.98464, 0.00131
0.98503, 0.00121
0.98540, 0.00112
0.98578, 0.00102
0.98614, 0.00093
0.98651, 0.00084
0.98687, 0.00075
0.98722, 0.00066
0.98757, 0.00057
0.98791, 0.00048
0.98825, 0.00040
0.98859, 0.00031
0.98892, 0.00023
0.98925, 0.00015
0.98957, 0.00007
0.98988, -0.00001
0.99019, -0.00009
0.99050, -0.00016
0.99080, -0.00024
0.99110, -0.00031
0.99139, -0.00038
0.99168, -0.00046
0.99196, -0.00053
0.99224, -0.00060
0.99251, -0.00066
0.99278, -0.00073
0.99305, -0.00080
0.99330, -0.00086
0.99356, -0.00092
0.99381, -0.00098
0.99405, -0.00104
0.99429, -0.00110
0.99453, -0.00116
0.99476, -0.00122
0.99498, -0.00127
0.99520, -0.00133
0.99542, -0.00138
0.99563, -0.00143
0.99584, -0.00148
0.99604, -0.00153
0.99623, -0.00158
0.99643, -0.00163
0.99661, -0.00167
0.99680, -0.00172
0.99697, -0.00176
0.99715, -0.00180
0.99731, -0.00185
0.99748, -0.00189
0.99763, -0.00192
0.99779, -0.00196
0.99793, -0.00200
0.99808, -0.00203
0.99822, -0.00207
0.99835, -0.00210
0.99848, -0.00213
0.99860, -0.00216
0.99872, -0.00219
0.99884, -0.00222
0.99895, -0.00224
0.99905, -0.00227
0.99915, -0.00229
0.99925, -0.00232
0.99934, -0.00234
0.99942, -0.00236
0.99950, -0.00238
0.99958, -0.00240
0.99965, -0.00241
0.99971, -0.00243
0.99977, -0.00245
0.99983, -0.00246
0.99988, -0.00247
0.99993, -0.00248
0.99997, -0.00249
1.00001, -0.00250
1.00004, -0.00251
1.00006, -0.00252
1.00009, -0.00252
1.00010, -0.00253
1.00012, -0.00253
1.00016, -0.00253
1.00018, -0.00254

=== Lower Surface ===
0.00000, -0.01366
0.00004, -0.01394
0.00006, -0.01422
0.00010, -0.01450
0.00014, -0.01477
0.00019, -0.01505
0.00024, -0.01532
0.00030, -0.01560
0.00036, -0.01587
0.00043, -0.01614
0.00050, -0.01641
0.00058, -0.01668
0.00066, -0.01695
0.00075, -0.01722
0.00084, -0.01749
0.00094, -0.01775
0.00104, -0.01802
0.00114, -0.01829
0.00125, -0.01855
0.00137, -0.01881
0.00149, -0.01908
0.00162, -0.01934
0.00175, -0.01960
0.00188, -0.01986
0.00202, -0.02012
0.00216, -0.02038
0.00231, -0.02064
0.00247, -0.02089
0.00263, -0.02115
0.00279, -0.02140
0.00296, -0.02166
0.00313, -0.02191
0.00331, -0.02217
0.00349, -0.02242
0.00368, -0.02267
0.00387, -0.02292
0.00407, -0.02317
0.00427, -0.02342
0.00447, -0.02367
0.00468, -0.02392
0.00490, -0.02416
0.00512, -0.02441
0.00534, -0.02465
0.00557, -0.02490
0.00581, -0.02514
0.00604, -0.02538
0.00629, -0.02563
0.00653, -0.02587
0.00679, -0.02611
0.00704, -0.02635
0.00731, -0.02659
0.00757, -0.02682
0.00784, -0.02706
0.00812, -0.02730
0.00840, -0.02754
0.00868, -0.02777
0.00897, -0.02800
0.00927, -0.02824
0.00956, -0.02847
0.00987, -0.02870
0.01017, -0.02894
0.01049, -0.02917
0.01080, -0.02940
0.01112, -0.02963
0.01145, -0.02985
0.01178, -0.03008
0.01211, -0.03031
0.01245, -0.03054
0.01280, -0.03076
0.01315, -0.03099
0.01350, -0.03121
0.01386, -0.03144
0.01422, -0.03166
0.01459, -0.03188
0.01496, -0.03210
0.01533, -0.03232
0.01571, -0.03254
0.01610, -0.03276
0.01649, -0.03298
0.01688, -0.03320
0.01728, -0.03342
0.01768, -0.03363
0.01809, -0.03385
0.01850, -0.03407
0.01891, -0.03428
0.01933, -0.03450
0.01976, -0.03471
0.02019, -0.03492
0.02062, -0.03513
0.02106, -0.03535
0.02150, -0.03556
0.02195, -0.03577
0.02240, -0.03598
0.02286, -0.03619
0.02332, -0.03639
0.02378, -0.03660
0.02425, -0.03681
0.02472, -0.03702
0.02520, -0.03722
0.02568, -0.03743
0.02617, -0.03763
0.02666, -0.03783
0.02716, -0.03804
0.02766, -0.03824
0.02816, -0.03844
0.02867, -0.03864
0.02918, -0.03885
0.02970, -0.03905
0.03022, -0.03925
0.03075, -0.03944
0.03128, -0.03964
0.03182, -0.03984
0.03236, -0.04004
0.03290, -0.04023
0.03345, -0.04043
0.03400, -0.04063
0.03456, -0.04082
0.03512, -0.04102
0.03569, -0.04121
0.03626, -0.04140
0.03683, -0.04159
0.03741, -0.04179
0.03799, -0.04198
0.03858, -0.04217
0.03917, -0.04236
0.03977, -0.04255
0.04037, -0.04274
0.04098, -0.04292
0.04159, -0.04311
0.04220, -0.04330
0.04282, -0.04349
0.04344, -0.04367
0.04407, -0.04386
0.04470, -0.04404
0.04534, -0.04423
0.04598, -0.04441
0.04663, -0.04459
0.04728, -0.04477
0.04793, -0.04496
0.04859, -0.04514
0.04925, -0.04532
0.04992, -0.04550
0.05059, -0.04568
0.05127, -0.04586
0.05195, -0.04603
0.05263, -0.04621
0.05332, -0.04639
0.05402, -0.04656
0.05471, -0.04674
0.05542, -0.04691
0.05612, -0.04709
0.05684, -0.04726
0.05755, -0.04743
0.05827, -0.04761
0.05900, -0.04778
0.05973, -0.04795
0.06046, -0.04812
0.06120, -0.04829
0.06194, -0.04846
0.06269, -0.04863
0.06344, -0.04879
0.06420, -0.04896
0.06496, -0.04913
0.06572, -0.04929
0.06649, -0.04946
0.06726, -0.04962
0.06804, -0.04978
0.06883, -0.04995
0.06961, -0.05011
0.07040, -0.05027
0.07120, -0.05043
0.07200, -0.05059
0.07281, -0.05075
0.07362, -0.05091
0.07443, -0.05106
0.07525, -0.05122
0.07607, -0.05138
0.07690, -0.05153
0.07773, -0.05168
0.07857, -0.05184
0.07941, -0.05199
0.08026, -0.05214
0.08111, -0.05229
0.08197, -0.05244
0.08282, -0.05259
0.08369, -0.05274
0.08456, -0.05289
0.08543, -0.05303
0.08631, -0.05318
0.08719, -0.05332
0.08808, -0.05346
0.08897, -0.05361
0.08987, -0.05375
0.09077, -0.05389
0.09167, -0.05403
0.09258, -0.05416
0.09350, -0.05430
0.09442, -0.05444
0.09534, -0.05457
0.09627, -0.05471
0.09721, -0.05484
0.09814, -0.05497
0.09909, -0.05510
0.10003, -0.05523
0.10099, -0.05536
0.10194, -0.05549
0.10290, -0.05561
0.10387, -0.05574
0.10484, -0.05586
0.10582, -0.05598
0.10680, -0.05610
0.10778, -0.05622
0.10877, -0.05634
0.10976, -0.05646
0.11076, -0.05657
0.11177, -0.05669
0.11277, -0.05680
0.11379, -0.05691
0.11481, -0.05702
0.11583, -0.05713
0.11685, -0.05724
0.11789, -0.05734
0.11892, -0.05744
0.11996, -0.05755
0.12101, -0.05765
0.12206, -0.05775
0.12312, -0.05784
0.12418, -0.05794
0.12524, -0.05803
0.12631, -0.05812
0.12739, -0.05821
0.12847, -0.05830
0.12955, -0.05839
0.13064, -0.05847
0.13174, -0.05856
0.13283, -0.05864
0.13394, -0.05872
0.13505, -0.05879
0.13616, -0.05887
0.13728, -0.05894
0.13840, -0.05901
0.13953, -0.05908
0.14067, -0.05915
0.14181, -0.05921
0.14295, -0.05927
0.14410, -0.05933
0.14526, -0.05939
0.14642, -0.05945
0.14759, -0.05950
0.14876, -0.05955
0.14994, -0.05959
0.15112, -0.05964
0.15231, -0.05968
0.15351, -0.05972
0.15471, -0.05975
0.15591, -0.05979
0.15713, -0.05982
0.15834, -0.05985
0.15957, -0.05987
0.16079, -0.05989
0.16203, -0.05991
0.16327, -0.05992
0.16451, -0.05993
0.16576, -0.05994
0.16702, -0.05995
0.16828, -0.05995
0.16955, -0.05994
0.17082, -0.05994
0.17210, -0.05993
0.17339, -0.05991
0.17468, -0.05990
0.17597, -0.05987
0.17727, -0.05985
0.17858, -0.05982
0.17989, -0.05978
0.18121, -0.05974
0.18254, -0.05970
0.18387, -0.05965
0.18520, -0.05960
0.18654, -0.05955
0.18789, -0.05949
0.18924, -0.05942
0.19060, -0.05935
0.19197, -0.05927
0.19334, -0.05919
0.19471, -0.05911
0.19609, -0.05902
0.19748, -0.05892
0.19887, -0.05882
0.20027, -0.05871
0.20167, -0.05860
0.20308, -0.05848
0.20450, -0.05836
0.20592, -0.05823
0.20734, -0.05809
0.20877, -0.05795
0.21020, -0.05781
0.21163, -0.05765
0.21306, -0.05750
0.21449, -0.05734
0.21591, -0.05717
0.21734, -0.05700
0.21876, -0.05683
0.22018, -0.05665
0.22159, -0.05647
0.22300, -0.05629
0.22442, -0.05610
0.22582, -0.05591
0.22723, -0.05571
0.22863, -0.05551
0.23003, -0.05531
0.23143, -0.05511
0.23283, -0.05490
0.23422, -0.05470
0.23561, -0.05449
0.23700, -0.05427
0.23838, -0.05406
0.23976, -0.05384
0.24114, -0.05362
0.24251, -0.05340
0.24389, -0.05318
0.24525, -0.05296
0.24662, -0.05274
0.24798, -0.05251
0.24934, -0.05229
0.25069, -0.05206
0.25204, -0.05184
0.25339, -0.05161
0.25473, -0.05139
0.25607, -0.05116
0.25741, -0.05094
0.25874, -0.05071
0.26007, -0.05049
0.26139, -0.05026
0.26271, -0.05004
0.26403, -0.04982
0.26534, -0.04960
0.26665, -0.04938
0.26795, -0.04916
0.26925, -0.04894
0.27054, -0.04873
0.27183, -0.04852
0.27312, -0.04831
0.27440, -0.04810
0.27568, -0.04789
0.27695, -0.04769
0.27822, -0.04749
0.27949, -0.04729
0.28077, -0.04709
0.28204, -0.04689
0.28332, -0.04670
0.28460, -0.04650
0.28589, -0.04631
0.28717, -0.04612
0.28846, -0.04593
0.28975, -0.04574
0.29104, -0.04555
0.29234, -0.04536
0.29364, -0.04518
0.29494, -0.04500
0.29624, -0.04482
0.29754, -0.04464
0.29885, -0.04446
0.30016, -0.04428
0.30147, -0.04410
0.30279, -0.04393
0.30410, -0.04375
0.30542, -0.04358
0.30674, -0.04341
0.30807, -0.04324
0.30939, -0.04308
0.31072, -0.04291
0.31205, -0.04274
0.31339, -0.04258
0.31472, -0.04242
0.31606, -0.04226
0.31740, -0.04210
0.31874, -0.04194
0.32009, -0.04178
0.32143, -0.04163
0.32278, -0.04147
0.32414, -0.04132
0.32549, -0.04117
0.32685, -0.04102
0.32821, -0.04087
0.32957, -0.04072
0.33093, -0.04058
0.33230, -0.04043
0.33367, -0.04029
0.33504, -0.04015
0.33641, -0.04001
0.33779, -0.03987
0.33916, -0.03973
0.34054, -0.03960
0.34193, -0.03946
0.34331, -0.03933
0.34470, -0.03919
0.34609, -0.03906
0.34748, -0.03893
0.34887, -0.03881
0.35027, -0.03868
0.35167, -0.03855
0.35307, -0.03843
0.35447, -0.03830
0.35587, -0.03818
0.35728, -0.03806
0.35869, -0.03794
0.36010, -0.03782
0.36151, -0.03770
0.36293, -0.03759
0.36435, -0.03747
0.36577, -0.03736
0.36719, -0.03725
0.36862, -0.03713
0.37004, -0.03702
0.37147, -0.03692
0.37290, -0.03681
0.37434, -0.03670
0.37577, -0.03659
0.37721, -0.03649
0.37865, -0.03639
0.38009, -0.03628
0.38153, -0.03618
0.38298, -0.03608
0.38443, -0.03598
0.38588, -0.03589
0.38733, -0.03579
0.38878, -0.03569
0.39024, -0.03560
0.39170, -0.03550
0.39316, -0.03541
0.39462, -0.03532
0.39608, -0.03523
0.39755, -0.03514
0.39902, -0.03505
0.40049, -0.03496
0.40196, -0.03487
0.40343, -0.03479
0.40491, -0.03470
0.40638, -0.03462
0.40786, -0.03453
0.40935, -0.03445
0.41083, -0.03437
0.41231, -0.03429
0.41380, -0.03421
0.41529, -0.03413
0.41678, -0.03405
0.41827, -0.03397
0.41976, -0.03389
0.42126, -0.03382
0.42276, -0.03374
0.42426, -0.03367
0.42576, -0.03359
0.42726, -0.03352
0.42876, -0.03345
0.43027, -0.03337
0.43178, -0.03330
0.43329, -0.03323
0.43480, -0.03316
0.43631, -0.03309
0.43782, -0.03302
0.43934, -0.03295
0.44086, -0.03288
0.44238, -0.03282
0.44390, -0.03275
0.44542, -0.03268
0.44694, -0.03262
0.44847, -0.03255
0.44999, -0.03249
0.45152, -0.03242
0.45305, -0.03236
0.45458, -0.03229
0.45611, -0.03223
0.45764, -0.03216
0.45918, -0.03210
0.46071, -0.03204
0.46225, -0.03198
0.46379, -0.03191
0.46533, -0.03185
0.46687, -0.03179
0.46841, -0.03173
0.46996, -0.03167
0.47150, -0.03161
0.47305, -0.03155
0.47460, -0.03148
0.47614, -0.03142
0.47769, -0.03136
0.47925, -0.03130
0.48080, -0.03124
0.48235, -0.03118
0.48390, -0.03112
0.48546, -0.03106
0.48702, -0.03100
0.48857, -0.03094
0.49013, -0.03088
0.49169, -0.03082
0.49325, -0.03076
0.49481, -0.03070
0.49637, -0.03064
0.49794, -0.03057
0.49950, -0.03051
0.50106, -0.03045
0.50263, -0.03039
0.50420, -0.03033
0.50576, -0.03027
0.50733, -0.03020
0.50890, -0.03014
0.51047, -0.03008
0.51204, -0.03001
0.51361, -0.02995
0.51518, -0.02988
0.51675, -0.02982
0.51833, -0.02975
0.51990, -0.02969
0.52148, -0.02962
0.52305, -0.02956
0.52463, -0.02949
0.52620, -0.02942
0.52778, -0.02935
0.52935, -0.02928
0.53093, -0.02921
0.53251, -0.02914
0.53409, -0.02907
0.53567, -0.02900
0.53724, -0.02893
0.53882, -0.02886
0.54040, -0.02878
0.54198, -0.02871
0.54356, -0.02863
0.54514, -0.02856
0.54672, -0.02848
0.54831, -0.02840
0.54989, -0.02832
0.55147, -0.02825
0.55305, -0.02817
0.55463, -0.02808
0.55621, -0.02800
0.55780, -0.02792
0.55938, -0.02783
0.56096, -0.02775
0.56254, -0.02766
0.56412, -0.02758
0.56571, -0.02749
0.56729, -0.02740
0.56887, -0.02731
0.57045, -0.02722
0.57203, -0.02712
0.57362, -0.02703
0.57520, -0.02693
0.57678, -0.02684
0.57836, -0.02674
0.57994, -0.02664
0.58152, -0.02654
0.58310, -0.02644
0.58468, -0.02634
0.58626, -0.02623
0.58784, -0.02613
0.58942, -0.02602
0.59100, -0.02591
0.59258, -0.02580
0.59416, -0.02569
0.59573, -0.02558
0.59731, -0.02547
0.59889, -0.02535
0.60046, -0.02523
0.60204, -0.02511
0.60362, -0.02499
0.60519, -0.02487
0.60676, -0.02475
0.60834, -0.02462
0.60991, -0.02450
0.61148, -0.02437
0.61305, -0.02424
0.61462, -0.02411
0.61619, -0.02398
0.61776, -0.02384
0.61933, -0.02370
0.62090, -0.02357
0.62246, -0.02343
0.62403, -0.02328
0.62560, -0.02314
0.62716, -0.02300
0.62872, -0.02285
0.63028, -0.02270
0.63185, -0.02255
0.63341, -0.02240
0.63496, -0.02224
0.63652, -0.02208
0.63808, -0.02193
0.63964, -0.02177
0.64119, -0.02160
0.64274, -0.02144
0.64430, -0.02127
0.64585, -0.02110
0.64740, -0.02093
0.64895, -0.02076
0.65049, -0.02059
0.65204, -0.02041
0.65359, -0.02023
0.65513, -0.02005
0.65667, -0.01987
0.65821, -0.01968
0.65975, -0.01950
0.66129, -0.01931
0.66283, -0.01912
0.66436, -0.01892
0.66590, -0.01873
0.66743, -0.01853
0.66896, -0.01833
0.67048, -0.01813
0.67200, -0.01793
0.67352, -0.01772
0.67503, -0.01751
0.67653, -0.01731
0.67803, -0.01710
0.67953, -0.01689
0.68102, -0.01667
0.68250, -0.01646
0.68398, -0.01625
0.68546, -0.01604
0.68693, -0.01582
0.68839, -0.01561
0.68985, -0.01539
0.69131, -0.01517
0.69276, -0.01496
0.69420, -0.01474
0.69565, -0.01453
0.69708, -0.01431
0.69851, -0.01410
0.69994, -0.01388
0.70136, -0.01367
0.70278, -0.01346
0.70419, -0.01325
0.70560, -0.01303
0.70701, -0.01282
0.70841, -0.01262
0.70980, -0.01241
0.71119, -0.01220
0.71258, -0.01200
0.71396, -0.01179
0.71534, -0.01159
0.71671, -0.01139
0.71808, -0.01119
0.71945, -0.01099
0.72081, -0.01080
0.72216, -0.01061
0.72352, -0.01042
0.72487, -0.01023
0.72621, -0.01004
0.72755, -0.00986
0.72889, -0.00968
0.73022, -0.00950
0.73154, -0.00932
0.73287, -0.00915
0.73419, -0.00898
0.73550, -0.00881
0.73682, -0.00864
0.73812, -0.00848
0.73943, -0.00832
0.74073, -0.00817
0.74203, -0.00801
0.74332, -0.00786
0.74461, -0.00772
0.74589, -0.00757
0.74717, -0.00743
0.74845, -0.00730
0.74973, -0.00716
0.75100, -0.00704
0.75227, -0.00691
0.75354, -0.00679
0.75482, -0.00667
0.75609, -0.00656
0.75736, -0.00644
0.75862, -0.00634
0.75989, -0.00623
0.76116, -0.00613
0.76243, -0.00603
0.76369, -0.00593
0.76496, -0.00584
0.76622, -0.00575
0.76749, -0.00567
0.76875, -0.00558
0.77001, -0.00550
0.77127, -0.00543
0.77253, -0.00535
0.77379, -0.00528
0.77505, -0.00521
0.77630, -0.00514
0.77756, -0.00508
0.77881, -0.00502
0.78006, -0.00496
0.78132, -0.00490
0.78257, -0.00485
0.78381, -0.00480
0.78506, -0.00475
0.78631, -0.00470
0.78755, -0.00466
0.78880, -0.00461
0.79004, -0.00457
0.79128, -0.00453
0.79252, -0.00450
0.79375, -0.00446
0.79499, -0.00443
0.79622, -0.00440
0.79746, -0.00437
0.79869, -0.00435
0.79991, -0.00432
0.80114, -0.00430
0.80237, -0.00428
0.80359, -0.00426
0.80481, -0.00424
0.80603, -0.00422
0.80725, -0.00421
0.80846, -0.00419
0.80968, -0.00418
0.81089, -0.00417
0.81210, -0.00416
0.81331, -0.00415
0.81451, -0.00414
0.81571, -0.00414
0.81692, -0.00413
0.81811, -0.00413
0.81931, -0.00413
0.82050, -0.00413
0.82170, -0.00413
0.82289, -0.00413
0.82407, -0.00413
0.82526, -0.00413
0.82644, -0.00414
0.82762, -0.00414
0.82880, -0.00415
0.82997, -0.00415
0.83115, -0.00416
0.83232, -0.00417
0.83348, -0.00418
0.83465, -0.00418
0.83581, -0.00419
0.83697, -0.00420
0.83812, -0.00421
0.83927, -0.00423
0.84042, -0.00424
0.84157, -0.00425
0.84271, -0.00426
0.84385, -0.00428
0.84499, -0.00429
0.84612, -0.00430
0.84726, -0.00432
0.84838, -0.00433
0.84951, -0.00435
0.85063, -0.00436
0.85175, -0.00438
0.85287, -0.00440
0.85398, -0.00441
0.85509, -0.00443
0.85619, -0.00445
0.85730, -0.00447
0.85840, -0.00448
0.85949, -0.00450
0.86058, -0.00452
0.86167, -0.00454
0.86276, -0.00456
0.86384, -0.00458
0.86492, -0.00460
0.86600, -0.00462
0.86707, -0.00464
0.86814, -0.00466
0.86921, -0.00468
0.87027, -0.00470
0.87133, -0.00472
0.87238, -0.00474
0.87344, -0.00476
0.87448, -0.00478
0.87553, -0.00480
0.87657, -0.00482
0.87761, -0.00484
0.87864, -0.00486
0.87967, -0.00488
0.88070, -0.00490
0.88172, -0.00492
0.88274, -0.00494
0.88376, -0.00496
0.88477, -0.00498
0.88578, -0.00500
0.88679, -0.00502
0.88779, -0.00504
0.88879, -0.00506
0.88978, -0.00508
0.89077, -0.00510
0.89176, -0.00512
0.89274, -0.00514
0.89372, -0.00516
0.89469, -0.00518
0.89566, -0.00520
0.89663, -0.00522
0.89759, -0.00524
0.89855, -0.00525
0.89951, -0.00527
0.90046, -0.00529
0.90141, -0.00531
0.90235, -0.00533
0.90329, -0.00534
0.90423, -0.00536
0.90516, -0.00538
0.90609, -0.00540
0.90701, -0.00541
0.90793, -0.00543
0.90884, -0.00545
0.90976, -0.00546
0.91066, -0.00548
0.91157, -0.00549
0.91247, -0.00551
0.91336, -0.00552
0.91425, -0.00554
0.91514, -0.00555
0.91602, -0.00557
0.91690, -0.00558
0.91778, -0.00559
0.91865, -0.00561
0.91951, -0.00562
0.92038, -0.00563
0.92123, -0.00565
0.92209, -0.00566
0.92294, -0.00567
0.92378, -0.00568
0.92462, -0.00569
0.92546, -0.00570
0.92629, -0.00572
0.92712, -0.00573
0.92795, -0.00574
0.92877, -0.00575
0.92958, -0.00575
0.93039, -0.00576
0.93120, -0.00577
0.93200, -0.00578
0.93280, -0.00579
0.93359, -0.00580
0.93438, -0.00580
0.93517, -0.00581
0.93595, -0.00582
0.93672, -0.00583
0.93750, -0.00583
0.93826, -0.00584
0.93903, -0.00584
0.93978, -0.00585
0.94054, -0.00585
0.94129, -0.00586
0.94203, -0.00586
0.94277, -0.00587
0.94351, -0.00587
0.94424, -0.00587
0.94497, -0.00588
0.94569, -0.00588
0.94641, -0.00588
0.94712, -0.00589
0.94783, -0.00589
0.94854, -0.00589
0.94924, -0.00589
0.94993, -0.00589
0.95062, -0.00589
0.95131, -0.00589
0.95199, -0.00589
0.95267, -0.00589
0.95334, -0.00589
0.95401, -0.00589
0.95467, -0.00589
0.95533, -0.00589
0.95598, -0.00589
0.95663, -0.00589
0.95728, -0.00589
0.95792, -0.00588
0.95855, -0.00588
0.95918, -0.00588
0.95981, -0.00588
0.96043, -0.00587
0.96105, -0.00587
0.96166, -0.00587
0.96227, -0.00586
0.96287, -0.00586
0.96347, -0.00585
0.96406, -0.00585
0.96465, -0.00584
0.96524, -0.00584
0.96581, -0.00583
0.96639, -0.00583
0.96696, -0.00582
0.96752, -0.00582
0.96808, -0.00581
0.96864, -0.00581
0.96919, -0.00580
0.96974, -0.00579
0.97028, -0.00579
0.97081, -0.00578
0.97135, -0.00577
0.97187, -0.00577
0.97239, -0.00576
0.97291, -0.00575
0.97342, -0.00574
0.97393, -0.00574
0.97443, -0.00573
0.97493, -0.00572
0.97543, -0.00571
0.97591, -0.00570
0.97640, -0.00570
0.97688, -0.00569
0.97735, -0.00568
0.97782, -0.00567
0.97828, -0.00566
0.97874, -0.00565
0.97920, -0.00564
0.97965, -0.00564
0.98009, -0.00563
0.98053, -0.00562
0.98097, -0.00561
0.98140, -0.00560
0.98182, -0.00559
0.98224, -0.00558
0.98266, -0.00557
0.98307, -0.00556
0.98348, -0.00555
0.98388, -0.00554
0.98427, -0.00553
0.98466, -0.00552
0.98505, -0.00551
0.98543, -0.00550
0.98581, -0.00549
0.98618, -0.00549
0.98654, -0.00548
0.98691, -0.00547
0.98726, -0.00546
0.98761, -0.00545
0.98796, -0.00544
0.98830, -0.00543
0.98864, -0.00542
0.98897, -0.00541
0.98930, -0.00540
0.98962, -0.00539
0.98994, -0.00538
0.99025, -0.00537
0.99056, -0.00536
0.99086, -0.00535
0.99116, -0.00534
0.99145, -0.00534
0.99174, -0.00533
0.99202, -0.00532
0.99230, -0.00531
0.99257, -0.00530
0.99284, -0.00529
0.99310, -0.00528
0.99336, -0.00527
0.99361, -0.00527
0.99386, -0.00526
0.99410, -0.00525
0.99434, -0.00524
0.99457, -0.00523
0.99480, -0.00523
0.99502, -0.00522
0.99524, -0.00521
0.99545, -0.00520
0.99566, -0.00520
0.99586, -0.00519
0.99606, -0.00518
0.99625, -0.00517
0.99644, -0.00517
0.99663, -0.00516
0.99680, -0.00515
0.99698, -0.00515
0.99714, -0.00514
0.99731, -0.00514
0.99747, -0.00513
0.99762, -0.00512
0.99777, -0.00512
0.99791, -0.00511
0.99805, -0.00511
0.99818, -0.00510
0.99831, -0.00510
0.99843, -0.00509
0.99855, -0.00509
0.99866, -0.00509
0.99877, -0.00508
0.99887, -0.00508
0.99897, -0.00507
0.99906, -0.00507
0.99915, -0.00507
0.99923, -0.00506
0.99931, -0.00506
0.99938, -0.00506
0.99945, -0.00505
0.99951, -0.00505
0.99957, -0.00505
0.99962, -0.00505
0.99967, -0.00505
0.99971, -0.00504
0.99975, -0.00504
0.99979, -0.00504
0.99981, -0.00504
0.99984, -0.00504
0.99985, -0.00504
0.99986, -0.00504
0.99983, -0.00503
0.99982, -0.00503
