=== Airfoil Parameters ===
m = 0.02
p = 0.4
t = 0.12

=== Control Points ===
0.00000, -0.01781, -0.01781
0.06667, -0.02366, -0.02977
0.13333, -0.02254, -0.03366
0.20000, -0.00879, -0.02379
0.26667, 0.00139, -0.01639
0.66667, -0.00583, -0.02188
0.75000, -0.01866, -0.03186
0.83333, -0.02129, -0.03086
0.91667, -0.00820, -0.01337
1.00000, 0.00597, 0.00597

=== Upper Surface ===
0.00000, -0.01781
0.00003, -0.01753
0.00005, -0.01725
0.00009, -0.01697
0.00013, -0.01670
0.00017, -0.01642
0.00022, -0.01615
0.00027, -0.01587
0.00033, -0.01560
0.00039, -0.01532
0.00046, -0.01505
0.00053, -0.01478
0.00061, -0.01451
0.00070, -0.01424
0.00078, -0.01397
0.00088, -0.01370
0.00098, -0.01344
0.00108, -0.01317
0.00119, -0.01290
0.00130, -0.01264
0.00142, -0.01237
0.00154, -0.01211
0.00167, -0.01185
0.00180, -0.01159
0.00194, -0.01133
0.00208, -0.01107
0.00223, -0.01081
0.00239, -0.01055
0.00254, -0.01029
0.00271, -0.01003
0.00288, -0.00978
0.00305, -0.00952
0.00323, -0.00927
0.00341, -0.00901
0.00360, -0.00876
0.00379, -0.00851
0.00399, -0.00826
0.00419, -0.00801
0.00440, -0.00776
0.00462, -0.00751
0.00483, -0.00726
0.00506, -0.00701
0.00529, -0.00677
0.00552, -0.00652
0.00576, -0.00628
0.00600, -0.00604
0.00625, -0.00579
0.00651, -0.00555
0.00676, -0.00531
0.00703, -0.00507
0.00730, -0.00483
0.00757, -0.00460
0.00785, -0.00436
0.00813, -0.00412
0.00842, -0.00389
0.00872, -0.00365
0.00901, -0.00342
0.00932, -0.00319
0.00963, -0.00296
0.00994, -0.00273
0.01026, -0.00250
0.01058, -0.00227
0.01091, -0.00204
0.01124, -0.00182
0.01158, -0.00159
0.01193, -0.00137
0.01227, -0.00115
0.01263, -0.00092
0.01299, -0.00070
0.01335, -0.00048
0.01372, -0.00026
0.01409, -0.00004
0.01447, 0.00017
0.01485, 0.00039
0.01524, 0.00060
0.01563, 0.00082
0.01603, 0.00103
0.01643, 0.00124
0.01684, 0.00146
0.01725, 0.00167
0.01766, 0.00187
0.01809, 0.00208
0.01851, 0.00229
0.01894, 0.00249
0.01938, 0.00270
0.01982, 0.00290
0.02026, 0.00311
0.02071, 0.00331
0.02117, 0.00351
0.02163, 0.00371
0.02209, 0.00391
0.02256, 0.00410
0.02303, 0.00430
0.02351, 0.00449
0.02399, 0.00469
0.02448, 0.00488
0.02497, 0.00507
0.02546, 0.00527
0.02596, 0.00546
0.02647, 0.00564
0.02698, 0.00583
0.02749, 0.00602
0.02801, 0.00620
0.02853, 0.00639
0.02906, 0.00657
0.02959, 0.00676
0.03013, 0.00694
0.03067, 0.00712
0.03121, 0.00730
0.03176, 0.00748
0.03231, 0.00765
0.03287, 0.00783
0.03343, 0.00801
0.03400, 0.00818
0.03457, 0.00835
0.03514, 0.00853
0.03572, 0.00870
0.03630, 0.00887
0.03689, 0.00904
0.03748, 0.00921
0.03807, 0.00937
0.03867, 0.00954
0.03928, 0.00971
0.03988, 0.00987
0.04049, 0.01004
0.04111, 0.01020
0.04173, 0.01036
0.04235, 0.01052
0.04297, 0.01068
0.04360, 0.01084
0.04424, 0.01100
0.04488, 0.01116
0.04552, 0.01132
0.04616, 0.01147
0.04681, 0.01163
0.04746, 0.01178
0.04812, 0.01194
0.04878, 0.01209
0.04944, 0.01224
0.05011, 0.01240
0.05077, 0.01255
0.05145, 0.01270
0.05212, 0.01285
0.05280, 0.01300
0.05349, 0.01314
0.05417, 0.01329
0.05486, 0.01344
0.05556, 0.01359
0.05625, 0.01373
0.05695, 0.01388
0.05765, 0.01403
0.05836, 0.01417
0.05907, 0.01432
0.05978, 0.01446
0.06049, 0.01460
0.06121, 0.01475
0.06193, 0.01489
0.06265, 0.01503
0.06338, 0.01517
0.06411, 0.01532
0.06484, 0.01546
0.06557, 0.01560
0.06631, 0.01574
0.06705, 0.01588
0.06779, 0.01603
0.06854, 0.01617
0.06928, 0.01631
0.07003, 0.01645
0.07078, 0.01659
0.07154, 0.01673
0.07229, 0.01687
0.07305, 0.01701
0.07381, 0.01716
0.07458, 0.01730
0.07534, 0.01744
0.07611, 0.01758
0.07688, 0.01772
0.07765, 0.01787
0.07842, 0.01801
0.07920, 0.01815
0.07998, 0.01830
0.08075, 0.01844
0.08154, 0.01858
0.08232, 0.01873
0.08310, 0.01887
0.08389, 0.01902
0.08468, 0.01917
0.08547, 0.01932
0.08626, 0.01946
0.08705, 0.01961
0.08784, 0.01976
0.08864, 0.01991
0.08943, 0.02006
0.09023, 0.02022
0.09103, 0.02037
0.09183, 0.02052
0.09263, 0.02068
0.09343, 0.02083
0.09424, 0.02099
0.09504, 0.02115
0.09585, 0.02131
0.09665, 0.02147
0.09746, 0.02163
0.09827, 0.02180
0.09908, 0.02196
0.09989, 0.02213
0.10070, 0.02230
0.10151, 0.02246
0.10232, 0.02263
0.10313, 0.02281
0.10395, 0.02298
0.10476, 0.02316
0.10557, 0.02333
0.10639, 0.02351
0.10720, 0.02369
0.10802, 0.02388
0.10883, 0.02406
0.10965, 0.02425
0.11047, 0.02443
0.11128, 0.02462
0.11210, 0.02482
0.11292, 0.02501
0.11373, 0.02521
0.11455, 0.02541
0.11537, 0.02561
0.11618, 0.02581
0.11700, 0.02602
0.11782, 0.02622
0.11863, 0.02643
0.11945, 0.02665
0.12027, 0.02686
0.12108, 0.02708
0.12190, 0.02730
0.12271, 0.02752
0.12353, 0.02775
0.12435, 0.02798
0.12516, 0.02821
0.12598, 0.02844
0.12680, 0.02868
0.12762, 0.02892
0.12845, 0.02917
0.12929, 0.02942
0.13013, 0.02967
0.13098, 0.02993
0.13185, 0.03019
0.13272, 0.03045
0.13359, 0.03072
0.13448, 0.03099
0.13538, 0.03127
0.13628, 0.03155
0.13720, 0.03184
0.13812, 0.03212
0.13905, 0.03242
0.13999, 0.03271
0.14094, 0.03301
0.14190, 0.03332
0.14286, 0.03362
0.14384, 0.03393
0.14483, 0.03425
0.14582, 0.03456
0.14683, 0.03489
0.14784, 0.03521
0.14886, 0.03554
0.14990, 0.03587
0.15094, 0.03620
0.15199, 0.03654
0.15306, 0.03688
0.15413, 0.03722
0.15521, 0.03757
0.15631, 0.03792
0.15741, 0.03827
0.15852, 0.03862
0.15965, 0.03898
0.16078, 0.03933
0.16192, 0.03969
0.16308, 0.04006
0.16425, 0.04042
0.16542, 0.04078
0.16661, 0.04115
0.16781, 0.04152
0.16902, 0.04189
0.17024, 0.04226
0.17147, 0.04263
0.17271, 0.04300
0.17396, 0.04337
0.17523, 0.04374
0.17651, 0.04412
0.17779, 0.04449
0.17909, 0.04486
0.18040, 0.04523
0.18173, 0.04560
0.18306, 0.04597
0.18441, 0.04634
0.18577, 0.04671
0.18714, 0.04707
0.18852, 0.04743
0.18991, 0.04779
0.19130, 0.04815
0.19270, 0.04850
0.19409, 0.04885
0.19549, 0.04919
0.19689, 0.04953
0.19829, 0.04986
0.19970, 0.05019
0.20110, 0.05052
0.20251, 0.05084
0.20392, 0.05115
0.20533, 0.05147
0.20675, 0.05178
0.20816, 0.05208
0.20958, 0.05238
0.21099, 0.05268
0.21241, 0.05297
0.21383, 0.05326
0.21525, 0.05355
0.21667, 0.05383
0.21810, 0.05411
0.21952, 0.05438
0.22095, 0.05465
0.22237, 0.05492
0.22380, 0.05518
0.22523, 0.05544
0.22666, 0.05570
0.22809, 0.05595
0.22952, 0.05620
0.23095, 0.05645
0.23239, 0.05669
0.23382, 0.05693
0.23526, 0.05716
0.23669, 0.05740
0.23813, 0.05763
0.23956, 0.05785
0.24100, 0.05808
0.24244, 0.05830
0.24387, 0.05852
0.24531, 0.05873
0.24675, 0.05894
0.24819, 0.05915
0.24963, 0.05936
0.25107, 0.05956
0.25251, 0.05976
0.25394, 0.05996
0.25538, 0.06016
0.25682, 0.06035
0.25826, 0.06054
0.25970, 0.06073
0.26115, 0.06092
0.26259, 0.06110
0.26403, 0.06129
0.26548, 0.06147
0.26693, 0.06165
0.26839, 0.06182
0.26984, 0.06200
0.27130, 0.06217
0.27276, 0.06234
0.27423, 0.06251
0.27569, 0.06268
0.27716, 0.06284
0.27863, 0.06301
0.28010, 0.06317
0.28158, 0.06332
0.28305, 0.06348
0.28453, 0.06364
0.28602, 0.06379
0.28750, 0.06394
0.28899, 0.06409
0.29048, 0.06423
0.29197, 0.06438
0.29346, 0.06452
0.29496, 0.06466
0.29645, 0.06480
0.29795, 0.06493
0.29946, 0.06507
0.30096, 0.06520
0.30247, 0.06533
0.30397, 0.06545
0.30548, 0.06558
0.30700, 0.06570
0.30851, 0.06582
0.31003, 0.06594
0.31155, 0.06606
0.31307, 0.06617
0.31459, 0.06628
0.31611, 0.06639
0.31764, 0.06650
0.31917, 0.06661
0.32070, 0.06671
0.32223, 0.06681
0.32376, 0.06691
0.32530, 0.06700
0.32684, 0.06710
0.32838, 0.06719
0.32992, 0.06728
0.33146, 0.06737
0.33300, 0.06745
0.33455, 0.06754
0.33610, 0.06762
0.33765, 0.06769
0.33920, 0.06777
0.34075, 0.06784
0.34231, 0.06792
0.34386, 0.06799
0.34542, 0.06805
0.34698, 0.06812
0.34854, 0.06818
0.35010, 0.06824
0.35167, 0.06830
0.35323, 0.06835
0.35480, 0.06841
0.35637, 0.06846
0.35794, 0.06851
0.35951, 0.06855
0.36108, 0.06860
0.36266, 0.06864
0.36423, 0.06868
0.36581, 0.06872
0.36739, 0.06875
0.36897, 0.06878
0.37055, 0.06881
0.37213, 0.06884
0.37372, 0.06887
0.37530, 0.06889
0.37689, 0.06891
0.37847, 0.06893
0.38006, 0.06894
0.38165, 0.06896
0.38324, 0.06897
0.38484, 0.06898
0.38643, 0.06898
0.38802, 0.06899
0.38962, 0.06899
0.39121, 0.06899
0.39281, 0.06899
0.39441, 0.06898
0.39601, 0.06897
0.39761, 0.06896
0.39921, 0.06895
0.40081, 0.06894
0.40242, 0.06892
0.40402, 0.06890
0.40563, 0.06888
0.40723, 0.06886
0.40884, 0.06883
0.41045, 0.06880
0.41206, 0.06877
0.41367, 0.06874
0.41528, 0.06870
0.41689, 0.06866
0.41850, 0.06862
0.42011, 0.06858
0.42172, 0.06853
0.42334, 0.06848
0.42495, 0.06843
0.42657, 0.06838
0.42818, 0.06833
0.42980, 0.06827
0.43142, 0.06821
0.43304, 0.06815
0.43465, 0.06808
0.43627, 0.06801
0.43789, 0.06794
0.43951, 0.06787
0.44113, 0.06780
0.44275, 0.06772
0.44437, 0.06764
0.44600, 0.06756
0.44762, 0.06748
0.44924, 0.06739
0.45086, 0.06730
0.45249, 0.06721
0.45411, 0.06712
0.45573, 0.06703
0.45736, 0.06693
0.45898, 0.06683
0.46061, 0.06673
0.46223, 0.06662
0.46386, 0.06651
0.46548, 0.06640
0.46711, 0.06629
0.46874, 0.06618
0.47036, 0.06606
0.47199, 0.06594
0.47361, 0.06582
0.47524, 0.06570
0.47687, 0.06557
0.47849, 0.06544
0.48012, 0.06531
0.48175, 0.06518
0.48337, 0.06504
0.48500, 0.06491
0.48663, 0.06477
0.48825, 0.06462
0.48988, 0.06448
0.49151, 0.06433
0.49313, 0.06418
0.49476, 0.06403
0.49639, 0.06388
0.49801, 0.06372
0.49964, 0.06356
0.50126, 0.06340
0.50289, 0.06324
0.50451, 0.06307
0.50614, 0.06290
0.50776, 0.06273
0.50939, 0.06256
0.51101, 0.06239
0.51264, 0.06221
0.51426, 0.06203
0.51588, 0.06185
0.51751, 0.06167
0.51913, 0.06148
0.52075, 0.06129
0.52237, 0.06110
0.52399, 0.06091
0.52561, 0.06072
0.52723, 0.06052
0.52885, 0.06032
0.53047, 0.06012
0.53209, 0.05991
0.53371, 0.05971
0.53533, 0.05950
0.53695, 0.05929
0.53856, 0.05908
0.54018, 0.05886
0.54179, 0.05865
0.54341, 0.05843
0.54502, 0.05821
0.54663, 0.05798
0.54825, 0.05776
0.54986, 0.05753
0.55147, 0.05730
0.55308, 0.05707
0.55469, 0.05683
0.55630, 0.05660
0.55791, 0.05636
0.55951, 0.05612
0.56112, 0.05588
0.56273, 0.05563
0.56433, 0.05538
0.56593, 0.05513
0.56754, 0.05488
0.56914, 0.05463
0.57074, 0.05438
0.57234, 0.05412
0.57394, 0.05386
0.57554, 0.05360
0.57713, 0.05333
0.57873, 0.05307
0.58032, 0.05280
0.58192, 0.05253
0.58351, 0.05226
0.58510, 0.05199
0.58669, 0.05171
0.58828, 0.05143
0.58987, 0.05115
0.59146, 0.05087
0.59304, 0.05059
0.59463, 0.05030
0.59621, 0.05002
0.59779, 0.04973
0.59937, 0.04943
0.60095, 0.04914
0.60253, 0.04885
0.60411, 0.04855
0.60569, 0.04825
0.60726, 0.04795
0.60883, 0.04765
0.61041, 0.04734
0.61198, 0.04703
0.61355, 0.04673
0.61511, 0.04642
0.61668, 0.04610
0.61824, 0.04579
0.61981, 0.04547
0.62137, 0.04516
0.62293, 0.04484
0.62449, 0.04452
0.62605, 0.04419
0.62760, 0.04387
0.62916, 0.04354
0.63071, 0.04321
0.63226, 0.04288
0.63381, 0.04255
0.63536, 0.04222
0.63690, 0.04188
0.63845, 0.04154
0.63999, 0.04120
0.64153, 0.04086
0.64307, 0.04052
0.64461, 0.04018
0.64615, 0.03983
0.64768, 0.03948
0.64921, 0.03913
0.65074, 0.03878
0.65227, 0.03843
0.65380, 0.03808
0.65533, 0.03772
0.65685, 0.03736
0.65837, 0.03701
0.65989, 0.03664
0.66141, 0.03628
0.66293, 0.03592
0.66444, 0.03555
0.66595, 0.03519
0.66746, 0.03482
0.66897, 0.03445
0.67048, 0.03408
0.67198, 0.03371
0.67348, 0.03333
0.67498, 0.03296
0.67648, 0.03258
0.67796, 0.03220
0.67945, 0.03182
0.68093, 0.03145
0.68241, 0.03107
0.68388, 0.03069
0.68535, 0.03031
0.68681, 0.02993
0.68827, 0.02955
0.68973, 0.02917
0.69118, 0.02879
0.69262, 0.02841
0.69407, 0.02803
0.69551, 0.02765
0.69694, 0.02727
0.69837, 0.02689
0.69980, 0.02651
0.70122, 0.02613
0.70264, 0.02575
0.70405, 0.02538
0.70546, 0.02500
0.70687, 0.02463
0.70827, 0.02426
0.70967, 0.02388
0.71106, 0.02351
0.71245, 0.02314
0.71384, 0.02278
0.71522, 0.02241
0.71660, 0.02204
0.71798, 0.02168
0.71935, 0.02132
0.72072, 0.02096
0.72208, 0.02060
0.72344, 0.02024
0.72480, 0.01989
0.72615, 0.01954
0.72750, 0.01919
0.72884, 0.01884
0.73018, 0.01849
0.73152, 0.01815
0.73285, 0.01781
0.73418, 0.01747
0.73551, 0.01714
0.73683, 0.01680
0.73815, 0.01647
0.73947, 0.01614
0.74078, 0.01582
0.74209, 0.01549
0.74339, 0.01517
0.74470, 0.01486
0.74599, 0.01454
0.74729, 0.01423
0.74858, 0.01392
0.74987, 0.01362
0.75115, 0.01332
0.75243, 0.01302
0.75371, 0.01272
0.75498, 0.01243
0.75626, 0.01214
0.75752, 0.01186
0.75879, 0.01158
0.76005, 0.01130
0.76132, 0.01102
0.76257, 0.01075
0.76383, 0.01048
0.76508, 0.01022
0.76633, 0.00995
0.76758, 0.00970
0.76883, 0.00944
0.77007, 0.00919
0.77131, 0.00894
0.77254, 0.00870
0.77378, 0.00846
0.77501, 0.00822
0.77624, 0.00798
0.77747, 0.00775
0.77869, 0.00753
0.77991, 0.00730
0.78113, 0.00708
0.78235, 0.00687
0.78356, 0.00665
0.78477, 0.00644
0.78598, 0.00624
0.78719, 0.00604
0.78839, 0.00584
0.78959, 0.00565
0.79079, 0.00545
0.79198, 0.00527
0.79318, 0.00508
0.79437, 0.00491
0.79555, 0.00473
0.79674, 0.00456
0.79792, 0.00439
0.79910, 0.00422
0.80028, 0.00406
0.80145, 0.00391
0.80262, 0.00375
0.80379, 0.00360
0.80496, 0.00346
0.80613, 0.00332
0.80729, 0.00318
0.80845, 0.00304
0.80960, 0.00291
0.81076, 0.00278
0.81191, 0.00266
0.81306, 0.00254
0.81420, 0.00243
0.81535, 0.00231
0.81649, 0.00221
0.81763, 0.00210
0.81876, 0.00200
0.81990, 0.00191
0.82103, 0.00181
0.82216, 0.00172
0.82328, 0.00164
0.82440, 0.00156
0.82553, 0.00148
0.82664, 0.00141
0.82776, 0.00134
0.82887, 0.00127
0.82998, 0.00121
0.83109, 0.00115
0.83220, 0.00109
0.83330, 0.00104
0.83440, 0.00100
0.83550, 0.00095
0.83660, 0.00091
0.83770, 0.00088
0.83880, 0.00084
0.83990, 0.00081
0.84099, 0.00079
0.84209, 0.00077
0.84318, 0.00075
0.84427, 0.00073
0.84536, 0.00072
0.84644, 0.00071
0.84753, 0.00070
0.84861, 0.00070
0.84970, 0.00069
0.85078, 0.00070
0.85185, 0.00070
0.85293, 0.00071
0.85400, 0.00072
0.85508, 0.00073
0.85615, 0.00074
0.85722, 0.00076
0.85828, 0.00078
0.85935, 0.00080
0.86041, 0.00082
0.86147, 0.00085
0.86252, 0.00088
0.86358, 0.00091
0.86463, 0.00094
0.86568, 0.00097
0.86673, 0.00101
0.86778, 0.00104
0.86882, 0.00108
0.86986, 0.00112
0.87090, 0.00116
0.87193, 0.00121
0.87297, 0.00125
0.87400, 0.00130
0.87502, 0.00135
0.87605, 0.00140
0.87707, 0.00145
0.87809, 0.00150
0.87910, 0.00155
0.88012, 0.00161
0.88113, 0.00166
0.88214, 0.00172
0.88314, 0.00178
0.88414, 0.00184
0.88514, 0.00189
0.88614, 0.00195
0.88713, 0.00202
0.88812, 0.00208
0.88910, 0.00214
0.89009, 0.00220
0.89107, 0.00227
0.89204, 0.00233
0.89301, 0.00240
0.89398, 0.00246
0.89495, 0.00253
0.89591, 0.00259
0.89687, 0.00266
0.89783, 0.00273
0.89878, 0.00279
0.89973, 0.00286
0.90068, 0.00293
0.90162, 0.00300
0.90256, 0.00306
0.90349, 0.00313
0.90443, 0.00320
0.90535, 0.00327
0.90628, 0.00334
0.90720, 0.00341
0.90812, 0.00347
0.90903, 0.00354
0.90994, 0.00361
0.91084, 0.00368
0.91175, 0.00375
0.91264, 0.00381
0.91354, 0.00388
0.91443, 0.00395
0.91531, 0.00402
0.91620, 0.00408
0.91708, 0.00415
0.91795, 0.00422
0.91882, 0.00428
0.91969, 0.00435
0.92055, 0.00441
0.92141, 0.00448
0.92227, 0.00454
0.92312, 0.00461
0.92396, 0.00467
0.92481, 0.00473
0.92564, 0.00479
0.92648, 0.00486
0.92731, 0.00492
0.92813, 0.00498
0.92896, 0.00504
0.92977, 0.00510
0.93059, 0.00516
0.93140, 0.00521
0.93220, 0.00527
0.93300, 0.00533
0.93380, 0.00539
0.93459, 0.00544
0.93538, 0.00550
0.93616, 0.00555
0.93694, 0.00560
0.93771, 0.00566
0.93848, 0.00571
0.93925, 0.00576
0.94001, 0.00581
0.94077, 0.00586
0.94152, 0.00591
0.94227, 0.00596
0.94301, 0.00601
0.94375, 0.00606
0.94449, 0.00610
0.94522, 0.00615
0.94594, 0.00619
0.94666, 0.00624
0.94738, 0.00628
0.94809, 0.00632
0.94880, 0.00636
0.94950, 0.00640
0.95020, 0.00644
0.95090, 0.00648
0.95159, 0.00652
0.95227, 0.00656
0.95295, 0.00660
0.95363, 0.00663
0.95430, 0.00667
0.95496, 0.00670
0.95562, 0.00673
0.95628, 0.00677
0.95693, 0.00680
0.95758, 0.00683
0.95822, 0.00686
0.95886, 0.00689
0.95949, 0.00692
0.96012, 0.00695
0.96074, 0.00698
0.96136, 0.00700
0.96198, 0.00703
0.96259, 0.00705
0.96319, 0.00708
0.96379, 0.00710
0.96439, 0.00712
0.96498, 0.00715
0.96556, 0.00717
0.96614, 0.00719
0.96672, 0.00721
0.96729, 0.00723
0.96786, 0.00725
0.96842, 0.00726
0.96897, 0.00728
0.96953, 0.00730
0.97007, 0.00731
0.97061, 0.00733
0.97115, 0.00734
0.97168, 0.00736
0.97221, 0.00737
0.97273, 0.00738
0.97325, 0.00739
0.97376, 0.00741
0.97427, 0.00742
0.97477, 0.00743
0.97527, 0.00744
0.97576, 0.00744
0.97625, 0.00745
0.97674, 0.00746
0.97721, 0.00747
0.97769, 0.00748
0.97816, 0.00748
0.97862, 0.00749
0.97908, 0.00749
0.97953, 0.00750
0.97998, 0.00750
0.98042, 0.00751
0.98086, 0.00751
0.98130, 0.00751
0.98172, 0.00752
0.98215, 0.00752
0.98257, 0.00752
0.98298, 0.00752
0.98339, 0.00752
0.98379, 0.00752
0.98419, 0.00752
0.98459, 0.00752
0.98498, 0.00752
0.98536, 0.00752
0.98574, 0.00752
0.98611, 0.00752
0.98648, 0.00752
0.98685, 0.00752
0.98721, 0.00751
0.98756, 0.00751
0.98791, 0.00751
0.98825, 0.00751
0.98859, 0.00750
0.98893, 0.00750
0.98925, 0.00749
0.98958, 0.00749
0.98990, 0.00749
0.99021, 0.00748
0.99052, 0.00748
0.99083, 0.00747
0.99112, 0.00747
0.99142, 0.00746
0.99171, 0.00746
0.99199, 0.00745
0.99227, 0.00745
0.99254, 0.00744
0.99281, 0.00744
0.99308, 0.00743
0.99334, 0.00743
0.99359, 0.00742
0.99384, 0.00742
0.99408, 0.00741
0.99432, 0.00740
0.99455, 0.00740
0.99478, 0.00739
0.99501, 0.00739
0.99523, 0.00738
0.99544, 0.00738
0.99565, 0.00737
0.99585, 0.00736
0.99605, 0.00736
0.99624, 0.00735
0.99643, 0.00735
0.99662, 0.00734
0.99680, 0.00734
0.99697, 0.00733
0.99714, 0.00733
0.99730, 0.00732
0.99746, 0.00732
0.99761, 0.00731
0.99776, 0.00731
0.99790, 0.00730
0.99804, 0.00730
0.99818, 0.00729
0.99830, 0.00729
0.99843, 0.00728
0.99855, 0.00728
0.99866, 0.00727
0.99877, 0.00727
0.99887, 0.00727
0.99897, 0.00726
0.99906, 0.00726
0.99915, 0.00726
0.99923, 0.00725
0.99931, 0.00725
0.99938, 0.00725
0.99945, 0.00724
0.99951, 0.00724
0.99957, 0.00724
0.99962, 0.00724
0.99967, 0.00724
0.99971, 0.00723
0.99975, 0.00723
0.99978, 0.00723
0.99981, 0.00723
0.99984, 0.00723
0.99985, 0.00723
0.99986, 0.00723
0.99983, 0.00722
0.99982, 0.00722

=== Lower Surface ===
0.00000, -0.01781
-0.00003, -0.01809
-0.00003, -0.01837
-0.00004, -0.01865
-0.00005, -0.01892
-0.00005, -0.01920
-0.00004, -0.01948
-0.00003, -0.01976
-0.00001, -0.02004
0.00001, -0.02032
0.00003, -0.02060
0.00006, -0.02088
0.00010, -0.02116
0.00014, -0.02144
0.00019, -0.02172
0.00024, -0.02200
0.00029, -0.02228
0.00035, -0.02256
0.00042, -0.02284
0.00048, -0.02311
0.00056, -0.02339
0.00064, -0.02367
0.00072, -0.02395
0.00081, -0.02423
0.00091, -0.02451
0.00100, -0.02479
0.00111, -0.02507
0.00122, -0.02535
0.00133, -0.02563
0.00145, -0.02591
0.00157, -0.02619
0.00170, -0.02647
0.00183, -0.02674
0.00197, -0.02702
0.00211, -0.02730
0.00226, -0.02758
0.00241, -0.02786
0.00257, -0.02814
0.00273, -0.02842
0.00290, -0.02870
0.00307, -0.02898
0.00324, -0.02926
0.00342, -0.02954
0.00361, -0.02982
0.00380, -0.03010
0.00399, -0.03038
0.00419, -0.03065
0.00440, -0.03093
0.00461, -0.03121
0.00482, -0.03149
0.00504, -0.03177
0.00526, -0.03205
0.00549, -0.03233
0.00572, -0.03261
0.00596, -0.03289
0.00621, -0.03317
0.00645, -0.03345
0.00670, -0.03373
0.00696, -0.03401
0.00722, -0.03429
0.00749, -0.03457
0.00776, -0.03485
0.00804, -0.03513
0.00832, -0.03541
0.00860, -0.03569
0.00889, -0.03597
0.00919, -0.03625
0.00949, -0.03653
0.00979, -0.03681
0.01010, -0.03709
0.01041, -0.03737
0.01073, -0.03765
0.01106, -0.03793
0.01138, -0.03820
0.01172, -0.03848
0.01205, -0.03876
0.01240, -0.03904
0.01274, -0.03932
0.01310, -0.03961
0.01345, -0.03989
0.01382, -0.04017
0.01418, -0.04045
0.01455, -0.04073
0.01493, -0.04101
0.01531, -0.04129
0.01570, -0.04157
0.01609, -0.04185
0.01648, -0.04213
0.01688, -0.04241
0.01729, -0.04269
0.01770, -0.04297
0.01811, -0.04325
0.01853, -0.04353
0.01896, -0.04381
0.01938, -0.04409
0.01982, -0.04437
0.02026, -0.04465
0.02070, -0.04493
0.02115, -0.04521
0.02160, -0.04549
0.02206, -0.04577
0.02253, -0.04605
0.02300, -0.04633
0.02347, -0.04661
0.02395, -0.04689
0.02443, -0.04717
0.02492, -0.04745
0.02541, -0.04773
0.02591, -0.04801
0.02641, -0.04829
0.02692, -0.04856
0.02744, -0.04884
0.02796, -0.04912
0.02848, -0.04940
0.02901, -0.04968
0.02954, -0.04996
0.03008, -0.05024
0.03062, -0.05052
0.03117, -0.05079
0.03173, -0.05107
0.03229, -0.05135
0.03285, -0.05163
0.03342, -0.05191
0.03400, -0.05218
0.03458, -0.05246
0.03516, -0.05274
0.03575, -0.05301
0.03635, -0.05329
0.03695, -0.05356
0.03756, -0.05384
0.03817, -0.05411
0.03879, -0.05439
0.03941, -0.05466
0.04004, -0.05494
0.04067, -0.05521
0.04131, -0.05548
0.04195, -0.05576
0.04260, -0.05603
0.04326, -0.05630
0.04392, -0.05657
0.04459, -0.05684
0.04526, -0.05711
0.04593, -0.05738
0.04662, -0.05765
0.04731, -0.05792
0.04800, -0.05819
0.04870, -0.05845
0.04940, -0.05872
0.05012, -0.05899
0.05083, -0.05925
0.05155, -0.05952
0.05228, -0.05978
0.05302, -0.06004
0.05376, -0.06030
0.05450, -0.06056
0.05525, -0.06082
0.05601, -0.06108
0.05677, -0.06134
0.05754, -0.06160
0.05832, -0.06185
0.05910, -0.06211
0.05988, -0.06236
0.06068, -0.06261
0.06147, -0.06287
0.06228, -0.06312
0.06309, -0.06336
0.06391, -0.06361
0.06473, -0.06386
0.06556, -0.06410
0.06640, -0.06434
0.06724, -0.06459
0.06808, -0.06483
0.06894, -0.06506
0.06980, -0.06530
0.07067, -0.06554
0.07154, -0.06577
0.07242, -0.06600
0.07330, -0.06623
0.07420, -0.06646
0.07509, -0.06668
0.07600, -0.06691
0.07691, -0.06713
0.07783, -0.06735
0.07875, -0.06757
0.07969, -0.06778
0.08062, -0.06799
0.08157, -0.06820
0.08252, -0.06841
0.08348, -0.06862
0.08444, -0.06882
0.08541, -0.06902
0.08639, -0.06921
0.08738, -0.06941
0.08837, -0.06960
0.08937, -0.06979
0.09037, -0.06997
0.09139, -0.07016
0.09241, -0.07034
0.09343, -0.07051
0.09447, -0.07068
0.09551, -0.07085
0.09655, -0.07102
0.09761, -0.07118
0.09867, -0.07134
0.09974, -0.07149
0.10081, -0.07164
0.10190, -0.07179
0.10299, -0.07193
0.10409, -0.07207
0.10519, -0.07220
0.10630, -0.07233
0.10742, -0.07246
0.10855, -0.07258
0.10968, -0.07269
0.11082, -0.07280
0.11197, -0.07291
0.11313, -0.07301
0.11429, -0.07310
0.11546, -0.07319
0.11664, -0.07328
0.11783, -0.07336
0.11902, -0.07343
0.12022, -0.07350
0.12143, -0.07356
0.12265, -0.07361
0.12387, -0.07366
0.12510, -0.07371
0.12634, -0.07374
0.12759, -0.07377
0.12884, -0.07380
0.13010, -0.07381
0.13137, -0.07382
0.13265, -0.07383
0.13393, -0.07382
0.13522, -0.07381
0.13652, -0.07379
0.13783, -0.07376
0.13914, -0.07373
0.14046, -0.07369
0.14178, -0.07364
0.14310, -0.07358
0.14442, -0.07352
0.14574, -0.07344
0.14706, -0.07337
0.14838, -0.07329
0.14969, -0.07320
0.15101, -0.07310
0.15232, -0.07300
0.15363, -0.07289
0.15495, -0.07278
0.15625, -0.07267
0.15756, -0.07254
0.15887, -0.07242
0.16017, -0.07229
0.16147, -0.07215
0.16277, -0.07201
0.16406, -0.07186
0.16536, -0.07172
0.16665, -0.07156
0.16794, -0.07141
0.16922, -0.07125
0.17051, -0.07108
0.17179, -0.07092
0.17306, -0.07075
0.17434, -0.07058
0.17561, -0.07040
0.17688, -0.07023
0.17814, -0.07005
0.17940, -0.06987
0.18066, -0.06968
0.18192, -0.06950
0.18317, -0.06931
0.18441, -0.06913
0.18566, -0.06894
0.18690, -0.06875
0.18813, -0.06856
0.18936, -0.06837
0.19059, -0.06818
0.19181, -0.06799
0.19303, -0.06780
0.19424, -0.06761
0.19545, -0.06743
0.19665, -0.06724
0.19785, -0.06705
0.19904, -0.06686
0.20023, -0.06668
0.20141, -0.06650
0.20259, -0.06632
0.20376, -0.06614
0.20493, -0.06596
0.20609, -0.06578
0.20724, -0.06561
0.20839, -0.06544
0.20953, -0.06528
0.21067, -0.06511
0.21180, -0.06495
0.21293, -0.06479
0.21406, -0.06463
0.21520, -0.06448
0.21634, -0.06432
0.21749, -0.06417
0.21863, -0.06401
0.21979, -0.06386
0.22094, -0.06371
0.22210, -0.06356
0.22327, -0.06341
0.22444, -0.06326
0.22561, -0.06312
0.22678, -0.06297
0.22796, -0.06282
0.22915, -0.06268
0.23034, -0.06254
0.23153, -0.06240
0.23273, -0.06225
0.23393, -0.06211
0.23513, -0.06197
0.23634, -0.06183
0.23755, -0.06170
0.23877, -0.06156
0.23999, -0.06142
0.24122, -0.06129
0.24245, -0.06115
0.24369, -0.06101
0.24493, -0.06088
0.24617, -0.06075
0.24742, -0.06061
0.24867, -0.06048
0.24993, -0.06035
0.25119, -0.06022
0.25246, -0.06008
0.25373, -0.05995
0.25500, -0.05982
0.25628, -0.05969
0.25756, -0.05956
0.25885, -0.05943
0.26015, -0.05930
0.26144, -0.05917
0.26275, -0.05904
0.26405, -0.05891
0.26536, -0.05878
0.26668, -0.05865
0.26800, -0.05852
0.26932, -0.05839
0.27065, -0.05826
0.27199, -0.05813
0.27333, -0.05800
0.27467, -0.05787
0.27601, -0.05773
0.27736, -0.05760
0.27871, -0.05747
0.28006, -0.05734
0.28141, -0.05721
0.28276, -0.05708
0.28412, -0.05695
0.28548, -0.05682
0.28684, -0.05668
0.28820, -0.05655
0.28956, -0.05642
0.29093, -0.05629
0.29230, -0.05616
0.29367, -0.05603
0.29504, -0.05590
0.29641, -0.05577
0.29779, -0.05564
0.29917, -0.05551
0.30054, -0.05538
0.30193, -0.05525
0.30331, -0.05512
0.30469, -0.05499
0.30608, -0.05486
0.30747, -0.05473
0.30886, -0.05460
0.31025, -0.05447
0.31164, -0.05434
0.31304, -0.05421
0.31443, -0.05408
0.31583, -0.05396
0.31723, -0.05383
0.31863, -0.05370
0.32004, -0.05357
0.32144, -0.05345
0.32285, -0.05332
0.32426, -0.05319
0.32567, -0.05307
0.32708, -0.05294
0.32849, -0.05281
0.32991, -0.05269
0.33132, -0.05256
0.33274, -0.05244
0.33416, -0.05231
0.33558, -0.05219
0.33700, -0.05207
0.33843, -0.05194
0.33985, -0.05182
0.34128, -0.05170
0.34271, -0.05158
0.34414, -0.05145
0.34557, -0.05133
0.34700, -0.05121
0.34844, -0.05109
0.34987, -0.05097
0.35131, -0.05085
0.35275, -0.05073
0.35419, -0.05061
0.35563, -0.05049
0.35707, -0.05038
0.35852, -0.05026
0.35996, -0.05014
0.36141, -0.05003
0.36286, -0.04991
0.36431, -0.04979
0.36576, -0.04968
0.36721, -0.04956
0.36866, -0.04945
0.37012, -0.04934
0.37158, -0.04923
0.37303, -0.04911
0.37449, -0.04900
0.37595, -0.04889
0.37741, -0.04878
0.37887, -0.04867
0.38034, -0.04856
0.38180, -0.04845
0.38327, -0.04835
0.38473, -0.04824
0.38620, -0.04813
0.38767, -0.04803
0.38914, -0.04792
0.39061, -0.04782
0.39208, -0.04771
0.39356, -0.04761
0.39503, -0.04751
0.39651, -0.04740
0.39799, -0.04730
0.39946, -0.04720
0.40094, -0.04710
0.40242, -0.04700
0.40390, -0.04690
0.40538, -0.04681
0.40687, -0.04671
0.40835, -0.04661
0.40984, -0.04652
0.41132, -0.04642
0.41281, -0.04633
0.41430, -0.04624
0.41578, -0.04614
0.41727, -0.04605
0.41876, -0.04596
0.42025, -0.04587
0.42175, -0.04578
0.42324, -0.04569
0.42473, -0.04561
0.42623, -0.04552
0.42772, -0.04543
0.42922, -0.04535
0.43071, -0.04526
0.43221, -0.04518
0.43371, -0.04510
0.43521, -0.04502
0.43671, -0.04494
0.43821, -0.04486
0.43971, -0.04478
0.44121, -0.04470
0.44272, -0.04462
0.44422, -0.04455
0.44572, -0.04447
0.44723, -0.04440
0.44873, -0.04432
0.45024, -0.04425
0.45175, -0.04418
0.45325, -0.04411
0.45476, -0.04404
0.45627, -0.04397
0.45778, -0.04390
0.45929, -0.04384
0.46080, -0.04377
0.46231, -0.04371
0.46382, -0.04364
0.46533, -0.04358
0.46684, -0.04352
0.46835, -0.04346
0.46987, -0.04340
0.47138, -0.04334
0.47289, -0.04328
0.47441, -0.04322
0.47592, -0.04317
0.47744, -0.04311
0.47895, -0.04306
0.48047, -0.04301
0.48199, -0.04296
0.48350, -0.04291
0.48502, -0.04286
0.48654, -0.04281
0.48805, -0.04276
0.48957, -0.04271
0.49109, -0.04267
0.49261, -0.04263
0.49413, -0.04258
0.49565, -0.04254
0.49716, -0.04250
0.49868, -0.04246
0.50020, -0.04242
0.50172, -0.04238
0.50324, -0.04235
0.50476, -0.04231
0.50628, -0.04228
0.50780, -0.04225
0.50932, -0.04221
0.51084, -0.04218
0.51236, -0.04215
0.51389, -0.04212
0.51541, -0.04210
0.51693, -0.04207
0.51845, -0.04205
0.51997, -0.04202
0.52149, -0.04200
0.52301, -0.04198
0.52453, -0.04196
0.52605, -0.04194
0.52757, -0.04192
0.52909, -0.04190
0.53062, -0.04189
0.53214, -0.04187
0.53366, -0.04186
0.53518, -0.04185
0.53670, -0.04184
0.53822, -0.04183
0.53974, -0.04182
0.54126, -0.04181
0.54278, -0.04180
0.54430, -0.04180
0.54582, -0.04180
0.54734, -0.04179
0.54886, -0.04179
0.55037, -0.04179
0.55189, -0.04179
0.55341, -0.04179
0.55493, -0.04180
0.55645, -0.04180
0.55796, -0.04181
0.55948, -0.04182
0.56100, -0.04182
0.56252, -0.04183
0.56403, -0.04184
0.56555, -0.04186
0.56706, -0.04187
0.56858, -0.04188
0.57009, -0.04190
0.57161, -0.04192
0.57312, -0.04194
0.57463, -0.04195
0.57615, -0.04198
0.57766, -0.04200
0.57917, -0.04202
0.58068, -0.04204
0.58219, -0.04207
0.58370, -0.04210
0.58521, -0.04213
0.58672, -0.04215
0.58823, -0.04219
0.58974, -0.04222
0.59124, -0.04225
0.59275, -0.04228
0.59426, -0.04232
0.59576, -0.04236
0.59727, -0.04239
0.59877, -0.04243
0.60027, -0.04247
0.60178, -0.04252
0.60328, -0.04256
0.60478, -0.04260
0.60628, -0.04265
0.60778, -0.04270
0.60928, -0.04274
0.61078, -0.04279
0.61227, -0.04284
0.61377, -0.04289
0.61527, -0.04295
0.61676, -0.04300
0.61825, -0.04306
0.61975, -0.04311
0.62124, -0.04317
0.62273, -0.04323
0.62422, -0.04329
0.62571, -0.04335
0.62720, -0.04341
0.62869, -0.04348
0.63017, -0.04354
0.63166, -0.04361
0.63314, -0.04368
0.63463, -0.04375
0.63611, -0.04382
0.63759, -0.04389
0.63907, -0.04396
0.64055, -0.04403
0.64203, -0.04411
0.64350, -0.04418
0.64498, -0.04426
0.64645, -0.04434
0.64793, -0.04442
0.64940, -0.04450
0.65087, -0.04458
0.65234, -0.04467
0.65381, -0.04475
0.65528, -0.04484
0.65674, -0.04492
0.65821, -0.04501
0.65967, -0.04510
0.66114, -0.04519
0.66260, -0.04528
0.66407, -0.04538
0.66553, -0.04547
0.66700, -0.04557
0.66847, -0.04566
0.66993, -0.04576
0.67140, -0.04586
0.67287, -0.04596
0.67434, -0.04606
0.67582, -0.04616
0.67729, -0.04626
0.67876, -0.04637
0.68023, -0.04647
0.68171, -0.04657
0.68318, -0.04667
0.68465, -0.04678
0.68613, -0.04688
0.68760, -0.04698
0.68908, -0.04709
0.69055, -0.04719
0.69203, -0.04729
0.69350, -0.04739
0.69498, -0.04750
0.69645, -0.04760
0.69793, -0.04770
0.69940, -0.04780
0.70088, -0.04789
0.70235, -0.04799
0.70383, -0.04809
0.70530, -0.04818
0.70678, -0.04828
0.70825, -0.04837
0.70972, -0.04846
0.71120, -0.04855
0.71267, -0.04864
0.71414, -0.04872
0.71561, -0.04881
0.71708, -0.04889
0.71855, -0.04897
0.72002, -0.04905
0.72149, -0.04913
0.72296, -0.04920
0.72442, -0.04928
0.72589, -0.04935
0.72735, -0.04941
0.72882, -0.04948
0.73028, -0.04954
0.73174, -0.04960
0.73320, -0.04966
0.73466, -0.04971
0.73612, -0.04977
0.73758, -0.04982
0.73903, -0.04986
0.74049, -0.04990
0.74194, -0.04994
0.74339, -0.04998
0.74484, -0.05001
0.74629, -0.05004
0.74774, -0.05007
0.74918, -0.05009
0.75062, -0.05011
0.75206, -0.05013
0.75350, -0.05014
0.75494, -0.05015
0.75637, -0.05016
0.75780, -0.05016
0.75923, -0.05016
0.76065, -0.05015
0.76207, -0.05014
0.76349, -0.05013
0.76491, -0.05011
0.76632, -0.05009
0.76774, -0.05007
0.76914, -0.05004
0.77055, -0.05001
0.77195, -0.04997
0.77336, -0.04993
0.77475, -0.04989
0.77615, -0.04984
0.77754, -0.04979
0.77893, -0.04973
0.78032, -0.04967
0.78170, -0.04961
0.78308, -0.04954
0.78446, -0.04947
0.78583, -0.04940
0.78720, -0.04932
0.78857, -0.04923
0.78994, -0.04915
0.79130, -0.04906
0.79266, -0.04896
0.79401, -0.04886
0.79536, -0.04876
0.79671, -0.04865
0.79806, -0.04854
0.79940, -0.04843
0.80074, -0.04831
0.80207, -0.04819
0.80341, -0.04806
0.80474, -0.04793
0.80606, -0.04779
0.80738, -0.04765
0.80870, -0.04751
0.81002, -0.04736
0.81133, -0.04721
0.81263, -0.04706
0.81394, -0.04690
0.81524, -0.04673
0.81654, -0.04657
0.81783, -0.04640
0.81912, -0.04622
0.82040, -0.04604
0.82169, -0.04586
0.82296, -0.04567
0.82424, -0.04548
0.82551, -0.04529
0.82678, -0.04509
0.82804, -0.04489
0.82930, -0.04468
0.83055, -0.04447
0.83180, -0.04425
0.83305, -0.04404
0.83429, -0.04381
0.83553, -0.04359
0.83676, -0.04336
0.83799, -0.04313
0.83922, -0.04289
0.84043, -0.04265
0.84165, -0.04241
0.84285, -0.04216
0.84405, -0.04191
0.84525, -0.04166
0.84644, -0.04140
0.84762, -0.04115
0.84880, -0.04089
0.84998, -0.04062
0.85115, -0.04036
0.85231, -0.04009
0.85347, -0.03982
0.85463, -0.03955
0.85578, -0.03927
0.85692, -0.03900
0.85806, -0.03872
0.85919, -0.03844
0.86032, -0.03815
0.86144, -0.03787
0.86256, -0.03758
0.86367, -0.03730
0.86478, -0.03701
0.86589, -0.03672
0.86698, -0.03643
0.86808, -0.03613
0.86917, -0.03584
0.87025, -0.03554
0.87133, -0.03525
0.87240, -0.03495
0.87347, -0.03465
0.87454, -0.03435
0.87560, -0.03405
0.87665, -0.03375
0.87770, -0.03345
0.87874, -0.03315
0.87978, -0.03285
0.88082, -0.03254
0.88185, -0.03224
0.88288, -0.03193
0.88390, -0.03163
0.88491, -0.03132
0.88593, -0.03102
0.88693, -0.03071
0.88794, -0.03041
0.88893, -0.03010
0.88993, -0.02980
0.89092, -0.02949
0.89190, -0.02919
0.89288, -0.02888
0.89385, -0.02858
0.89482, -0.02827
0.89579, -0.02797
0.89675, -0.02766
0.89771, -0.02736
0.89866, -0.02706
0.89961, -0.02675
0.90055, -0.02645
0.90149, -0.02615
0.90242, -0.02585
0.90335, -0.02555
0.90428, -0.02525
0.90520, -0.02495
0.90612, -0.02465
0.90703, -0.02435
0.90793, -0.02405
0.90884, -0.02376
0.90974, -0.02346
0.91063, -0.02316
0.91152, -0.02287
0.91240, -0.02258
0.91329, -0.02229
0.91416, -0.02199
0.91503, -0.02170
0.91590, -0.02141
0.91676, -0.02113
0.91762, -0.02084
0.91848, -0.02055
0.91933, -0.02027
0.92017, -0.01999
0.92101, -0.01970
0.92185, -0.01942
0.92268, -0.01914
0.92351, -0.01887
0.92434, -0.01859
0.92516, -0.01831
0.92597, -0.01804
0.92678, -0.01777
0.92759, -0.01749
0.92839, -0.01722
0.92919, -0.01695
0.92998, -0.01669
0.93077, -0.01642
0.93156, -0.01616
0.93234, -0.01589
0.93311, -0.01563
0.93388, -0.01537
0.93465, -0.01511
0.93541, -0.01486
0.93617, -0.01460
0.93693, -0.01435
0.93768, -0.01410
0.93842, -0.01385
0.93917, -0.01360
0.93990, -0.01335
0.94064, -0.01311
0.94136, -0.01286
0.94209, -0.01262
0.94281, -0.01238
0.94353, -0.01214
0.94424, -0.01190
0.94494, -0.01167
0.94565, -0.01144
0.94635, -0.01120
0.94704, -0.01097
0.94773, -0.01075
0.94841, -0.01052
0.94910, -0.01029
0.94977, -0.01007
0.95045, -0.00985
0.95111, -0.00963
0.95178, -0.00941
0.95244, -0.00920
0.95309, -0.00898
0.95374, -0.00877
0.95439, -0.00856
0.95503, -0.00835
0.95567, -0.00815
0.95630, -0.00794
0.95693, -0.00774
0.95756, -0.00754
0.95818, -0.00734
0.95879, -0.00714
0.95941, -0.00694
0.96001, -0.00675
0.96062, -0.00656
0.96121, -0.00637
0.96181, -0.00618
0.96240, -0.00599
0.96298, -0.00581
0.96357, -0.00562
0.96414, -0.00544
0.96471, -0.00526
0.96528, -0.00508
0.96585, -0.00491
0.96641, -0.00473
0.96696, -0.00456
0.96751, -0.00439
0.96806, -0.00422
0.96860, -0.00406
0.96913, -0.00389
0.96967, -0.00373
0.97020, -0.00356
0.97072, -0.00341
0.97124, -0.00325
0.97175, -0.00309
0.97226, -0.00294
0.97277, -0.00278
0.97327, -0.00263
0.97377, -0.00248
0.97426, -0.00234
0.97475, -0.00219
0.97523, -0.00205
0.97571, -0.00190
0.97619, -0.00176
0.97666, -0.00163
0.97712, -0.00149
0.97758, -0.00135
0.97804, -0.00122
0.97849, -0.00109
0.97894, -0.00096
0.97938, -0.00083
0.97982, -0.00070
0.98025, -0.00058
0.98068, -0.00045
0.98111, -0.00033
0.98153, -0.00021
0.98194, -0.00009
0.98236, 0.00002
0.98276, 0.00014
0.98316, 0.00025
0.98356, 0.00037
0.98395, 0.00048
0.98434, 0.00058
0.98473, 0.00069
0.98511, 0.00080
0.98548, 0.00090
0.98585, 0.00100
0.98622, 0.00110
0.98658, 0.00120
0.98693, 0.00130
0.98728, 0.00140
0.98763, 0.00149
0.98797, 0.00159
0.98831, 0.00168
0.98864, 0.00177
0.98897, 0.00186
0.98929, 0.00194
0.98961, 0.00203
0.98993, 0.00211
0.99024, 0.00220
0.99054, 0.00228
0.99084, 0.00236
0.99114, 0.00244
0.99143, 0.00251
0.99171, 0.00259
0.99199, 0.00266
0.99227, 0.00274
0.99254, 0.00281
0.99281, 0.00288
0.99307, 0.00295
0.99333, 0.00301
0.99358, 0.00308
0.99383, 0.00314
0.99407, 0.00320
0.99431, 0.00327
0.99455, 0.00333
0.99478, 0.00339
0.99500, 0.00344
0.99522, 0.00350
0.99543, 0.00355
0.99565, 0.00361
0.99585, 0.00366
0.99605, 0.00371
0.99625, 0.00376
0.99644, 0.00381
0.99662, 0.00385
0.99681, 0.00390
0.99698, 0.00394
0.99715, 0.00399
0.99732, 0.00403
0.99748, 0.00407
0.99764, 0.00411
0.99779, 0.00415
0.99794, 0.00418
0.99808, 0.00422
0.99822, 0.00425
0.99836, 0.00429
0.99848, 0.00432
0.99861, 0.00435
0.99873, 0.00438
0.99884, 0.00441
0.99895, 0.00443
0.99905, 0.00446
0.99915, 0.00448
0.99925, 0.00451
0.99934, 0.00453
0.99942, 0.00455
0.99950, 0.00457
0.99958, 0.00459
0.99965, 0.00460
0.99971, 0.00462
0.99977, 0.00464
0.99983, 0.00465
0.99988, 0.00466
0.99993, 0.00467
0.99997, 0.00468
1.00001, 0.00469
1.00004, 0.00470
1.00006, 0.00471
1.00009, 0.00471
1.00010, 0.00472
1.00012, 0.00472
1.00016, 0.00472
1.00018, 0.00473
