=== Airfoil Parameters ===
m = 0.02
p = 0.4
t = 0.12

=== Control Points ===
0.00000, -0.00804, -0.00804
0.06667, -0.00129, -0.00741
0.13333, 0.00380, -0.00731
0.20000, 0.00502, -0.00998
0.26667, 0.00307, -0.01471
0.66667, -0.00012, -0.01617
0.75000, 0.00217, -0.01102
0.83333, 0.00575, -0.00382
0.91667, 0.00383, -0.00133
1.00000, -0.00299, -0.00299

=== Upper Surface ===
0.00000, -0.00804
-0.00003, -0.00776
-0.00005, -0.00748
-0.00006, -0.00720
-0.00007, -0.00692
-0.00008, -0.00664
-0.00008, -0.00636
-0.00007, -0.00608
-0.00006, -0.00580
-0.00005, -0.00552
-0.00003, -0.00525
-0.00000, -0.00497
0.00003, -0.00469
0.00006, -0.00440
0.00010, -0.00412
0.00014, -0.00384
0.00019, -0.00356
0.00025, -0.00328
0.00031, -0.00300
0.00037, -0.00272
0.00044, -0.00244
0.00051, -0.00216
0.00059, -0.00188
0.00068, -0.00160
0.00077, -0.00132
0.00086, -0.00103
0.00096, -0.00075
0.00106, -0.00047
0.00117, -0.00019
0.00128, 0.00009
0.00140, 0.00037
0.00153, 0.00066
0.00165, 0.00094
0.00179, 0.00122
0.00193, 0.00150
0.00207, 0.00178
0.00222, 0.00207
0.00237, 0.00235
0.00253, 0.00263
0.00269, 0.00291
0.00286, 0.00320
0.00303, 0.00348
0.00321, 0.00376
0.00339, 0.00405
0.00358, 0.00433
0.00377, 0.00461
0.00397, 0.00490
0.00417, 0.00518
0.00438, 0.00546
0.00459, 0.00575
0.00481, 0.00603
0.00503, 0.00631
0.00526, 0.00660
0.00549, 0.00688
0.00573, 0.00716
0.00597, 0.00745
0.00621, 0.00773
0.00647, 0.00801
0.00672, 0.00830
0.00698, 0.00858
0.00725, 0.00887
0.00752, 0.00915
0.00779, 0.00943
0.00808, 0.00972
0.00836, 0.01000
0.00865, 0.01029
0.00895, 0.01057
0.00925, 0.01086
0.00955, 0.01114
0.00986, 0.01142
0.01018, 0.01171
0.01049, 0.01199
0.01082, 0.01228
0.01115, 0.01256
0.01148, 0.01285
0.01182, 0.01313
0.01216, 0.01342
0.01251, 0.01370
0.01287, 0.01398
0.01322, 0.01427
0.01359, 0.01455
0.01396, 0.01484
0.01433, 0.01512
0.01471, 0.01541
0.01509, 0.01569
0.01548, 0.01598
0.01587, 0.01626
0.01626, 0.01654
0.01667, 0.01683
0.01707, 0.01711
0.01748, 0.01740
0.01790, 0.01768
0.01832, 0.01797
0.01875, 0.01825
0.01918, 0.01853
0.01961, 0.01882
0.02005, 0.01910
0.02050, 0.01939
0.02095, 0.01967
0.02140, 0.01995
0.02186, 0.02024
0.02233, 0.02052
0.02280, 0.02081
0.02327, 0.02109
0.02375, 0.02137
0.02423, 0.02166
0.02472, 0.02194
0.02521, 0.02222
0.02571, 0.02251
0.02622, 0.02279
0.02672, 0.02307
0.02724, 0.02336
0.02775, 0.02364
0.02827, 0.02392
0.02880, 0.02420
0.02933, 0.02449
0.02987, 0.02477
0.03041, 0.02505
0.03096, 0.02533
0.03151, 0.02561
0.03206, 0.02590
0.03262, 0.02618
0.03319, 0.02646
0.03376, 0.02674
0.03433, 0.02702
0.03491, 0.02730
0.03550, 0.02758
0.03609, 0.02786
0.03668, 0.02814
0.03728, 0.02842
0.03788, 0.02870
0.03849, 0.02898
0.03910, 0.02926
0.03972, 0.02954
0.04034, 0.02982
0.04097, 0.03010
0.04160, 0.03038
0.04224, 0.03066
0.04288, 0.03093
0.04353, 0.03121
0.04418, 0.03149
0.04483, 0.03176
0.04549, 0.03204
0.04616, 0.03232
0.04683, 0.03259
0.04750, 0.03287
0.04818, 0.03314
0.04887, 0.03342
0.04956, 0.03369
0.05025, 0.03397
0.05095, 0.03424
0.05165, 0.03452
0.05236, 0.03479
0.05307, 0.03506
0.05379, 0.03533
0.05451, 0.03561
0.05524, 0.03588
0.05597, 0.03615
0.05671, 0.03642
0.05745, 0.03669
0.05820, 0.03696
0.05895, 0.03723
0.05971, 0.03750
0.06047, 0.03777
0.06123, 0.03803
0.06200, 0.03830
0.06278, 0.03857
0.06356, 0.03883
0.06434, 0.03910
0.06513, 0.03936
0.06592, 0.03963
0.06672, 0.03989
0.06753, 0.04015
0.06834, 0.04042
0.06915, 0.04068
0.06997, 0.04094
0.07079, 0.04120
0.07162, 0.04146
0.07245, 0.04172
0.07329, 0.04198
0.07413, 0.04224
0.07497, 0.04249
0.07582, 0.04275
0.07668, 0.04301
0.07754, 0.04326
0.07841, 0.04351
0.07928, 0.04377
0.08015, 0.04402
0.08103, 0.04427
0.08192, 0.04452
0.08280, 0.04477
0.08370, 0.04502
0.08460, 0.04527
0.08550, 0.04552
0.08641, 0.04576
0.08732, 0.04601
0.08824, 0.04625
0.08916, 0.04650
0.09009, 0.04674
0.09102, 0.04698
0.09196, 0.04722
0.09290, 0.04746
0.09385, 0.04770
0.09480, 0.04793
0.09575, 0.04817
0.09671, 0.04841
0.09768, 0.04864
0.09865, 0.04887
0.09962, 0.04910
0.10060, 0.04933
0.10159, 0.04956
0.10257, 0.04979
0.10357, 0.05002
0.10457, 0.05024
0.10557, 0.05046
0.10658, 0.05069
0.10759, 0.05091
0.10861, 0.05113
0.10963, 0.05135
0.11066, 0.05156
0.11169, 0.05178
0.11272, 0.05199
0.11377, 0.05221
0.11481, 0.05242
0.11586, 0.05263
0.11692, 0.05283
0.11798, 0.05304
0.11904, 0.05325
0.12011, 0.05345
0.12118, 0.05365
0.12226, 0.05385
0.12335, 0.05405
0.12443, 0.05424
0.12553, 0.05444
0.12663, 0.05463
0.12773, 0.05482
0.12883, 0.05501
0.12995, 0.05520
0.13106, 0.05538
0.13218, 0.05557
0.13331, 0.05575
0.13444, 0.05593
0.13557, 0.05611
0.13671, 0.05628
0.13785, 0.05646
0.13899, 0.05663
0.14014, 0.05680
0.14129, 0.05696
0.14245, 0.05713
0.14361, 0.05729
0.14477, 0.05745
0.14594, 0.05761
0.14711, 0.05777
0.14828, 0.05792
0.14946, 0.05808
0.15065, 0.05823
0.15183, 0.05838
0.15302, 0.05852
0.15422, 0.05867
0.15541, 0.05881
0.15661, 0.05895
0.15782, 0.05909
0.15903, 0.05922
0.16024, 0.05936
0.16146, 0.05949
0.16268, 0.05961
0.16390, 0.05974
0.16513, 0.05987
0.16636, 0.05999
0.16759, 0.06011
0.16883, 0.06022
0.17007, 0.06034
0.17131, 0.06045
0.17256, 0.06056
0.17381, 0.06067
0.17506, 0.06078
0.17632, 0.06088
0.17758, 0.06098
0.17885, 0.06108
0.18012, 0.06118
0.18139, 0.06127
0.18266, 0.06136
0.18394, 0.06145
0.18522, 0.06154
0.18651, 0.06162
0.18780, 0.06171
0.18909, 0.06179
0.19038, 0.06186
0.19168, 0.06194
0.19298, 0.06201
0.19428, 0.06208
0.19559, 0.06215
0.19690, 0.06221
0.19821, 0.06228
0.19953, 0.06234
0.20085, 0.06239
0.20217, 0.06245
0.20349, 0.06250
0.20482, 0.06255
0.20615, 0.06260
0.20748, 0.06265
0.20881, 0.06269
0.21014, 0.06273
0.21147, 0.06277
0.21281, 0.06281
0.21415, 0.06284
0.21548, 0.06288
0.21682, 0.06291
0.21817, 0.06293
0.21951, 0.06296
0.22086, 0.06298
0.22220, 0.06301
0.22355, 0.06303
0.22490, 0.06304
0.22625, 0.06306
0.22760, 0.06307
0.22895, 0.06309
0.23031, 0.06310
0.23166, 0.06310
0.23302, 0.06311
0.23438, 0.06312
0.23574, 0.06312
0.23710, 0.06312
0.23846, 0.06312
0.23982, 0.06312
0.24118, 0.06312
0.24255, 0.06311
0.24391, 0.06311
0.24528, 0.06310
0.24665, 0.06309
0.24802, 0.06308
0.24939, 0.06307
0.25076, 0.06306
0.25213, 0.06304
0.25350, 0.06303
0.25487, 0.06301
0.25624, 0.06299
0.25762, 0.06297
0.25899, 0.06295
0.26037, 0.06293
0.26174, 0.06291
0.26312, 0.06289
0.26450, 0.06286
0.26587, 0.06284
0.26725, 0.06282
0.26863, 0.06279
0.27001, 0.06276
0.27139, 0.06274
0.27278, 0.06271
0.27416, 0.06268
0.27555, 0.06265
0.27694, 0.06262
0.27834, 0.06259
0.27973, 0.06255
0.28113, 0.06252
0.28253, 0.06249
0.28393, 0.06245
0.28534, 0.06242
0.28674, 0.06238
0.28815, 0.06235
0.28956, 0.06231
0.29097, 0.06227
0.29239, 0.06223
0.29380, 0.06219
0.29522, 0.06215
0.29664, 0.06211
0.29806, 0.06207
0.29949, 0.06203
0.30091, 0.06199
0.30234, 0.06194
0.30377, 0.06190
0.30520, 0.06185
0.30664, 0.06181
0.30807, 0.06176
0.30951, 0.06172
0.31095, 0.06167
0.31239, 0.06162
0.31383, 0.06157
0.31528, 0.06152
0.31673, 0.06147
0.31818, 0.06142
0.31963, 0.06137
0.32108, 0.06132
0.32253, 0.06126
0.32399, 0.06121
0.32545, 0.06115
0.32691, 0.06110
0.32837, 0.06104
0.32983, 0.06099
0.33129, 0.06093
0.33276, 0.06087
0.33423, 0.06082
0.33570, 0.06076
0.33717, 0.06070
0.33864, 0.06064
0.34011, 0.06058
0.34159, 0.06052
0.34307, 0.06045
0.34455, 0.06039
0.34603, 0.06033
0.34751, 0.06027
0.34899, 0.06020
0.35048, 0.06014
0.35196, 0.06007
0.35345, 0.06001
0.35494, 0.05994
0.35643, 0.05987
0.35792, 0.05981
0.35942, 0.05974
0.36091, 0.05967
0.36241, 0.05960
0.36391, 0.05953
0.36540, 0.05946
0.36690, 0.05939
0.36841, 0.05932
0.36991, 0.05925
0.37141, 0.05917
0.37292, 0.05910
0.37443, 0.05903
0.37594, 0.05895
0.37744, 0.05888
0.37896, 0.05880
0.38047, 0.05873
0.38198, 0.05865
0.38349, 0.05858
0.38501, 0.05850
0.38653, 0.05842
0.38804, 0.05834
0.38956, 0.05826
0.39108, 0.05818
0.39260, 0.05811
0.39413, 0.05803
0.39565, 0.05795
0.39717, 0.05786
0.39870, 0.05778
0.40023, 0.05770
0.40175, 0.05762
0.40328, 0.05754
0.40481, 0.05745
0.40634, 0.05737
0.40787, 0.05729
0.40941, 0.05720
0.41094, 0.05712
0.41247, 0.05703
0.41401, 0.05694
0.41554, 0.05686
0.41708, 0.05677
0.41862, 0.05669
0.42016, 0.05660
0.42170, 0.05651
0.42324, 0.05642
0.42478, 0.05633
0.42632, 0.05624
0.42786, 0.05615
0.42940, 0.05606
0.43095, 0.05597
0.43249, 0.05588
0.43404, 0.05579
0.43558, 0.05570
0.43713, 0.05561
0.43868, 0.05552
0.44023, 0.05542
0.44177, 0.05533
0.44332, 0.05524
0.44487, 0.05515
0.44642, 0.05505
0.44797, 0.05496
0.44953, 0.05486
0.45108, 0.05477
0.45263, 0.05467
0.45418, 0.05458
0.45574, 0.05448
0.45729, 0.05438
0.45885, 0.05429
0.46040, 0.05419
0.46196, 0.05409
0.46351, 0.05400
0.46507, 0.05390
0.46663, 0.05380
0.46818, 0.05370
0.46974, 0.05360
0.47130, 0.05350
0.47286, 0.05340
0.47441, 0.05331
0.47597, 0.05321
0.47753, 0.05311
0.47909, 0.05300
0.48065, 0.05290
0.48221, 0.05280
0.48377, 0.05270
0.48533, 0.05260
0.48689, 0.05250
0.48845, 0.05240
0.49001, 0.05229
0.49157, 0.05219
0.49313, 0.05209
0.49470, 0.05199
0.49626, 0.05188
0.49782, 0.05178
0.49938, 0.05168
0.50094, 0.05157
0.50250, 0.05147
0.50406, 0.05136
0.50563, 0.05126
0.50719, 0.05115
0.50875, 0.05105
0.51031, 0.05094
0.51187, 0.05084
0.51343, 0.05073
0.51499, 0.05063
0.51655, 0.05052
0.51812, 0.05041
0.51968, 0.05031
0.52124, 0.05020
0.52280, 0.05009
0.52436, 0.04999
0.52592, 0.04988
0.52748, 0.04977
0.52904, 0.04967
0.53060, 0.04956
0.53216, 0.04945
0.53372, 0.04934
0.53528, 0.04923
0.53683, 0.04912
0.53839, 0.04902
0.53995, 0.04891
0.54151, 0.04880
0.54307, 0.04869
0.54462, 0.04858
0.54618, 0.04847
0.54774, 0.04836
0.54929, 0.04825
0.55085, 0.04814
0.55240, 0.04803
0.55396, 0.04792
0.55551, 0.04781
0.55706, 0.04770
0.55862, 0.04759
0.56017, 0.04748
0.56172, 0.04737
0.56327, 0.04726
0.56482, 0.04715
0.56637, 0.04704
0.56792, 0.04693
0.56947, 0.04682
0.57102, 0.04671
0.57257, 0.04660
0.57411, 0.04649
0.57566, 0.04637
0.57721, 0.04626
0.57875, 0.04615
0.58029, 0.04604
0.58184, 0.04593
0.58338, 0.04582
0.58492, 0.04570
0.58646, 0.04559
0.58800, 0.04548
0.58954, 0.04537
0.59108, 0.04526
0.59262, 0.04514
0.59416, 0.04503
0.59569, 0.04492
0.59723, 0.04481
0.59876, 0.04470
0.60030, 0.04458
0.60183, 0.04447
0.60336, 0.04436
0.60489, 0.04425
0.60642, 0.04413
0.60795, 0.04402
0.60948, 0.04391
0.61100, 0.04380
0.61253, 0.04368
0.61406, 0.04357
0.61558, 0.04346
0.61710, 0.04335
0.61862, 0.04323
0.62014, 0.04312
0.62166, 0.04301
0.62318, 0.04289
0.62470, 0.04278
0.62621, 0.04267
0.62773, 0.04256
0.62924, 0.04244
0.63075, 0.04233
0.63226, 0.04222
0.63377, 0.04210
0.63528, 0.04199
0.63679, 0.04188
0.63829, 0.04177
0.63980, 0.04165
0.64130, 0.04154
0.64280, 0.04143
0.64430, 0.04132
0.64580, 0.04120
0.64730, 0.04109
0.64880, 0.04098
0.65029, 0.04087
0.65178, 0.04075
0.65328, 0.04064
0.65477, 0.04053
0.65625, 0.04042
0.65774, 0.04030
0.65923, 0.04019
0.66071, 0.04008
0.66220, 0.03997
0.66368, 0.03985
0.66516, 0.03974
0.66663, 0.03963
0.66811, 0.03952
0.66959, 0.03940
0.67106, 0.03929
0.67253, 0.03918
0.67400, 0.03907
0.67546, 0.03896
0.67693, 0.03885
0.67839, 0.03874
0.67985, 0.03862
0.68130, 0.03851
0.68276, 0.03840
0.68421, 0.03829
0.68566, 0.03818
0.68711, 0.03807
0.68856, 0.03796
0.69000, 0.03785
0.69145, 0.03774
0.69289, 0.03764
0.69433, 0.03753
0.69576, 0.03742
0.69719, 0.03731
0.69863, 0.03721
0.70006, 0.03710
0.70148, 0.03699
0.70291, 0.03689
0.70433, 0.03678
0.70575, 0.03668
0.70717, 0.03657
0.70858, 0.03647
0.71000, 0.03637
0.71141, 0.03626
0.71282, 0.03616
0.71422, 0.03606
0.71563, 0.03596
0.71703, 0.03586
0.71843, 0.03576
0.71983, 0.03566
0.72122, 0.03556
0.72261, 0.03546
0.72400, 0.03537
0.72539, 0.03527
0.72678, 0.03517
0.72816, 0.03508
0.72954, 0.03498
0.73092, 0.03489
0.73229, 0.03480
0.73367, 0.03471
0.73504, 0.03461
0.73641, 0.03452
0.73777, 0.03443
0.73914, 0.03434
0.74050, 0.03426
0.74186, 0.03417
0.74321, 0.03408
0.74457, 0.03400
0.74592, 0.03391
0.74727, 0.03383
0.74861, 0.03374
0.74996, 0.03366
0.75130, 0.03358
0.75264, 0.03350
0.75398, 0.03342
0.75532, 0.03334
0.75666, 0.03326
0.75800, 0.03318
0.75934, 0.03311
0.76067, 0.03303
0.76200, 0.03295
0.76334, 0.03288
0.76467, 0.03280
0.76600, 0.03273
0.76732, 0.03265
0.76865, 0.03258
0.76997, 0.03251
0.77130, 0.03243
0.77262, 0.03236
0.77394, 0.03228
0.77525, 0.03221
0.77657, 0.03214
0.77788, 0.03206
0.77920, 0.03199
0.78051, 0.03191
0.78182, 0.03184
0.78312, 0.03176
0.78443, 0.03169
0.78573, 0.03161
0.78703, 0.03154
0.78833, 0.03146
0.78963, 0.03138
0.79092, 0.03131
0.79221, 0.03123
0.79350, 0.03115
0.79479, 0.03107
0.79608, 0.03099
0.79736, 0.03091
0.79864, 0.03083
0.79992, 0.03075
0.80120, 0.03067
0.80247, 0.03059
0.80374, 0.03050
0.80501, 0.03042
0.80628, 0.03033
0.80754, 0.03025
0.80881, 0.03016
0.81007, 0.03007
0.81132, 0.02998
0.81258, 0.02989
0.81383, 0.02980
0.81508, 0.02970
0.81632, 0.02961
0.81756, 0.02952
0.81880, 0.02942
0.82004, 0.02932
0.82128, 0.02922
0.82251, 0.02912
0.82374, 0.02902
0.82496, 0.02892
0.82619, 0.02881
0.82741, 0.02871
0.82862, 0.02860
0.82984, 0.02849
0.83105, 0.02838
0.83226, 0.02827
0.83346, 0.02816
0.83466, 0.02805
0.83586, 0.02793
0.83705, 0.02781
0.83824, 0.02770
0.83943, 0.02758
0.84061, 0.02746
0.84178, 0.02733
0.84296, 0.02721
0.84413, 0.02708
0.84529, 0.02696
0.84645, 0.02683
0.84761, 0.02670
0.84876, 0.02657
0.84991, 0.02644
0.85106, 0.02631
0.85220, 0.02618
0.85334, 0.02604
0.85447, 0.02591
0.85560, 0.02577
0.85673, 0.02563
0.85785, 0.02549
0.85897, 0.02535
0.86008, 0.02521
0.86119, 0.02507
0.86230, 0.02493
0.86340, 0.02479
0.86449, 0.02464
0.86559, 0.02450
0.86668, 0.02435
0.86776, 0.02421
0.86884, 0.02406
0.86992, 0.02391
0.87099, 0.02376
0.87206, 0.02362
0.87313, 0.02347
0.87419, 0.02331
0.87524, 0.02316
0.87630, 0.02301
0.87734, 0.02286
0.87839, 0.02271
0.87943, 0.02255
0.88047, 0.02240
0.88150, 0.02224
0.88252, 0.02209
0.88355, 0.02193
0.88457, 0.02178
0.88558, 0.02162
0.88659, 0.02146
0.88760, 0.02131
0.88860, 0.02115
0.88960, 0.02099
0.89060, 0.02083
0.89159, 0.02067
0.89257, 0.02051
0.89356, 0.02035
0.89453, 0.02019
0.89551, 0.02003
0.89648, 0.01987
0.89744, 0.01971
0.89840, 0.01955
0.89936, 0.01939
0.90031, 0.01923
0.90126, 0.01907
0.90220, 0.01891
0.90314, 0.01875
0.90408, 0.01858
0.90501, 0.01842
0.90594, 0.01826
0.90686, 0.01810
0.90778, 0.01794
0.90869, 0.01777
0.90960, 0.01761
0.91051, 0.01745
0.91141, 0.01729
0.91231, 0.01713
0.91320, 0.01696
0.91409, 0.01680
0.91497, 0.01664
0.91585, 0.01648
0.91673, 0.01632
0.91760, 0.01616
0.91847, 0.01599
0.91933, 0.01583
0.92019, 0.01567
0.92104, 0.01551
0.92189, 0.01535
0.92274, 0.01519
0.92358, 0.01503
0.92442, 0.01487
0.92525, 0.01471
0.92608, 0.01455
0.92690, 0.01439
0.92772, 0.01423
0.92853, 0.01407
0.92935, 0.01391
0.93015, 0.01376
0.93095, 0.01360
0.93175, 0.01344
0.93254, 0.01328
0.93333, 0.01313
0.93412, 0.01297
0.93490, 0.01281
0.93567, 0.01266
0.93644, 0.01250
0.93721, 0.01235
0.93797, 0.01219
0.93873, 0.01204
0.93948, 0.01189
0.94023, 0.01173
0.94097, 0.01158
0.94171, 0.01143
0.94245, 0.01128
0.94318, 0.01113
0.94391, 0.01098
0.94463, 0.01083
0.94535, 0.01068
0.94606, 0.01053
0.94677, 0.01038
0.94747, 0.01023
0.94817, 0.01009
0.94887, 0.00994
0.94956, 0.00979
0.95024, 0.00965
0.95092, 0.00950
0.95160, 0.00936
0.95227, 0.00921
0.95294, 0.00907
0.95360, 0.00893
0.95426, 0.00879
0.95492, 0.00865
0.95557, 0.00851
0.95621, 0.00837
0.95685, 0.00823
0.95749, 0.00809
0.95812, 0.00795
0.95875, 0.00782
0.95937, 0.00768
0.95999, 0.00755
0.96060, 0.00741
0.96121, 0.00728
0.96182, 0.00714
0.96241, 0.00701
0.96301, 0.00688
0.96360, 0.00675
0.96419, 0.00662
0.96477, 0.00649
0.96534, 0.00636
0.96592, 0.00624
0.96648, 0.00611
0.96705, 0.00598
0.96760, 0.00586
0.96816, 0.00573
0.96871, 0.00561
0.96925, 0.00549
0.96979, 0.00537
0.97032, 0.00525
0.97085, 0.00513
0.97138, 0.00501
0.97190, 0.00489
0.97242, 0.00477
0.97293, 0.00466
0.97344, 0.00454
0.97394, 0.00443
0.97444, 0.00431
0.97493, 0.00420
0.97542, 0.00409
0.97590, 0.00398
0.97638, 0.00387
0.97685, 0.00376
0.97732, 0.00365
0.97779, 0.00354
0.97825, 0.00344
0.97870, 0.00333
0.97915, 0.00323
0.97960, 0.00313
0.98004, 0.00302
0.98048, 0.00292
0.98091, 0.00282
0.98134, 0.00272
0.98176, 0.00262
0.98218, 0.00253
0.98259, 0.00243
0.98300, 0.00234
0.98340, 0.00224
0.98380, 0.00215
0.98419, 0.00206
0.98458, 0.00197
0.98497, 0.00188
0.98535, 0.00179
0.98572, 0.00170
0.98609, 0.00161
0.98646, 0.00153
0.98682, 0.00144
0.98718, 0.00136
0.98753, 0.00127
0.98787, 0.00119
0.98821, 0.00111
0.98855, 0.00103
0.98888, 0.00095
0.98921, 0.00088
0.98953, 0.00080
0.98985, 0.00072
0.99016, 0.00065
0.99047, 0.00058
0.99077, 0.00051
0.99107, 0.00043
0.99137, 0.00036
0.99165, 0.00030
0.99194, 0.00023
0.99222, 0.00016
0.99249, 0.00010
0.99276, 0.00003
0.99303, -0.00003
0.99329, -0.00009
0.99354, -0.00015
0.99379, -0.00021
0.99404, -0.00027
0.99428, -0.00033
0.99451, -0.00039
0.99475, -0.00044
0.99497, -0.00050
0.99519, -0.00055
0.99541, -0.00060
0.99562, -0.00065
0.99583, -0.00070
0.99603, -0.00075
0.99623, -0.00080
0.99642, -0.00084
0.99661, -0.00089
0.99679, -0.00093
0.99697, -0.00097
0.99714, -0.00102
0.99731, -0.00106
0.99747, -0.00110
0.99763, -0.00113
0.99778, -0.00117
0.99793, -0.00121
0.99807, -0.00124
0.99821, -0.00128
0.99835, -0.00131
0.99848, -0.00134
0.99860, -0.00137
0.99872, -0.00140
0.99883, -0.00143
0.99894, -0.00145
0.99905, -0.00148
0.99915, -0.00150
0.99924, -0.00152
0.99933, -0.00155
0.99942, -0.00157
0.99950, -0.00159
0.99958, -0.00160
0.99965, -0.00162
0.99971, -0.00164
0.99977, -0.00165
0.99983, -0.00167
0.99988, -0.00168
0.99993, -0.00169
0.99997, -0.00170
1.00000, -0.00171
1.00004, -0.00172
1.00006, -0.00172
1.00009, -0.00173
1.00010, -0.00173
1.00012, -0.00174
1.00016, -0.00174
1.00018, -0.00174

=== Lower Surface ===
0.00000, -0.00804
0.00004, -0.00832
0.00007, -0.00859
0.00011, -0.00887
0.00015, -0.00915
0.00020, -0.00942
0.00026, -0.00969
0.00031, -0.00997
0.00038, -0.01024
0.00045, -0.01051
0.00052, -0.01078
0.00060, -0.01105
0.00069, -0.01132
0.00078, -0.01159
0.00087, -0.01186
0.00097, -0.01212
0.00107, -0.01239
0.00118, -0.01265
0.00130, -0.01291
0.00141, -0.01318
0.00154, -0.01344
0.00167, -0.01370
0.00180, -0.01396
0.00194, -0.01422
0.00208, -0.01448
0.00223, -0.01473
0.00238, -0.01499
0.00254, -0.01525
0.00270, -0.01550
0.00287, -0.01575
0.00304, -0.01601
0.00322, -0.01626
0.00340, -0.01651
0.00359, -0.01676
0.00378, -0.01701
0.00398, -0.01726
0.00418, -0.01750
0.00439, -0.01775
0.00460, -0.01799
0.00482, -0.01824
0.00504, -0.01848
0.00527, -0.01873
0.00550, -0.01897
0.00574, -0.01921
0.00598, -0.01945
0.00622, -0.01969
0.00647, -0.01992
0.00673, -0.02016
0.00699, -0.02040
0.00726, -0.02063
0.00753, -0.02087
0.00780, -0.02110
0.00808, -0.02133
0.00837, -0.02156
0.00866, -0.02179
0.00895, -0.02202
0.00925, -0.02225
0.00956, -0.02248
0.00987, -0.02271
0.01018, -0.02293
0.01050, -0.02316
0.01082, -0.02338
0.01115, -0.02360
0.01149, -0.02382
0.01182, -0.02405
0.01217, -0.02427
0.01252, -0.02448
0.01287, -0.02470
0.01323, -0.02492
0.01359, -0.02513
0.01396, -0.02535
0.01433, -0.02556
0.01471, -0.02578
0.01509, -0.02599
0.01547, -0.02620
0.01586, -0.02641
0.01626, -0.02662
0.01666, -0.02682
0.01707, -0.02703
0.01748, -0.02724
0.01789, -0.02744
0.01831, -0.02765
0.01874, -0.02785
0.01916, -0.02805
0.01960, -0.02825
0.02004, -0.02845
0.02048, -0.02865
0.02093, -0.02885
0.02138, -0.02904
0.02184, -0.02924
0.02230, -0.02943
0.02277, -0.02963
0.02324, -0.02982
0.02372, -0.03001
0.02420, -0.03020
0.02468, -0.03039
0.02517, -0.03058
0.02567, -0.03077
0.02616, -0.03095
0.02667, -0.03114
0.02718, -0.03132
0.02769, -0.03150
0.02821, -0.03169
0.02873, -0.03187
0.02926, -0.03205
0.02979, -0.03223
0.03032, -0.03240
0.03086, -0.03258
0.03141, -0.03276
0.03196, -0.03293
0.03251, -0.03311
0.03307, -0.03328
0.03363, -0.03345
0.03420, -0.03362
0.03477, -0.03379
0.03535, -0.03396
0.03593, -0.03412
0.03652, -0.03429
0.03711, -0.03446
0.03770, -0.03462
0.03830, -0.03478
0.03890, -0.03495
0.03951, -0.03511
0.04012, -0.03527
0.04074, -0.03542
0.04136, -0.03558
0.04198, -0.03574
0.04261, -0.03589
0.04325, -0.03605
0.04388, -0.03620
0.04453, -0.03636
0.04517, -0.03651
0.04582, -0.03666
0.04648, -0.03681
0.04714, -0.03696
0.04780, -0.03710
0.04847, -0.03725
0.04914, -0.03739
0.04982, -0.03754
0.05050, -0.03768
0.05118, -0.03782
0.05187, -0.03796
0.05257, -0.03810
0.05326, -0.03824
0.05396, -0.03838
0.05467, -0.03852
0.05538, -0.03865
0.05609, -0.03879
0.05681, -0.03892
0.05753, -0.03906
0.05826, -0.03919
0.05899, -0.03932
0.05972, -0.03945
0.06046, -0.03958
0.06120, -0.03971
0.06195, -0.03983
0.06270, -0.03996
0.06345, -0.04008
0.06421, -0.04021
0.06497, -0.04033
0.06574, -0.04045
0.06651, -0.04058
0.06728, -0.04070
0.06806, -0.04082
0.06884, -0.04093
0.06962, -0.04105
0.07041, -0.04117
0.07120, -0.04128
0.07200, -0.04140
0.07280, -0.04151
0.07361, -0.04163
0.07441, -0.04174
0.07522, -0.04185
0.07604, -0.04196
0.07686, -0.04207
0.07768, -0.04218
0.07851, -0.04229
0.07934, -0.04239
0.08017, -0.04250
0.08101, -0.04260
0.08185, -0.04271
0.08269, -0.04281
0.08354, -0.04292
0.08439, -0.04302
0.08525, -0.04312
0.08611, -0.04322
0.08697, -0.04332
0.08783, -0.04342
0.08870, -0.04352
0.08958, -0.04361
0.09045, -0.04371
0.09133, -0.04381
0.09221, -0.04390
0.09310, -0.04400
0.09399, -0.04409
0.09488, -0.04419
0.09578, -0.04428
0.09668, -0.04437
0.09758, -0.04446
0.09849, -0.04455
0.09940, -0.04464
0.10031, -0.04473
0.10122, -0.04482
0.10214, -0.04491
0.10307, -0.04500
0.10399, -0.04509
0.10492, -0.04517
0.10585, -0.04526
0.10679, -0.04535
0.10772, -0.04543
0.10866, -0.04552
0.10961, -0.04560
0.11056, -0.04568
0.11151, -0.04577
0.11246, -0.04585
0.11342, -0.04593
0.11437, -0.04602
0.11534, -0.04610
0.11630, -0.04618
0.11727, -0.04626
0.11824, -0.04634
0.11921, -0.04642
0.12019, -0.04650
0.12117, -0.04658
0.12215, -0.04666
0.12314, -0.04674
0.12413, -0.04682
0.12512, -0.04690
0.12611, -0.04698
0.12711, -0.04706
0.12810, -0.04714
0.12911, -0.04722
0.13011, -0.04729
0.13112, -0.04737
0.13213, -0.04745
0.13314, -0.04753
0.13415, -0.04761
0.13517, -0.04768
0.13619, -0.04776
0.13721, -0.04784
0.13824, -0.04792
0.13927, -0.04800
0.14030, -0.04807
0.14134, -0.04815
0.14238, -0.04823
0.14342, -0.04831
0.14447, -0.04839
0.14551, -0.04846
0.14657, -0.04854
0.14762, -0.04862
0.14868, -0.04870
0.14974, -0.04878
0.15081, -0.04886
0.15187, -0.04893
0.15294, -0.04901
0.15402, -0.04909
0.15509, -0.04917
0.15618, -0.04925
0.15726, -0.04933
0.15834, -0.04941
0.15943, -0.04948
0.16053, -0.04956
0.16162, -0.04964
0.16272, -0.04972
0.16382, -0.04980
0.16493, -0.04988
0.16604, -0.04996
0.16715, -0.05004
0.16826, -0.05012
0.16938, -0.05020
0.17050, -0.05028
0.17162, -0.05036
0.17275, -0.05044
0.17388, -0.05052
0.17501, -0.05061
0.17614, -0.05069
0.17728, -0.05077
0.17842, -0.05085
0.17957, -0.05093
0.18072, -0.05101
0.18187, -0.05110
0.18302, -0.05118
0.18418, -0.05126
0.18533, -0.05135
0.18650, -0.05143
0.18766, -0.05151
0.18883, -0.05160
0.19000, -0.05168
0.19117, -0.05177
0.19235, -0.05185
0.19353, -0.05194
0.19471, -0.05202
0.19590, -0.05211
0.19709, -0.05219
0.19828, -0.05228
0.19947, -0.05237
0.20067, -0.05245
0.20187, -0.05254
0.20308, -0.05263
0.20429, -0.05272
0.20550, -0.05280
0.20672, -0.05289
0.20794, -0.05298
0.20917, -0.05307
0.21040, -0.05316
0.21163, -0.05325
0.21287, -0.05334
0.21412, -0.05343
0.21536, -0.05352
0.21661, -0.05361
0.21787, -0.05370
0.21913, -0.05378
0.22039, -0.05387
0.22166, -0.05396
0.22293, -0.05405
0.22420, -0.05414
0.22548, -0.05423
0.22677, -0.05432
0.22806, -0.05441
0.22935, -0.05450
0.23064, -0.05459
0.23195, -0.05468
0.23325, -0.05476
0.23456, -0.05485
0.23587, -0.05494
0.23719, -0.05503
0.23851, -0.05511
0.23983, -0.05520
0.24116, -0.05529
0.24250, -0.05537
0.24384, -0.05546
0.24518, -0.05554
0.24652, -0.05562
0.24787, -0.05571
0.24923, -0.05579
0.25059, -0.05587
0.25195, -0.05595
0.25332, -0.05603
0.25469, -0.05611
0.25606, -0.05619
0.25744, -0.05627
0.25882, -0.05635
0.26021, -0.05642
0.26160, -0.05650
0.26300, -0.05657
0.26440, -0.05664
0.26580, -0.05671
0.26721, -0.05679
0.26861, -0.05685
0.27002, -0.05692
0.27144, -0.05699
0.27285, -0.05706
0.27427, -0.05712
0.27569, -0.05718
0.27711, -0.05725
0.27853, -0.05731
0.27996, -0.05737
0.28139, -0.05742
0.28282, -0.05748
0.28425, -0.05754
0.28569, -0.05759
0.28712, -0.05765
0.28856, -0.05770
0.29000, -0.05775
0.29145, -0.05780
0.29289, -0.05785
0.29434, -0.05790
0.29579, -0.05795
0.29724, -0.05799
0.29869, -0.05804
0.30015, -0.05808
0.30161, -0.05812
0.30307, -0.05816
0.30453, -0.05820
0.30599, -0.05824
0.30746, -0.05828
0.30892, -0.05831
0.31039, -0.05835
0.31186, -0.05838
0.31334, -0.05841
0.31481, -0.05845
0.31629, -0.05848
0.31777, -0.05850
0.31925, -0.05853
0.32073, -0.05856
0.32221, -0.05858
0.32370, -0.05861
0.32519, -0.05863
0.32667, -0.05865
0.32816, -0.05868
0.32966, -0.05869
0.33115, -0.05871
0.33265, -0.05873
0.33414, -0.05875
0.33564, -0.05876
0.33714, -0.05878
0.33865, -0.05879
0.34015, -0.05880
0.34166, -0.05881
0.34316, -0.05882
0.34467, -0.05883
0.34618, -0.05883
0.34769, -0.05884
0.34921, -0.05884
0.35072, -0.05885
0.35224, -0.05885
0.35376, -0.05885
0.35527, -0.05885
0.35679, -0.05885
0.35832, -0.05885
0.35984, -0.05884
0.36136, -0.05884
0.36289, -0.05883
0.36442, -0.05883
0.36595, -0.05882
0.36748, -0.05881
0.36901, -0.05880
0.37054, -0.05879
0.37207, -0.05878
0.37361, -0.05876
0.37514, -0.05875
0.37668, -0.05873
0.37822, -0.05872
0.37976, -0.05870
0.38130, -0.05868
0.38284, -0.05866
0.38439, -0.05864
0.38593, -0.05862
0.38748, -0.05859
0.38902, -0.05857
0.39057, -0.05854
0.39212, -0.05852
0.39367, -0.05849
0.39522, -0.05846
0.39677, -0.05843
0.39833, -0.05840
0.39988, -0.05837
0.40143, -0.05833
0.40299, -0.05830
0.40455, -0.05826
0.40610, -0.05823
0.40766, -0.05819
0.40922, -0.05815
0.41078, -0.05811
0.41234, -0.05807
0.41391, -0.05803
0.41547, -0.05799
0.41703, -0.05794
0.41860, -0.05790
0.42016, -0.05785
0.42173, -0.05780
0.42329, -0.05776
0.42486, -0.05771
0.42643, -0.05766
0.42800, -0.05761
0.42957, -0.05755
0.43114, -0.05750
0.43271, -0.05745
0.43428, -0.05739
0.43585, -0.05734
0.43742, -0.05728
0.43900, -0.05722
0.44057, -0.05716
0.44215, -0.05710
0.44372, -0.05704
0.44530, -0.05698
0.44687, -0.05691
0.44845, -0.05685
0.45002, -0.05679
0.45160, -0.05672
0.45318, -0.05665
0.45476, -0.05658
0.45634, -0.05652
0.45791, -0.05645
0.45949, -0.05637
0.46107, -0.05630
0.46265, -0.05623
0.46423, -0.05616
0.46581, -0.05608
0.46739, -0.05601
0.46898, -0.05593
0.47056, -0.05585
0.47214, -0.05577
0.47372, -0.05569
0.47530, -0.05561
0.47689, -0.05553
0.47847, -0.05545
0.48005, -0.05537
0.48163, -0.05528
0.48322, -0.05520
0.48480, -0.05511
0.48638, -0.05503
0.48797, -0.05494
0.48955, -0.05485
0.49113, -0.05476
0.49272, -0.05467
0.49430, -0.05458
0.49588, -0.05449
0.49747, -0.05440
0.49905, -0.05430
0.50063, -0.05421
0.50222, -0.05411
0.50380, -0.05402
0.50538, -0.05392
0.50696, -0.05382
0.50855, -0.05372
0.51013, -0.05362
0.51171, -0.05352
0.51329, -0.05342
0.51488, -0.05332
0.51646, -0.05322
0.51804, -0.05311
0.51962, -0.05301
0.52120, -0.05290
0.52278, -0.05280
0.52437, -0.05269
0.52595, -0.05258
0.52753, -0.05248
0.52911, -0.05237
0.53069, -0.05226
0.53226, -0.05215
0.53384, -0.05203
0.53542, -0.05192
0.53700, -0.05181
0.53858, -0.05169
0.54015, -0.05158
0.54173, -0.05146
0.54331, -0.05135
0.54488, -0.05123
0.54646, -0.05111
0.54803, -0.05099
0.54961, -0.05088
0.55118, -0.05076
0.55275, -0.05064
0.55433, -0.05051
0.55590, -0.05039
0.55747, -0.05027
0.55904, -0.05015
0.56061, -0.05002
0.56218, -0.04990
0.56375, -0.04977
0.56531, -0.04965
0.56688, -0.04952
0.56845, -0.04939
0.57001, -0.04926
0.57158, -0.04913
0.57314, -0.04900
0.57471, -0.04887
0.57627, -0.04874
0.57783, -0.04861
0.57939, -0.04848
0.58095, -0.04835
0.58251, -0.04821
0.58407, -0.04808
0.58563, -0.04794
0.58718, -0.04781
0.58874, -0.04767
0.59029, -0.04753
0.59185, -0.04740
0.59340, -0.04726
0.59495, -0.04712
0.59650, -0.04698
0.59805, -0.04684
0.59960, -0.04670
0.60115, -0.04656
0.60270, -0.04642
0.60424, -0.04628
0.60579, -0.04613
0.60733, -0.04599
0.60887, -0.04585
0.61041, -0.04570
0.61195, -0.04556
0.61349, -0.04541
0.61503, -0.04527
0.61657, -0.04512
0.61810, -0.04497
0.61964, -0.04483
0.62117, -0.04468
0.62270, -0.04453
0.62423, -0.04438
0.62576, -0.04423
0.62729, -0.04408
0.62881, -0.04393
0.63034, -0.04378
0.63186, -0.04363
0.63338, -0.04347
0.63491, -0.04332
0.63643, -0.04317
0.63794, -0.04301
0.63946, -0.04286
0.64098, -0.04271
0.64249, -0.04255
0.64400, -0.04239
0.64551, -0.04224
0.64702, -0.04208
0.64853, -0.04193
0.65004, -0.04177
0.65154, -0.04161
0.65304, -0.04145
0.65455, -0.04129
0.65605, -0.04113
0.65754, -0.04097
0.65904, -0.04081
0.66054, -0.04065
0.66203, -0.04049
0.66352, -0.04033
0.66501, -0.04017
0.66650, -0.04001
0.66799, -0.03985
0.66947, -0.03968
0.67096, -0.03952
0.67244, -0.03936
0.67392, -0.03919
0.67540, -0.03903
0.67688, -0.03886
0.67836, -0.03870
0.67983, -0.03853
0.68131, -0.03837
0.68278, -0.03820
0.68425, -0.03803
0.68572, -0.03786
0.68719, -0.03770
0.68866, -0.03753
0.69013, -0.03736
0.69159, -0.03719
0.69305, -0.03702
0.69451, -0.03684
0.69597, -0.03667
0.69743, -0.03650
0.69889, -0.03633
0.70034, -0.03615
0.70179, -0.03598
0.70324, -0.03580
0.70469, -0.03563
0.70614, -0.03545
0.70758, -0.03527
0.70903, -0.03510
0.71047, -0.03492
0.71191, -0.03474
0.71335, -0.03456
0.71478, -0.03438
0.71622, -0.03420
0.71765, -0.03401
0.71908, -0.03383
0.72051, -0.03365
0.72193, -0.03346
0.72336, -0.03328
0.72478, -0.03309
0.72620, -0.03291
0.72762, -0.03272
0.72903, -0.03253
0.73045, -0.03234
0.73186, -0.03215
0.73327, -0.03196
0.73468, -0.03177
0.73608, -0.03157
0.73748, -0.03138
0.73889, -0.03119
0.74028, -0.03099
0.74168, -0.03080
0.74307, -0.03060
0.74447, -0.03040
0.74585, -0.03020
0.74724, -0.03000
0.74863, -0.02980
0.75001, -0.02960
0.75139, -0.02940
0.75276, -0.02920
0.75414, -0.02899
0.75550, -0.02879
0.75687, -0.02858
0.75823, -0.02838
0.75959, -0.02817
0.76094, -0.02797
0.76229, -0.02776
0.76364, -0.02755
0.76498, -0.02734
0.76632, -0.02714
0.76765, -0.02693
0.76898, -0.02672
0.77031, -0.02651
0.77163, -0.02630
0.77295, -0.02610
0.77427, -0.02589
0.77558, -0.02568
0.77689, -0.02547
0.77819, -0.02526
0.77949, -0.02506
0.78079, -0.02485
0.78208, -0.02464
0.78337, -0.02443
0.78465, -0.02423
0.78594, -0.02402
0.78721, -0.02382
0.78849, -0.02361
0.78976, -0.02341
0.79103, -0.02321
0.79229, -0.02300
0.79355, -0.02280
0.79481, -0.02260
0.79606, -0.02240
0.79731, -0.02220
0.79856, -0.02200
0.79980, -0.02181
0.80104, -0.02161
0.80227, -0.02141
0.80350, -0.02122
0.80473, -0.02103
0.80595, -0.02083
0.80717, -0.02064
0.80839, -0.02045
0.80960, -0.02027
0.81081, -0.02008
0.81202, -0.01989
0.81322, -0.01971
0.81442, -0.01952
0.81562, -0.01934
0.81681, -0.01916
0.81800, -0.01898
0.81918, -0.01880
0.82036, -0.01863
0.82154, -0.01845
0.82271, -0.01828
0.82389, -0.01811
0.82505, -0.01794
0.82622, -0.01777
0.82738, -0.01760
0.82853, -0.01744
0.82969, -0.01728
0.83084, -0.01711
0.83198, -0.01695
0.83313, -0.01680
0.83427, -0.01664
0.83540, -0.01649
0.83654, -0.01633
0.83767, -0.01618
0.83880, -0.01603
0.83992, -0.01588
0.84105, -0.01574
0.84217, -0.01559
0.84328, -0.01545
0.84440, -0.01531
0.84551, -0.01517
0.84662, -0.01503
0.84773, -0.01490
0.84883, -0.01476
0.84993, -0.01463
0.85103, -0.01450
0.85212, -0.01437
0.85321, -0.01424
0.85430, -0.01411
0.85539, -0.01399
0.85647, -0.01386
0.85755, -0.01374
0.85862, -0.01362
0.85970, -0.01350
0.86077, -0.01338
0.86183, -0.01326
0.86290, -0.01315
0.86396, -0.01303
0.86502, -0.01292
0.86607, -0.01281
0.86712, -0.01270
0.86817, -0.01259
0.86921, -0.01248
0.87026, -0.01237
0.87129, -0.01227
0.87233, -0.01217
0.87336, -0.01206
0.87439, -0.01196
0.87541, -0.01186
0.87644, -0.01176
0.87745, -0.01166
0.87847, -0.01157
0.87948, -0.01147
0.88049, -0.01138
0.88149, -0.01128
0.88250, -0.01119
0.88349, -0.01110
0.88449, -0.01101
0.88548, -0.01092
0.88647, -0.01083
0.88745, -0.01075
0.88843, -0.01066
0.88941, -0.01058
0.89038, -0.01049
0.89135, -0.01041
0.89232, -0.01033
0.89328, -0.01025
0.89424, -0.01017
0.89520, -0.01009
0.89615, -0.01001
0.89710, -0.00993
0.89804, -0.00986
0.89899, -0.00978
0.89992, -0.00971
0.90086, -0.00963
0.90179, -0.00956
0.90271, -0.00949
0.90364, -0.00942
0.90455, -0.00935
0.90547, -0.00928
0.90638, -0.00921
0.90729, -0.00914
0.90819, -0.00908
0.90909, -0.00901
0.90999, -0.00895
0.91088, -0.00888
0.91177, -0.00882
0.91265, -0.00876
0.91354, -0.00869
0.91441, -0.00863
0.91529, -0.00857
0.91615, -0.00851
0.91702, -0.00845
0.91788, -0.00839
0.91874, -0.00834
0.91959, -0.00828
0.92044, -0.00822
0.92129, -0.00817
0.92213, -0.00811
0.92296, -0.00806
0.92380, -0.00800
0.92463, -0.00795
0.92545, -0.00790
0.92627, -0.00785
0.92709, -0.00779
0.92790, -0.00774
0.92871, -0.00769
0.92952, -0.00764
0.93032, -0.00759
0.93111, -0.00755
0.93191, -0.00750
0.93269, -0.00745
0.93348, -0.00740
0.93426, -0.00736
0.93503, -0.00731
0.93581, -0.00727
0.93657, -0.00722
0.93734, -0.00718
0.93809, -0.00713
0.93885, -0.00709
0.93960, -0.00705
0.94035, -0.00701
0.94109, -0.00697
0.94183, -0.00692
0.94256, -0.00688
0.94329, -0.00684
0.94401, -0.00680
0.94473, -0.00676
0.94545, -0.00673
0.94616, -0.00669
0.94687, -0.00665
0.94757, -0.00661
0.94827, -0.00657
0.94896, -0.00654
0.94965, -0.00650
0.95034, -0.00647
0.95102, -0.00643
0.95170, -0.00640
0.95237, -0.00636
0.95304, -0.00633
0.95370, -0.00629
0.95436, -0.00626
0.95502, -0.00623
0.95567, -0.00619
0.95631, -0.00616
0.95695, -0.00613
0.95759, -0.00610
0.95822, -0.00607
0.95885, -0.00604
0.95947, -0.00601
0.96009, -0.00598
0.96070, -0.00595
0.96131, -0.00592
0.96192, -0.00589
0.96252, -0.00586
0.96312, -0.00583
0.96371, -0.00580
0.96429, -0.00577
0.96488, -0.00575
0.96545, -0.00572
0.96603, -0.00569
0.96660, -0.00567
0.96716, -0.00564
0.96772, -0.00561
0.96827, -0.00559
0.96882, -0.00556
0.96937, -0.00554
0.96991, -0.00551
0.97044, -0.00549
0.97098, -0.00547
0.97150, -0.00544
0.97202, -0.00542
0.97254, -0.00539
0.97305, -0.00537
0.97356, -0.00535
0.97407, -0.00533
0.97456, -0.00530
0.97506, -0.00528
0.97555, -0.00526
0.97603, -0.00524
0.97651, -0.00522
0.97699, -0.00520
0.97746, -0.00518
0.97792, -0.00516
0.97838, -0.00514
0.97884, -0.00512
0.97929, -0.00510
0.97974, -0.00508
0.98018, -0.00506
0.98061, -0.00504
0.98105, -0.00502
0.98147, -0.00500
0.98190, -0.00499
0.98231, -0.00497
0.98273, -0.00495
0.98313, -0.00493
0.98354, -0.00492
0.98394, -0.00490
0.98433, -0.00488
0.98472, -0.00487
0.98510, -0.00485
0.98548, -0.00483
0.98586, -0.00482
0.98623, -0.00480
0.98659, -0.00479
0.98695, -0.00477
0.98730, -0.00476
0.98765, -0.00474
0.98800, -0.00473
0.98834, -0.00471
0.98868, -0.00470
0.98901, -0.00469
0.98933, -0.00467
0.98965, -0.00466
0.98997, -0.00465
0.99028, -0.00463
0.99058, -0.00462
0.99089, -0.00461
0.99118, -0.00460
0.99147, -0.00458
0.99176, -0.00457
0.99204, -0.00456
0.99232, -0.00455
0.99259, -0.00454
0.99286, -0.00453
0.99312, -0.00452
0.99337, -0.00451
0.99363, -0.00450
0.99387, -0.00449
0.99411, -0.00448
0.99435, -0.00447
0.99458, -0.00446
0.99481, -0.00445
0.99503, -0.00444
0.99525, -0.00443
0.99546, -0.00442
0.99567, -0.00441
0.99587, -0.00441
0.99607, -0.00440
0.99626, -0.00439
0.99645, -0.00438
0.99663, -0.00438
0.99681, -0.00437
0.99698, -0.00436
0.99715, -0.00435
0.99731, -0.00435
0.99747, -0.00434
0.99762, -0.00434
0.99777, -0.00433
0.99791, -0.00432
0.99805, -0.00432
0.99818, -0.00431
0.99831, -0.00431
0.99843, -0.00430
0.99855, -0.00430
0.99866, -0.00429
0.99877, -0.00429
0.99887, -0.00429
0.99897, -0.00428
0.99906, -0.00428
0.99915, -0.00427
0.99923, -0.00427
0.99931, -0.00427
0.99938, -0.00426
0.99945, -0.00426
0.99951, -0.00426
0.99957, -0.00426
0.99963, -0.00425
0.99967, -0.00425
0.99972, -0.00425
0.99975, -0.00425
0.99979, -0.00425
0.99981, -0.00425
0.99984, -0.00425
0.99985, -0.00425
0.99986, -0.00425
0.99983, -0.00424
0.99982, -0.00424
