airfoil_points_191
1.000000 -0.002983
0.999748 -0.002942
0.998993 -0.002817
0.997736 -0.002611
0.995977 -0.002324
0.993719 -0.001961
0.990964 -0.001524
0.987715 -0.001017
0.983974 -0.000444
0.979746 0.000190
0.975036 0.000881
0.969846 0.001623
0.964184 0.002413
0.958054 0.003245
0.951463 0.004117
0.944418 0.005026
0.936925 0.005969
0.928992 0.006946
0.920627 0.007957
0.911838 0.009003
0.902635 0.010088
0.893027 0.011218
0.883022 0.012398
0.872632 0.013638
0.861867 0.014950
0.850737 0.016347
0.839255 0.017845
0.827430 0.019462
0.815276 0.021212
0.802805 0.023106
0.790028 0.025156
0.776960 0.027374
0.763613 0.029774
0.750000 0.032369
0.736136 0.035140
0.722033 0.038027
0.707708 0.040962
0.693173 0.043873
0.678443 0.046687
0.663534 0.049329
0.648460 0.051775
0.633237 0.054030
0.617879 0.056100
0.602403 0.057994
0.586824 0.059720
0.571157 0.061288
0.555419 0.062710
0.539625 0.063996
0.523791 0.065159
0.507933 0.066212
0.492067 0.067168
0.476209 0.068042
0.460375 0.068846
0.444581 0.069594
0.428843 0.070301
0.413176 0.070978
0.397597 0.071638
0.382121 0.072295
0.366763 0.072958
0.351540 0.073639
0.336466 0.074346
0.321557 0.075088
0.306827 0.075871
0.292292 0.076702
0.277967 0.077583
0.263864 0.078516
0.250000 0.079445
0.236387 0.080276
0.223040 0.080924
0.209972 0.081325
0.197195 0.081426
0.184724 0.081200
0.172570 0.080653
0.160745 0.079797
0.149263 0.078644
0.138133 0.077208
0.127368 0.075503
0.116978 0.073543
0.106973 0.071358
0.097365 0.068980
0.088162 0.066440
0.079373 0.063764
0.071008 0.060977
0.063075 0.058103
0.055582 0.055160
0.048537 0.052167
0.041946 0.049138
0.035816 0.046088
0.030154 0.043028
0.024964 0.039966
0.020254 0.036912
0.016026 0.033873
0.012285 0.030853
0.009036 0.027861
0.006281 0.024900
0.004023 0.021979
0.002264 0.019114
0.001007 0.016340
0.000252 0.013797
0.000000 0.012377
0.000252 0.006749
0.001007 0.004356
0.002264 0.001868
0.004023 -0.000568
0.006281 -0.002914
0.009036 -0.005156
0.012285 -0.007284
0.016026 -0.009295
0.020254 -0.011184
0.024964 -0.012949
0.030154 -0.014589
0.035816 -0.016103
0.041946 -0.017491
0.048537 -0.018757
0.055582 -0.019905
0.063075 -0.020941
0.071008 -0.021875
0.079373 -0.022721
0.088162 -0.023493
0.097365 -0.024214
0.106973 -0.024908
0.116978 -0.025607
0.127368 -0.026349
0.138133 -0.027175
0.149263 -0.028113
0.160745 -0.029172
0.172570 -0.030367
0.184724 -0.031709
0.197195 -0.033207
0.209972 -0.034844
0.223040 -0.036551
0.236387 -0.038251
0.250000 -0.039867
0.263864 -0.041315
0.277967 -0.042537
0.292292 -0.043528
0.306827 -0.044294
0.321557 -0.044840
0.336466 -0.045173
0.351540 -0.045304
0.366763 -0.045244
0.382121 -0.045004
0.397597 -0.044601
0.413176 -0.044049
0.428843 -0.043365
0.444581 -0.042569
0.460375 -0.041679
0.476209 -0.040716
0.492067 -0.039700
0.507933 -0.038654
0.523791 -0.037598
0.539625 -0.036555
0.555419 -0.035546
0.571157 -0.034592
0.586824 -0.033714
0.602403 -0.032933
0.617879 -0.032265
0.633237 -0.031729
0.648460 -0.031340
0.663534 -0.031114
0.678443 -0.031055
0.693173 -0.031110
0.707708 -0.031204
0.722033 -0.031270
0.736136 -0.031249
0.750000 -0.031088
0.763613 -0.030751
0.776960 -0.030243
0.790028 -0.029582
0.802805 -0.028784
0.815276 -0.027864
0.827430 -0.026838
0.839255 -0.025722
0.850737 -0.024533
0.861867 -0.023294
0.872632 -0.022024
0.883022 -0.020743
0.893027 -0.019467
0.902635 -0.018210
0.911838 -0.016984
0.920627 -0.015799
0.928992 -0.014665
0.936925 -0.013589
0.944418 -0.012575
0.951463 -0.011627
0.958054 -0.010748
0.964184 -0.009941
0.969846 -0.009204
0.975036 -0.008539
0.979746 -0.007943
0.983974 -0.007417
0.987715 -0.006959
0.990964 -0.006566
0.993719 -0.006238
0.995977 -0.005971
0.997736 -0.005766
0.998993 -0.005620
0.999748 -0.005533
1.000000 -0.005507
