airfoil_points_944
1.000000 0.015394
0.999748 0.015437
0.998993 0.015569
0.997736 0.015786
0.995977 0.016088
0.993719 0.016472
0.990964 0.016934
0.987715 0.017472
0.983974 0.018079
0.979746 0.018753
0.975036 0.019486
0.969846 0.020274
0.964184 0.021111
0.958054 0.021991
0.951463 0.022906
0.944418 0.023852
0.936925 0.024822
0.928992 0.025809
0.920627 0.026809
0.911838 0.027815
0.902635 0.028823
0.893027 0.029828
0.883022 0.030827
0.872632 0.031815
0.861867 0.032791
0.850737 0.033752
0.839255 0.034698
0.827430 0.035627
0.815276 0.036535
0.802805 0.037413
0.790028 0.038251
0.776960 0.039041
0.763613 0.039771
0.750000 0.040431
0.736136 0.041017
0.722033 0.041545
0.707708 0.042041
0.693173 0.042532
0.678443 0.043047
0.663534 0.043619
0.648460 0.044270
0.633237 0.044995
0.617879 0.045787
0.602403 0.046639
0.586824 0.047544
0.571157 0.048493
0.555419 0.049475
0.539625 0.050482
0.523791 0.051503
0.507933 0.052528
0.492067 0.053546
0.476209 0.054546
0.460375 0.055516
0.444581 0.056447
0.428843 0.057327
0.413176 0.058145
0.397597 0.058892
0.382121 0.059557
0.366763 0.060132
0.351540 0.060606
0.336466 0.060973
0.321557 0.061224
0.306827 0.061352
0.292292 0.061353
0.277967 0.061220
0.263864 0.060949
0.250000 0.060546
0.236387 0.060041
0.223040 0.059467
0.209972 0.058854
0.197195 0.058228
0.184724 0.057603
0.172570 0.056931
0.160745 0.056164
0.149263 0.055264
0.138133 0.054200
0.127368 0.052949
0.116978 0.051497
0.106973 0.049862
0.097365 0.048060
0.088162 0.046110
0.079373 0.044028
0.071008 0.041828
0.063075 0.039524
0.055582 0.037130
0.048537 0.034658
0.041946 0.032118
0.035816 0.029520
0.030154 0.026873
0.024964 0.024187
0.020254 0.021467
0.016026 0.018721
0.012285 0.015955
0.009036 0.013175
0.006281 0.010386
0.004023 0.007595
0.002264 0.004809
0.001007 0.002045
0.000252 -0.000626
0.000000 -0.002418
0.000252 -0.006818
0.001007 -0.009417
0.002264 -0.012027
0.004023 -0.014580
0.006281 -0.017060
0.009036 -0.019462
0.012285 -0.021783
0.016026 -0.024020
0.020254 -0.026173
0.024964 -0.028242
0.030154 -0.030227
0.035816 -0.032128
0.041946 -0.033946
0.048537 -0.035686
0.055582 -0.037349
0.063075 -0.038940
0.071008 -0.040466
0.079373 -0.041933
0.088162 -0.043351
0.097365 -0.044730
0.106973 -0.046082
0.116978 -0.047423
0.127368 -0.048770
0.138133 -0.050138
0.149263 -0.051503
0.160745 -0.052831
0.172570 -0.054085
0.184724 -0.055223
0.197195 -0.056198
0.209972 -0.056975
0.223040 -0.057565
0.236387 -0.057992
0.250000 -0.058282
0.263864 -0.058471
0.277967 -0.058592
0.292292 -0.058656
0.306827 -0.058660
0.321557 -0.058604
0.336466 -0.058487
0.351540 -0.058305
0.366763 -0.058057
0.382121 -0.057739
0.397597 -0.057350
0.413176 -0.056886
0.428843 -0.056343
0.444581 -0.055719
0.460375 -0.055010
0.476209 -0.054212
0.492067 -0.053322
0.507933 -0.052337
0.523791 -0.051254
0.539625 -0.050069
0.555419 -0.048780
0.571157 -0.047383
0.586824 -0.045878
0.602403 -0.044262
0.617879 -0.042533
0.633237 -0.040692
0.648460 -0.038736
0.663534 -0.036668
0.678443 -0.034488
0.693173 -0.032212
0.707708 -0.029879
0.722033 -0.027524
0.736136 -0.025183
0.750000 -0.022888
0.763613 -0.020667
0.776960 -0.018529
0.790028 -0.016467
0.802805 -0.014476
0.815276 -0.012553
0.827430 -0.010692
0.839255 -0.008891
0.850737 -0.007149
0.861867 -0.005471
0.872632 -0.003861
0.883022 -0.002324
0.893027 -0.000863
0.902635 0.000521
0.911838 0.001826
0.920627 0.003052
0.928992 0.004198
0.936925 0.005264
0.944418 0.006251
0.951463 0.007162
0.958054 0.007996
0.964184 0.008757
0.969846 0.009446
0.975036 0.010066
0.979746 0.010618
0.983974 0.011104
0.987715 0.011528
0.990964 0.011891
0.993719 0.012194
0.995977 0.012440
0.997736 0.012630
0.998993 0.012765
0.999748 0.012845
1.000000 0.012868
