=== Airfoil Parameters ===
m = 0.02
p = 0.4
t = 0.12

=== Control Points ===
0.00000, -0.00699, -0.00699
0.06667, 0.01589, 0.00978
0.13333, 0.03021, 0.01909
0.20000, 0.02783, 0.01283
0.26667, 0.02400, 0.00622
0.66667, 0.02666, 0.01061
0.75000, 0.03757, 0.02438
0.83333, 0.05076, 0.04119
0.91667, 0.05978, 0.05461
1.00000, 0.06149, 0.06149

=== Upper Surface ===
0.00000, -0.00698
-0.00011, -0.00673
-0.00017, -0.00645
-0.00024, -0.00618
-0.00031, -0.00591
-0.00038, -0.00564
-0.00044, -0.00537
-0.00049, -0.00509
-0.00054, -0.00482
-0.00059, -0.00454
-0.00063, -0.00426
-0.00066, -0.00398
-0.00069, -0.00370
-0.00072, -0.00342
-0.00074, -0.00314
-0.00075, -0.00285
-0.00076, -0.00257
-0.00077, -0.00228
-0.00077, -0.00199
-0.00076, -0.00170
-0.00075, -0.00141
-0.00074, -0.00112
-0.00072, -0.00083
-0.00070, -0.00053
-0.00067, -0.00024
-0.00063, 0.00006
-0.00059, 0.00036
-0.00055, 0.00066
-0.00050, 0.00096
-0.00044, 0.00126
-0.00039, 0.00156
-0.00032, 0.00187
-0.00025, 0.00217
-0.00018, 0.00248
-0.00010, 0.00279
-0.00002, 0.00310
0.00007, 0.00341
0.00017, 0.00372
0.00026, 0.00403
0.00037, 0.00435
0.00048, 0.00466
0.00059, 0.00498
0.00071, 0.00530
0.00083, 0.00561
0.00096, 0.00593
0.00109, 0.00626
0.00123, 0.00658
0.00137, 0.00690
0.00152, 0.00723
0.00167, 0.00756
0.00183, 0.00788
0.00199, 0.00821
0.00215, 0.00854
0.00232, 0.00888
0.00250, 0.00921
0.00268, 0.00954
0.00287, 0.00988
0.00306, 0.01021
0.00326, 0.01055
0.00346, 0.01089
0.00366, 0.01123
0.00387, 0.01157
0.00409, 0.01192
0.00431, 0.01226
0.00453, 0.01261
0.00476, 0.01295
0.00500, 0.01330
0.00524, 0.01365
0.00548, 0.01400
0.00573, 0.01436
0.00598, 0.01471
0.00624, 0.01506
0.00651, 0.01542
0.00678, 0.01578
0.00705, 0.01613
0.00733, 0.01649
0.00761, 0.01686
0.00790, 0.01722
0.00819, 0.01758
0.00849, 0.01795
0.00880, 0.01831
0.00910, 0.01868
0.00942, 0.01905
0.00974, 0.01942
0.01006, 0.01979
0.01039, 0.02016
0.01072, 0.02054
0.01106, 0.02091
0.01140, 0.02129
0.01175, 0.02166
0.01210, 0.02204
0.01246, 0.02242
0.01282, 0.02280
0.01319, 0.02319
0.01356, 0.02357
0.01394, 0.02396
0.01432, 0.02434
0.01471, 0.02473
0.01510, 0.02512
0.01550, 0.02551
0.01590, 0.02590
0.01631, 0.02629
0.01673, 0.02669
0.01714, 0.02708
0.01757, 0.02748
0.01800, 0.02788
0.01843, 0.02828
0.01887, 0.02868
0.01931, 0.02908
0.01976, 0.02948
0.02022, 0.02989
0.02068, 0.03029
0.02114, 0.03070
0.02161, 0.03110
0.02209, 0.03151
0.02257, 0.03192
0.02305, 0.03233
0.02354, 0.03275
0.02404, 0.03316
0.02454, 0.03357
0.02505, 0.03399
0.02556, 0.03440
0.02608, 0.03482
0.02660, 0.03524
0.02713, 0.03566
0.02767, 0.03608
0.02821, 0.03650
0.02875, 0.03693
0.02930, 0.03735
0.02986, 0.03778
0.03042, 0.03820
0.03098, 0.03863
0.03156, 0.03906
0.03214, 0.03949
0.03272, 0.03992
0.03331, 0.04035
0.03390, 0.04078
0.03450, 0.04121
0.03511, 0.04165
0.03572, 0.04208
0.03634, 0.04252
0.03696, 0.04295
0.03759, 0.04339
0.03823, 0.04383
0.03887, 0.04427
0.03951, 0.04470
0.04017, 0.04514
0.04082, 0.04558
0.04149, 0.04603
0.04216, 0.04647
0.04283, 0.04691
0.04352, 0.04735
0.04420, 0.04780
0.04490, 0.04824
0.04560, 0.04869
0.04631, 0.04913
0.04702, 0.04958
0.04774, 0.05002
0.04846, 0.05047
0.04919, 0.05091
0.04993, 0.05136
0.05067, 0.05181
0.05142, 0.05225
0.05218, 0.05270
0.05294, 0.05315
0.05371, 0.05360
0.05449, 0.05404
0.05527, 0.05449
0.05606, 0.05494
0.05685, 0.05538
0.05765, 0.05583
0.05846, 0.05628
0.05927, 0.05673
0.06010, 0.05717
0.06092, 0.05762
0.06176, 0.05806
0.06260, 0.05851
0.06345, 0.05895
0.06430, 0.05940
0.06517, 0.05984
0.06604, 0.06028
0.06691, 0.06072
0.06780, 0.06117
0.06869, 0.06161
0.06958, 0.06205
0.07049, 0.06248
0.07140, 0.06292
0.07232, 0.06336
0.07324, 0.06379
0.07418, 0.06422
0.07512, 0.06466
0.07607, 0.06509
0.07702, 0.06552
0.07799, 0.06594
0.07896, 0.06637
0.07994, 0.06679
0.08092, 0.06722
0.08192, 0.06764
0.08292, 0.06805
0.08393, 0.06847
0.08494, 0.06888
0.08597, 0.06929
0.08700, 0.06970
0.08804, 0.07011
0.08909, 0.07051
0.09015, 0.07091
0.09122, 0.07131
0.09229, 0.07171
0.09337, 0.07210
0.09446, 0.07249
0.09556, 0.07287
0.09667, 0.07325
0.09778, 0.07363
0.09890, 0.07401
0.10004, 0.07438
0.10118, 0.07474
0.10233, 0.07511
0.10348, 0.07546
0.10465, 0.07582
0.10583, 0.07617
0.10701, 0.07651
0.10820, 0.07685
0.10941, 0.07719
0.11062, 0.07752
0.11184, 0.07784
0.11307, 0.07816
0.11431, 0.07847
0.11555, 0.07878
0.11681, 0.07908
0.11808, 0.07938
0.11935, 0.07967
0.12064, 0.07995
0.12193, 0.08022
0.12323, 0.08049
0.12455, 0.08075
0.12587, 0.08101
0.12720, 0.08126
0.12854, 0.08149
0.12989, 0.08173
0.13124, 0.08195
0.13259, 0.08216
0.13395, 0.08237
0.13530, 0.08257
0.13666, 0.08276
0.13802, 0.08294
0.13937, 0.08311
0.14073, 0.08328
0.14209, 0.08343
0.14344, 0.08358
0.14480, 0.08373
0.14615, 0.08386
0.14751, 0.08399
0.14886, 0.08411
0.15021, 0.08422
0.15156, 0.08433
0.15291, 0.08443
0.15426, 0.08453
0.15561, 0.08462
0.15695, 0.08470
0.15830, 0.08477
0.15964, 0.08484
0.16098, 0.08491
0.16232, 0.08497
0.16365, 0.08502
0.16498, 0.08507
0.16632, 0.08511
0.16764, 0.08515
0.16897, 0.08519
0.17029, 0.08522
0.17161, 0.08524
0.17293, 0.08527
0.17424, 0.08528
0.17555, 0.08530
0.17686, 0.08531
0.17816, 0.08532
0.17946, 0.08532
0.18075, 0.08532
0.18205, 0.08532
0.18333, 0.08532
0.18462, 0.08531
0.18590, 0.08530
0.18717, 0.08529
0.18844, 0.08528
0.18971, 0.08526
0.19097, 0.08525
0.19223, 0.08523
0.19348, 0.08521
0.19473, 0.08520
0.19598, 0.08518
0.19721, 0.08516
0.19845, 0.08514
0.19967, 0.08511
0.20090, 0.08509
0.20211, 0.08507
0.20333, 0.08505
0.20454, 0.08503
0.20574, 0.08501
0.20695, 0.08499
0.20817, 0.08497
0.20938, 0.08496
0.21060, 0.08494
0.21183, 0.08492
0.21306, 0.08490
0.21429, 0.08488
0.21552, 0.08486
0.21676, 0.08484
0.21800, 0.08481
0.21925, 0.08479
0.22050, 0.08477
0.22175, 0.08475
0.22301, 0.08473
0.22427, 0.08471
0.22554, 0.08469
0.22680, 0.08467
0.22808, 0.08464
0.22935, 0.08462
0.23063, 0.08460
0.23191, 0.08457
0.23320, 0.08455
0.23449, 0.08453
0.23578, 0.08450
0.23708, 0.08448
0.23838, 0.08445
0.23969, 0.08443
0.24100, 0.08440
0.24231, 0.08437
0.24363, 0.08435
0.24494, 0.08432
0.24627, 0.08429
0.24760, 0.08426
0.24893, 0.08423
0.25026, 0.08420
0.25160, 0.08417
0.25294, 0.08414
0.25429, 0.08410
0.25563, 0.08407
0.25699, 0.08404
0.25834, 0.08400
0.25970, 0.08397
0.26107, 0.08393
0.26243, 0.08389
0.26381, 0.08385
0.26518, 0.08381
0.26656, 0.08377
0.26794, 0.08373
0.26933, 0.08369
0.27071, 0.08365
0.27210, 0.08360
0.27350, 0.08356
0.27489, 0.08351
0.27629, 0.08347
0.27769, 0.08342
0.27909, 0.08337
0.28049, 0.08332
0.28189, 0.08327
0.28330, 0.08322
0.28471, 0.08316
0.28612, 0.08311
0.28753, 0.08306
0.28894, 0.08300
0.29036, 0.08294
0.29178, 0.08289
0.29320, 0.08283
0.29462, 0.08277
0.29604, 0.08271
0.29747, 0.08265
0.29889, 0.08259
0.30032, 0.08253
0.30175, 0.08246
0.30318, 0.08240
0.30462, 0.08233
0.30605, 0.08227
0.30749, 0.08220
0.30893, 0.08214
0.31037, 0.08207
0.31181, 0.08200
0.31325, 0.08193
0.31470, 0.08186
0.31615, 0.08179
0.31759, 0.08172
0.31904, 0.08165
0.32050, 0.08157
0.32195, 0.08150
0.32340, 0.08143
0.32486, 0.08135
0.32632, 0.08128
0.32778, 0.08120
0.32924, 0.08112
0.33070, 0.08105
0.33216, 0.08097
0.33363, 0.08089
0.33509, 0.08081
0.33656, 0.08073
0.33803, 0.08065
0.33950, 0.08057
0.34097, 0.08049
0.34244, 0.08040
0.34392, 0.08032
0.34539, 0.08024
0.34687, 0.08015
0.34835, 0.08007
0.34983, 0.07999
0.35131, 0.07990
0.35279, 0.07981
0.35428, 0.07973
0.35576, 0.07964
0.35725, 0.07955
0.35873, 0.07947
0.36022, 0.07938
0.36171, 0.07929
0.36320, 0.07920
0.36469, 0.07911
0.36618, 0.07902
0.36768, 0.07893
0.36917, 0.07884
0.37067, 0.07875
0.37217, 0.07866
0.37366, 0.07856
0.37516, 0.07847
0.37666, 0.07838
0.37816, 0.07829
0.37967, 0.07819
0.38117, 0.07810
0.38267, 0.07801
0.38418, 0.07791
0.38568, 0.07782
0.38719, 0.07772
0.38870, 0.07763
0.39021, 0.07753
0.39172, 0.07744
0.39323, 0.07734
0.39474, 0.07725
0.39625, 0.07715
0.39776, 0.07706
0.39928, 0.07696
0.40079, 0.07686
0.40231, 0.07677
0.40382, 0.07667
0.40534, 0.07657
0.40686, 0.07648
0.40837, 0.07638
0.40989, 0.07628
0.41141, 0.07618
0.41293, 0.07609
0.41445, 0.07599
0.41597, 0.07589
0.41750, 0.07579
0.41902, 0.07570
0.42054, 0.07560
0.42207, 0.07550
0.42359, 0.07540
0.42512, 0.07530
0.42664, 0.07521
0.42817, 0.07511
0.42970, 0.07501
0.43122, 0.07491
0.43275, 0.07482
0.43428, 0.07472
0.43581, 0.07462
0.43734, 0.07452
0.43887, 0.07443
0.44040, 0.07433
0.44193, 0.07423
0.44346, 0.07414
0.44499, 0.07404
0.44652, 0.07394
0.44805, 0.07385
0.44959, 0.07375
0.45112, 0.07365
0.45265, 0.07356
0.45419, 0.07346
0.45572, 0.07337
0.45726, 0.07327
0.45879, 0.07318
0.46032, 0.07308
0.46186, 0.07299
0.46340, 0.07289
0.46493, 0.07280
0.46647, 0.07270
0.46800, 0.07261
0.46954, 0.07252
0.47107, 0.07242
0.47261, 0.07233
0.47415, 0.07224
0.47568, 0.07215
0.47722, 0.07206
0.47876, 0.07196
0.48030, 0.07187
0.48183, 0.07178
0.48337, 0.07169
0.48491, 0.07160
0.48644, 0.07151
0.48798, 0.07143
0.48952, 0.07134
0.49106, 0.07125
0.49259, 0.07116
0.49413, 0.07107
0.49567, 0.07099
0.49721, 0.07090
0.49874, 0.07082
0.50028, 0.07073
0.50182, 0.07065
0.50336, 0.07056
0.50489, 0.07048
0.50643, 0.07040
0.50797, 0.07031
0.50950, 0.07023
0.51104, 0.07015
0.51257, 0.07007
0.51411, 0.06999
0.51565, 0.06991
0.51718, 0.06983
0.51872, 0.06975
0.52025, 0.06967
0.52179, 0.06960
0.52332, 0.06952
0.52486, 0.06945
0.52639, 0.06937
0.52792, 0.06930
0.52946, 0.06922
0.53099, 0.06915
0.53252, 0.06908
0.53406, 0.06900
0.53559, 0.06893
0.53712, 0.06886
0.53865, 0.06879
0.54018, 0.06872
0.54171, 0.06866
0.54324, 0.06859
0.54477, 0.06852
0.54630, 0.06846
0.54783, 0.06839
0.54936, 0.06833
0.55089, 0.06826
0.55241, 0.06820
0.55394, 0.06814
0.55547, 0.06808
0.55699, 0.06802
0.55852, 0.06796
0.56004, 0.06790
0.56157, 0.06784
0.56309, 0.06779
0.56461, 0.06773
0.56614, 0.06768
0.56766, 0.06762
0.56918, 0.06757
0.57070, 0.06751
0.57222, 0.06746
0.57374, 0.06741
0.57526, 0.06736
0.57677, 0.06731
0.57829, 0.06727
0.57981, 0.06722
0.58132, 0.06717
0.58284, 0.06713
0.58435, 0.06708
0.58586, 0.06704
0.58738, 0.06700
0.58889, 0.06696
0.59040, 0.06692
0.59191, 0.06688
0.59342, 0.06684
0.59493, 0.06680
0.59643, 0.06677
0.59794, 0.06673
0.59944, 0.06670
0.60095, 0.06666
0.60245, 0.06663
0.60396, 0.06660
0.60546, 0.06657
0.60696, 0.06654
0.60846, 0.06651
0.60996, 0.06649
0.61146, 0.06646
0.61295, 0.06643
0.61445, 0.06641
0.61594, 0.06639
0.61744, 0.06637
0.61893, 0.06635
0.62042, 0.06633
0.62191, 0.06631
0.62340, 0.06629
0.62489, 0.06627
0.62638, 0.06626
0.62787, 0.06625
0.62935, 0.06623
0.63084, 0.06622
0.63232, 0.06621
0.63380, 0.06620
0.63528, 0.06619
0.63676, 0.06619
0.63824, 0.06618
0.63972, 0.06617
0.64119, 0.06617
0.64267, 0.06617
0.64414, 0.06617
0.64561, 0.06617
0.64708, 0.06617
0.64855, 0.06617
0.65002, 0.06617
0.65149, 0.06618
0.65295, 0.06618
0.65441, 0.06619
0.65588, 0.06620
0.65734, 0.06621
0.65880, 0.06622
0.66026, 0.06623
0.66171, 0.06624
0.66317, 0.06625
0.66462, 0.06627
0.66608, 0.06629
0.66753, 0.06630
0.66898, 0.06632
0.67043, 0.06634
0.67188, 0.06636
0.67333, 0.06639
0.67477, 0.06641
0.67622, 0.06643
0.67766, 0.06646
0.67911, 0.06649
0.68055, 0.06651
0.68199, 0.06654
0.68343, 0.06657
0.68486, 0.06660
0.68630, 0.06664
0.68774, 0.06667
0.68917, 0.06670
0.69060, 0.06674
0.69203, 0.06677
0.69346, 0.06681
0.69489, 0.06685
0.69631, 0.06689
0.69774, 0.06693
0.69916, 0.06697
0.70058, 0.06701
0.70200, 0.06706
0.70342, 0.06710
0.70484, 0.06715
0.70626, 0.06719
0.70767, 0.06724
0.70908, 0.06729
0.71049, 0.06733
0.71190, 0.06738
0.71331, 0.06743
0.71471, 0.06749
0.71612, 0.06754
0.71752, 0.06759
0.71892, 0.06764
0.72032, 0.06770
0.72171, 0.06775
0.72311, 0.06781
0.72450, 0.06787
0.72589, 0.06792
0.72728, 0.06798
0.72867, 0.06804
0.73006, 0.06810
0.73144, 0.06816
0.73282, 0.06822
0.73420, 0.06829
0.73558, 0.06835
0.73695, 0.06841
0.73833, 0.06848
0.73970, 0.06854
0.74107, 0.06861
0.74244, 0.06867
0.74380, 0.06874
0.74517, 0.06880
0.74653, 0.06887
0.74789, 0.06894
0.74925, 0.06901
0.75061, 0.06908
0.75196, 0.06915
0.75332, 0.06922
0.75467, 0.06929
0.75602, 0.06936
0.75737, 0.06944
0.75872, 0.06951
0.76006, 0.06958
0.76141, 0.06965
0.76275, 0.06973
0.76409, 0.06980
0.76543, 0.06987
0.76677, 0.06995
0.76810, 0.07002
0.76944, 0.07009
0.77077, 0.07017
0.77210, 0.07024
0.77343, 0.07031
0.77475, 0.07039
0.77608, 0.07046
0.77740, 0.07053
0.77872, 0.07061
0.78003, 0.07068
0.78135, 0.07075
0.78266, 0.07082
0.78397, 0.07089
0.78528, 0.07096
0.78659, 0.07104
0.78789, 0.07111
0.78919, 0.07118
0.79049, 0.07124
0.79179, 0.07131
0.79308, 0.07138
0.79438, 0.07145
0.79567, 0.07151
0.79695, 0.07158
0.79824, 0.07165
0.79952, 0.07171
0.80080, 0.07177
0.80208, 0.07184
0.80335, 0.07190
0.80462, 0.07196
0.80589, 0.07202
0.80716, 0.07208
0.80842, 0.07214
0.80968, 0.07220
0.81094, 0.07225
0.81220, 0.07231
0.81345, 0.07236
0.81470, 0.07242
0.81595, 0.07247
0.81719, 0.07252
0.81843, 0.07257
0.81967, 0.07262
0.82091, 0.07267
0.82214, 0.07272
0.82337, 0.07276
0.82459, 0.07281
0.82582, 0.07285
0.82704, 0.07289
0.82825, 0.07293
0.82947, 0.07297
0.83068, 0.07301
0.83189, 0.07304
0.83309, 0.07308
0.83429, 0.07311
0.83549, 0.07315
0.83668, 0.07318
0.83787, 0.07321
0.83905, 0.07324
0.84024, 0.07326
0.84142, 0.07329
0.84259, 0.07331
0.84376, 0.07334
0.84493, 0.07336
0.84609, 0.07338
0.84726, 0.07340
0.84841, 0.07342
0.84957, 0.07343
0.85071, 0.07345
0.85186, 0.07346
0.85300, 0.07348
0.85414, 0.07349
0.85528, 0.07350
0.85641, 0.07351
0.85753, 0.07352
0.85866, 0.07352
0.85978, 0.07353
0.86089, 0.07353
0.86200, 0.07353
0.86311, 0.07354
0.86421, 0.07354
0.86531, 0.07354
0.86641, 0.07353
0.86750, 0.07353
0.86859, 0.07353
0.86967, 0.07352
0.87076, 0.07351
0.87183, 0.07351
0.87290, 0.07350
0.87397, 0.07349
0.87504, 0.07348
0.87610, 0.07346
0.87716, 0.07345
0.87821, 0.07344
0.87926, 0.07342
0.88030, 0.07341
0.88134, 0.07339
0.88238, 0.07337
0.88341, 0.07335
0.88444, 0.07333
0.88546, 0.07331
0.88648, 0.07328
0.88750, 0.07326
0.88851, 0.07323
0.88952, 0.07321
0.89052, 0.07318
0.89152, 0.07315
0.89252, 0.07313
0.89351, 0.07310
0.89450, 0.07306
0.89548, 0.07303
0.89646, 0.07300
0.89744, 0.07297
0.89841, 0.07293
0.89937, 0.07290
0.90033, 0.07286
0.90129, 0.07282
0.90225, 0.07279
0.90320, 0.07275
0.90414, 0.07271
0.90508, 0.07267
0.90602, 0.07263
0.90695, 0.07258
0.90788, 0.07254
0.90880, 0.07250
0.90972, 0.07245
0.91064, 0.07241
0.91155, 0.07236
0.91245, 0.07231
0.91336, 0.07227
0.91425, 0.07222
0.91515, 0.07217
0.91604, 0.07212
0.91692, 0.07207
0.91780, 0.07202
0.91868, 0.07197
0.91955, 0.07191
0.92042, 0.07186
0.92128, 0.07181
0.92214, 0.07175
0.92299, 0.07170
0.92384, 0.07164
0.92469, 0.07159
0.92553, 0.07153
0.92636, 0.07147
0.92719, 0.07142
0.92802, 0.07136
0.92884, 0.07130
0.92966, 0.07124
0.93048, 0.07118
0.93129, 0.07112
0.93209, 0.07106
0.93289, 0.07100
0.93369, 0.07094
0.93448, 0.07087
0.93526, 0.07081
0.93605, 0.07075
0.93682, 0.07068
0.93760, 0.07062
0.93837, 0.07056
0.93913, 0.07049
0.93989, 0.07043
0.94064, 0.07036
0.94139, 0.07030
0.94214, 0.07023
0.94288, 0.07016
0.94362, 0.07010
0.94435, 0.07003
0.94508, 0.06996
0.94580, 0.06990
0.94652, 0.06983
0.94723, 0.06976
0.94794, 0.06969
0.94865, 0.06962
0.94934, 0.06956
0.95004, 0.06949
0.95073, 0.06942
0.95142, 0.06935
0.95210, 0.06928
0.95277, 0.06921
0.95345, 0.06914
0.95411, 0.06907
0.95477, 0.06900
0.95543, 0.06893
0.95609, 0.06886
0.95673, 0.06879
0.95738, 0.06872
0.95802, 0.06865
0.95865, 0.06858
0.95928, 0.06851
0.95991, 0.06844
0.96053, 0.06837
0.96114, 0.06830
0.96175, 0.06823
0.96236, 0.06816
0.96296, 0.06809
0.96356, 0.06802
0.96415, 0.06795
0.96474, 0.06788
0.96532, 0.06781
0.96590, 0.06774
0.96647, 0.06767
0.96704, 0.06760
0.96760, 0.06753
0.96816, 0.06746
0.96871, 0.06739
0.96926, 0.06733
0.96981, 0.06726
0.97035, 0.06719
0.97088, 0.06712
0.97141, 0.06705
0.97194, 0.06698
0.97246, 0.06692
0.97297, 0.06685
0.97348, 0.06678
0.97399, 0.06671
0.97449, 0.06665
0.97499, 0.06658
0.97548, 0.06652
0.97596, 0.06645
0.97645, 0.06638
0.97692, 0.06632
0.97740, 0.06625
0.97786, 0.06619
0.97833, 0.06612
0.97878, 0.06606
0.97924, 0.06600
0.97969, 0.06593
0.98013, 0.06587
0.98057, 0.06581
0.98100, 0.06575
0.98143, 0.06569
0.98185, 0.06563
0.98227, 0.06556
0.98269, 0.06550
0.98310, 0.06544
0.98350, 0.06539
0.98390, 0.06533
0.98430, 0.06527
0.98469, 0.06521
0.98507, 0.06515
0.98545, 0.06510
0.98583, 0.06504
0.98620, 0.06498
0.98657, 0.06493
0.98693, 0.06487
0.98728, 0.06482
0.98763, 0.06477
0.98798, 0.06471
0.98832, 0.06466
0.98866, 0.06461
0.98899, 0.06456
0.98932, 0.06451
0.98964, 0.06446
0.98996, 0.06441
0.99027, 0.06436
0.99058, 0.06431
0.99088, 0.06426
0.99118, 0.06422
0.99147, 0.06417
0.99176, 0.06412
0.99204, 0.06408
0.99232, 0.06403
0.99259, 0.06399
0.99286, 0.06395
0.99312, 0.06390
0.99338, 0.06386
0.99363, 0.06382
0.99388, 0.06378
0.99412, 0.06374
0.99436, 0.06370
0.99460, 0.06366
0.99483, 0.06363
0.99505, 0.06359
0.99527, 0.06355
0.99548, 0.06352
0.99569, 0.06348
0.99590, 0.06345
0.99610, 0.06342
0.99629, 0.06338
0.99648, 0.06335
0.99667, 0.06332
0.99685, 0.06329
0.99702, 0.06326
0.99719, 0.06323
0.99736, 0.06321
0.99752, 0.06318
0.99767, 0.06315
0.99782, 0.06313
0.99797, 0.06310
0.99811, 0.06308
0.99824, 0.06306
0.99837, 0.06303
0.99850, 0.06301
0.99862, 0.06299
0.99874, 0.06297
0.99885, 0.06295
0.99895, 0.06294
0.99905, 0.06292
0.99915, 0.06290
0.99924, 0.06289
0.99933, 0.06287
0.99941, 0.06286
0.99948, 0.06285
0.99956, 0.06283
0.99962, 0.06282
0.99968, 0.06281
0.99974, 0.06280
0.99979, 0.06279
0.99984, 0.06278
0.99988, 0.06278
0.99992, 0.06277
0.99995, 0.06277
0.99998, 0.06276
1.00000, 0.06276
1.00002, 0.06275
1.00003, 0.06275
1.00005, 0.06275
1.00006, 0.06275

=== Lower Surface ===
0.00000, -0.00698
0.00012, -0.00724
0.00019, -0.00751
0.00029, -0.00777
0.00039, -0.00803
0.00050, -0.00829
0.00062, -0.00854
0.00073, -0.00880
0.00086, -0.00905
0.00099, -0.00930
0.00112, -0.00954
0.00126, -0.00979
0.00141, -0.01003
0.00155, -0.01027
0.00171, -0.01051
0.00187, -0.01075
0.00203, -0.01098
0.00220, -0.01121
0.00237, -0.01144
0.00255, -0.01167
0.00273, -0.01190
0.00292, -0.01212
0.00311, -0.01235
0.00331, -0.01257
0.00351, -0.01279
0.00372, -0.01300
0.00393, -0.01322
0.00415, -0.01343
0.00437, -0.01364
0.00460, -0.01385
0.00483, -0.01405
0.00507, -0.01425
0.00531, -0.01446
0.00556, -0.01466
0.00581, -0.01485
0.00607, -0.01505
0.00633, -0.01524
0.00660, -0.01543
0.00687, -0.01562
0.00714, -0.01581
0.00743, -0.01599
0.00771, -0.01617
0.00800, -0.01635
0.00830, -0.01653
0.00860, -0.01671
0.00891, -0.01688
0.00922, -0.01705
0.00953, -0.01722
0.00985, -0.01739
0.01018, -0.01755
0.01051, -0.01772
0.01085, -0.01788
0.01119, -0.01803
0.01153, -0.01819
0.01188, -0.01834
0.01224, -0.01850
0.01260, -0.01864
0.01296, -0.01879
0.01333, -0.01894
0.01371, -0.01908
0.01409, -0.01922
0.01447, -0.01936
0.01486, -0.01949
0.01525, -0.01963
0.01565, -0.01976
0.01606, -0.01989
0.01647, -0.02001
0.01688, -0.02014
0.01730, -0.02026
0.01772, -0.02038
0.01815, -0.02050
0.01858, -0.02062
0.01902, -0.02073
0.01946, -0.02084
0.01990, -0.02095
0.02036, -0.02106
0.02081, -0.02116
0.02127, -0.02126
0.02174, -0.02136
0.02221, -0.02146
0.02268, -0.02155
0.02316, -0.02165
0.02365, -0.02174
0.02414, -0.02183
0.02463, -0.02191
0.02513, -0.02200
0.02563, -0.02208
0.02614, -0.02216
0.02665, -0.02223
0.02716, -0.02231
0.02768, -0.02238
0.02821, -0.02245
0.02874, -0.02252
0.02927, -0.02258
0.02981, -0.02265
0.03036, -0.02271
0.03090, -0.02277
0.03145, -0.02283
0.03201, -0.02288
0.03257, -0.02293
0.03314, -0.02298
0.03371, -0.02303
0.03428, -0.02308
0.03486, -0.02312
0.03544, -0.02316
0.03603, -0.02320
0.03662, -0.02324
0.03721, -0.02328
0.03781, -0.02331
0.03841, -0.02334
0.03902, -0.02337
0.03963, -0.02340
0.04025, -0.02342
0.04087, -0.02344
0.04149, -0.02346
0.04212, -0.02348
0.04275, -0.02350
0.04338, -0.02351
0.04402, -0.02353
0.04467, -0.02354
0.04531, -0.02355
0.04596, -0.02355
0.04662, -0.02356
0.04728, -0.02356
0.04794, -0.02356
0.04861, -0.02356
0.04927, -0.02356
0.04995, -0.02356
0.05063, -0.02355
0.05131, -0.02354
0.05199, -0.02353
0.05268, -0.02352
0.05337, -0.02351
0.05406, -0.02350
0.05476, -0.02348
0.05546, -0.02346
0.05617, -0.02344
0.05688, -0.02342
0.05759, -0.02340
0.05830, -0.02338
0.05902, -0.02335
0.05974, -0.02333
0.06047, -0.02330
0.06119, -0.02327
0.06193, -0.02324
0.06266, -0.02321
0.06340, -0.02317
0.06414, -0.02314
0.06488, -0.02310
0.06562, -0.02307
0.06637, -0.02303
0.06712, -0.02299
0.06788, -0.02295
0.06864, -0.02291
0.06940, -0.02287
0.07016, -0.02282
0.07092, -0.02278
0.07169, -0.02274
0.07246, -0.02269
0.07323, -0.02265
0.07401, -0.02260
0.07478, -0.02255
0.07556, -0.02250
0.07635, -0.02246
0.07713, -0.02241
0.07792, -0.02236
0.07870, -0.02231
0.07949, -0.02226
0.08029, -0.02221
0.08108, -0.02216
0.08188, -0.02210
0.08268, -0.02205
0.08348, -0.02200
0.08428, -0.02195
0.08508, -0.02190
0.08589, -0.02185
0.08670, -0.02180
0.08750, -0.02175
0.08831, -0.02170
0.08913, -0.02164
0.08994, -0.02159
0.09075, -0.02154
0.09157, -0.02150
0.09239, -0.02145
0.09321, -0.02140
0.09402, -0.02135
0.09485, -0.02130
0.09567, -0.02126
0.09649, -0.02121
0.09731, -0.02117
0.09814, -0.02112
0.09896, -0.02108
0.09979, -0.02104
0.10061, -0.02100
0.10144, -0.02096
0.10227, -0.02092
0.10309, -0.02088
0.10392, -0.02085
0.10475, -0.02081
0.10558, -0.02078
0.10641, -0.02075
0.10724, -0.02072
0.10807, -0.02069
0.10890, -0.02066
0.10972, -0.02064
0.11055, -0.02061
0.11138, -0.02059
0.11221, -0.02057
0.11304, -0.02056
0.11386, -0.02054
0.11469, -0.02053
0.11552, -0.02052
0.11634, -0.02051
0.11717, -0.02050
0.11799, -0.02050
0.11882, -0.02050
0.11964, -0.02050
0.12046, -0.02051
0.12128, -0.02051
0.12210, -0.02052
0.12292, -0.02053
0.12373, -0.02055
0.12455, -0.02057
0.12536, -0.02059
0.12617, -0.02061
0.12699, -0.02064
0.12780, -0.02067
0.12860, -0.02070
0.12941, -0.02073
0.13021, -0.02077
0.13102, -0.02082
0.13182, -0.02086
0.13261, -0.02091
0.13341, -0.02096
0.13420, -0.02102
0.13500, -0.02108
0.13579, -0.02114
0.13658, -0.02121
0.13737, -0.02128
0.13816, -0.02135
0.13896, -0.02143
0.13976, -0.02151
0.14057, -0.02159
0.14138, -0.02168
0.14221, -0.02176
0.14304, -0.02186
0.14387, -0.02195
0.14472, -0.02205
0.14557, -0.02215
0.14643, -0.02225
0.14730, -0.02236
0.14817, -0.02247
0.14905, -0.02258
0.14994, -0.02269
0.15084, -0.02281
0.15175, -0.02293
0.15266, -0.02306
0.15359, -0.02318
0.15452, -0.02331
0.15546, -0.02344
0.15641, -0.02358
0.15737, -0.02372
0.15833, -0.02386
0.15931, -0.02400
0.16029, -0.02414
0.16129, -0.02429
0.16229, -0.02444
0.16330, -0.02459
0.16433, -0.02475
0.16536, -0.02490
0.16640, -0.02506
0.16745, -0.02522
0.16851, -0.02538
0.16958, -0.02555
0.17066, -0.02571
0.17175, -0.02588
0.17285, -0.02605
0.17396, -0.02622
0.17508, -0.02639
0.17622, -0.02657
0.17736, -0.02674
0.17851, -0.02692
0.17967, -0.02710
0.18085, -0.02727
0.18203, -0.02745
0.18323, -0.02763
0.18443, -0.02781
0.18565, -0.02799
0.18688, -0.02817
0.18812, -0.02834
0.18937, -0.02852
0.19063, -0.02870
0.19190, -0.02888
0.19319, -0.02905
0.19448, -0.02923
0.19579, -0.02940
0.19710, -0.02957
0.19841, -0.02974
0.19973, -0.02991
0.20105, -0.03008
0.20237, -0.03024
0.20370, -0.03040
0.20503, -0.03056
0.20635, -0.03072
0.20769, -0.03087
0.20902, -0.03102
0.21035, -0.03117
0.21169, -0.03132
0.21303, -0.03147
0.21437, -0.03161
0.21571, -0.03176
0.21706, -0.03190
0.21840, -0.03204
0.21975, -0.03217
0.22110, -0.03231
0.22245, -0.03244
0.22381, -0.03257
0.22516, -0.03270
0.22652, -0.03283
0.22788, -0.03296
0.22924, -0.03308
0.23060, -0.03320
0.23196, -0.03332
0.23333, -0.03344
0.23470, -0.03356
0.23606, -0.03367
0.23743, -0.03379
0.23880, -0.03390
0.24018, -0.03401
0.24155, -0.03412
0.24293, -0.03423
0.24430, -0.03433
0.24568, -0.03444
0.24706, -0.03454
0.24844, -0.03465
0.24982, -0.03475
0.25121, -0.03485
0.25259, -0.03494
0.25397, -0.03504
0.25536, -0.03514
0.25675, -0.03523
0.25814, -0.03532
0.25953, -0.03542
0.26092, -0.03551
0.26231, -0.03560
0.26370, -0.03568
0.26510, -0.03577
0.26650, -0.03586
0.26790, -0.03594
0.26930, -0.03603
0.27070, -0.03611
0.27211, -0.03620
0.27352, -0.03628
0.27493, -0.03636
0.27635, -0.03644
0.27776, -0.03652
0.27918, -0.03660
0.28061, -0.03667
0.28203, -0.03675
0.28346, -0.03682
0.28489, -0.03690
0.28632, -0.03697
0.28775, -0.03704
0.28919, -0.03711
0.29063, -0.03718
0.29207, -0.03725
0.29351, -0.03732
0.29495, -0.03739
0.29640, -0.03745
0.29785, -0.03752
0.29930, -0.03758
0.30076, -0.03764
0.30221, -0.03770
0.30367, -0.03776
0.30513, -0.03782
0.30660, -0.03788
0.30806, -0.03794
0.30953, -0.03799
0.31100, -0.03805
0.31247, -0.03810
0.31394, -0.03816
0.31542, -0.03821
0.31690, -0.03826
0.31838, -0.03831
0.31986, -0.03836
0.32134, -0.03840
0.32283, -0.03845
0.32431, -0.03849
0.32580, -0.03854
0.32730, -0.03858
0.32879, -0.03862
0.33029, -0.03866
0.33178, -0.03870
0.33328, -0.03874
0.33478, -0.03878
0.33629, -0.03881
0.33779, -0.03885
0.33930, -0.03888
0.34081, -0.03891
0.34232, -0.03894
0.34383, -0.03897
0.34534, -0.03900
0.34686, -0.03903
0.34838, -0.03905
0.34990, -0.03908
0.35142, -0.03910
0.35294, -0.03912
0.35446, -0.03914
0.35599, -0.03916
0.35752, -0.03918
0.35905, -0.03920
0.36058, -0.03922
0.36211, -0.03923
0.36364, -0.03924
0.36518, -0.03926
0.36672, -0.03927
0.36826, -0.03928
0.36980, -0.03929
0.37134, -0.03929
0.37288, -0.03930
0.37443, -0.03930
0.37597, -0.03931
0.37752, -0.03931
0.37907, -0.03931
0.38062, -0.03931
0.38217, -0.03931
0.38372, -0.03930
0.38528, -0.03930
0.38683, -0.03929
0.38839, -0.03928
0.38995, -0.03928
0.39151, -0.03927
0.39307, -0.03925
0.39463, -0.03924
0.39620, -0.03923
0.39776, -0.03921
0.39933, -0.03919
0.40090, -0.03918
0.40246, -0.03916
0.40403, -0.03914
0.40560, -0.03911
0.40718, -0.03909
0.40875, -0.03906
0.41032, -0.03904
0.41190, -0.03901
0.41348, -0.03898
0.41505, -0.03895
0.41663, -0.03892
0.41821, -0.03888
0.41979, -0.03885
0.42137, -0.03881
0.42295, -0.03877
0.42454, -0.03873
0.42612, -0.03869
0.42771, -0.03865
0.42929, -0.03861
0.43088, -0.03856
0.43247, -0.03851
0.43406, -0.03847
0.43564, -0.03842
0.43723, -0.03836
0.43883, -0.03831
0.44042, -0.03826
0.44201, -0.03820
0.44360, -0.03814
0.44520, -0.03809
0.44679, -0.03802
0.44839, -0.03796
0.44998, -0.03790
0.45158, -0.03783
0.45318, -0.03777
0.45477, -0.03770
0.45637, -0.03763
0.45797, -0.03756
0.45957, -0.03749
0.46117, -0.03741
0.46277, -0.03734
0.46437, -0.03726
0.46597, -0.03718
0.46758, -0.03710
0.46918, -0.03702
0.47078, -0.03694
0.47238, -0.03685
0.47399, -0.03676
0.47559, -0.03668
0.47720, -0.03659
0.47880, -0.03649
0.48041, -0.03640
0.48201, -0.03631
0.48362, -0.03621
0.48522, -0.03611
0.48683, -0.03601
0.48843, -0.03591
0.49004, -0.03581
0.49165, -0.03571
0.49325, -0.03560
0.49486, -0.03549
0.49647, -0.03538
0.49808, -0.03527
0.49968, -0.03516
0.50129, -0.03505
0.50290, -0.03493
0.50451, -0.03481
0.50611, -0.03469
0.50772, -0.03457
0.50933, -0.03445
0.51094, -0.03433
0.51254, -0.03420
0.51415, -0.03407
0.51576, -0.03394
0.51737, -0.03381
0.51897, -0.03368
0.52058, -0.03355
0.52219, -0.03341
0.52380, -0.03328
0.52540, -0.03314
0.52701, -0.03300
0.52861, -0.03285
0.53022, -0.03271
0.53183, -0.03256
0.53343, -0.03242
0.53504, -0.03227
0.53664, -0.03212
0.53825, -0.03196
0.53985, -0.03181
0.54145, -0.03165
0.54306, -0.03150
0.54466, -0.03134
0.54626, -0.03118
0.54786, -0.03101
0.54947, -0.03085
0.55107, -0.03068
0.55267, -0.03052
0.55427, -0.03035
0.55587, -0.03018
0.55747, -0.03000
0.55906, -0.02983
0.56066, -0.02965
0.56226, -0.02947
0.56385, -0.02930
0.56545, -0.02911
0.56705, -0.02893
0.56864, -0.02875
0.57023, -0.02856
0.57183, -0.02837
0.57342, -0.02818
0.57501, -0.02799
0.57660, -0.02780
0.57819, -0.02760
0.57978, -0.02740
0.58137, -0.02721
0.58296, -0.02701
0.58454, -0.02680
0.58613, -0.02660
0.58771, -0.02639
0.58930, -0.02619
0.59088, -0.02598
0.59246, -0.02577
0.59404, -0.02556
0.59562, -0.02534
0.59720, -0.02513
0.59878, -0.02491
0.60036, -0.02469
0.60193, -0.02447
0.60351, -0.02425
0.60508, -0.02402
0.60665, -0.02380
0.60823, -0.02357
0.60980, -0.02334
0.61137, -0.02311
0.61293, -0.02288
0.61450, -0.02264
0.61607, -0.02241
0.61763, -0.02217
0.61919, -0.02193
0.62075, -0.02169
0.62231, -0.02145
0.62387, -0.02120
0.62543, -0.02095
0.62699, -0.02071
0.62854, -0.02046
0.63010, -0.02021
0.63165, -0.01995
0.63320, -0.01970
0.63475, -0.01944
0.63630, -0.01918
0.63784, -0.01892
0.63939, -0.01866
0.64093, -0.01840
0.64247, -0.01814
0.64401, -0.01787
0.64555, -0.01760
0.64709, -0.01733
0.64862, -0.01706
0.65016, -0.01679
0.65169, -0.01651
0.65322, -0.01624
0.65475, -0.01596
0.65628, -0.01568
0.65780, -0.01540
0.65933, -0.01512
0.66085, -0.01483
0.66237, -0.01455
0.66389, -0.01426
0.66540, -0.01397
0.66692, -0.01368
0.66843, -0.01339
0.66994, -0.01310
0.67145, -0.01280
0.67296, -0.01250
0.67446, -0.01220
0.67597, -0.01191
0.67747, -0.01160
0.67897, -0.01130
0.68046, -0.01100
0.68196, -0.01069
0.68345, -0.01038
0.68494, -0.01008
0.68642, -0.00977
0.68791, -0.00946
0.68939, -0.00914
0.69087, -0.00883
0.69235, -0.00851
0.69382, -0.00820
0.69529, -0.00788
0.69676, -0.00756
0.69823, -0.00724
0.69970, -0.00692
0.70116, -0.00660
0.70262, -0.00628
0.70408, -0.00595
0.70553, -0.00563
0.70699, -0.00530
0.70844, -0.00497
0.70988, -0.00464
0.71133, -0.00431
0.71277, -0.00398
0.71421, -0.00365
0.71565, -0.00332
0.71709, -0.00298
0.71852, -0.00265
0.71995, -0.00231
0.72138, -0.00197
0.72280, -0.00164
0.72422, -0.00130
0.72564, -0.00096
0.72706, -0.00062
0.72847, -0.00028
0.72989, 0.00007
0.73130, 0.00041
0.73270, 0.00075
0.73411, 0.00110
0.73551, 0.00144
0.73691, 0.00179
0.73830, 0.00213
0.73969, 0.00248
0.74108, 0.00283
0.74247, 0.00318
0.74386, 0.00353
0.74524, 0.00388
0.74662, 0.00423
0.74799, 0.00458
0.74937, 0.00493
0.75074, 0.00528
0.75211, 0.00564
0.75347, 0.00599
0.75483, 0.00634
0.75619, 0.00670
0.75755, 0.00705
0.75890, 0.00741
0.76025, 0.00776
0.76159, 0.00812
0.76294, 0.00847
0.76427, 0.00883
0.76561, 0.00918
0.76694, 0.00954
0.76827, 0.00989
0.76959, 0.01025
0.77091, 0.01061
0.77223, 0.01096
0.77354, 0.01132
0.77485, 0.01167
0.77616, 0.01203
0.77746, 0.01238
0.77876, 0.01273
0.78005, 0.01309
0.78135, 0.01344
0.78263, 0.01379
0.78392, 0.01415
0.78520, 0.01450
0.78648, 0.01485
0.78775, 0.01520
0.78903, 0.01555
0.79029, 0.01590
0.79156, 0.01625
0.79282, 0.01659
0.79408, 0.01694
0.79533, 0.01729
0.79658, 0.01763
0.79783, 0.01798
0.79907, 0.01832
0.80031, 0.01866
0.80155, 0.01900
0.80278, 0.01934
0.80401, 0.01968
0.80524, 0.02002
0.80646, 0.02036
0.80768, 0.02070
0.80890, 0.02103
0.81011, 0.02136
0.81132, 0.02170
0.81252, 0.02203
0.81373, 0.02236
0.81492, 0.02269
0.81612, 0.02301
0.81731, 0.02334
0.81850, 0.02367
0.81969, 0.02399
0.82087, 0.02431
0.82205, 0.02463
0.82322, 0.02495
0.82439, 0.02527
0.82556, 0.02558
0.82672, 0.02590
0.82788, 0.02621
0.82904, 0.02652
0.83020, 0.02683
0.83135, 0.02714
0.83249, 0.02745
0.83364, 0.02775
0.83478, 0.02805
0.83592, 0.02836
0.83705, 0.02866
0.83818, 0.02895
0.83931, 0.02925
0.84043, 0.02955
0.84155, 0.02984
0.84267, 0.03013
0.84378, 0.03042
0.84490, 0.03071
0.84600, 0.03099
0.84711, 0.03128
0.84821, 0.03156
0.84931, 0.03184
0.85041, 0.03212
0.85150, 0.03240
0.85259, 0.03268
0.85367, 0.03295
0.85476, 0.03322
0.85584, 0.03350
0.85691, 0.03377
0.85799, 0.03403
0.85905, 0.03430
0.86012, 0.03456
0.86118, 0.03483
0.86224, 0.03509
0.86330, 0.03535
0.86435, 0.03561
0.86540, 0.03586
0.86645, 0.03612
0.86749, 0.03637
0.86853, 0.03662
0.86957, 0.03687
0.87060, 0.03712
0.87163, 0.03736
0.87266, 0.03761
0.87368, 0.03785
0.87470, 0.03809
0.87572, 0.03833
0.87673, 0.03857
0.87774, 0.03881
0.87874, 0.03904
0.87974, 0.03928
0.88074, 0.03951
0.88174, 0.03974
0.88273, 0.03997
0.88372, 0.04019
0.88470, 0.04042
0.88568, 0.04064
0.88666, 0.04086
0.88763, 0.04108
0.88860, 0.04130
0.88957, 0.04152
0.89053, 0.04173
0.89149, 0.04195
0.89245, 0.04216
0.89340, 0.04237
0.89435, 0.04258
0.89530, 0.04279
0.89624, 0.04299
0.89718, 0.04320
0.89811, 0.04340
0.89904, 0.04360
0.89997, 0.04380
0.90089, 0.04400
0.90181, 0.04419
0.90273, 0.04439
0.90364, 0.04458
0.90455, 0.04477
0.90545, 0.04496
0.90635, 0.04515
0.90725, 0.04534
0.90814, 0.04552
0.90903, 0.04571
0.90992, 0.04589
0.91080, 0.04607
0.91168, 0.04625
0.91255, 0.04643
0.91342, 0.04661
0.91429, 0.04678
0.91515, 0.04696
0.91601, 0.04713
0.91687, 0.04730
0.91772, 0.04747
0.91857, 0.04764
0.91941, 0.04780
0.92025, 0.04797
0.92109, 0.04813
0.92192, 0.04829
0.92275, 0.04845
0.92357, 0.04861
0.92439, 0.04877
0.92521, 0.04893
0.92602, 0.04908
0.92683, 0.04923
0.92763, 0.04939
0.92843, 0.04954
0.92923, 0.04969
0.93002, 0.04983
0.93081, 0.04998
0.93159, 0.05013
0.93237, 0.05027
0.93315, 0.05041
0.93392, 0.05055
0.93469, 0.05069
0.93545, 0.05083
0.93621, 0.05097
0.93697, 0.05110
0.93772, 0.05124
0.93847, 0.05137
0.93921, 0.05150
0.93995, 0.05163
0.94068, 0.05176
0.94142, 0.05189
0.94214, 0.05202
0.94287, 0.05214
0.94358, 0.05227
0.94430, 0.05239
0.94501, 0.05251
0.94571, 0.05263
0.94642, 0.05275
0.94711, 0.05287
0.94781, 0.05299
0.94850, 0.05310
0.94918, 0.05322
0.94986, 0.05333
0.95054, 0.05344
0.95121, 0.05355
0.95188, 0.05366
0.95254, 0.05377
0.95320, 0.05388
0.95386, 0.05398
0.95451, 0.05409
0.95515, 0.05419
0.95580, 0.05429
0.95643, 0.05439
0.95707, 0.05449
0.95770, 0.05459
0.95832, 0.05469
0.95894, 0.05479
0.95956, 0.05489
0.96017, 0.05498
0.96078, 0.05507
0.96138, 0.05517
0.96198, 0.05526
0.96257, 0.05535
0.96316, 0.05544
0.96375, 0.05553
0.96433, 0.05561
0.96490, 0.05570
0.96547, 0.05578
0.96604, 0.05587
0.96660, 0.05595
0.96716, 0.05603
0.96772, 0.05612
0.96827, 0.05620
0.96881, 0.05627
0.96935, 0.05635
0.96989, 0.05643
0.97042, 0.05651
0.97095, 0.05658
0.97147, 0.05666
0.97199, 0.05673
0.97250, 0.05680
0.97301, 0.05687
0.97351, 0.05694
0.97401, 0.05701
0.97451, 0.05708
0.97500, 0.05715
0.97548, 0.05722
0.97596, 0.05728
0.97644, 0.05735
0.97691, 0.05741
0.97738, 0.05748
0.97784, 0.05754
0.97830, 0.05760
0.97875, 0.05766
0.97920, 0.05772
0.97965, 0.05778
0.98009, 0.05784
0.98052, 0.05789
0.98095, 0.05795
0.98138, 0.05801
0.98180, 0.05806
0.98221, 0.05812
0.98262, 0.05817
0.98303, 0.05822
0.98343, 0.05827
0.98383, 0.05832
0.98422, 0.05837
0.98461, 0.05842
0.98499, 0.05847
0.98537, 0.05852
0.98575, 0.05857
0.98612, 0.05861
0.98648, 0.05866
0.98684, 0.05870
0.98719, 0.05875
0.98754, 0.05879
0.98789, 0.05883
0.98823, 0.05887
0.98856, 0.05892
0.98890, 0.05896
0.98922, 0.05900
0.98954, 0.05904
0.98986, 0.05907
0.99017, 0.05911
0.99048, 0.05915
0.99078, 0.05918
0.99108, 0.05922
0.99137, 0.05925
0.99166, 0.05929
0.99194, 0.05932
0.99222, 0.05935
0.99249, 0.05939
0.99276, 0.05942
0.99302, 0.05945
0.99328, 0.05948
0.99353, 0.05951
0.99378, 0.05954
0.99403, 0.05957
0.99427, 0.05959
0.99450, 0.05962
0.99473, 0.05965
0.99495, 0.05967
0.99517, 0.05970
0.99539, 0.05972
0.99560, 0.05975
0.99580, 0.05977
0.99600, 0.05979
0.99620, 0.05981
0.99639, 0.05984
0.99657, 0.05986
0.99675, 0.05988
0.99693, 0.05990
0.99710, 0.05992
0.99726, 0.05993
0.99743, 0.05995
0.99758, 0.05997
0.99773, 0.05999
0.99788, 0.06000
0.99802, 0.06002
0.99815, 0.06003
0.99829, 0.06005
0.99841, 0.06006
0.99853, 0.06008
0.99865, 0.06009
0.99876, 0.06010
0.99887, 0.06011
0.99897, 0.06012
0.99907, 0.06013
0.99916, 0.06014
0.99924, 0.06015
0.99933, 0.06016
0.99940, 0.06017
0.99947, 0.06018
0.99954, 0.06019
0.99960, 0.06019
0.99966, 0.06020
0.99971, 0.06020
0.99976, 0.06021
0.99980, 0.06021
0.99984, 0.06022
0.99987, 0.06022
0.99990, 0.06022
0.99992, 0.06023
0.99994, 0.06023
0.99995, 0.06023
0.99994, 0.06023
0.99994, 0.06023
