=== Airfoil Parameters ===
m = 0.02
p = 0.4
t = 0.12

=== Control Points ===
0.00000, -0.00087, -0.00087
0.06667, 0.00439, -0.00172
0.13333, 0.00479, -0.00632
0.20000, 0.00022, -0.01478
0.26667, -0.00551, -0.02328
0.66667, -0.01255, -0.02860
0.75000, -0.01622, -0.02941
0.83333, -0.01482, -0.02438
0.91667, -0.00894, -0.01411
1.00000, -0.00493, -0.00493

=== Upper Surface ===
0.00000, -0.00087
-0.00004, -0.00060
-0.00005, -0.00032
-0.00007, -0.00004
-0.00008, 0.00024
-0.00009, 0.00052
-0.00009, 0.00080
-0.00009, 0.00108
-0.00008, 0.00136
-0.00007, 0.00164
-0.00006, 0.00192
-0.00003, 0.00220
-0.00001, 0.00248
0.00003, 0.00276
0.00006, 0.00304
0.00010, 0.00332
0.00015, 0.00360
0.00020, 0.00388
0.00026, 0.00417
0.00032, 0.00445
0.00039, 0.00473
0.00046, 0.00501
0.00054, 0.00529
0.00062, 0.00557
0.00071, 0.00586
0.00080, 0.00614
0.00090, 0.00642
0.00100, 0.00670
0.00111, 0.00699
0.00122, 0.00727
0.00134, 0.00755
0.00146, 0.00784
0.00159, 0.00812
0.00173, 0.00840
0.00186, 0.00869
0.00201, 0.00897
0.00216, 0.00925
0.00231, 0.00954
0.00247, 0.00982
0.00263, 0.01010
0.00280, 0.01039
0.00297, 0.01067
0.00315, 0.01096
0.00334, 0.01124
0.00352, 0.01152
0.00372, 0.01181
0.00392, 0.01209
0.00412, 0.01238
0.00433, 0.01266
0.00455, 0.01295
0.00476, 0.01323
0.00499, 0.01352
0.00522, 0.01380
0.00545, 0.01408
0.00569, 0.01437
0.00594, 0.01465
0.00619, 0.01494
0.00644, 0.01522
0.00670, 0.01551
0.00697, 0.01579
0.00724, 0.01608
0.00752, 0.01636
0.00780, 0.01665
0.00808, 0.01693
0.00837, 0.01722
0.00867, 0.01750
0.00897, 0.01778
0.00928, 0.01807
0.00959, 0.01835
0.00990, 0.01864
0.01023, 0.01892
0.01055, 0.01921
0.01088, 0.01949
0.01122, 0.01977
0.01156, 0.02006
0.01191, 0.02034
0.01226, 0.02062
0.01262, 0.02091
0.01298, 0.02119
0.01335, 0.02147
0.01372, 0.02176
0.01410, 0.02204
0.01448, 0.02232
0.01487, 0.02261
0.01526, 0.02289
0.01566, 0.02317
0.01607, 0.02345
0.01647, 0.02373
0.01689, 0.02402
0.01731, 0.02430
0.01773, 0.02458
0.01816, 0.02486
0.01859, 0.02514
0.01903, 0.02542
0.01948, 0.02570
0.01993, 0.02598
0.02038, 0.02626
0.02084, 0.02654
0.02131, 0.02682
0.02177, 0.02709
0.02225, 0.02737
0.02273, 0.02765
0.02321, 0.02793
0.02370, 0.02820
0.02420, 0.02848
0.02470, 0.02876
0.02521, 0.02903
0.02572, 0.02931
0.02623, 0.02958
0.02675, 0.02986
0.02728, 0.03013
0.02781, 0.03041
0.02834, 0.03068
0.02889, 0.03095
0.02943, 0.03122
0.02998, 0.03150
0.03054, 0.03177
0.03110, 0.03204
0.03167, 0.03231
0.03224, 0.03258
0.03282, 0.03285
0.03340, 0.03311
0.03398, 0.03338
0.03458, 0.03365
0.03517, 0.03392
0.03577, 0.03418
0.03638, 0.03445
0.03699, 0.03471
0.03761, 0.03498
0.03823, 0.03524
0.03886, 0.03550
0.03949, 0.03577
0.04013, 0.03603
0.04077, 0.03629
0.04142, 0.03655
0.04207, 0.03681
0.04273, 0.03707
0.04339, 0.03732
0.04406, 0.03758
0.04473, 0.03784
0.04541, 0.03809
0.04609, 0.03835
0.04678, 0.03860
0.04747, 0.03885
0.04817, 0.03910
0.04887, 0.03936
0.04958, 0.03961
0.05029, 0.03985
0.05101, 0.04010
0.05173, 0.04035
0.05246, 0.04060
0.05319, 0.04084
0.05393, 0.04109
0.05467, 0.04133
0.05542, 0.04157
0.05617, 0.04181
0.05693, 0.04205
0.05769, 0.04229
0.05846, 0.04253
0.05923, 0.04277
0.06001, 0.04300
0.06079, 0.04324
0.06158, 0.04347
0.06237, 0.04370
0.06317, 0.04393
0.06397, 0.04416
0.06478, 0.04439
0.06559, 0.04462
0.06641, 0.04485
0.06723, 0.04507
0.06806, 0.04529
0.06889, 0.04552
0.06973, 0.04574
0.07057, 0.04596
0.07141, 0.04617
0.07226, 0.04639
0.07312, 0.04661
0.07398, 0.04682
0.07485, 0.04703
0.07572, 0.04724
0.07659, 0.04745
0.07748, 0.04766
0.07836, 0.04787
0.07925, 0.04807
0.08015, 0.04828
0.08105, 0.04848
0.08195, 0.04868
0.08286, 0.04888
0.08378, 0.04907
0.08470, 0.04927
0.08562, 0.04946
0.08655, 0.04965
0.08748, 0.04985
0.08842, 0.05003
0.08936, 0.05022
0.09031, 0.05041
0.09127, 0.05059
0.09222, 0.05077
0.09319, 0.05095
0.09415, 0.05113
0.09512, 0.05130
0.09610, 0.05148
0.09708, 0.05165
0.09807, 0.05182
0.09906, 0.05199
0.10006, 0.05215
0.10106, 0.05232
0.10206, 0.05248
0.10307, 0.05264
0.10409, 0.05280
0.10510, 0.05295
0.10613, 0.05311
0.10716, 0.05326
0.10819, 0.05341
0.10923, 0.05356
0.11027, 0.05370
0.11132, 0.05384
0.11237, 0.05399
0.11343, 0.05412
0.11449, 0.05426
0.11555, 0.05439
0.11662, 0.05453
0.11770, 0.05465
0.11878, 0.05478
0.11986, 0.05491
0.12095, 0.05503
0.12204, 0.05515
0.12314, 0.05526
0.12424, 0.05538
0.12535, 0.05549
0.12646, 0.05560
0.12757, 0.05571
0.12869, 0.05581
0.12982, 0.05591
0.13095, 0.05601
0.13208, 0.05611
0.13322, 0.05620
0.13436, 0.05629
0.13551, 0.05638
0.13666, 0.05647
0.13781, 0.05655
0.13897, 0.05663
0.14013, 0.05671
0.14129, 0.05678
0.14246, 0.05685
0.14363, 0.05692
0.14480, 0.05699
0.14597, 0.05705
0.14715, 0.05712
0.14833, 0.05717
0.14952, 0.05723
0.15070, 0.05728
0.15189, 0.05733
0.15308, 0.05738
0.15428, 0.05743
0.15547, 0.05747
0.15667, 0.05751
0.15788, 0.05755
0.15908, 0.05759
0.16029, 0.05762
0.16150, 0.05765
0.16271, 0.05768
0.16393, 0.05771
0.16515, 0.05773
0.16637, 0.05775
0.16759, 0.05777
0.16881, 0.05779
0.17004, 0.05780
0.17127, 0.05781
0.17250, 0.05782
0.17374, 0.05783
0.17497, 0.05784
0.17621, 0.05784
0.17745, 0.05784
0.17869, 0.05784
0.17994, 0.05784
0.18119, 0.05783
0.18243, 0.05782
0.18369, 0.05781
0.18494, 0.05780
0.18619, 0.05779
0.18745, 0.05777
0.18871, 0.05776
0.18997, 0.05774
0.19123, 0.05772
0.19249, 0.05769
0.19376, 0.05767
0.19503, 0.05764
0.19630, 0.05761
0.19757, 0.05758
0.19884, 0.05755
0.20011, 0.05752
0.20139, 0.05748
0.20266, 0.05744
0.20394, 0.05741
0.20522, 0.05737
0.20650, 0.05733
0.20779, 0.05728
0.20907, 0.05724
0.21036, 0.05719
0.21165, 0.05714
0.21294, 0.05710
0.21423, 0.05705
0.21552, 0.05700
0.21681, 0.05694
0.21811, 0.05689
0.21941, 0.05683
0.22071, 0.05678
0.22201, 0.05672
0.22331, 0.05666
0.22461, 0.05660
0.22591, 0.05654
0.22722, 0.05648
0.22853, 0.05642
0.22983, 0.05635
0.23114, 0.05629
0.23245, 0.05622
0.23377, 0.05616
0.23508, 0.05609
0.23639, 0.05602
0.23771, 0.05595
0.23902, 0.05588
0.24034, 0.05581
0.24166, 0.05574
0.24298, 0.05567
0.24430, 0.05560
0.24562, 0.05553
0.24694, 0.05545
0.24827, 0.05538
0.24959, 0.05531
0.25092, 0.05523
0.25224, 0.05516
0.25357, 0.05508
0.25490, 0.05501
0.25622, 0.05493
0.25755, 0.05486
0.25888, 0.05478
0.26021, 0.05471
0.26154, 0.05463
0.26288, 0.05455
0.26421, 0.05448
0.26554, 0.05440
0.26688, 0.05433
0.26821, 0.05425
0.26955, 0.05417
0.27088, 0.05410
0.27222, 0.05402
0.27356, 0.05395
0.27490, 0.05387
0.27624, 0.05380
0.27759, 0.05372
0.27894, 0.05365
0.28029, 0.05357
0.28164, 0.05350
0.28300, 0.05343
0.28436, 0.05335
0.28572, 0.05328
0.28708, 0.05320
0.28845, 0.05313
0.28982, 0.05306
0.29119, 0.05298
0.29256, 0.05291
0.29393, 0.05284
0.29531, 0.05276
0.29669, 0.05269
0.29807, 0.05262
0.29945, 0.05254
0.30084, 0.05247
0.30223, 0.05240
0.30362, 0.05233
0.30501, 0.05225
0.30641, 0.05218
0.30780, 0.05211
0.30920, 0.05204
0.31060, 0.05197
0.31201, 0.05189
0.31341, 0.05182
0.31482, 0.05175
0.31623, 0.05168
0.31765, 0.05161
0.31906, 0.05154
0.32048, 0.05146
0.32190, 0.05139
0.32332, 0.05132
0.32474, 0.05125
0.32616, 0.05118
0.32759, 0.05111
0.32902, 0.05104
0.33045, 0.05097
0.33188, 0.05090
0.33332, 0.05083
0.33476, 0.05076
0.33620, 0.05069
0.33764, 0.05062
0.33908, 0.05055
0.34053, 0.05048
0.34197, 0.05041
0.34342, 0.05034
0.34487, 0.05027
0.34633, 0.05020
0.34778, 0.05013
0.34924, 0.05006
0.35070, 0.04999
0.35216, 0.04992
0.35362, 0.04985
0.35508, 0.04978
0.35655, 0.04971
0.35802, 0.04964
0.35949, 0.04957
0.36096, 0.04950
0.36243, 0.04943
0.36391, 0.04936
0.36538, 0.04929
0.36686, 0.04922
0.36834, 0.04915
0.36983, 0.04908
0.37131, 0.04901
0.37280, 0.04894
0.37428, 0.04887
0.37577, 0.04880
0.37726, 0.04873
0.37875, 0.04866
0.38025, 0.04859
0.38174, 0.04852
0.38324, 0.04845
0.38474, 0.04838
0.38624, 0.04831
0.38774, 0.04824
0.38924, 0.04817
0.39075, 0.04810
0.39226, 0.04803
0.39376, 0.04796
0.39527, 0.04789
0.39678, 0.04782
0.39830, 0.04775
0.39981, 0.04768
0.40133, 0.04761
0.40284, 0.04754
0.40436, 0.04747
0.40588, 0.04739
0.40740, 0.04732
0.40892, 0.04725
0.41045, 0.04718
0.41197, 0.04711
0.41350, 0.04704
0.41503, 0.04696
0.41655, 0.04689
0.41808, 0.04682
0.41962, 0.04674
0.42115, 0.04667
0.42268, 0.04660
0.42422, 0.04652
0.42575, 0.04645
0.42729, 0.04638
0.42883, 0.04630
0.43037, 0.04623
0.43191, 0.04615
0.43345, 0.04608
0.43500, 0.04600
0.43654, 0.04593
0.43809, 0.04585
0.43963, 0.04577
0.44118, 0.04570
0.44273, 0.04562
0.44428, 0.04554
0.44583, 0.04547
0.44738, 0.04539
0.44893, 0.04531
0.45049, 0.04523
0.45204, 0.04515
0.45360, 0.04507
0.45515, 0.04499
0.45671, 0.04491
0.45827, 0.04483
0.45983, 0.04475
0.46139, 0.04467
0.46295, 0.04459
0.46451, 0.04451
0.46607, 0.04443
0.46763, 0.04434
0.46920, 0.04426
0.47076, 0.04418
0.47233, 0.04409
0.47389, 0.04401
0.47546, 0.04392
0.47703, 0.04384
0.47859, 0.04375
0.48016, 0.04367
0.48173, 0.04358
0.48330, 0.04349
0.48487, 0.04340
0.48644, 0.04331
0.48801, 0.04323
0.48959, 0.04314
0.49116, 0.04305
0.49273, 0.04295
0.49430, 0.04286
0.49588, 0.04277
0.49745, 0.04268
0.49903, 0.04259
0.50060, 0.04249
0.50218, 0.04240
0.50375, 0.04230
0.50533, 0.04221
0.50690, 0.04211
0.50848, 0.04201
0.51006, 0.04192
0.51164, 0.04182
0.51321, 0.04172
0.51479, 0.04162
0.51637, 0.04152
0.51795, 0.04142
0.51953, 0.04132
0.52110, 0.04122
0.52268, 0.04111
0.52426, 0.04101
0.52584, 0.04090
0.52742, 0.04080
0.52900, 0.04069
0.53058, 0.04059
0.53216, 0.04048
0.53374, 0.04037
0.53532, 0.04026
0.53690, 0.04015
0.53847, 0.04004
0.54005, 0.03993
0.54163, 0.03982
0.54321, 0.03970
0.54479, 0.03959
0.54637, 0.03947
0.54795, 0.03936
0.54953, 0.03924
0.55110, 0.03913
0.55268, 0.03901
0.55426, 0.03889
0.55584, 0.03877
0.55742, 0.03865
0.55899, 0.03852
0.56057, 0.03840
0.56215, 0.03828
0.56372, 0.03815
0.56530, 0.03803
0.56687, 0.03790
0.56845, 0.03777
0.57002, 0.03765
0.57160, 0.03752
0.57317, 0.03739
0.57474, 0.03725
0.57632, 0.03712
0.57789, 0.03699
0.57946, 0.03685
0.58103, 0.03672
0.58260, 0.03658
0.58417, 0.03644
0.58574, 0.03631
0.58731, 0.03617
0.58888, 0.03603
0.59044, 0.03588
0.59201, 0.03574
0.59358, 0.03560
0.59514, 0.03545
0.59671, 0.03531
0.59827, 0.03516
0.59983, 0.03501
0.60140, 0.03486
0.60296, 0.03471
0.60452, 0.03456
0.60608, 0.03441
0.60764, 0.03426
0.60919, 0.03410
0.61075, 0.03394
0.61231, 0.03379
0.61386, 0.03363
0.61542, 0.03347
0.61697, 0.03331
0.61852, 0.03315
0.62007, 0.03298
0.62162, 0.03282
0.62317, 0.03266
0.62472, 0.03249
0.62627, 0.03232
0.62781, 0.03215
0.62936, 0.03198
0.63090, 0.03181
0.63244, 0.03164
0.63398, 0.03146
0.63552, 0.03129
0.63706, 0.03111
0.63860, 0.03094
0.64013, 0.03076
0.64167, 0.03058
0.64320, 0.03040
0.64474, 0.03021
0.64627, 0.03003
0.64780, 0.02985
0.64932, 0.02966
0.65085, 0.02947
0.65237, 0.02928
0.65390, 0.02909
0.65542, 0.02890
0.65694, 0.02871
0.65846, 0.02852
0.65998, 0.02832
0.66149, 0.02813
0.66301, 0.02793
0.66452, 0.02773
0.66603, 0.02753
0.66754, 0.02733
0.66905, 0.02712
0.67055, 0.02692
0.67206, 0.02672
0.67355, 0.02651
0.67505, 0.02630
0.67654, 0.02609
0.67802, 0.02589
0.67951, 0.02568
0.68099, 0.02547
0.68247, 0.02526
0.68394, 0.02504
0.68541, 0.02483
0.68687, 0.02462
0.68834, 0.02441
0.68980, 0.02419
0.69125, 0.02398
0.69270, 0.02377
0.69415, 0.02355
0.69560, 0.02334
0.69704, 0.02313
0.69848, 0.02291
0.69992, 0.02270
0.70135, 0.02249
0.70278, 0.02227
0.70420, 0.02206
0.70562, 0.02185
0.70704, 0.02164
0.70846, 0.02142
0.70987, 0.02121
0.71128, 0.02100
0.71268, 0.02079
0.71409, 0.02058
0.71548, 0.02038
0.71688, 0.02017
0.71827, 0.01996
0.71966, 0.01976
0.72105, 0.01955
0.72243, 0.01935
0.72381, 0.01914
0.72518, 0.01894
0.72656, 0.01874
0.72792, 0.01854
0.72929, 0.01834
0.73065, 0.01815
0.73201, 0.01795
0.73337, 0.01776
0.73472, 0.01756
0.73607, 0.01737
0.73742, 0.01718
0.73876, 0.01700
0.74010, 0.01681
0.74144, 0.01662
0.74278, 0.01644
0.74411, 0.01626
0.74544, 0.01608
0.74676, 0.01590
0.74808, 0.01572
0.74940, 0.01555
0.75072, 0.01538
0.75203, 0.01521
0.75334, 0.01504
0.75465, 0.01487
0.75596, 0.01471
0.75726, 0.01454
0.75857, 0.01438
0.75987, 0.01422
0.76117, 0.01406
0.76247, 0.01391
0.76376, 0.01375
0.76506, 0.01360
0.76635, 0.01345
0.76764, 0.01330
0.76893, 0.01316
0.77021, 0.01301
0.77150, 0.01287
0.77278, 0.01272
0.77406, 0.01258
0.77534, 0.01245
0.77661, 0.01231
0.77788, 0.01217
0.77916, 0.01204
0.78042, 0.01191
0.78169, 0.01178
0.78296, 0.01165
0.78422, 0.01152
0.78548, 0.01140
0.78673, 0.01127
0.78799, 0.01115
0.78924, 0.01103
0.79049, 0.01091
0.79174, 0.01079
0.79299, 0.01067
0.79423, 0.01056
0.79547, 0.01045
0.79671, 0.01033
0.79795, 0.01022
0.79918, 0.01011
0.80041, 0.01001
0.80164, 0.00990
0.80287, 0.00979
0.80409, 0.00969
0.80531, 0.00959
0.80653, 0.00949
0.80775, 0.00939
0.80896, 0.00929
0.81018, 0.00919
0.81138, 0.00910
0.81259, 0.00900
0.81379, 0.00891
0.81499, 0.00882
0.81619, 0.00873
0.81739, 0.00864
0.81858, 0.00855
0.81977, 0.00846
0.82096, 0.00838
0.82214, 0.00829
0.82332, 0.00821
0.82450, 0.00813
0.82568, 0.00805
0.82685, 0.00797
0.82802, 0.00789
0.82919, 0.00781
0.83035, 0.00773
0.83152, 0.00766
0.83267, 0.00759
0.83383, 0.00751
0.83498, 0.00744
0.83614, 0.00737
0.83728, 0.00730
0.83843, 0.00723
0.83957, 0.00716
0.84071, 0.00710
0.84185, 0.00703
0.84298, 0.00696
0.84411, 0.00690
0.84524, 0.00684
0.84637, 0.00677
0.84749, 0.00671
0.84861, 0.00665
0.84973, 0.00659
0.85084, 0.00653
0.85195, 0.00647
0.85306, 0.00641
0.85417, 0.00636
0.85527, 0.00630
0.85637, 0.00624
0.85746, 0.00619
0.85856, 0.00613
0.85965, 0.00608
0.86073, 0.00602
0.86182, 0.00597
0.86290, 0.00592
0.86397, 0.00586
0.86505, 0.00581
0.86612, 0.00576
0.86718, 0.00571
0.86825, 0.00566
0.86931, 0.00561
0.87037, 0.00556
0.87142, 0.00551
0.87247, 0.00546
0.87352, 0.00541
0.87456, 0.00536
0.87560, 0.00531
0.87664, 0.00527
0.87767, 0.00522
0.87870, 0.00517
0.87973, 0.00512
0.88075, 0.00508
0.88177, 0.00503
0.88279, 0.00498
0.88380, 0.00494
0.88481, 0.00489
0.88581, 0.00484
0.88681, 0.00480
0.88781, 0.00475
0.88880, 0.00471
0.88979, 0.00466
0.89078, 0.00462
0.89176, 0.00457
0.89274, 0.00453
0.89372, 0.00448
0.89469, 0.00444
0.89566, 0.00439
0.89662, 0.00435
0.89758, 0.00430
0.89854, 0.00426
0.89949, 0.00421
0.90044, 0.00417
0.90139, 0.00412
0.90233, 0.00408
0.90326, 0.00403
0.90420, 0.00399
0.90513, 0.00394
0.90605, 0.00390
0.90697, 0.00385
0.90789, 0.00381
0.90881, 0.00376
0.90972, 0.00372
0.91062, 0.00367
0.91152, 0.00363
0.91242, 0.00358
0.91331, 0.00354
0.91420, 0.00349
0.91509, 0.00345
0.91597, 0.00340
0.91685, 0.00335
0.91772, 0.00331
0.91859, 0.00326
0.91945, 0.00322
0.92031, 0.00317
0.92117, 0.00312
0.92202, 0.00308
0.92287, 0.00303
0.92371, 0.00298
0.92455, 0.00294
0.92539, 0.00289
0.92622, 0.00284
0.92705, 0.00280
0.92787, 0.00275
0.92869, 0.00270
0.92950, 0.00265
0.93031, 0.00261
0.93112, 0.00256
0.93192, 0.00251
0.93272, 0.00246
0.93351, 0.00241
0.93430, 0.00237
0.93508, 0.00232
0.93586, 0.00227
0.93663, 0.00222
0.93741, 0.00217
0.93817, 0.00212
0.93893, 0.00207
0.93969, 0.00203
0.94044, 0.00198
0.94119, 0.00193
0.94194, 0.00188
0.94268, 0.00183
0.94341, 0.00178
0.94414, 0.00173
0.94487, 0.00168
0.94559, 0.00163
0.94631, 0.00158
0.94702, 0.00153
0.94773, 0.00148
0.94843, 0.00143
0.94913, 0.00138
0.94983, 0.00133
0.95052, 0.00128
0.95120, 0.00123
0.95188, 0.00117
0.95256, 0.00112
0.95323, 0.00107
0.95390, 0.00102
0.95456, 0.00097
0.95522, 0.00092
0.95587, 0.00087
0.95652, 0.00082
0.95717, 0.00077
0.95781, 0.00072
0.95844, 0.00067
0.95907, 0.00061
0.95970, 0.00056
0.96032, 0.00051
0.96094, 0.00046
0.96155, 0.00041
0.96216, 0.00036
0.96276, 0.00031
0.96336, 0.00026
0.96395, 0.00021
0.96454, 0.00016
0.96512, 0.00010
0.96570, 0.00005
0.96627, 0.00000
0.96684, -0.00005
0.96741, -0.00010
0.96797, -0.00015
0.96852, -0.00020
0.96907, -0.00025
0.96962, -0.00030
0.97016, -0.00035
0.97070, -0.00040
0.97123, -0.00045
0.97176, -0.00050
0.97228, -0.00055
0.97280, -0.00060
0.97331, -0.00065
0.97382, -0.00070
0.97432, -0.00075
0.97482, -0.00079
0.97531, -0.00084
0.97580, -0.00089
0.97628, -0.00094
0.97676, -0.00099
0.97724, -0.00103
0.97771, -0.00108
0.97817, -0.00113
0.97863, -0.00118
0.97909, -0.00122
0.97954, -0.00127
0.97998, -0.00132
0.98042, -0.00136
0.98086, -0.00141
0.98129, -0.00145
0.98171, -0.00150
0.98214, -0.00154
0.98255, -0.00159
0.98296, -0.00163
0.98337, -0.00168
0.98377, -0.00172
0.98417, -0.00176
0.98456, -0.00181
0.98495, -0.00185
0.98533, -0.00189
0.98571, -0.00194
0.98608, -0.00198
0.98645, -0.00202
0.98681, -0.00206
0.98717, -0.00210
0.98752, -0.00214
0.98787, -0.00218
0.98821, -0.00222
0.98855, -0.00226
0.98888, -0.00230
0.98921, -0.00234
0.98953, -0.00237
0.98985, -0.00241
0.99017, -0.00245
0.99048, -0.00248
0.99078, -0.00252
0.99108, -0.00256
0.99137, -0.00259
0.99166, -0.00263
0.99195, -0.00266
0.99223, -0.00269
0.99250, -0.00273
0.99277, -0.00276
0.99303, -0.00279
0.99329, -0.00282
0.99355, -0.00285
0.99380, -0.00288
0.99404, -0.00291
0.99428, -0.00294
0.99452, -0.00297
0.99475, -0.00300
0.99497, -0.00303
0.99519, -0.00306
0.99541, -0.00308
0.99562, -0.00311
0.99583, -0.00314
0.99603, -0.00316
0.99622, -0.00319
0.99641, -0.00321
0.99660, -0.00323
0.99678, -0.00326
0.99695, -0.00328
0.99713, -0.00330
0.99729, -0.00332
0.99745, -0.00334
0.99761, -0.00336
0.99776, -0.00338
0.99791, -0.00340
0.99805, -0.00342
0.99818, -0.00344
0.99831, -0.00346
0.99844, -0.00347
0.99856, -0.00349
0.99868, -0.00350
0.99879, -0.00352
0.99890, -0.00353
0.99900, -0.00354
0.99910, -0.00356
0.99919, -0.00357
0.99927, -0.00358
0.99936, -0.00359
0.99943, -0.00360
0.99950, -0.00361
0.99957, -0.00362
0.99963, -0.00363
0.99969, -0.00363
0.99974, -0.00364
0.99979, -0.00365
0.99983, -0.00365
0.99987, -0.00366
0.99990, -0.00366
0.99993, -0.00367
0.99995, -0.00367
0.99997, -0.00367
0.99998, -0.00367
0.99998, -0.00367
0.99999, -0.00367

=== Lower Surface ===
0.00000, -0.00087
0.00004, -0.00115
0.00007, -0.00143
0.00011, -0.00170
0.00016, -0.00198
0.00021, -0.00225
0.00027, -0.00253
0.00033, -0.00280
0.00040, -0.00307
0.00047, -0.00334
0.00055, -0.00361
0.00063, -0.00388
0.00072, -0.00415
0.00081, -0.00442
0.00091, -0.00468
0.00101, -0.00495
0.00111, -0.00521
0.00122, -0.00547
0.00134, -0.00574
0.00146, -0.00600
0.00159, -0.00626
0.00172, -0.00652
0.00185, -0.00678
0.00199, -0.00703
0.00214, -0.00729
0.00229, -0.00755
0.00244, -0.00780
0.00260, -0.00806
0.00276, -0.00831
0.00293, -0.00856
0.00311, -0.00881
0.00328, -0.00907
0.00347, -0.00931
0.00365, -0.00956
0.00385, -0.00981
0.00404, -0.01006
0.00425, -0.01030
0.00445, -0.01055
0.00466, -0.01079
0.00488, -0.01104
0.00510, -0.01128
0.00533, -0.01152
0.00556, -0.01176
0.00579, -0.01200
0.00603, -0.01224
0.00628, -0.01248
0.00653, -0.01272
0.00678, -0.01295
0.00704, -0.01319
0.00730, -0.01342
0.00757, -0.01366
0.00784, -0.01389
0.00812, -0.01412
0.00840, -0.01435
0.00869, -0.01458
0.00898, -0.01481
0.00928, -0.01504
0.00958, -0.01527
0.00988, -0.01549
0.01019, -0.01572
0.01051, -0.01594
0.01083, -0.01617
0.01115, -0.01639
0.01148, -0.01661
0.01181, -0.01683
0.01215, -0.01706
0.01249, -0.01728
0.01284, -0.01749
0.01319, -0.01771
0.01354, -0.01793
0.01391, -0.01815
0.01427, -0.01836
0.01464, -0.01858
0.01501, -0.01879
0.01539, -0.01900
0.01577, -0.01922
0.01616, -0.01943
0.01655, -0.01964
0.01695, -0.01985
0.01735, -0.02006
0.01776, -0.02026
0.01817, -0.02047
0.01858, -0.02068
0.01900, -0.02088
0.01942, -0.02109
0.01985, -0.02129
0.02028, -0.02150
0.02072, -0.02170
0.02116, -0.02190
0.02160, -0.02210
0.02205, -0.02230
0.02251, -0.02250
0.02297, -0.02270
0.02343, -0.02290
0.02390, -0.02310
0.02437, -0.02329
0.02484, -0.02349
0.02532, -0.02368
0.02581, -0.02388
0.02630, -0.02407
0.02679, -0.02426
0.02729, -0.02445
0.02779, -0.02465
0.02830, -0.02484
0.02881, -0.02503
0.02932, -0.02522
0.02984, -0.02540
0.03036, -0.02559
0.03089, -0.02578
0.03142, -0.02596
0.03196, -0.02615
0.03250, -0.02634
0.03304, -0.02652
0.03359, -0.02670
0.03414, -0.02689
0.03470, -0.02707
0.03526, -0.02725
0.03583, -0.02743
0.03640, -0.02761
0.03697, -0.02779
0.03755, -0.02797
0.03813, -0.02815
0.03871, -0.02833
0.03930, -0.02850
0.03990, -0.02868
0.04050, -0.02885
0.04110, -0.02903
0.04171, -0.02920
0.04232, -0.02938
0.04293, -0.02955
0.04355, -0.02973
0.04417, -0.02990
0.04480, -0.03007
0.04543, -0.03024
0.04606, -0.03041
0.04670, -0.03058
0.04734, -0.03075
0.04799, -0.03092
0.04864, -0.03109
0.04929, -0.03126
0.04995, -0.03142
0.05061, -0.03159
0.05128, -0.03176
0.05195, -0.03192
0.05262, -0.03209
0.05330, -0.03225
0.05398, -0.03242
0.05467, -0.03258
0.05536, -0.03275
0.05605, -0.03291
0.05675, -0.03307
0.05745, -0.03324
0.05815, -0.03340
0.05886, -0.03356
0.05957, -0.03372
0.06029, -0.03388
0.06101, -0.03404
0.06173, -0.03420
0.06246, -0.03436
0.06319, -0.03452
0.06393, -0.03468
0.06466, -0.03484
0.06541, -0.03500
0.06615, -0.03515
0.06690, -0.03531
0.06765, -0.03547
0.06841, -0.03563
0.06917, -0.03578
0.06993, -0.03594
0.07070, -0.03609
0.07147, -0.03625
0.07225, -0.03641
0.07303, -0.03656
0.07381, -0.03672
0.07459, -0.03687
0.07538, -0.03703
0.07618, -0.03718
0.07697, -0.03733
0.07777, -0.03749
0.07857, -0.03764
0.07938, -0.03780
0.08019, -0.03795
0.08100, -0.03810
0.08182, -0.03826
0.08264, -0.03841
0.08347, -0.03856
0.08429, -0.03872
0.08512, -0.03887
0.08596, -0.03902
0.08680, -0.03917
0.08764, -0.03933
0.08848, -0.03948
0.08933, -0.03963
0.09018, -0.03978
0.09103, -0.03994
0.09189, -0.04009
0.09275, -0.04024
0.09362, -0.04040
0.09448, -0.04055
0.09535, -0.04070
0.09623, -0.04085
0.09711, -0.04101
0.09799, -0.04116
0.09887, -0.04131
0.09976, -0.04146
0.10065, -0.04162
0.10154, -0.04177
0.10244, -0.04192
0.10334, -0.04208
0.10424, -0.04223
0.10515, -0.04239
0.10605, -0.04254
0.10697, -0.04269
0.10788, -0.04285
0.10880, -0.04300
0.10972, -0.04316
0.11065, -0.04331
0.11157, -0.04347
0.11251, -0.04363
0.11344, -0.04378
0.11438, -0.04394
0.11532, -0.04410
0.11626, -0.04425
0.11720, -0.04441
0.11815, -0.04457
0.11911, -0.04473
0.12006, -0.04489
0.12102, -0.04504
0.12198, -0.04520
0.12294, -0.04536
0.12391, -0.04552
0.12488, -0.04569
0.12585, -0.04585
0.12683, -0.04601
0.12780, -0.04617
0.12878, -0.04633
0.12977, -0.04650
0.13075, -0.04666
0.13174, -0.04683
0.13274, -0.04699
0.13374, -0.04716
0.13474, -0.04732
0.13574, -0.04749
0.13675, -0.04766
0.13777, -0.04783
0.13878, -0.04800
0.13981, -0.04816
0.14083, -0.04833
0.14186, -0.04851
0.14290, -0.04868
0.14393, -0.04885
0.14498, -0.04902
0.14602, -0.04919
0.14707, -0.04937
0.14813, -0.04954
0.14919, -0.04972
0.15025, -0.04989
0.15132, -0.05007
0.15239, -0.05024
0.15347, -0.05042
0.15455, -0.05059
0.15563, -0.05077
0.15672, -0.05095
0.15782, -0.05113
0.15891, -0.05131
0.16001, -0.05149
0.16112, -0.05167
0.16223, -0.05185
0.16335, -0.05203
0.16447, -0.05221
0.16559, -0.05239
0.16672, -0.05257
0.16785, -0.05275
0.16898, -0.05293
0.17013, -0.05311
0.17127, -0.05329
0.17242, -0.05348
0.17357, -0.05366
0.17473, -0.05384
0.17589, -0.05403
0.17706, -0.05421
0.17823, -0.05439
0.17941, -0.05458
0.18059, -0.05476
0.18177, -0.05494
0.18296, -0.05513
0.18416, -0.05531
0.18536, -0.05549
0.18656, -0.05568
0.18776, -0.05586
0.18898, -0.05604
0.19019, -0.05623
0.19141, -0.05641
0.19264, -0.05659
0.19387, -0.05677
0.19510, -0.05696
0.19634, -0.05714
0.19758, -0.05732
0.19883, -0.05750
0.20008, -0.05768
0.20133, -0.05786
0.20259, -0.05804
0.20385, -0.05822
0.20512, -0.05840
0.20639, -0.05858
0.20767, -0.05876
0.20895, -0.05894
0.21023, -0.05911
0.21152, -0.05929
0.21282, -0.05947
0.21411, -0.05964
0.21541, -0.05982
0.21672, -0.05999
0.21803, -0.06016
0.21934, -0.06034
0.22066, -0.06051
0.22198, -0.06068
0.22331, -0.06085
0.22464, -0.06102
0.22598, -0.06118
0.22732, -0.06135
0.22866, -0.06152
0.23001, -0.06168
0.23136, -0.06184
0.23271, -0.06201
0.23407, -0.06217
0.23544, -0.06233
0.23681, -0.06249
0.23818, -0.06265
0.23956, -0.06280
0.24094, -0.06296
0.24232, -0.06311
0.24371, -0.06326
0.24510, -0.06341
0.24650, -0.06356
0.24790, -0.06371
0.24931, -0.06386
0.25072, -0.06400
0.25213, -0.06414
0.25355, -0.06428
0.25497, -0.06442
0.25640, -0.06456
0.25783, -0.06469
0.25927, -0.06483
0.26071, -0.06496
0.26215, -0.06509
0.26359, -0.06522
0.26504, -0.06534
0.26649, -0.06546
0.26795, -0.06559
0.26940, -0.06570
0.27086, -0.06582
0.27232, -0.06594
0.27378, -0.06605
0.27524, -0.06616
0.27671, -0.06627
0.27817, -0.06637
0.27964, -0.06647
0.28111, -0.06658
0.28259, -0.06667
0.28406, -0.06677
0.28554, -0.06687
0.28702, -0.06696
0.28850, -0.06705
0.28998, -0.06714
0.29146, -0.06722
0.29295, -0.06731
0.29444, -0.06739
0.29592, -0.06747
0.29742, -0.06755
0.29891, -0.06762
0.30040, -0.06770
0.30190, -0.06777
0.30340, -0.06784
0.30490, -0.06791
0.30640, -0.06797
0.30790, -0.06803
0.30940, -0.06810
0.31091, -0.06815
0.31242, -0.06821
0.31393, -0.06827
0.31544, -0.06832
0.31695, -0.06837
0.31846, -0.06842
0.31998, -0.06847
0.32149, -0.06851
0.32301, -0.06855
0.32453, -0.06860
0.32605, -0.06863
0.32757, -0.06867
0.32910, -0.06871
0.33062, -0.06874
0.33215, -0.06877
0.33367, -0.06880
0.33520, -0.06883
0.33673, -0.06885
0.33826, -0.06888
0.33979, -0.06890
0.34133, -0.06892
0.34286, -0.06894
0.34440, -0.06895
0.34593, -0.06897
0.34747, -0.06898
0.34901, -0.06899
0.35055, -0.06900
0.35209, -0.06901
0.35364, -0.06901
0.35518, -0.06901
0.35672, -0.06902
0.35827, -0.06902
0.35981, -0.06901
0.36136, -0.06901
0.36291, -0.06900
0.36446, -0.06900
0.36601, -0.06899
0.36756, -0.06898
0.36911, -0.06897
0.37066, -0.06895
0.37222, -0.06894
0.37377, -0.06892
0.37533, -0.06890
0.37688, -0.06888
0.37844, -0.06886
0.38000, -0.06883
0.38156, -0.06881
0.38312, -0.06878
0.38468, -0.06875
0.38624, -0.06872
0.38780, -0.06869
0.38936, -0.06866
0.39092, -0.06862
0.39248, -0.06859
0.39405, -0.06855
0.39561, -0.06851
0.39718, -0.06847
0.39874, -0.06843
0.40031, -0.06839
0.40187, -0.06834
0.40344, -0.06830
0.40501, -0.06825
0.40658, -0.06820
0.40815, -0.06815
0.40971, -0.06810
0.41128, -0.06804
0.41285, -0.06799
0.41442, -0.06793
0.41599, -0.06788
0.41757, -0.06782
0.41914, -0.06776
0.42071, -0.06770
0.42228, -0.06764
0.42385, -0.06757
0.42543, -0.06751
0.42700, -0.06744
0.42857, -0.06738
0.43015, -0.06731
0.43172, -0.06724
0.43329, -0.06717
0.43487, -0.06710
0.43644, -0.06703
0.43802, -0.06695
0.43959, -0.06688
0.44116, -0.06680
0.44274, -0.06673
0.44431, -0.06665
0.44589, -0.06657
0.44746, -0.06649
0.44904, -0.06641
0.45062, -0.06633
0.45219, -0.06624
0.45377, -0.06616
0.45534, -0.06608
0.45692, -0.06599
0.45849, -0.06590
0.46007, -0.06582
0.46164, -0.06573
0.46322, -0.06564
0.46479, -0.06555
0.46637, -0.06546
0.46794, -0.06537
0.46952, -0.06527
0.47109, -0.06518
0.47267, -0.06509
0.47424, -0.06499
0.47582, -0.06490
0.47739, -0.06480
0.47896, -0.06471
0.48054, -0.06461
0.48211, -0.06451
0.48369, -0.06441
0.48526, -0.06431
0.48683, -0.06421
0.48840, -0.06411
0.48998, -0.06401
0.49155, -0.06391
0.49312, -0.06381
0.49469, -0.06370
0.49626, -0.06360
0.49783, -0.06350
0.49940, -0.06339
0.50097, -0.06329
0.50254, -0.06318
0.50411, -0.06308
0.50568, -0.06297
0.50725, -0.06286
0.50881, -0.06276
0.51038, -0.06265
0.51195, -0.06254
0.51351, -0.06243
0.51508, -0.06233
0.51664, -0.06222
0.51821, -0.06211
0.51977, -0.06200
0.52134, -0.06189
0.52290, -0.06178
0.52446, -0.06167
0.52602, -0.06156
0.52758, -0.06145
0.52915, -0.06134
0.53071, -0.06123
0.53226, -0.06112
0.53382, -0.06100
0.53538, -0.06089
0.53694, -0.06078
0.53849, -0.06067
0.54005, -0.06056
0.54161, -0.06045
0.54316, -0.06033
0.54471, -0.06022
0.54627, -0.06011
0.54782, -0.06000
0.54937, -0.05989
0.55092, -0.05977
0.55247, -0.05966
0.55402, -0.05955
0.55557, -0.05944
0.55712, -0.05933
0.55866, -0.05921
0.56021, -0.05910
0.56175, -0.05899
0.56330, -0.05888
0.56484, -0.05877
0.56638, -0.05866
0.56792, -0.05855
0.56946, -0.05844
0.57100, -0.05832
0.57254, -0.05821
0.57408, -0.05810
0.57561, -0.05799
0.57715, -0.05788
0.57868, -0.05777
0.58022, -0.05767
0.58175, -0.05756
0.58328, -0.05745
0.58481, -0.05734
0.58634, -0.05723
0.58787, -0.05712
0.58939, -0.05702
0.59092, -0.05691
0.59244, -0.05680
0.59397, -0.05670
0.59549, -0.05659
0.59701, -0.05648
0.59853, -0.05638
0.60005, -0.05628
0.60157, -0.05617
0.60309, -0.05607
0.60460, -0.05596
0.60612, -0.05586
0.60763, -0.05576
0.60914, -0.05566
0.61065, -0.05556
0.61216, -0.05546
0.61367, -0.05536
0.61518, -0.05526
0.61668, -0.05516
0.61819, -0.05506
0.61969, -0.05496
0.62119, -0.05486
0.62269, -0.05477
0.62419, -0.05467
0.62569, -0.05458
0.62718, -0.05448
0.62868, -0.05439
0.63017, -0.05430
0.63166, -0.05420
0.63315, -0.05411
0.63464, -0.05402
0.63613, -0.05393
0.63762, -0.05384
0.63910, -0.05375
0.64059, -0.05366
0.64207, -0.05357
0.64355, -0.05349
0.64503, -0.05340
0.64651, -0.05332
0.64798, -0.05323
0.64946, -0.05315
0.65093, -0.05307
0.65240, -0.05298
0.65387, -0.05290
0.65534, -0.05282
0.65680, -0.05274
0.65827, -0.05267
0.65973, -0.05259
0.66119, -0.05251
0.66266, -0.05244
0.66411, -0.05236
0.66557, -0.05229
0.66703, -0.05221
0.66849, -0.05214
0.66994, -0.05207
0.67140, -0.05200
0.67286, -0.05193
0.67432, -0.05186
0.67577, -0.05179
0.67723, -0.05172
0.67869, -0.05166
0.68015, -0.05159
0.68161, -0.05152
0.68306, -0.05146
0.68452, -0.05139
0.68598, -0.05132
0.68743, -0.05126
0.68889, -0.05119
0.69034, -0.05113
0.69180, -0.05106
0.69326, -0.05100
0.69471, -0.05093
0.69616, -0.05086
0.69762, -0.05080
0.69907, -0.05073
0.70052, -0.05067
0.70197, -0.05060
0.70343, -0.05053
0.70488, -0.05046
0.70633, -0.05039
0.70777, -0.05032
0.70922, -0.05025
0.71067, -0.05018
0.71212, -0.05011
0.71356, -0.05004
0.71501, -0.04996
0.71645, -0.04989
0.71789, -0.04982
0.71933, -0.04974
0.72077, -0.04966
0.72221, -0.04958
0.72365, -0.04950
0.72508, -0.04942
0.72652, -0.04934
0.72795, -0.04926
0.72939, -0.04917
0.73082, -0.04908
0.73225, -0.04900
0.73368, -0.04891
0.73510, -0.04882
0.73653, -0.04872
0.73795, -0.04863
0.73937, -0.04853
0.74080, -0.04844
0.74221, -0.04834
0.74363, -0.04824
0.74505, -0.04813
0.74646, -0.04803
0.74787, -0.04792
0.74928, -0.04781
0.75069, -0.04770
0.75210, -0.04759
0.75350, -0.04747
0.75490, -0.04736
0.75629, -0.04724
0.75768, -0.04712
0.75907, -0.04700
0.76046, -0.04687
0.76184, -0.04674
0.76322, -0.04662
0.76460, -0.04649
0.76597, -0.04635
0.76734, -0.04622
0.76870, -0.04609
0.77007, -0.04595
0.77143, -0.04581
0.77278, -0.04567
0.77414, -0.04553
0.77549, -0.04538
0.77683, -0.04524
0.77818, -0.04509
0.77952, -0.04494
0.78085, -0.04479
0.78219, -0.04464
0.78352, -0.04449
0.78484, -0.04433
0.78617, -0.04418
0.78749, -0.04402
0.78880, -0.04386
0.79011, -0.04370
0.79142, -0.04354
0.79273, -0.04337
0.79403, -0.04321
0.79533, -0.04304
0.79663, -0.04288
0.79792, -0.04271
0.79921, -0.04254
0.80050, -0.04237
0.80178, -0.04220
0.80306, -0.04202
0.80433, -0.04185
0.80560, -0.04167
0.80687, -0.04150
0.80814, -0.04132
0.80940, -0.04114
0.81065, -0.04096
0.81191, -0.04078
0.81316, -0.04060
0.81441, -0.04041
0.81565, -0.04023
0.81689, -0.04004
0.81813, -0.03986
0.81936, -0.03967
0.82059, -0.03948
0.82181, -0.03929
0.82303, -0.03910
0.82425, -0.03891
0.82547, -0.03872
0.82668, -0.03853
0.82789, -0.03833
0.82909, -0.03814
0.83029, -0.03795
0.83149, -0.03775
0.83268, -0.03755
0.83387, -0.03736
0.83505, -0.03716
0.83623, -0.03696
0.83741, -0.03676
0.83858, -0.03656
0.83975, -0.03636
0.84092, -0.03616
0.84208, -0.03596
0.84324, -0.03576
0.84439, -0.03556
0.84554, -0.03535
0.84669, -0.03515
0.84783, -0.03495
0.84897, -0.03474
0.85010, -0.03454
0.85123, -0.03434
0.85236, -0.03413
0.85348, -0.03393
0.85460, -0.03372
0.85571, -0.03352
0.85682, -0.03331
0.85793, -0.03311
0.85903, -0.03290
0.86013, -0.03270
0.86122, -0.03249
0.86231, -0.03229
0.86339, -0.03208
0.86448, -0.03188
0.86555, -0.03167
0.86663, -0.03147
0.86770, -0.03126
0.86876, -0.03106
0.86983, -0.03085
0.87088, -0.03065
0.87194, -0.03044
0.87299, -0.03024
0.87403, -0.03003
0.87508, -0.02983
0.87611, -0.02963
0.87715, -0.02943
0.87818, -0.02922
0.87920, -0.02902
0.88023, -0.02882
0.88124, -0.02862
0.88226, -0.02842
0.88327, -0.02822
0.88427, -0.02802
0.88528, -0.02782
0.88627, -0.02762
0.88727, -0.02742
0.88826, -0.02722
0.88924, -0.02702
0.89023, -0.02683
0.89120, -0.02663
0.89218, -0.02643
0.89315, -0.02624
0.89411, -0.02604
0.89507, -0.02585
0.89603, -0.02566
0.89698, -0.02546
0.89793, -0.02527
0.89888, -0.02508
0.89982, -0.02489
0.90076, -0.02470
0.90169, -0.02451
0.90262, -0.02432
0.90354, -0.02413
0.90447, -0.02395
0.90538, -0.02376
0.90629, -0.02358
0.90720, -0.02339
0.90811, -0.02321
0.90901, -0.02303
0.90990, -0.02284
0.91080, -0.02266
0.91169, -0.02248
0.91257, -0.02230
0.91345, -0.02212
0.91432, -0.02195
0.91520, -0.02177
0.91606, -0.02159
0.91693, -0.02142
0.91779, -0.02124
0.91864, -0.02107
0.91949, -0.02090
0.92034, -0.02073
0.92118, -0.02056
0.92202, -0.02039
0.92285, -0.02022
0.92368, -0.02005
0.92451, -0.01988
0.92533, -0.01972
0.92615, -0.01955
0.92696, -0.01939
0.92777, -0.01923
0.92858, -0.01906
0.92938, -0.01890
0.93018, -0.01874
0.93097, -0.01859
0.93176, -0.01843
0.93254, -0.01827
0.93332, -0.01812
0.93409, -0.01796
0.93487, -0.01781
0.93563, -0.01766
0.93640, -0.01750
0.93715, -0.01735
0.93791, -0.01720
0.93866, -0.01706
0.93940, -0.01691
0.94015, -0.01676
0.94088, -0.01662
0.94162, -0.01647
0.94234, -0.01633
0.94307, -0.01619
0.94379, -0.01605
0.94450, -0.01591
0.94522, -0.01577
0.94592, -0.01563
0.94663, -0.01550
0.94732, -0.01536
0.94802, -0.01523
0.94871, -0.01509
0.94939, -0.01496
0.95007, -0.01483
0.95075, -0.01470
0.95142, -0.01457
0.95209, -0.01445
0.95276, -0.01432
0.95341, -0.01419
0.95407, -0.01407
0.95472, -0.01395
0.95537, -0.01382
0.95601, -0.01370
0.95664, -0.01358
0.95728, -0.01346
0.95791, -0.01334
0.95853, -0.01323
0.95915, -0.01311
0.95976, -0.01300
0.96038, -0.01288
0.96098, -0.01277
0.96158, -0.01266
0.96218, -0.01255
0.96277, -0.01244
0.96336, -0.01233
0.96395, -0.01223
0.96453, -0.01212
0.96510, -0.01201
0.96567, -0.01191
0.96624, -0.01181
0.96680, -0.01171
0.96736, -0.01161
0.96791, -0.01151
0.96846, -0.01141
0.96900, -0.01131
0.96954, -0.01121
0.97007, -0.01112
0.97060, -0.01102
0.97113, -0.01093
0.97165, -0.01084
0.97216, -0.01075
0.97268, -0.01066
0.97318, -0.01057
0.97368, -0.01048
0.97418, -0.01039
0.97468, -0.01030
0.97516, -0.01022
0.97565, -0.01013
0.97613, -0.01005
0.97660, -0.00997
0.97707, -0.00989
0.97754, -0.00981
0.97800, -0.00973
0.97845, -0.00965
0.97891, -0.00957
0.97935, -0.00950
0.97980, -0.00942
0.98023, -0.00935
0.98067, -0.00927
0.98109, -0.00920
0.98152, -0.00913
0.98194, -0.00906
0.98235, -0.00899
0.98276, -0.00892
0.98317, -0.00885
0.98357, -0.00879
0.98396, -0.00872
0.98435, -0.00866
0.98474, -0.00859
0.98512, -0.00853
0.98550, -0.00847
0.98587, -0.00841
0.98624, -0.00835
0.98660, -0.00829
0.98696, -0.00823
0.98731, -0.00817
0.98766, -0.00812
0.98800, -0.00806
0.98834, -0.00800
0.98867, -0.00795
0.98900, -0.00790
0.98933, -0.00785
0.98965, -0.00779
0.98996, -0.00774
0.99027, -0.00769
0.99058, -0.00765
0.99088, -0.00760
0.99117, -0.00755
0.99146, -0.00751
0.99175, -0.00746
0.99203, -0.00742
0.99231, -0.00737
0.99258, -0.00733
0.99285, -0.00729
0.99311, -0.00725
0.99337, -0.00721
0.99362, -0.00717
0.99386, -0.00713
0.99411, -0.00709
0.99435, -0.00705
0.99458, -0.00702
0.99481, -0.00698
0.99503, -0.00695
0.99525, -0.00691
0.99546, -0.00688
0.99567, -0.00685
0.99587, -0.00682
0.99607, -0.00679
0.99627, -0.00676
0.99646, -0.00673
0.99664, -0.00670
0.99682, -0.00667
0.99699, -0.00665
0.99716, -0.00662
0.99733, -0.00660
0.99749, -0.00657
0.99764, -0.00655
0.99779, -0.00653
0.99794, -0.00650
0.99808, -0.00648
0.99821, -0.00646
0.99834, -0.00644
0.99847, -0.00642
0.99859, -0.00641
0.99871, -0.00639
0.99882, -0.00637
0.99892, -0.00636
0.99902, -0.00634
0.99912, -0.00633
0.99921, -0.00631
0.99930, -0.00630
0.99938, -0.00629
0.99946, -0.00628
0.99953, -0.00627
0.99959, -0.00626
0.99965, -0.00625
0.99971, -0.00624
0.99976, -0.00623
0.99981, -0.00622
0.99985, -0.00622
0.99989, -0.00621
0.99992, -0.00621
0.99995, -0.00620
0.99997, -0.00620
0.99999, -0.00620
1.00000, -0.00620
1.00001, -0.00619
1.00001, -0.00619
