=== Airfoil Parameters ===
m = 0.02
p = 0.4
t = 0.12

=== Control Points ===
0.00000, 0.00407, 0.00407
0.06667, 0.00732, 0.00121
0.13333, 0.00986, -0.00125
0.20000, 0.01482, -0.00018
0.26667, 0.02160, 0.00383
0.66667, 0.02328, 0.00723
0.75000, 0.02126, 0.00806
0.83333, 0.01791, 0.00835
0.91667, 0.01628, 0.01111
1.00000, 0.01484, 0.01484

=== Upper Surface ===
0.00000, 0.00407
-0.00002, 0.00435
-0.00003, 0.00463
-0.00004, 0.00491
-0.00004, 0.00519
-0.00004, 0.00547
-0.00003, 0.00575
-0.00002, 0.00603
-0.00000, 0.00631
0.00002, 0.00659
0.00004, 0.00687
0.00008, 0.00715
0.00011, 0.00742
0.00016, 0.00770
0.00020, 0.00798
0.00025, 0.00826
0.00031, 0.00854
0.00037, 0.00882
0.00044, 0.00910
0.00051, 0.00938
0.00059, 0.00966
0.00067, 0.00994
0.00076, 0.01022
0.00085, 0.01049
0.00095, 0.01077
0.00105, 0.01105
0.00116, 0.01133
0.00127, 0.01161
0.00139, 0.01189
0.00151, 0.01217
0.00164, 0.01244
0.00177, 0.01272
0.00191, 0.01300
0.00205, 0.01328
0.00220, 0.01356
0.00236, 0.01384
0.00251, 0.01411
0.00268, 0.01439
0.00285, 0.01467
0.00302, 0.01495
0.00320, 0.01522
0.00338, 0.01550
0.00357, 0.01578
0.00376, 0.01606
0.00396, 0.01633
0.00417, 0.01661
0.00437, 0.01689
0.00459, 0.01716
0.00481, 0.01744
0.00503, 0.01772
0.00526, 0.01799
0.00550, 0.01827
0.00574, 0.01854
0.00598, 0.01882
0.00623, 0.01910
0.00648, 0.01937
0.00674, 0.01965
0.00701, 0.01992
0.00728, 0.02020
0.00755, 0.02047
0.00784, 0.02075
0.00812, 0.02102
0.00841, 0.02129
0.00871, 0.02157
0.00901, 0.02184
0.00931, 0.02211
0.00962, 0.02239
0.00994, 0.02266
0.01026, 0.02293
0.01058, 0.02320
0.01092, 0.02348
0.01125, 0.02375
0.01159, 0.02402
0.01194, 0.02429
0.01229, 0.02456
0.01265, 0.02483
0.01301, 0.02510
0.01337, 0.02537
0.01374, 0.02564
0.01412, 0.02591
0.01450, 0.02618
0.01489, 0.02645
0.01528, 0.02672
0.01568, 0.02698
0.01608, 0.02725
0.01648, 0.02752
0.01689, 0.02779
0.01731, 0.02805
0.01773, 0.02832
0.01816, 0.02858
0.01859, 0.02885
0.01903, 0.02911
0.01947, 0.02938
0.01991, 0.02964
0.02036, 0.02990
0.02082, 0.03017
0.02128, 0.03043
0.02175, 0.03069
0.02222, 0.03095
0.02269, 0.03122
0.02317, 0.03148
0.02366, 0.03174
0.02415, 0.03200
0.02464, 0.03226
0.02514, 0.03251
0.02565, 0.03277
0.02616, 0.03303
0.02667, 0.03329
0.02719, 0.03354
0.02772, 0.03380
0.02825, 0.03406
0.02878, 0.03431
0.02932, 0.03456
0.02986, 0.03482
0.03041, 0.03507
0.03097, 0.03532
0.03152, 0.03558
0.03209, 0.03583
0.03265, 0.03608
0.03323, 0.03633
0.03380, 0.03658
0.03438, 0.03683
0.03497, 0.03708
0.03556, 0.03733
0.03616, 0.03757
0.03676, 0.03782
0.03736, 0.03807
0.03797, 0.03831
0.03859, 0.03856
0.03921, 0.03880
0.03983, 0.03904
0.04046, 0.03929
0.04109, 0.03953
0.04173, 0.03977
0.04237, 0.04001
0.04302, 0.04025
0.04367, 0.04049
0.04432, 0.04073
0.04498, 0.04097
0.04565, 0.04121
0.04632, 0.04144
0.04699, 0.04168
0.04767, 0.04191
0.04835, 0.04215
0.04904, 0.04238
0.04973, 0.04262
0.05043, 0.04285
0.05113, 0.04308
0.05183, 0.04331
0.05254, 0.04354
0.05325, 0.04377
0.05397, 0.04400
0.05469, 0.04423
0.05542, 0.04446
0.05615, 0.04468
0.05688, 0.04491
0.05762, 0.04513
0.05837, 0.04536
0.05911, 0.04558
0.05986, 0.04581
0.06062, 0.04603
0.06138, 0.04625
0.06214, 0.04647
0.06291, 0.04669
0.06368, 0.04691
0.06446, 0.04713
0.06524, 0.04735
0.06603, 0.04756
0.06682, 0.04778
0.06761, 0.04800
0.06840, 0.04821
0.06921, 0.04843
0.07001, 0.04864
0.07082, 0.04885
0.07163, 0.04906
0.07245, 0.04928
0.07327, 0.04949
0.07409, 0.04970
0.07492, 0.04991
0.07575, 0.05011
0.07659, 0.05032
0.07743, 0.05053
0.07827, 0.05074
0.07912, 0.05094
0.07997, 0.05115
0.08083, 0.05135
0.08168, 0.05156
0.08255, 0.05176
0.08341, 0.05196
0.08428, 0.05216
0.08516, 0.05236
0.08603, 0.05256
0.08691, 0.05276
0.08780, 0.05296
0.08868, 0.05316
0.08958, 0.05336
0.09047, 0.05356
0.09137, 0.05375
0.09227, 0.05395
0.09317, 0.05415
0.09408, 0.05434
0.09499, 0.05454
0.09591, 0.05473
0.09683, 0.05492
0.09775, 0.05512
0.09868, 0.05531
0.09960, 0.05550
0.10054, 0.05569
0.10147, 0.05588
0.10241, 0.05607
0.10335, 0.05626
0.10430, 0.05645
0.10524, 0.05664
0.10620, 0.05683
0.10715, 0.05702
0.10811, 0.05721
0.10907, 0.05739
0.11003, 0.05758
0.11100, 0.05777
0.11197, 0.05795
0.11294, 0.05814
0.11392, 0.05832
0.11490, 0.05851
0.11588, 0.05869
0.11686, 0.05888
0.11785, 0.05906
0.11884, 0.05925
0.11983, 0.05943
0.12083, 0.05961
0.12183, 0.05980
0.12283, 0.05998
0.12383, 0.06016
0.12484, 0.06035
0.12585, 0.06053
0.12686, 0.06071
0.12788, 0.06089
0.12889, 0.06108
0.12992, 0.06126
0.13094, 0.06144
0.13197, 0.06162
0.13299, 0.06181
0.13403, 0.06199
0.13506, 0.06217
0.13610, 0.06235
0.13715, 0.06254
0.13819, 0.06272
0.13924, 0.06290
0.14030, 0.06308
0.14135, 0.06327
0.14241, 0.06345
0.14348, 0.06363
0.14454, 0.06381
0.14562, 0.06400
0.14669, 0.06418
0.14777, 0.06436
0.14885, 0.06454
0.14993, 0.06473
0.15102, 0.06491
0.15211, 0.06509
0.15320, 0.06528
0.15429, 0.06546
0.15539, 0.06564
0.15650, 0.06583
0.15760, 0.06601
0.15871, 0.06619
0.15983, 0.06638
0.16094, 0.06656
0.16206, 0.06675
0.16318, 0.06693
0.16431, 0.06711
0.16544, 0.06730
0.16657, 0.06748
0.16770, 0.06767
0.16884, 0.06785
0.16998, 0.06804
0.17113, 0.06822
0.17228, 0.06841
0.17343, 0.06859
0.17458, 0.06878
0.17574, 0.06896
0.17690, 0.06915
0.17806, 0.06934
0.17923, 0.06952
0.18040, 0.06971
0.18157, 0.06990
0.18274, 0.07008
0.18392, 0.07027
0.18510, 0.07046
0.18629, 0.07064
0.18748, 0.07083
0.18867, 0.07102
0.18986, 0.07121
0.19106, 0.07140
0.19226, 0.07158
0.19346, 0.07177
0.19467, 0.07196
0.19588, 0.07215
0.19709, 0.07234
0.19831, 0.07253
0.19953, 0.07272
0.20076, 0.07291
0.20199, 0.07310
0.20323, 0.07329
0.20447, 0.07348
0.20572, 0.07367
0.20697, 0.07386
0.20823, 0.07406
0.20949, 0.07425
0.21076, 0.07444
0.21203, 0.07463
0.21331, 0.07482
0.21459, 0.07501
0.21587, 0.07520
0.21716, 0.07539
0.21846, 0.07558
0.21976, 0.07577
0.22107, 0.07596
0.22238, 0.07615
0.22369, 0.07634
0.22501, 0.07653
0.22633, 0.07672
0.22766, 0.07690
0.22900, 0.07709
0.23034, 0.07728
0.23168, 0.07746
0.23303, 0.07765
0.23438, 0.07783
0.23574, 0.07801
0.23711, 0.07820
0.23847, 0.07838
0.23985, 0.07856
0.24122, 0.07873
0.24261, 0.07891
0.24400, 0.07909
0.24539, 0.07926
0.24679, 0.07944
0.24819, 0.07961
0.24960, 0.07978
0.25101, 0.07995
0.25243, 0.08012
0.25385, 0.08028
0.25527, 0.08045
0.25671, 0.08061
0.25814, 0.08077
0.25958, 0.08093
0.26103, 0.08109
0.26248, 0.08124
0.26393, 0.08140
0.26539, 0.08155
0.26685, 0.08170
0.26830, 0.08184
0.26977, 0.08199
0.27123, 0.08213
0.27270, 0.08227
0.27416, 0.08240
0.27564, 0.08254
0.27711, 0.08267
0.27858, 0.08280
0.28006, 0.08293
0.28154, 0.08305
0.28302, 0.08318
0.28450, 0.08330
0.28599, 0.08342
0.28747, 0.08353
0.28896, 0.08365
0.29045, 0.08376
0.29194, 0.08387
0.29344, 0.08398
0.29494, 0.08408
0.29643, 0.08419
0.29793, 0.08429
0.29944, 0.08438
0.30094, 0.08448
0.30244, 0.08457
0.30395, 0.08467
0.30546, 0.08476
0.30697, 0.08484
0.30848, 0.08493
0.31000, 0.08501
0.31151, 0.08509
0.31303, 0.08517
0.31455, 0.08525
0.31607, 0.08532
0.31759, 0.08539
0.31912, 0.08546
0.32064, 0.08553
0.32217, 0.08559
0.32370, 0.08566
0.32523, 0.08572
0.32676, 0.08577
0.32829, 0.08583
0.32983, 0.08589
0.33136, 0.08594
0.33290, 0.08599
0.33444, 0.08603
0.33598, 0.08608
0.33752, 0.08612
0.33906, 0.08616
0.34061, 0.08620
0.34215, 0.08624
0.34370, 0.08628
0.34524, 0.08631
0.34679, 0.08634
0.34834, 0.08637
0.34990, 0.08639
0.35145, 0.08642
0.35300, 0.08644
0.35456, 0.08646
0.35611, 0.08648
0.35767, 0.08649
0.35923, 0.08651
0.36079, 0.08652
0.36235, 0.08653
0.36391, 0.08654
0.36547, 0.08654
0.36704, 0.08655
0.36860, 0.08655
0.37017, 0.08655
0.37173, 0.08655
0.37330, 0.08654
0.37487, 0.08654
0.37644, 0.08653
0.37801, 0.08652
0.37958, 0.08651
0.38115, 0.08649
0.38272, 0.08648
0.38430, 0.08646
0.38587, 0.08644
0.38745, 0.08642
0.38902, 0.08639
0.39060, 0.08637
0.39218, 0.08634
0.39375, 0.08631
0.39533, 0.08628
0.39691, 0.08625
0.39849, 0.08621
0.40007, 0.08617
0.40165, 0.08614
0.40324, 0.08610
0.40482, 0.08605
0.40640, 0.08601
0.40798, 0.08597
0.40957, 0.08592
0.41115, 0.08587
0.41274, 0.08582
0.41432, 0.08577
0.41591, 0.08571
0.41750, 0.08565
0.41908, 0.08560
0.42067, 0.08554
0.42226, 0.08548
0.42385, 0.08541
0.42544, 0.08535
0.42702, 0.08528
0.42861, 0.08522
0.43020, 0.08515
0.43179, 0.08508
0.43338, 0.08500
0.43497, 0.08493
0.43657, 0.08485
0.43816, 0.08478
0.43975, 0.08470
0.44134, 0.08462
0.44293, 0.08453
0.44452, 0.08445
0.44611, 0.08437
0.44771, 0.08428
0.44930, 0.08419
0.45089, 0.08410
0.45248, 0.08401
0.45408, 0.08392
0.45567, 0.08383
0.45726, 0.08373
0.45885, 0.08363
0.46045, 0.08354
0.46204, 0.08344
0.46363, 0.08334
0.46523, 0.08323
0.46682, 0.08313
0.46841, 0.08303
0.47000, 0.08292
0.47160, 0.08281
0.47319, 0.08270
0.47478, 0.08259
0.47637, 0.08248
0.47796, 0.08237
0.47956, 0.08226
0.48115, 0.08214
0.48274, 0.08202
0.48433, 0.08191
0.48592, 0.08179
0.48751, 0.08167
0.48910, 0.08155
0.49069, 0.08143
0.49228, 0.08130
0.49387, 0.08118
0.49546, 0.08105
0.49705, 0.08093
0.49864, 0.08080
0.50023, 0.08067
0.50182, 0.08054
0.50340, 0.08041
0.50499, 0.08028
0.50658, 0.08014
0.50816, 0.08001
0.50975, 0.07987
0.51134, 0.07974
0.51292, 0.07960
0.51451, 0.07946
0.51609, 0.07932
0.51767, 0.07918
0.51926, 0.07904
0.52084, 0.07890
0.52242, 0.07876
0.52400, 0.07861
0.52558, 0.07847
0.52716, 0.07833
0.52874, 0.07818
0.53032, 0.07803
0.53190, 0.07788
0.53348, 0.07774
0.53505, 0.07759
0.53663, 0.07744
0.53821, 0.07729
0.53978, 0.07713
0.54136, 0.07698
0.54293, 0.07683
0.54450, 0.07667
0.54607, 0.07652
0.54764, 0.07637
0.54922, 0.07621
0.55078, 0.07605
0.55235, 0.07590
0.55392, 0.07574
0.55549, 0.07558
0.55705, 0.07542
0.55862, 0.07526
0.56018, 0.07510
0.56175, 0.07494
0.56331, 0.07478
0.56487, 0.07462
0.56643, 0.07445
0.56799, 0.07429
0.56955, 0.07413
0.57111, 0.07396
0.57267, 0.07380
0.57422, 0.07363
0.57578, 0.07347
0.57733, 0.07330
0.57889, 0.07314
0.58044, 0.07297
0.58199, 0.07280
0.58354, 0.07264
0.58509, 0.07247
0.58663, 0.07230
0.58818, 0.07213
0.58973, 0.07196
0.59127, 0.07179
0.59281, 0.07162
0.59435, 0.07145
0.59589, 0.07128
0.59743, 0.07111
0.59897, 0.07094
0.60051, 0.07077
0.60205, 0.07060
0.60358, 0.07043
0.60511, 0.07026
0.60664, 0.07009
0.60818, 0.06991
0.60970, 0.06974
0.61123, 0.06957
0.61276, 0.06940
0.61429, 0.06922
0.61581, 0.06905
0.61733, 0.06888
0.61885, 0.06870
0.62037, 0.06853
0.62189, 0.06836
0.62341, 0.06818
0.62493, 0.06801
0.62644, 0.06784
0.62795, 0.06766
0.62946, 0.06749
0.63097, 0.06732
0.63248, 0.06714
0.63399, 0.06697
0.63550, 0.06680
0.63700, 0.06662
0.63850, 0.06645
0.64000, 0.06628
0.64150, 0.06610
0.64300, 0.06593
0.64450, 0.06576
0.64599, 0.06558
0.64748, 0.06541
0.64898, 0.06524
0.65047, 0.06506
0.65195, 0.06489
0.65344, 0.06472
0.65493, 0.06455
0.65641, 0.06437
0.65789, 0.06420
0.65937, 0.06403
0.66085, 0.06386
0.66232, 0.06369
0.66380, 0.06351
0.66527, 0.06334
0.66674, 0.06317
0.66821, 0.06300
0.66968, 0.06283
0.67115, 0.06266
0.67262, 0.06249
0.67408, 0.06232
0.67555, 0.06215
0.67701, 0.06198
0.67847, 0.06181
0.67993, 0.06164
0.68139, 0.06147
0.68285, 0.06130
0.68431, 0.06113
0.68577, 0.06096
0.68722, 0.06079
0.68868, 0.06062
0.69013, 0.06045
0.69158, 0.06028
0.69303, 0.06011
0.69448, 0.05994
0.69593, 0.05977
0.69737, 0.05960
0.69882, 0.05943
0.70026, 0.05926
0.70170, 0.05909
0.70314, 0.05892
0.70458, 0.05875
0.70602, 0.05858
0.70746, 0.05841
0.70889, 0.05823
0.71032, 0.05806
0.71175, 0.05789
0.71318, 0.05771
0.71461, 0.05754
0.71604, 0.05737
0.71746, 0.05719
0.71889, 0.05702
0.72031, 0.05684
0.72173, 0.05667
0.72314, 0.05649
0.72456, 0.05631
0.72597, 0.05614
0.72739, 0.05596
0.72880, 0.05578
0.73020, 0.05560
0.73161, 0.05542
0.73301, 0.05524
0.73442, 0.05506
0.73582, 0.05488
0.73722, 0.05470
0.73861, 0.05451
0.74001, 0.05433
0.74140, 0.05415
0.74279, 0.05396
0.74418, 0.05378
0.74556, 0.05359
0.74695, 0.05341
0.74833, 0.05322
0.74971, 0.05303
0.75108, 0.05284
0.75246, 0.05265
0.75383, 0.05246
0.75520, 0.05227
0.75656, 0.05208
0.75792, 0.05189
0.75928, 0.05170
0.76063, 0.05150
0.76199, 0.05131
0.76333, 0.05112
0.76468, 0.05092
0.76602, 0.05073
0.76736, 0.05053
0.76869, 0.05034
0.77002, 0.05014
0.77135, 0.04995
0.77267, 0.04975
0.77399, 0.04955
0.77531, 0.04936
0.77663, 0.04916
0.77794, 0.04896
0.77925, 0.04877
0.78055, 0.04857
0.78185, 0.04837
0.78315, 0.04818
0.78444, 0.04798
0.78573, 0.04779
0.78702, 0.04759
0.78830, 0.04739
0.78959, 0.04720
0.79086, 0.04700
0.79214, 0.04681
0.79341, 0.04661
0.79468, 0.04642
0.79594, 0.04622
0.79720, 0.04603
0.79846, 0.04583
0.79971, 0.04564
0.80096, 0.04545
0.80221, 0.04525
0.80345, 0.04506
0.80469, 0.04487
0.80593, 0.04468
0.80716, 0.04449
0.80839, 0.04430
0.80962, 0.04411
0.81084, 0.04392
0.81207, 0.04373
0.81328, 0.04354
0.81450, 0.04335
0.81571, 0.04317
0.81691, 0.04298
0.81811, 0.04280
0.81931, 0.04261
0.82051, 0.04243
0.82170, 0.04225
0.82289, 0.04206
0.82408, 0.04188
0.82526, 0.04170
0.82644, 0.04152
0.82762, 0.04134
0.82879, 0.04117
0.82996, 0.04099
0.83112, 0.04081
0.83229, 0.04064
0.83344, 0.04046
0.83460, 0.04029
0.83575, 0.04012
0.83690, 0.03994
0.83805, 0.03977
0.83919, 0.03960
0.84033, 0.03944
0.84147, 0.03927
0.84260, 0.03910
0.84373, 0.03893
0.84486, 0.03877
0.84599, 0.03860
0.84711, 0.03844
0.84823, 0.03828
0.84934, 0.03811
0.85046, 0.03795
0.85157, 0.03779
0.85267, 0.03763
0.85377, 0.03747
0.85487, 0.03732
0.85597, 0.03716
0.85706, 0.03700
0.85815, 0.03685
0.85924, 0.03669
0.86032, 0.03654
0.86140, 0.03638
0.86248, 0.03623
0.86355, 0.03608
0.86462, 0.03593
0.86569, 0.03578
0.86675, 0.03563
0.86781, 0.03548
0.86887, 0.03533
0.86992, 0.03518
0.87097, 0.03503
0.87202, 0.03488
0.87306, 0.03474
0.87410, 0.03459
0.87513, 0.03445
0.87617, 0.03430
0.87719, 0.03416
0.87822, 0.03402
0.87924, 0.03387
0.88026, 0.03373
0.88127, 0.03359
0.88228, 0.03345
0.88329, 0.03331
0.88429, 0.03317
0.88529, 0.03303
0.88629, 0.03289
0.88728, 0.03276
0.88827, 0.03262
0.88926, 0.03248
0.89024, 0.03235
0.89122, 0.03221
0.89219, 0.03208
0.89316, 0.03194
0.89413, 0.03181
0.89509, 0.03168
0.89605, 0.03154
0.89700, 0.03141
0.89795, 0.03128
0.89890, 0.03115
0.89984, 0.03102
0.90078, 0.03089
0.90172, 0.03076
0.90265, 0.03063
0.90358, 0.03050
0.90450, 0.03037
0.90543, 0.03024
0.90634, 0.03012
0.90725, 0.02999
0.90816, 0.02987
0.90907, 0.02974
0.90997, 0.02961
0.91086, 0.02949
0.91176, 0.02937
0.91265, 0.02924
0.91353, 0.02912
0.91441, 0.02900
0.91529, 0.02887
0.91616, 0.02875
0.91703, 0.02863
0.91789, 0.02851
0.91875, 0.02839
0.91961, 0.02827
0.92046, 0.02815
0.92131, 0.02803
0.92215, 0.02792
0.92299, 0.02780
0.92383, 0.02768
0.92466, 0.02756
0.92549, 0.02745
0.92631, 0.02733
0.92713, 0.02722
0.92795, 0.02710
0.92876, 0.02699
0.92956, 0.02687
0.93037, 0.02676
0.93116, 0.02665
0.93196, 0.02653
0.93275, 0.02642
0.93353, 0.02631
0.93431, 0.02620
0.93509, 0.02609
0.93586, 0.02598
0.93663, 0.02587
0.93740, 0.02576
0.93816, 0.02565
0.93891, 0.02554
0.93966, 0.02543
0.94041, 0.02533
0.94115, 0.02522
0.94189, 0.02511
0.94262, 0.02501
0.94335, 0.02490
0.94408, 0.02480
0.94480, 0.02469
0.94551, 0.02459
0.94623, 0.02449
0.94693, 0.02438
0.94764, 0.02428
0.94834, 0.02418
0.94903, 0.02408
0.94972, 0.02398
0.95040, 0.02388
0.95109, 0.02378
0.95176, 0.02368
0.95243, 0.02358
0.95310, 0.02348
0.95376, 0.02338
0.95442, 0.02329
0.95508, 0.02319
0.95573, 0.02309
0.95637, 0.02300
0.95701, 0.02290
0.95765, 0.02281
0.95828, 0.02271
0.95891, 0.02262
0.95953, 0.02253
0.96015, 0.02243
0.96076, 0.02234
0.96137, 0.02225
0.96197, 0.02216
0.96257, 0.02207
0.96317, 0.02198
0.96376, 0.02189
0.96434, 0.02180
0.96492, 0.02171
0.96550, 0.02163
0.96607, 0.02154
0.96664, 0.02145
0.96720, 0.02137
0.96776, 0.02128
0.96831, 0.02120
0.96886, 0.02111
0.96941, 0.02103
0.96995, 0.02095
0.97048, 0.02086
0.97101, 0.02078
0.97154, 0.02070
0.97206, 0.02062
0.97257, 0.02054
0.97308, 0.02046
0.97359, 0.02038
0.97409, 0.02031
0.97459, 0.02023
0.97508, 0.02015
0.97557, 0.02008
0.97606, 0.02000
0.97653, 0.01992
0.97701, 0.01985
0.97748, 0.01978
0.97794, 0.01970
0.97840, 0.01963
0.97886, 0.01956
0.97931, 0.01949
0.97975, 0.01942
0.98019, 0.01935
0.98063, 0.01928
0.98106, 0.01921
0.98149, 0.01914
0.98191, 0.01908
0.98233, 0.01901
0.98274, 0.01894
0.98314, 0.01888
0.98355, 0.01881
0.98395, 0.01875
0.98434, 0.01869
0.98473, 0.01862
0.98511, 0.01856
0.98549, 0.01850
0.98586, 0.01844
0.98623, 0.01838
0.98660, 0.01832
0.98696, 0.01827
0.98731, 0.01821
0.98766, 0.01815
0.98800, 0.01810
0.98834, 0.01804
0.98868, 0.01799
0.98901, 0.01793
0.98934, 0.01788
0.98966, 0.01783
0.98997, 0.01777
0.99028, 0.01772
0.99059, 0.01767
0.99089, 0.01762
0.99119, 0.01758
0.99148, 0.01753
0.99177, 0.01748
0.99205, 0.01743
0.99233, 0.01739
0.99260, 0.01734
0.99287, 0.01730
0.99313, 0.01726
0.99339, 0.01721
0.99364, 0.01717
0.99389, 0.01713
0.99413, 0.01709
0.99437, 0.01705
0.99460, 0.01701
0.99483, 0.01697
0.99505, 0.01694
0.99527, 0.01690
0.99549, 0.01686
0.99570, 0.01683
0.99590, 0.01680
0.99610, 0.01676
0.99629, 0.01673
0.99648, 0.01670
0.99667, 0.01667
0.99685, 0.01664
0.99702, 0.01661
0.99719, 0.01658
0.99735, 0.01655
0.99751, 0.01652
0.99767, 0.01650
0.99782, 0.01647
0.99797, 0.01645
0.99811, 0.01643
0.99824, 0.01640
0.99837, 0.01638
0.99850, 0.01636
0.99862, 0.01634
0.99873, 0.01632
0.99884, 0.01630
0.99895, 0.01628
0.99905, 0.01627
0.99915, 0.01625
0.99924, 0.01623
0.99932, 0.01622
0.99941, 0.01621
0.99948, 0.01619
0.99955, 0.01618
0.99962, 0.01617
0.99968, 0.01616
0.99974, 0.01615
0.99979, 0.01614
0.99984, 0.01613
0.99988, 0.01613
0.99992, 0.01612
0.99995, 0.01611
0.99997, 0.01611
1.00000, 0.01611
1.00001, 0.01610
1.00003, 0.01610
1.00005, 0.01610
1.00005, 0.01610

=== Lower Surface ===
0.00000, 0.00407
0.00003, 0.00380
0.00005, 0.00352
0.00008, 0.00324
0.00012, 0.00296
0.00016, 0.00269
0.00021, 0.00241
0.00026, 0.00214
0.00032, 0.00186
0.00038, 0.00159
0.00045, 0.00132
0.00052, 0.00105
0.00060, 0.00077
0.00068, 0.00050
0.00077, 0.00023
0.00086, -0.00003
0.00095, -0.00030
0.00105, -0.00057
0.00116, -0.00084
0.00127, -0.00110
0.00139, -0.00137
0.00151, -0.00163
0.00163, -0.00189
0.00176, -0.00216
0.00190, -0.00242
0.00204, -0.00268
0.00218, -0.00294
0.00233, -0.00320
0.00248, -0.00346
0.00264, -0.00372
0.00281, -0.00398
0.00297, -0.00423
0.00315, -0.00449
0.00333, -0.00474
0.00351, -0.00500
0.00370, -0.00525
0.00389, -0.00551
0.00408, -0.00576
0.00429, -0.00601
0.00449, -0.00626
0.00470, -0.00651
0.00492, -0.00676
0.00514, -0.00701
0.00537, -0.00726
0.00560, -0.00751
0.00583, -0.00776
0.00607, -0.00800
0.00631, -0.00825
0.00656, -0.00849
0.00682, -0.00874
0.00707, -0.00898
0.00734, -0.00922
0.00760, -0.00946
0.00788, -0.00971
0.00815, -0.00995
0.00844, -0.01019
0.00872, -0.01043
0.00901, -0.01066
0.00931, -0.01090
0.00961, -0.01114
0.00991, -0.01138
0.01022, -0.01161
0.01054, -0.01185
0.01086, -0.01208
0.01118, -0.01231
0.01151, -0.01255
0.01184, -0.01278
0.01218, -0.01301
0.01252, -0.01324
0.01286, -0.01347
0.01322, -0.01370
0.01357, -0.01393
0.01393, -0.01416
0.01430, -0.01439
0.01467, -0.01461
0.01504, -0.01484
0.01542, -0.01507
0.01580, -0.01529
0.01619, -0.01552
0.01658, -0.01574
0.01698, -0.01596
0.01738, -0.01619
0.01779, -0.01641
0.01820, -0.01663
0.01861, -0.01685
0.01903, -0.01707
0.01945, -0.01729
0.01988, -0.01751
0.02032, -0.01772
0.02075, -0.01794
0.02120, -0.01816
0.02164, -0.01837
0.02209, -0.01859
0.02255, -0.01880
0.02301, -0.01902
0.02348, -0.01923
0.02394, -0.01944
0.02442, -0.01966
0.02490, -0.01987
0.02538, -0.02008
0.02587, -0.02029
0.02636, -0.02050
0.02686, -0.02071
0.02736, -0.02091
0.02786, -0.02112
0.02837, -0.02133
0.02889, -0.02154
0.02941, -0.02174
0.02993, -0.02195
0.03046, -0.02215
0.03099, -0.02235
0.03153, -0.02256
0.03207, -0.02276
0.03261, -0.02296
0.03316, -0.02316
0.03372, -0.02336
0.03428, -0.02356
0.03484, -0.02376
0.03541, -0.02396
0.03598, -0.02416
0.03656, -0.02436
0.03714, -0.02455
0.03773, -0.02475
0.03832, -0.02495
0.03891, -0.02514
0.03951, -0.02533
0.04012, -0.02553
0.04073, -0.02572
0.04134, -0.02591
0.04196, -0.02610
0.04258, -0.02630
0.04320, -0.02649
0.04384, -0.02668
0.04447, -0.02686
0.04511, -0.02705
0.04575, -0.02724
0.04640, -0.02743
0.04706, -0.02761
0.04771, -0.02780
0.04838, -0.02798
0.04904, -0.02817
0.04971, -0.02835
0.05039, -0.02854
0.05107, -0.02872
0.05175, -0.02890
0.05244, -0.02908
0.05314, -0.02926
0.05383, -0.02944
0.05454, -0.02962
0.05524, -0.02980
0.05596, -0.02997
0.05667, -0.03015
0.05739, -0.03033
0.05812, -0.03050
0.05885, -0.03067
0.05958, -0.03085
0.06032, -0.03102
0.06106, -0.03119
0.06181, -0.03136
0.06256, -0.03154
0.06332, -0.03171
0.06408, -0.03187
0.06484, -0.03204
0.06561, -0.03221
0.06639, -0.03238
0.06716, -0.03254
0.06795, -0.03271
0.06874, -0.03287
0.06953, -0.03303
0.07032, -0.03320
0.07113, -0.03336
0.07193, -0.03352
0.07274, -0.03368
0.07356, -0.03384
0.07438, -0.03400
0.07520, -0.03415
0.07603, -0.03431
0.07686, -0.03447
0.07770, -0.03462
0.07854, -0.03477
0.07939, -0.03493
0.08024, -0.03508
0.08109, -0.03523
0.08195, -0.03538
0.08282, -0.03553
0.08369, -0.03568
0.08456, -0.03582
0.08544, -0.03597
0.08632, -0.03611
0.08721, -0.03626
0.08810, -0.03640
0.08900, -0.03654
0.08990, -0.03668
0.09080, -0.03682
0.09171, -0.03696
0.09263, -0.03710
0.09355, -0.03723
0.09447, -0.03737
0.09540, -0.03750
0.09633, -0.03763
0.09727, -0.03777
0.09821, -0.03790
0.09916, -0.03803
0.10011, -0.03815
0.10107, -0.03828
0.10203, -0.03840
0.10299, -0.03853
0.10396, -0.03865
0.10494, -0.03877
0.10591, -0.03889
0.10690, -0.03901
0.10789, -0.03913
0.10888, -0.03924
0.10988, -0.03936
0.11088, -0.03947
0.11188, -0.03958
0.11290, -0.03969
0.11391, -0.03980
0.11493, -0.03991
0.11596, -0.04001
0.11699, -0.04012
0.11802, -0.04022
0.11906, -0.04032
0.12010, -0.04042
0.12115, -0.04052
0.12221, -0.04061
0.12326, -0.04071
0.12432, -0.04080
0.12539, -0.04089
0.12646, -0.04098
0.12754, -0.04107
0.12862, -0.04115
0.12971, -0.04123
0.13080, -0.04131
0.13189, -0.04139
0.13299, -0.04147
0.13409, -0.04155
0.13520, -0.04162
0.13632, -0.04169
0.13743, -0.04176
0.13855, -0.04183
0.13968, -0.04190
0.14081, -0.04196
0.14194, -0.04202
0.14308, -0.04208
0.14422, -0.04214
0.14536, -0.04219
0.14651, -0.04225
0.14766, -0.04230
0.14881, -0.04235
0.14997, -0.04240
0.15113, -0.04244
0.15230, -0.04248
0.15347, -0.04253
0.15464, -0.04256
0.15582, -0.04260
0.15700, -0.04264
0.15818, -0.04267
0.15937, -0.04270
0.16056, -0.04273
0.16175, -0.04275
0.16295, -0.04278
0.16415, -0.04280
0.16536, -0.04282
0.16657, -0.04284
0.16778, -0.04285
0.16899, -0.04287
0.17021, -0.04288
0.17143, -0.04289
0.17266, -0.04289
0.17389, -0.04290
0.17512, -0.04290
0.17636, -0.04290
0.17759, -0.04290
0.17884, -0.04289
0.18008, -0.04289
0.18133, -0.04288
0.18258, -0.04287
0.18384, -0.04285
0.18510, -0.04284
0.18636, -0.04282
0.18762, -0.04280
0.18889, -0.04278
0.19016, -0.04275
0.19144, -0.04273
0.19271, -0.04270
0.19399, -0.04267
0.19528, -0.04263
0.19656, -0.04260
0.19785, -0.04256
0.19915, -0.04252
0.20044, -0.04248
0.20174, -0.04243
0.20304, -0.04238
0.20435, -0.04233
0.20566, -0.04228
0.20697, -0.04223
0.20828, -0.04217
0.20959, -0.04211
0.21090, -0.04205
0.21222, -0.04199
0.21353, -0.04192
0.21485, -0.04186
0.21617, -0.04179
0.21749, -0.04172
0.21881, -0.04165
0.22013, -0.04158
0.22145, -0.04150
0.22277, -0.04142
0.22409, -0.04135
0.22542, -0.04127
0.22674, -0.04118
0.22807, -0.04110
0.22939, -0.04102
0.23072, -0.04093
0.23204, -0.04085
0.23337, -0.04076
0.23470, -0.04067
0.23603, -0.04058
0.23736, -0.04049
0.23869, -0.04040
0.24002, -0.04030
0.24135, -0.04021
0.24268, -0.04011
0.24401, -0.04002
0.24534, -0.03992
0.24668, -0.03982
0.24801, -0.03973
0.24934, -0.03963
0.25067, -0.03953
0.25201, -0.03943
0.25334, -0.03933
0.25467, -0.03923
0.25600, -0.03913
0.25734, -0.03903
0.25867, -0.03893
0.26000, -0.03882
0.26134, -0.03872
0.26267, -0.03862
0.26400, -0.03852
0.26534, -0.03842
0.26667, -0.03832
0.26800, -0.03822
0.26933, -0.03811
0.27067, -0.03801
0.27200, -0.03791
0.27333, -0.03781
0.27467, -0.03771
0.27600, -0.03761
0.27734, -0.03751
0.27869, -0.03742
0.28003, -0.03732
0.28138, -0.03722
0.28272, -0.03712
0.28408, -0.03702
0.28543, -0.03692
0.28678, -0.03682
0.28814, -0.03673
0.28950, -0.03663
0.29086, -0.03653
0.29223, -0.03643
0.29359, -0.03634
0.29496, -0.03624
0.29633, -0.03614
0.29771, -0.03605
0.29908, -0.03595
0.30046, -0.03586
0.30184, -0.03576
0.30322, -0.03567
0.30460, -0.03557
0.30599, -0.03548
0.30737, -0.03538
0.30876, -0.03529
0.31016, -0.03519
0.31155, -0.03510
0.31295, -0.03501
0.31434, -0.03491
0.31574, -0.03482
0.31715, -0.03473
0.31855, -0.03463
0.31996, -0.03454
0.32136, -0.03445
0.32277, -0.03436
0.32419, -0.03427
0.32560, -0.03418
0.32702, -0.03409
0.32843, -0.03399
0.32985, -0.03390
0.33128, -0.03381
0.33270, -0.03372
0.33412, -0.03364
0.33555, -0.03355
0.33698, -0.03346
0.33841, -0.03337
0.33985, -0.03328
0.34128, -0.03319
0.34272, -0.03310
0.34416, -0.03302
0.34560, -0.03293
0.34704, -0.03284
0.34848, -0.03276
0.34993, -0.03267
0.35138, -0.03258
0.35283, -0.03250
0.35428, -0.03241
0.35573, -0.03233
0.35718, -0.03224
0.35864, -0.03216
0.36010, -0.03207
0.36156, -0.03199
0.36302, -0.03190
0.36448, -0.03182
0.36595, -0.03174
0.36741, -0.03165
0.36888, -0.03157
0.37035, -0.03149
0.37182, -0.03141
0.37329, -0.03132
0.37477, -0.03124
0.37624, -0.03116
0.37772, -0.03108
0.37920, -0.03100
0.38068, -0.03092
0.38216, -0.03084
0.38365, -0.03076
0.38513, -0.03068
0.38662, -0.03060
0.38811, -0.03052
0.38960, -0.03044
0.39109, -0.03036
0.39258, -0.03028
0.39407, -0.03020
0.39557, -0.03012
0.39706, -0.03005
0.39856, -0.02997
0.40006, -0.02989
0.40156, -0.02981
0.40306, -0.02974
0.40457, -0.02966
0.40607, -0.02958
0.40758, -0.02951
0.40908, -0.02943
0.41059, -0.02936
0.41210, -0.02928
0.41361, -0.02921
0.41513, -0.02913
0.41664, -0.02906
0.41815, -0.02898
0.41967, -0.02891
0.42119, -0.02883
0.42270, -0.02876
0.42422, -0.02868
0.42574, -0.02861
0.42727, -0.02854
0.42879, -0.02846
0.43031, -0.02839
0.43184, -0.02832
0.43336, -0.02824
0.43489, -0.02817
0.43642, -0.02810
0.43795, -0.02803
0.43948, -0.02795
0.44101, -0.02788
0.44254, -0.02781
0.44407, -0.02774
0.44561, -0.02767
0.44714, -0.02760
0.44868, -0.02752
0.45021, -0.02745
0.45175, -0.02738
0.45329, -0.02731
0.45483, -0.02724
0.45637, -0.02717
0.45791, -0.02710
0.45945, -0.02703
0.46099, -0.02696
0.46253, -0.02689
0.46408, -0.02682
0.46562, -0.02675
0.46717, -0.02668
0.46871, -0.02661
0.47026, -0.02654
0.47181, -0.02647
0.47335, -0.02640
0.47490, -0.02633
0.47645, -0.02626
0.47800, -0.02619
0.47955, -0.02612
0.48110, -0.02605
0.48266, -0.02598
0.48421, -0.02591
0.48576, -0.02584
0.48731, -0.02578
0.48887, -0.02571
0.49042, -0.02564
0.49198, -0.02557
0.49353, -0.02550
0.49509, -0.02543
0.49664, -0.02536
0.49820, -0.02529
0.49976, -0.02522
0.50131, -0.02515
0.50287, -0.02508
0.50443, -0.02501
0.50599, -0.02495
0.50754, -0.02488
0.50910, -0.02481
0.51066, -0.02474
0.51222, -0.02467
0.51378, -0.02460
0.51534, -0.02453
0.51690, -0.02446
0.51846, -0.02439
0.52002, -0.02432
0.52158, -0.02425
0.52314, -0.02418
0.52470, -0.02411
0.52626, -0.02404
0.52782, -0.02397
0.52938, -0.02390
0.53094, -0.02383
0.53251, -0.02376
0.53407, -0.02369
0.53563, -0.02361
0.53719, -0.02354
0.53875, -0.02347
0.54031, -0.02340
0.54187, -0.02333
0.54343, -0.02326
0.54499, -0.02319
0.54655, -0.02311
0.54811, -0.02304
0.54967, -0.02297
0.55123, -0.02290
0.55279, -0.02282
0.55435, -0.02275
0.55591, -0.02268
0.55747, -0.02260
0.55903, -0.02253
0.56059, -0.02245
0.56214, -0.02238
0.56370, -0.02231
0.56526, -0.02223
0.56682, -0.02216
0.56837, -0.02208
0.56993, -0.02200
0.57149, -0.02193
0.57304, -0.02185
0.57460, -0.02178
0.57615, -0.02170
0.57771, -0.02162
0.57926, -0.02155
0.58081, -0.02147
0.58236, -0.02139
0.58392, -0.02131
0.58547, -0.02123
0.58702, -0.02115
0.58857, -0.02107
0.59012, -0.02099
0.59167, -0.02091
0.59322, -0.02083
0.59476, -0.02075
0.59631, -0.02067
0.59786, -0.02059
0.59940, -0.02051
0.60095, -0.02043
0.60249, -0.02035
0.60403, -0.02026
0.60558, -0.02018
0.60712, -0.02010
0.60866, -0.02001
0.61020, -0.01993
0.61174, -0.01984
0.61328, -0.01976
0.61481, -0.01967
0.61635, -0.01958
0.61788, -0.01950
0.61942, -0.01941
0.62095, -0.01932
0.62249, -0.01923
0.62402, -0.01915
0.62555, -0.01906
0.62708, -0.01897
0.62860, -0.01888
0.63013, -0.01879
0.63166, -0.01870
0.63318, -0.01861
0.63471, -0.01851
0.63623, -0.01842
0.63775, -0.01833
0.63927, -0.01824
0.64079, -0.01814
0.64231, -0.01805
0.64382, -0.01795
0.64534, -0.01786
0.64685, -0.01776
0.64837, -0.01767
0.64988, -0.01757
0.65139, -0.01747
0.65290, -0.01737
0.65440, -0.01727
0.65591, -0.01717
0.65741, -0.01708
0.65892, -0.01698
0.66042, -0.01687
0.66192, -0.01677
0.66342, -0.01667
0.66491, -0.01657
0.66641, -0.01647
0.66790, -0.01636
0.66939, -0.01626
0.67088, -0.01615
0.67237, -0.01605
0.67385, -0.01594
0.67533, -0.01584
0.67681, -0.01573
0.67829, -0.01562
0.67976, -0.01552
0.68123, -0.01541
0.68270, -0.01530
0.68417, -0.01519
0.68563, -0.01508
0.68710, -0.01497
0.68856, -0.01487
0.69001, -0.01476
0.69147, -0.01465
0.69292, -0.01454
0.69437, -0.01443
0.69582, -0.01432
0.69726, -0.01421
0.69870, -0.01410
0.70014, -0.01399
0.70158, -0.01388
0.70302, -0.01377
0.70445, -0.01366
0.70588, -0.01355
0.70730, -0.01344
0.70873, -0.01333
0.71015, -0.01322
0.71157, -0.01312
0.71299, -0.01301
0.71440, -0.01290
0.71581, -0.01279
0.71722, -0.01268
0.71863, -0.01258
0.72003, -0.01247
0.72144, -0.01236
0.72283, -0.01226
0.72423, -0.01215
0.72562, -0.01204
0.72702, -0.01194
0.72840, -0.01183
0.72979, -0.01173
0.73117, -0.01163
0.73255, -0.01152
0.73393, -0.01142
0.73531, -0.01132
0.73668, -0.01122
0.73805, -0.01111
0.73942, -0.01101
0.74078, -0.01091
0.74214, -0.01081
0.74350, -0.01072
0.74486, -0.01062
0.74622, -0.01052
0.74757, -0.01042
0.74892, -0.01033
0.75026, -0.01023
0.75161, -0.01014
0.75295, -0.01004
0.75429, -0.00995
0.75563, -0.00986
0.75697, -0.00977
0.75831, -0.00968
0.75964, -0.00958
0.76097, -0.00949
0.76231, -0.00940
0.76363, -0.00932
0.76496, -0.00923
0.76629, -0.00914
0.76761, -0.00905
0.76893, -0.00896
0.77025, -0.00888
0.77157, -0.00879
0.77288, -0.00870
0.77420, -0.00862
0.77551, -0.00853
0.77682, -0.00845
0.77812, -0.00836
0.77943, -0.00828
0.78073, -0.00819
0.78203, -0.00811
0.78333, -0.00802
0.78462, -0.00794
0.78592, -0.00785
0.78721, -0.00777
0.78849, -0.00768
0.78978, -0.00760
0.79106, -0.00751
0.79235, -0.00743
0.79363, -0.00734
0.79490, -0.00726
0.79618, -0.00717
0.79745, -0.00709
0.79872, -0.00700
0.79998, -0.00692
0.80125, -0.00683
0.80251, -0.00675
0.80377, -0.00666
0.80502, -0.00658
0.80628, -0.00649
0.80753, -0.00640
0.80877, -0.00632
0.81002, -0.00623
0.81126, -0.00614
0.81250, -0.00605
0.81374, -0.00596
0.81497, -0.00588
0.81620, -0.00579
0.81743, -0.00570
0.81866, -0.00561
0.81988, -0.00552
0.82110, -0.00543
0.82231, -0.00534
0.82353, -0.00524
0.82474, -0.00515
0.82595, -0.00506
0.82715, -0.00497
0.82835, -0.00487
0.82955, -0.00478
0.83075, -0.00469
0.83194, -0.00459
0.83313, -0.00449
0.83431, -0.00440
0.83549, -0.00430
0.83667, -0.00420
0.83785, -0.00411
0.83902, -0.00401
0.84018, -0.00391
0.84135, -0.00381
0.84251, -0.00371
0.84366, -0.00361
0.84482, -0.00351
0.84596, -0.00341
0.84711, -0.00331
0.84825, -0.00320
0.84939, -0.00310
0.85052, -0.00300
0.85165, -0.00290
0.85278, -0.00279
0.85390, -0.00269
0.85502, -0.00259
0.85613, -0.00248
0.85724, -0.00238
0.85835, -0.00227
0.85945, -0.00217
0.86055, -0.00206
0.86165, -0.00196
0.86274, -0.00185
0.86383, -0.00175
0.86491, -0.00164
0.86599, -0.00153
0.86707, -0.00143
0.86814, -0.00132
0.86921, -0.00122
0.87028, -0.00111
0.87134, -0.00100
0.87240, -0.00090
0.87345, -0.00079
0.87450, -0.00068
0.87554, -0.00057
0.87659, -0.00047
0.87762, -0.00036
0.87866, -0.00025
0.87969, -0.00015
0.88071, -0.00004
0.88174, 0.00007
0.88275, 0.00017
0.88377, 0.00028
0.88478, 0.00039
0.88578, 0.00050
0.88679, 0.00060
0.88778, 0.00071
0.88878, 0.00081
0.88977, 0.00092
0.89076, 0.00103
0.89174, 0.00113
0.89272, 0.00124
0.89369, 0.00135
0.89466, 0.00145
0.89563, 0.00156
0.89659, 0.00166
0.89755, 0.00177
0.89850, 0.00187
0.89945, 0.00198
0.90040, 0.00208
0.90134, 0.00219
0.90228, 0.00229
0.90321, 0.00240
0.90414, 0.00250
0.90507, 0.00260
0.90599, 0.00271
0.90691, 0.00281
0.90782, 0.00291
0.90873, 0.00301
0.90963, 0.00312
0.91054, 0.00322
0.91143, 0.00332
0.91233, 0.00342
0.91321, 0.00352
0.91410, 0.00362
0.91498, 0.00372
0.91585, 0.00382
0.91673, 0.00392
0.91759, 0.00402
0.91846, 0.00412
0.91932, 0.00422
0.92017, 0.00432
0.92102, 0.00442
0.92187, 0.00452
0.92271, 0.00461
0.92355, 0.00471
0.92438, 0.00481
0.92521, 0.00490
0.92604, 0.00500
0.92686, 0.00509
0.92768, 0.00519
0.92849, 0.00528
0.92930, 0.00538
0.93010, 0.00547
0.93090, 0.00556
0.93170, 0.00566
0.93249, 0.00575
0.93328, 0.00584
0.93406, 0.00593
0.93484, 0.00602
0.93561, 0.00611
0.93638, 0.00620
0.93715, 0.00629
0.93791, 0.00638
0.93866, 0.00647
0.93942, 0.00656
0.94016, 0.00665
0.94091, 0.00673
0.94165, 0.00682
0.94238, 0.00691
0.94311, 0.00699
0.94384, 0.00708
0.94456, 0.00716
0.94528, 0.00725
0.94599, 0.00733
0.94670, 0.00742
0.94740, 0.00750
0.94810, 0.00758
0.94880, 0.00766
0.94949, 0.00774
0.95017, 0.00782
0.95086, 0.00790
0.95153, 0.00798
0.95221, 0.00806
0.95287, 0.00814
0.95354, 0.00822
0.95420, 0.00830
0.95485, 0.00837
0.95550, 0.00845
0.95615, 0.00853
0.95679, 0.00860
0.95743, 0.00868
0.95806, 0.00875
0.95869, 0.00883
0.95931, 0.00890
0.95993, 0.00897
0.96054, 0.00904
0.96115, 0.00912
0.96176, 0.00919
0.96236, 0.00926
0.96295, 0.00933
0.96355, 0.00940
0.96413, 0.00946
0.96471, 0.00953
0.96529, 0.00960
0.96587, 0.00967
0.96643, 0.00973
0.96700, 0.00980
0.96756, 0.00987
0.96811, 0.00993
0.96866, 0.01000
0.96921, 0.01006
0.96975, 0.01012
0.97028, 0.01018
0.97081, 0.01025
0.97134, 0.01031
0.97186, 0.01037
0.97238, 0.01043
0.97289, 0.01049
0.97340, 0.01055
0.97391, 0.01061
0.97440, 0.01066
0.97490, 0.01072
0.97539, 0.01078
0.97587, 0.01084
0.97635, 0.01089
0.97683, 0.01095
0.97730, 0.01100
0.97776, 0.01105
0.97822, 0.01111
0.97868, 0.01116
0.97913, 0.01121
0.97958, 0.01126
0.98002, 0.01132
0.98046, 0.01137
0.98089, 0.01142
0.98132, 0.01147
0.98174, 0.01151
0.98216, 0.01156
0.98258, 0.01161
0.98298, 0.01166
0.98339, 0.01170
0.98379, 0.01175
0.98418, 0.01179
0.98457, 0.01184
0.98496, 0.01188
0.98534, 0.01193
0.98571, 0.01197
0.98608, 0.01201
0.98645, 0.01205
0.98681, 0.01210
0.98717, 0.01214
0.98752, 0.01218
0.98786, 0.01222
0.98821, 0.01225
0.98854, 0.01229
0.98887, 0.01233
0.98920, 0.01237
0.98952, 0.01241
0.98984, 0.01244
0.99015, 0.01248
0.99046, 0.01251
0.99077, 0.01255
0.99106, 0.01258
0.99136, 0.01261
0.99165, 0.01265
0.99193, 0.01268
0.99221, 0.01271
0.99248, 0.01274
0.99275, 0.01277
0.99301, 0.01280
0.99327, 0.01283
0.99353, 0.01286
0.99378, 0.01289
0.99402, 0.01291
0.99426, 0.01294
0.99450, 0.01297
0.99473, 0.01299
0.99495, 0.01302
0.99517, 0.01304
0.99538, 0.01307
0.99560, 0.01309
0.99580, 0.01311
0.99600, 0.01314
0.99620, 0.01316
0.99639, 0.01318
0.99657, 0.01320
0.99675, 0.01322
0.99693, 0.01324
0.99710, 0.01326
0.99727, 0.01328
0.99743, 0.01330
0.99758, 0.01331
0.99773, 0.01333
0.99788, 0.01335
0.99802, 0.01336
0.99816, 0.01338
0.99829, 0.01339
0.99841, 0.01341
0.99854, 0.01342
0.99865, 0.01343
0.99876, 0.01345
0.99887, 0.01346
0.99897, 0.01347
0.99907, 0.01348
0.99916, 0.01349
0.99925, 0.01350
0.99933, 0.01351
0.99941, 0.01352
0.99948, 0.01353
0.99954, 0.01353
0.99961, 0.01354
0.99966, 0.01355
0.99972, 0.01355
0.99976, 0.01356
0.99981, 0.01356
0.99984, 0.01357
0.99987, 0.01357
0.99990, 0.01357
0.99992, 0.01358
0.99994, 0.01358
0.99995, 0.01358
0.99995, 0.01358
0.99995, 0.01358
