airfoil_points_767
1.000000 0.012234
0.999748 0.012295
0.998993 0.012477
0.997736 0.012780
0.995977 0.013203
0.993719 0.013746
0.990964 0.014406
0.987715 0.015184
0.983974 0.016075
0.979746 0.017078
0.975036 0.018188
0.969846 0.019402
0.964184 0.020712
0.958054 0.022113
0.951463 0.023597
0.944418 0.025153
0.936925 0.026771
0.928992 0.028437
0.920627 0.030137
0.911838 0.031855
0.902635 0.033571
0.893027 0.035265
0.883022 0.036914
0.872632 0.038493
0.861867 0.039976
0.850737 0.041334
0.839255 0.042536
0.827430 0.043553
0.815276 0.044395
0.802805 0.045103
0.790028 0.045729
0.776960 0.046338
0.763613 0.047004
0.750000 0.047817
0.736136 0.048841
0.722033 0.050034
0.707708 0.051333
0.693173 0.052671
0.678443 0.053976
0.663534 0.055175
0.648460 0.056231
0.633237 0.057156
0.617879 0.057965
0.602403 0.058674
0.586824 0.059302
0.571157 0.059866
0.555419 0.060388
0.539625 0.060887
0.523791 0.061386
0.507933 0.061905
0.492067 0.062467
0.476209 0.063093
0.460375 0.063806
0.444581 0.064626
0.428843 0.065574
0.413176 0.066670
0.397597 0.067931
0.382121 0.069375
0.366763 0.071017
0.351540 0.072869
0.336466 0.074941
0.321557 0.077242
0.306827 0.079777
0.292292 0.082547
0.277967 0.085550
0.263864 0.088750
0.250000 0.092019
0.236387 0.095237
0.223040 0.098302
0.209972 0.101134
0.197195 0.103670
0.184724 0.105865
0.172570 0.107686
0.160745 0.109111
0.149263 0.110126
0.138133 0.110722
0.127368 0.110897
0.116978 0.110679
0.106973 0.110105
0.097365 0.109210
0.088162 0.108026
0.079373 0.106585
0.071008 0.104916
0.063075 0.103046
0.055582 0.101001
0.048537 0.098803
0.041946 0.096476
0.035816 0.094038
0.030154 0.091508
0.024964 0.088902
0.020254 0.086235
0.016026 0.083521
0.012285 0.080772
0.009036 0.077999
0.006281 0.075212
0.004023 0.072422
0.002264 0.069642
0.001007 0.066901
0.000252 0.064297
0.000000 0.062687
0.000252 0.057807
0.001007 0.055282
0.002264 0.052706
0.004023 0.050176
0.006281 0.047716
0.009036 0.045330
0.012285 0.043020
0.016026 0.040784
0.020254 0.038619
0.024964 0.036519
0.030154 0.034476
0.035816 0.032481
0.041946 0.030524
0.048537 0.028588
0.055582 0.026658
0.063075 0.024713
0.071008 0.022728
0.079373 0.020676
0.088162 0.018522
0.097365 0.016230
0.106973 0.013754
0.116978 0.011044
0.127368 0.008046
0.138133 0.004753
0.149263 0.001204
0.160745 -0.002567
0.172570 -0.006518
0.184724 -0.010598
0.197195 -0.014750
0.209972 -0.018899
0.223040 -0.022971
0.236387 -0.026883
0.250000 -0.030552
0.263864 -0.033899
0.277967 -0.036899
0.292292 -0.039549
0.306827 -0.041847
0.321557 -0.043794
0.336466 -0.045393
0.351540 -0.046647
0.366763 -0.047567
0.382121 -0.048160
0.397597 -0.048439
0.413176 -0.048417
0.428843 -0.048111
0.444581 -0.047538
0.460375 -0.046720
0.476209 -0.045676
0.492067 -0.044431
0.507933 -0.043009
0.523791 -0.041437
0.539625 -0.039741
0.555419 -0.037948
0.571157 -0.036087
0.586824 -0.034185
0.602403 -0.032271
0.617879 -0.030372
0.633237 -0.028513
0.648460 -0.026722
0.663534 -0.025022
0.678443 -0.023434
0.693173 -0.021930
0.707708 -0.020438
0.722033 -0.018894
0.736136 -0.017241
0.750000 -0.015430
0.763613 -0.013421
0.776960 -0.011261
0.790028 -0.009037
0.802805 -0.006830
0.815276 -0.004718
0.827430 -0.002766
0.839255 -0.001034
0.850737 0.000456
0.861867 0.001730
0.872632 0.002819
0.883022 0.003750
0.893027 0.004545
0.902635 0.005227
0.911838 0.005813
0.920627 0.006320
0.928992 0.006760
0.936925 0.007145
0.944418 0.007485
0.951463 0.007788
0.958054 0.008059
0.964184 0.008303
0.969846 0.008524
0.975036 0.008724
0.979746 0.008905
0.983974 0.009068
0.987715 0.009213
0.990964 0.009340
0.993719 0.009449
0.995977 0.009539
0.997736 0.009609
0.998993 0.009660
0.999748 0.009691
1.000000 0.009703
