=== Airfoil Parameters ===
m = 0.02
p = 0.4
t = 0.12

=== Control Points ===
0.00000, 0.01464, 0.01464
0.06667, 0.01594, 0.00983
0.13333, 0.01384, 0.00273
0.20000, 0.01066, -0.00434
0.26667, 0.00814, -0.00964
0.66667, 0.00426, -0.01179
0.75000, 0.00288, -0.01032
0.83333, 0.00470, -0.00487
0.91667, 0.00819, 0.00302
1.00000, 0.00883, 0.00883

=== Upper Surface ===
0.00000, 0.01464
-0.00002, 0.01492
-0.00002, 0.01520
-0.00003, 0.01548
-0.00002, 0.01576
-0.00002, 0.01604
-0.00001, 0.01632
0.00001, 0.01659
0.00003, 0.01687
0.00006, 0.01715
0.00009, 0.01743
0.00013, 0.01771
0.00017, 0.01799
0.00022, 0.01827
0.00027, 0.01855
0.00032, 0.01882
0.00039, 0.01910
0.00045, 0.01938
0.00052, 0.01966
0.00060, 0.01994
0.00068, 0.02021
0.00077, 0.02049
0.00086, 0.02077
0.00096, 0.02104
0.00106, 0.02132
0.00117, 0.02160
0.00128, 0.02188
0.00140, 0.02215
0.00152, 0.02243
0.00165, 0.02271
0.00178, 0.02298
0.00192, 0.02326
0.00206, 0.02353
0.00221, 0.02381
0.00236, 0.02408
0.00252, 0.02436
0.00268, 0.02464
0.00285, 0.02491
0.00303, 0.02518
0.00320, 0.02546
0.00339, 0.02573
0.00358, 0.02601
0.00377, 0.02628
0.00397, 0.02656
0.00417, 0.02683
0.00438, 0.02710
0.00460, 0.02738
0.00482, 0.02765
0.00504, 0.02792
0.00527, 0.02819
0.00551, 0.02847
0.00575, 0.02874
0.00599, 0.02901
0.00624, 0.02928
0.00650, 0.02955
0.00676, 0.02982
0.00703, 0.03009
0.00730, 0.03036
0.00757, 0.03063
0.00786, 0.03090
0.00814, 0.03117
0.00843, 0.03144
0.00873, 0.03171
0.00903, 0.03198
0.00934, 0.03224
0.00965, 0.03251
0.00997, 0.03278
0.01029, 0.03304
0.01062, 0.03331
0.01095, 0.03358
0.01129, 0.03384
0.01163, 0.03411
0.01198, 0.03437
0.01233, 0.03463
0.01269, 0.03490
0.01306, 0.03516
0.01343, 0.03542
0.01380, 0.03569
0.01418, 0.03595
0.01456, 0.03621
0.01495, 0.03647
0.01535, 0.03673
0.01575, 0.03699
0.01615, 0.03725
0.01656, 0.03751
0.01698, 0.03777
0.01740, 0.03802
0.01782, 0.03828
0.01825, 0.03854
0.01869, 0.03879
0.01913, 0.03905
0.01957, 0.03930
0.02002, 0.03956
0.02048, 0.03981
0.02094, 0.04006
0.02141, 0.04032
0.02188, 0.04057
0.02235, 0.04082
0.02283, 0.04107
0.02332, 0.04132
0.02381, 0.04157
0.02431, 0.04182
0.02481, 0.04206
0.02532, 0.04231
0.02583, 0.04256
0.02634, 0.04280
0.02686, 0.04305
0.02739, 0.04329
0.02792, 0.04353
0.02846, 0.04378
0.02900, 0.04402
0.02955, 0.04426
0.03010, 0.04450
0.03065, 0.04474
0.03122, 0.04498
0.03178, 0.04521
0.03235, 0.04545
0.03293, 0.04569
0.03351, 0.04592
0.03410, 0.04615
0.03469, 0.04639
0.03529, 0.04662
0.03589, 0.04685
0.03649, 0.04708
0.03710, 0.04731
0.03772, 0.04754
0.03834, 0.04777
0.03897, 0.04799
0.03960, 0.04822
0.04023, 0.04844
0.04087, 0.04867
0.04152, 0.04889
0.04217, 0.04911
0.04282, 0.04933
0.04348, 0.04955
0.04414, 0.04977
0.04481, 0.04999
0.04549, 0.05021
0.04617, 0.05042
0.04685, 0.05064
0.04754, 0.05085
0.04823, 0.05106
0.04893, 0.05127
0.04963, 0.05148
0.05034, 0.05169
0.05105, 0.05190
0.05177, 0.05211
0.05249, 0.05231
0.05321, 0.05252
0.05394, 0.05272
0.05468, 0.05292
0.05542, 0.05312
0.05616, 0.05332
0.05691, 0.05352
0.05767, 0.05372
0.05843, 0.05391
0.05919, 0.05411
0.05996, 0.05430
0.06073, 0.05449
0.06150, 0.05468
0.06229, 0.05487
0.06307, 0.05506
0.06386, 0.05525
0.06466, 0.05544
0.06546, 0.05562
0.06626, 0.05580
0.06707, 0.05599
0.06788, 0.05617
0.06870, 0.05635
0.06952, 0.05652
0.07034, 0.05670
0.07117, 0.05688
0.07201, 0.05705
0.07285, 0.05722
0.07369, 0.05740
0.07454, 0.05757
0.07539, 0.05773
0.07625, 0.05790
0.07711, 0.05807
0.07797, 0.05823
0.07884, 0.05840
0.07971, 0.05856
0.08059, 0.05872
0.08147, 0.05888
0.08236, 0.05904
0.08325, 0.05919
0.08414, 0.05935
0.08504, 0.05950
0.08594, 0.05965
0.08685, 0.05980
0.08776, 0.05995
0.08867, 0.06010
0.08959, 0.06025
0.09052, 0.06039
0.09144, 0.06054
0.09237, 0.06068
0.09331, 0.06082
0.09425, 0.06096
0.09519, 0.06109
0.09614, 0.06123
0.09709, 0.06137
0.09804, 0.06150
0.09900, 0.06163
0.09996, 0.06176
0.10093, 0.06189
0.10190, 0.06202
0.10287, 0.06214
0.10385, 0.06227
0.10483, 0.06239
0.10582, 0.06251
0.10681, 0.06263
0.10780, 0.06275
0.10880, 0.06287
0.10980, 0.06299
0.11080, 0.06310
0.11181, 0.06321
0.11282, 0.06333
0.11384, 0.06344
0.11485, 0.06354
0.11588, 0.06365
0.11690, 0.06376
0.11793, 0.06386
0.11896, 0.06396
0.12000, 0.06407
0.12104, 0.06417
0.12208, 0.06426
0.12313, 0.06436
0.12418, 0.06446
0.12523, 0.06455
0.12629, 0.06464
0.12735, 0.06474
0.12842, 0.06483
0.12948, 0.06491
0.13055, 0.06500
0.13163, 0.06509
0.13270, 0.06517
0.13379, 0.06525
0.13487, 0.06534
0.13596, 0.06542
0.13705, 0.06550
0.13814, 0.06557
0.13924, 0.06565
0.14034, 0.06572
0.14144, 0.06580
0.14255, 0.06587
0.14366, 0.06594
0.14477, 0.06601
0.14588, 0.06608
0.14700, 0.06615
0.14812, 0.06621
0.14925, 0.06628
0.15038, 0.06634
0.15151, 0.06640
0.15264, 0.06646
0.15378, 0.06652
0.15492, 0.06658
0.15606, 0.06663
0.15721, 0.06669
0.15836, 0.06674
0.15951, 0.06680
0.16067, 0.06685
0.16182, 0.06690
0.16299, 0.06695
0.16415, 0.06700
0.16531, 0.06704
0.16648, 0.06709
0.16766, 0.06713
0.16883, 0.06718
0.17001, 0.06722
0.17119, 0.06726
0.17237, 0.06730
0.17356, 0.06734
0.17474, 0.06738
0.17594, 0.06741
0.17713, 0.06745
0.17833, 0.06748
0.17952, 0.06752
0.18073, 0.06755
0.18193, 0.06758
0.18314, 0.06761
0.18434, 0.06764
0.18556, 0.06767
0.18677, 0.06770
0.18799, 0.06772
0.18921, 0.06775
0.19043, 0.06777
0.19165, 0.06780
0.19288, 0.06782
0.19410, 0.06784
0.19534, 0.06786
0.19657, 0.06789
0.19780, 0.06790
0.19904, 0.06792
0.20028, 0.06794
0.20152, 0.06796
0.20277, 0.06797
0.20402, 0.06799
0.20527, 0.06800
0.20652, 0.06802
0.20777, 0.06803
0.20903, 0.06804
0.21029, 0.06806
0.21156, 0.06807
0.21282, 0.06808
0.21409, 0.06809
0.21536, 0.06809
0.21664, 0.06810
0.21791, 0.06811
0.21919, 0.06812
0.22048, 0.06812
0.22176, 0.06813
0.22305, 0.06813
0.22434, 0.06813
0.22563, 0.06814
0.22693, 0.06814
0.22823, 0.06814
0.22953, 0.06814
0.23083, 0.06814
0.23213, 0.06814
0.23344, 0.06814
0.23475, 0.06813
0.23607, 0.06813
0.23738, 0.06813
0.23870, 0.06812
0.24002, 0.06812
0.24134, 0.06811
0.24267, 0.06811
0.24400, 0.06810
0.24533, 0.06809
0.24666, 0.06808
0.24799, 0.06807
0.24933, 0.06807
0.25067, 0.06806
0.25201, 0.06804
0.25336, 0.06803
0.25470, 0.06802
0.25605, 0.06801
0.25740, 0.06799
0.25876, 0.06798
0.26011, 0.06797
0.26147, 0.06795
0.26283, 0.06794
0.26419, 0.06792
0.26556, 0.06790
0.26692, 0.06789
0.26829, 0.06787
0.26966, 0.06785
0.27104, 0.06783
0.27241, 0.06781
0.27379, 0.06779
0.27517, 0.06777
0.27656, 0.06775
0.27794, 0.06773
0.27933, 0.06770
0.28072, 0.06768
0.28211, 0.06766
0.28350, 0.06763
0.28490, 0.06761
0.28630, 0.06758
0.28770, 0.06756
0.28910, 0.06753
0.29051, 0.06750
0.29192, 0.06748
0.29333, 0.06745
0.29474, 0.06742
0.29615, 0.06739
0.29757, 0.06736
0.29899, 0.06733
0.30041, 0.06730
0.30183, 0.06727
0.30325, 0.06724
0.30468, 0.06720
0.30611, 0.06717
0.30754, 0.06714
0.30897, 0.06710
0.31040, 0.06707
0.31184, 0.06703
0.31328, 0.06700
0.31472, 0.06696
0.31616, 0.06693
0.31761, 0.06689
0.31905, 0.06685
0.32050, 0.06681
0.32195, 0.06677
0.32340, 0.06674
0.32486, 0.06670
0.32631, 0.06665
0.32777, 0.06661
0.32923, 0.06657
0.33069, 0.06653
0.33215, 0.06649
0.33362, 0.06644
0.33509, 0.06640
0.33655, 0.06636
0.33802, 0.06631
0.33950, 0.06627
0.34097, 0.06622
0.34244, 0.06617
0.34392, 0.06613
0.34540, 0.06608
0.34688, 0.06603
0.34836, 0.06598
0.34985, 0.06594
0.35133, 0.06589
0.35282, 0.06584
0.35431, 0.06579
0.35580, 0.06573
0.35729, 0.06568
0.35878, 0.06563
0.36028, 0.06558
0.36177, 0.06553
0.36327, 0.06547
0.36477, 0.06542
0.36627, 0.06536
0.36777, 0.06531
0.36928, 0.06525
0.37078, 0.06520
0.37229, 0.06514
0.37380, 0.06508
0.37531, 0.06502
0.37682, 0.06496
0.37833, 0.06491
0.37984, 0.06485
0.38136, 0.06479
0.38288, 0.06473
0.38439, 0.06466
0.38591, 0.06460
0.38743, 0.06454
0.38896, 0.06448
0.39048, 0.06442
0.39200, 0.06435
0.39353, 0.06429
0.39505, 0.06422
0.39658, 0.06416
0.39811, 0.06409
0.39964, 0.06402
0.40117, 0.06396
0.40270, 0.06389
0.40424, 0.06382
0.40577, 0.06375
0.40731, 0.06368
0.40885, 0.06362
0.41038, 0.06355
0.41192, 0.06347
0.41346, 0.06340
0.41500, 0.06333
0.41655, 0.06326
0.41809, 0.06319
0.41963, 0.06311
0.42118, 0.06304
0.42272, 0.06296
0.42427, 0.06289
0.42582, 0.06281
0.42737, 0.06274
0.42892, 0.06266
0.43047, 0.06258
0.43202, 0.06251
0.43357, 0.06243
0.43512, 0.06235
0.43668, 0.06227
0.43823, 0.06219
0.43979, 0.06211
0.44134, 0.06203
0.44290, 0.06195
0.44446, 0.06187
0.44602, 0.06178
0.44758, 0.06170
0.44914, 0.06162
0.45070, 0.06153
0.45226, 0.06145
0.45382, 0.06136
0.45538, 0.06128
0.45694, 0.06119
0.45851, 0.06110
0.46007, 0.06102
0.46164, 0.06093
0.46320, 0.06084
0.46477, 0.06075
0.46633, 0.06066
0.46790, 0.06057
0.46947, 0.06048
0.47104, 0.06039
0.47260, 0.06030
0.47417, 0.06020
0.47574, 0.06011
0.47731, 0.06002
0.47888, 0.05992
0.48045, 0.05983
0.48202, 0.05973
0.48359, 0.05964
0.48516, 0.05954
0.48673, 0.05944
0.48831, 0.05934
0.48988, 0.05925
0.49145, 0.05915
0.49302, 0.05905
0.49460, 0.05895
0.49617, 0.05885
0.49774, 0.05875
0.49931, 0.05864
0.50089, 0.05854
0.50246, 0.05844
0.50403, 0.05834
0.50561, 0.05823
0.50718, 0.05813
0.50876, 0.05802
0.51033, 0.05792
0.51190, 0.05781
0.51348, 0.05770
0.51505, 0.05760
0.51663, 0.05749
0.51820, 0.05738
0.51977, 0.05727
0.52135, 0.05716
0.52292, 0.05705
0.52450, 0.05694
0.52607, 0.05683
0.52764, 0.05672
0.52922, 0.05660
0.53079, 0.05649
0.53236, 0.05638
0.53393, 0.05626
0.53551, 0.05615
0.53708, 0.05603
0.53865, 0.05591
0.54022, 0.05580
0.54179, 0.05568
0.54337, 0.05556
0.54494, 0.05544
0.54651, 0.05532
0.54808, 0.05520
0.54965, 0.05508
0.55122, 0.05496
0.55279, 0.05484
0.55435, 0.05472
0.55592, 0.05460
0.55749, 0.05447
0.55906, 0.05435
0.56063, 0.05422
0.56219, 0.05410
0.56376, 0.05397
0.56532, 0.05384
0.56689, 0.05372
0.56845, 0.05359
0.57002, 0.05346
0.57158, 0.05333
0.57314, 0.05320
0.57470, 0.05307
0.57626, 0.05294
0.57782, 0.05281
0.57938, 0.05268
0.58094, 0.05255
0.58250, 0.05241
0.58406, 0.05228
0.58562, 0.05214
0.58717, 0.05201
0.58873, 0.05187
0.59028, 0.05174
0.59184, 0.05160
0.59339, 0.05146
0.59494, 0.05133
0.59649, 0.05119
0.59804, 0.05105
0.59959, 0.05091
0.60114, 0.05077
0.60269, 0.05063
0.60423, 0.05048
0.60578, 0.05034
0.60733, 0.05020
0.60887, 0.05005
0.61041, 0.04991
0.61195, 0.04977
0.61349, 0.04962
0.61503, 0.04947
0.61657, 0.04933
0.61811, 0.04918
0.61965, 0.04903
0.62118, 0.04888
0.62271, 0.04873
0.62425, 0.04858
0.62578, 0.04843
0.62731, 0.04828
0.62884, 0.04813
0.63037, 0.04798
0.63189, 0.04783
0.63342, 0.04767
0.63494, 0.04752
0.63647, 0.04736
0.63799, 0.04721
0.63951, 0.04705
0.64103, 0.04690
0.64254, 0.04674
0.64406, 0.04658
0.64557, 0.04642
0.64709, 0.04627
0.64860, 0.04611
0.65011, 0.04595
0.65162, 0.04578
0.65313, 0.04562
0.65463, 0.04546
0.65614, 0.04530
0.65764, 0.04514
0.65914, 0.04497
0.66064, 0.04481
0.66214, 0.04464
0.66364, 0.04448
0.66513, 0.04431
0.66663, 0.04414
0.66812, 0.04398
0.66961, 0.04381
0.67109, 0.04364
0.67258, 0.04347
0.67406, 0.04330
0.67554, 0.04313
0.67701, 0.04296
0.67849, 0.04279
0.67996, 0.04262
0.68142, 0.04245
0.68289, 0.04228
0.68435, 0.04211
0.68581, 0.04194
0.68727, 0.04177
0.68872, 0.04160
0.69017, 0.04142
0.69162, 0.04125
0.69307, 0.04108
0.69451, 0.04091
0.69595, 0.04074
0.69739, 0.04057
0.69883, 0.04040
0.70026, 0.04023
0.70169, 0.04006
0.70312, 0.03989
0.70454, 0.03972
0.70597, 0.03955
0.70738, 0.03938
0.70880, 0.03921
0.71022, 0.03904
0.71163, 0.03887
0.71303, 0.03871
0.71444, 0.03854
0.71584, 0.03837
0.71724, 0.03821
0.71864, 0.03804
0.72004, 0.03788
0.72143, 0.03771
0.72282, 0.03755
0.72420, 0.03739
0.72559, 0.03723
0.72697, 0.03707
0.72835, 0.03691
0.72972, 0.03675
0.73110, 0.03659
0.73247, 0.03643
0.73383, 0.03628
0.73520, 0.03612
0.73656, 0.03597
0.73792, 0.03581
0.73927, 0.03566
0.74063, 0.03551
0.74198, 0.03536
0.74333, 0.03521
0.74467, 0.03506
0.74601, 0.03491
0.74735, 0.03477
0.74869, 0.03462
0.75003, 0.03448
0.75136, 0.03434
0.75269, 0.03420
0.75402, 0.03406
0.75534, 0.03392
0.75667, 0.03378
0.75799, 0.03364
0.75931, 0.03351
0.76063, 0.03337
0.76194, 0.03324
0.76326, 0.03311
0.76457, 0.03298
0.76588, 0.03285
0.76719, 0.03272
0.76849, 0.03259
0.76979, 0.03247
0.77110, 0.03234
0.77239, 0.03222
0.77369, 0.03209
0.77499, 0.03197
0.77628, 0.03185
0.77757, 0.03173
0.77886, 0.03161
0.78014, 0.03149
0.78142, 0.03137
0.78270, 0.03126
0.78398, 0.03114
0.78526, 0.03102
0.78653, 0.03091
0.78780, 0.03080
0.78907, 0.03068
0.79034, 0.03057
0.79160, 0.03046
0.79286, 0.03035
0.79412, 0.03024
0.79538, 0.03013
0.79663, 0.03003
0.79788, 0.02992
0.79913, 0.02981
0.80038, 0.02971
0.80162, 0.02960
0.80286, 0.02950
0.80410, 0.02940
0.80534, 0.02929
0.80657, 0.02919
0.80780, 0.02909
0.80903, 0.02899
0.81025, 0.02889
0.81147, 0.02879
0.81269, 0.02869
0.81391, 0.02859
0.81512, 0.02850
0.81633, 0.02840
0.81754, 0.02830
0.81875, 0.02821
0.81995, 0.02811
0.82115, 0.02802
0.82234, 0.02793
0.82354, 0.02783
0.82473, 0.02774
0.82592, 0.02765
0.82710, 0.02756
0.82828, 0.02746
0.82946, 0.02737
0.83064, 0.02728
0.83181, 0.02719
0.83298, 0.02711
0.83415, 0.02702
0.83531, 0.02693
0.83647, 0.02684
0.83763, 0.02675
0.83878, 0.02667
0.83993, 0.02658
0.84108, 0.02649
0.84223, 0.02641
0.84337, 0.02632
0.84451, 0.02624
0.84565, 0.02615
0.84678, 0.02607
0.84791, 0.02598
0.84904, 0.02590
0.85016, 0.02582
0.85128, 0.02573
0.85240, 0.02565
0.85351, 0.02557
0.85462, 0.02549
0.85573, 0.02540
0.85684, 0.02532
0.85794, 0.02524
0.85903, 0.02516
0.86013, 0.02508
0.86122, 0.02500
0.86231, 0.02492
0.86339, 0.02483
0.86447, 0.02475
0.86555, 0.02467
0.86662, 0.02459
0.86769, 0.02451
0.86876, 0.02443
0.86982, 0.02435
0.87088, 0.02427
0.87194, 0.02419
0.87299, 0.02411
0.87404, 0.02403
0.87508, 0.02395
0.87613, 0.02387
0.87716, 0.02380
0.87820, 0.02372
0.87923, 0.02364
0.88026, 0.02356
0.88128, 0.02348
0.88230, 0.02340
0.88332, 0.02332
0.88433, 0.02324
0.88534, 0.02316
0.88634, 0.02308
0.88735, 0.02300
0.88834, 0.02292
0.88934, 0.02285
0.89033, 0.02277
0.89131, 0.02269
0.89230, 0.02261
0.89327, 0.02253
0.89425, 0.02245
0.89522, 0.02237
0.89619, 0.02229
0.89715, 0.02221
0.89811, 0.02213
0.89906, 0.02205
0.90001, 0.02198
0.90096, 0.02190
0.90191, 0.02182
0.90285, 0.02174
0.90378, 0.02166
0.90471, 0.02158
0.90564, 0.02150
0.90656, 0.02142
0.90748, 0.02134
0.90840, 0.02126
0.90931, 0.02118
0.91022, 0.02110
0.91112, 0.02102
0.91202, 0.02094
0.91291, 0.02086
0.91380, 0.02078
0.91469, 0.02070
0.91557, 0.02062
0.91645, 0.02054
0.91733, 0.02046
0.91820, 0.02038
0.91906, 0.02030
0.91992, 0.02022
0.92078, 0.02014
0.92163, 0.02006
0.92248, 0.01998
0.92333, 0.01990
0.92417, 0.01982
0.92501, 0.01974
0.92584, 0.01966
0.92667, 0.01958
0.92749, 0.01950
0.92831, 0.01942
0.92912, 0.01934
0.92993, 0.01926
0.93074, 0.01917
0.93154, 0.01909
0.93234, 0.01901
0.93313, 0.01893
0.93392, 0.01885
0.93471, 0.01877
0.93549, 0.01869
0.93626, 0.01861
0.93703, 0.01853
0.93780, 0.01845
0.93856, 0.01837
0.93932, 0.01829
0.94008, 0.01821
0.94083, 0.01813
0.94157, 0.01805
0.94231, 0.01797
0.94305, 0.01789
0.94378, 0.01781
0.94451, 0.01773
0.94523, 0.01765
0.94595, 0.01757
0.94666, 0.01749
0.94737, 0.01741
0.94807, 0.01733
0.94877, 0.01725
0.94947, 0.01717
0.95016, 0.01709
0.95085, 0.01701
0.95153, 0.01693
0.95221, 0.01685
0.95288, 0.01677
0.95355, 0.01670
0.95421, 0.01662
0.95487, 0.01654
0.95552, 0.01646
0.95617, 0.01638
0.95682, 0.01630
0.95746, 0.01623
0.95810, 0.01615
0.95873, 0.01607
0.95936, 0.01599
0.95998, 0.01592
0.96059, 0.01584
0.96121, 0.01576
0.96182, 0.01569
0.96242, 0.01561
0.96302, 0.01554
0.96361, 0.01546
0.96420, 0.01539
0.96479, 0.01531
0.96537, 0.01524
0.96594, 0.01516
0.96651, 0.01509
0.96708, 0.01501
0.96764, 0.01494
0.96820, 0.01487
0.96875, 0.01479
0.96930, 0.01472
0.96984, 0.01465
0.97038, 0.01458
0.97091, 0.01450
0.97144, 0.01443
0.97197, 0.01436
0.97248, 0.01429
0.97300, 0.01422
0.97351, 0.01415
0.97401, 0.01408
0.97451, 0.01401
0.97501, 0.01394
0.97550, 0.01387
0.97598, 0.01381
0.97647, 0.01374
0.97694, 0.01367
0.97741, 0.01360
0.97788, 0.01354
0.97834, 0.01347
0.97880, 0.01341
0.97925, 0.01334
0.97970, 0.01328
0.98014, 0.01321
0.98058, 0.01315
0.98101, 0.01309
0.98144, 0.01302
0.98186, 0.01296
0.98228, 0.01290
0.98270, 0.01284
0.98311, 0.01278
0.98351, 0.01272
0.98391, 0.01266
0.98430, 0.01260
0.98469, 0.01254
0.98508, 0.01248
0.98546, 0.01243
0.98583, 0.01237
0.98620, 0.01231
0.98657, 0.01226
0.98693, 0.01220
0.98728, 0.01215
0.98764, 0.01209
0.98798, 0.01204
0.98832, 0.01199
0.98866, 0.01194
0.98899, 0.01188
0.98932, 0.01183
0.98964, 0.01178
0.98996, 0.01173
0.99027, 0.01169
0.99057, 0.01164
0.99088, 0.01159
0.99117, 0.01154
0.99147, 0.01150
0.99175, 0.01145
0.99204, 0.01141
0.99231, 0.01136
0.99259, 0.01132
0.99286, 0.01127
0.99312, 0.01123
0.99338, 0.01119
0.99363, 0.01115
0.99388, 0.01111
0.99412, 0.01107
0.99436, 0.01103
0.99459, 0.01099
0.99482, 0.01096
0.99505, 0.01092
0.99527, 0.01088
0.99548, 0.01085
0.99569, 0.01082
0.99589, 0.01078
0.99609, 0.01075
0.99629, 0.01072
0.99648, 0.01069
0.99666, 0.01066
0.99684, 0.01063
0.99702, 0.01060
0.99719, 0.01057
0.99735, 0.01054
0.99751, 0.01051
0.99767, 0.01049
0.99782, 0.01046
0.99796, 0.01044
0.99810, 0.01042
0.99824, 0.01039
0.99837, 0.01037
0.99850, 0.01035
0.99862, 0.01033
0.99873, 0.01031
0.99884, 0.01029
0.99895, 0.01027
0.99905, 0.01026
0.99915, 0.01024
0.99924, 0.01023
0.99932, 0.01021
0.99941, 0.01020
0.99948, 0.01018
0.99955, 0.01017
0.99962, 0.01016
0.99968, 0.01015
0.99974, 0.01014
0.99979, 0.01013
0.99984, 0.01012
0.99988, 0.01012
0.99992, 0.01011
0.99995, 0.01011
0.99997, 0.01010
1.00000, 0.01010
1.00001, 0.01009
1.00003, 0.01009
1.00005, 0.01009
1.00005, 0.01009

=== Lower Surface ===
0.00000, 0.01464
0.00002, 0.01436
0.00004, 0.01408
0.00007, 0.01380
0.00010, 0.01353
0.00014, 0.01325
0.00018, 0.01297
0.00023, 0.01270
0.00028, 0.01242
0.00034, 0.01215
0.00040, 0.01188
0.00047, 0.01160
0.00054, 0.01133
0.00062, 0.01106
0.00070, 0.01079
0.00079, 0.01052
0.00088, 0.01025
0.00098, 0.00998
0.00108, 0.00971
0.00118, 0.00944
0.00129, 0.00918
0.00141, 0.00891
0.00153, 0.00865
0.00166, 0.00838
0.00179, 0.00812
0.00192, 0.00785
0.00206, 0.00759
0.00220, 0.00733
0.00235, 0.00707
0.00251, 0.00680
0.00267, 0.00654
0.00283, 0.00628
0.00300, 0.00602
0.00317, 0.00577
0.00335, 0.00551
0.00353, 0.00525
0.00372, 0.00499
0.00391, 0.00474
0.00411, 0.00448
0.00431, 0.00423
0.00451, 0.00397
0.00472, 0.00372
0.00494, 0.00347
0.00516, 0.00321
0.00538, 0.00296
0.00561, 0.00271
0.00585, 0.00246
0.00608, 0.00221
0.00633, 0.00196
0.00658, 0.00171
0.00683, 0.00146
0.00708, 0.00122
0.00735, 0.00097
0.00761, 0.00072
0.00788, 0.00048
0.00816, 0.00023
0.00844, -0.00001
0.00872, -0.00026
0.00901, -0.00050
0.00931, -0.00074
0.00961, -0.00098
0.00991, -0.00123
0.01022, -0.00147
0.01053, -0.00171
0.01085, -0.00195
0.01117, -0.00219
0.01149, -0.00243
0.01182, -0.00266
0.01216, -0.00290
0.01250, -0.00314
0.01284, -0.00338
0.01319, -0.00361
0.01354, -0.00385
0.01390, -0.00408
0.01426, -0.00432
0.01463, -0.00455
0.01500, -0.00479
0.01537, -0.00502
0.01575, -0.00525
0.01614, -0.00548
0.01653, -0.00572
0.01692, -0.00595
0.01732, -0.00618
0.01772, -0.00641
0.01813, -0.00664
0.01854, -0.00687
0.01895, -0.00709
0.01937, -0.00732
0.01980, -0.00755
0.02023, -0.00778
0.02066, -0.00800
0.02110, -0.00823
0.02154, -0.00846
0.02198, -0.00868
0.02243, -0.00891
0.02289, -0.00913
0.02335, -0.00936
0.02381, -0.00958
0.02428, -0.00980
0.02475, -0.01002
0.02523, -0.01025
0.02571, -0.01047
0.02620, -0.01069
0.02669, -0.01091
0.02718, -0.01113
0.02768, -0.01135
0.02818, -0.01157
0.02869, -0.01179
0.02920, -0.01201
0.02972, -0.01223
0.03024, -0.01245
0.03076, -0.01266
0.03129, -0.01288
0.03182, -0.01310
0.03236, -0.01331
0.03290, -0.01353
0.03345, -0.01374
0.03400, -0.01396
0.03455, -0.01418
0.03511, -0.01439
0.03567, -0.01460
0.03624, -0.01482
0.03681, -0.01503
0.03739, -0.01524
0.03797, -0.01546
0.03855, -0.01567
0.03914, -0.01588
0.03973, -0.01609
0.04033, -0.01630
0.04093, -0.01652
0.04154, -0.01673
0.04215, -0.01694
0.04276, -0.01715
0.04338, -0.01736
0.04400, -0.01757
0.04463, -0.01777
0.04526, -0.01798
0.04589, -0.01819
0.04653, -0.01840
0.04717, -0.01861
0.04782, -0.01882
0.04847, -0.01902
0.04913, -0.01923
0.04979, -0.01944
0.05045, -0.01964
0.05112, -0.01985
0.05180, -0.02005
0.05247, -0.02026
0.05315, -0.02046
0.05384, -0.02067
0.05453, -0.02087
0.05522, -0.02108
0.05592, -0.02128
0.05662, -0.02149
0.05733, -0.02169
0.05804, -0.02189
0.05875, -0.02209
0.05947, -0.02230
0.06019, -0.02250
0.06092, -0.02270
0.06165, -0.02290
0.06239, -0.02310
0.06312, -0.02331
0.06387, -0.02351
0.06462, -0.02371
0.06537, -0.02391
0.06612, -0.02411
0.06688, -0.02431
0.06765, -0.02451
0.06841, -0.02471
0.06919, -0.02491
0.06996, -0.02510
0.07074, -0.02530
0.07153, -0.02550
0.07232, -0.02570
0.07311, -0.02590
0.07391, -0.02609
0.07471, -0.02629
0.07551, -0.02649
0.07632, -0.02669
0.07714, -0.02688
0.07795, -0.02708
0.07878, -0.02727
0.07960, -0.02747
0.08043, -0.02767
0.08126, -0.02786
0.08210, -0.02806
0.08294, -0.02825
0.08379, -0.02844
0.08464, -0.02864
0.08550, -0.02883
0.08635, -0.02903
0.08722, -0.02922
0.08808, -0.02941
0.08895, -0.02960
0.08983, -0.02980
0.09071, -0.02999
0.09159, -0.03018
0.09248, -0.03037
0.09337, -0.03056
0.09426, -0.03075
0.09516, -0.03094
0.09607, -0.03114
0.09698, -0.03133
0.09789, -0.03152
0.09880, -0.03170
0.09972, -0.03189
0.10065, -0.03208
0.10157, -0.03227
0.10251, -0.03246
0.10344, -0.03265
0.10438, -0.03283
0.10533, -0.03302
0.10627, -0.03321
0.10723, -0.03340
0.10818, -0.03358
0.10914, -0.03377
0.11011, -0.03395
0.11108, -0.03414
0.11205, -0.03432
0.11303, -0.03451
0.11401, -0.03469
0.11499, -0.03487
0.11598, -0.03506
0.11697, -0.03524
0.11797, -0.03542
0.11897, -0.03560
0.11998, -0.03579
0.12099, -0.03597
0.12200, -0.03615
0.12302, -0.03633
0.12404, -0.03651
0.12506, -0.03669
0.12609, -0.03687
0.12712, -0.03704
0.12816, -0.03722
0.12920, -0.03740
0.13025, -0.03758
0.13130, -0.03775
0.13235, -0.03793
0.13341, -0.03811
0.13447, -0.03828
0.13554, -0.03845
0.13660, -0.03863
0.13768, -0.03880
0.13875, -0.03897
0.13984, -0.03915
0.14092, -0.03932
0.14201, -0.03949
0.14310, -0.03966
0.14420, -0.03983
0.14530, -0.04000
0.14640, -0.04017
0.14751, -0.04034
0.14863, -0.04050
0.14974, -0.04067
0.15086, -0.04084
0.15199, -0.04100
0.15311, -0.04117
0.15425, -0.04133
0.15538, -0.04149
0.15652, -0.04166
0.15767, -0.04182
0.15881, -0.04198
0.15996, -0.04214
0.16112, -0.04230
0.16228, -0.04246
0.16344, -0.04262
0.16461, -0.04277
0.16578, -0.04293
0.16695, -0.04309
0.16813, -0.04324
0.16931, -0.04340
0.17050, -0.04355
0.17169, -0.04370
0.17288, -0.04385
0.17408, -0.04400
0.17528, -0.04415
0.17649, -0.04430
0.17770, -0.04445
0.17891, -0.04460
0.18013, -0.04474
0.18135, -0.04489
0.18257, -0.04503
0.18380, -0.04517
0.18503, -0.04532
0.18627, -0.04546
0.18751, -0.04560
0.18875, -0.04574
0.19000, -0.04587
0.19125, -0.04601
0.19250, -0.04615
0.19376, -0.04628
0.19502, -0.04641
0.19628, -0.04655
0.19755, -0.04668
0.19883, -0.04681
0.20010, -0.04693
0.20138, -0.04706
0.20266, -0.04719
0.20395, -0.04731
0.20523, -0.04744
0.20653, -0.04756
0.20782, -0.04768
0.20912, -0.04780
0.21042, -0.04792
0.21172, -0.04804
0.21303, -0.04815
0.21433, -0.04827
0.21565, -0.04838
0.21696, -0.04849
0.21828, -0.04860
0.21960, -0.04871
0.22092, -0.04882
0.22225, -0.04893
0.22358, -0.04903
0.22491, -0.04914
0.22625, -0.04924
0.22759, -0.04934
0.22893, -0.04944
0.23027, -0.04954
0.23162, -0.04964
0.23297, -0.04974
0.23432, -0.04983
0.23567, -0.04993
0.23703, -0.05002
0.23839, -0.05011
0.23975, -0.05020
0.24112, -0.05029
0.24249, -0.05038
0.24386, -0.05046
0.24523, -0.05055
0.24661, -0.05063
0.24799, -0.05071
0.24937, -0.05079
0.25075, -0.05087
0.25214, -0.05095
0.25353, -0.05103
0.25492, -0.05110
0.25632, -0.05117
0.25771, -0.05125
0.25911, -0.05132
0.26051, -0.05139
0.26192, -0.05146
0.26333, -0.05152
0.26474, -0.05159
0.26615, -0.05165
0.26756, -0.05171
0.26898, -0.05177
0.27040, -0.05183
0.27182, -0.05189
0.27324, -0.05195
0.27467, -0.05200
0.27609, -0.05206
0.27752, -0.05211
0.27895, -0.05216
0.28039, -0.05221
0.28182, -0.05226
0.28326, -0.05231
0.28470, -0.05235
0.28614, -0.05240
0.28759, -0.05244
0.28903, -0.05248
0.29048, -0.05252
0.29193, -0.05256
0.29338, -0.05260
0.29483, -0.05264
0.29629, -0.05267
0.29775, -0.05270
0.29921, -0.05274
0.30067, -0.05277
0.30213, -0.05280
0.30360, -0.05283
0.30506, -0.05285
0.30653, -0.05288
0.30800, -0.05290
0.30947, -0.05292
0.31095, -0.05295
0.31242, -0.05297
0.31390, -0.05298
0.31538, -0.05300
0.31686, -0.05302
0.31834, -0.05303
0.31983, -0.05305
0.32131, -0.05306
0.32280, -0.05307
0.32429, -0.05308
0.32578, -0.05309
0.32727, -0.05310
0.32877, -0.05310
0.33026, -0.05311
0.33176, -0.05311
0.33326, -0.05311
0.33476, -0.05311
0.33626, -0.05311
0.33776, -0.05311
0.33927, -0.05311
0.34077, -0.05310
0.34228, -0.05310
0.34379, -0.05309
0.34530, -0.05308
0.34681, -0.05307
0.34832, -0.05306
0.34984, -0.05305
0.35135, -0.05304
0.35287, -0.05303
0.35439, -0.05301
0.35591, -0.05300
0.35743, -0.05298
0.35895, -0.05296
0.36047, -0.05294
0.36200, -0.05292
0.36352, -0.05290
0.36505, -0.05287
0.36658, -0.05285
0.36811, -0.05282
0.36964, -0.05280
0.37117, -0.05277
0.37270, -0.05274
0.37424, -0.05271
0.37577, -0.05268
0.37731, -0.05265
0.37884, -0.05261
0.38038, -0.05258
0.38192, -0.05255
0.38346, -0.05251
0.38500, -0.05247
0.38654, -0.05243
0.38809, -0.05239
0.38963, -0.05235
0.39117, -0.05231
0.39272, -0.05227
0.39427, -0.05222
0.39581, -0.05218
0.39736, -0.05213
0.39891, -0.05209
0.40046, -0.05204
0.40201, -0.05199
0.40356, -0.05194
0.40512, -0.05189
0.40667, -0.05184
0.40822, -0.05179
0.40978, -0.05173
0.41133, -0.05168
0.41289, -0.05162
0.41445, -0.05157
0.41600, -0.05151
0.41756, -0.05145
0.41912, -0.05139
0.42068, -0.05133
0.42224, -0.05127
0.42380, -0.05121
0.42536, -0.05114
0.42692, -0.05108
0.42848, -0.05102
0.43005, -0.05095
0.43161, -0.05088
0.43317, -0.05082
0.43474, -0.05075
0.43630, -0.05068
0.43787, -0.05061
0.43943, -0.05054
0.44100, -0.05047
0.44257, -0.05040
0.44413, -0.05032
0.44570, -0.05025
0.44727, -0.05018
0.44884, -0.05010
0.45041, -0.05003
0.45197, -0.04995
0.45354, -0.04987
0.45511, -0.04979
0.45668, -0.04971
0.45825, -0.04963
0.45982, -0.04955
0.46139, -0.04947
0.46296, -0.04939
0.46453, -0.04931
0.46611, -0.04923
0.46768, -0.04914
0.46925, -0.04906
0.47082, -0.04897
0.47239, -0.04889
0.47396, -0.04880
0.47553, -0.04871
0.47711, -0.04862
0.47868, -0.04854
0.48025, -0.04845
0.48182, -0.04836
0.48339, -0.04827
0.48497, -0.04818
0.48654, -0.04809
0.48811, -0.04799
0.48968, -0.04790
0.49125, -0.04781
0.49283, -0.04771
0.49440, -0.04762
0.49597, -0.04753
0.49754, -0.04743
0.49911, -0.04733
0.50068, -0.04724
0.50226, -0.04714
0.50383, -0.04704
0.50540, -0.04695
0.50697, -0.04685
0.50854, -0.04675
0.51011, -0.04665
0.51168, -0.04655
0.51325, -0.04645
0.51482, -0.04635
0.51639, -0.04625
0.51796, -0.04615
0.51953, -0.04605
0.52109, -0.04594
0.52266, -0.04584
0.52423, -0.04574
0.52580, -0.04564
0.52736, -0.04553
0.52893, -0.04543
0.53050, -0.04532
0.53206, -0.04522
0.53363, -0.04511
0.53519, -0.04501
0.53675, -0.04490
0.53832, -0.04480
0.53988, -0.04469
0.54144, -0.04458
0.54301, -0.04448
0.54457, -0.04437
0.54613, -0.04426
0.54769, -0.04415
0.54925, -0.04405
0.55081, -0.04394
0.55237, -0.04383
0.55393, -0.04372
0.55548, -0.04361
0.55704, -0.04350
0.55860, -0.04339
0.56015, -0.04328
0.56171, -0.04317
0.56326, -0.04306
0.56481, -0.04295
0.56637, -0.04284
0.56792, -0.04273
0.56947, -0.04262
0.57102, -0.04251
0.57257, -0.04240
0.57412, -0.04229
0.57567, -0.04217
0.57721, -0.04206
0.57876, -0.04195
0.58030, -0.04184
0.58185, -0.04173
0.58339, -0.04162
0.58493, -0.04150
0.58648, -0.04139
0.58802, -0.04128
0.58956, -0.04117
0.59110, -0.04105
0.59263, -0.04094
0.59417, -0.04083
0.59571, -0.04072
0.59724, -0.04060
0.59877, -0.04049
0.60031, -0.04038
0.60184, -0.04027
0.60337, -0.04015
0.60490, -0.04004
0.60643, -0.03993
0.60795, -0.03981
0.60948, -0.03970
0.61101, -0.03959
0.61253, -0.03948
0.61405, -0.03936
0.61557, -0.03925
0.61709, -0.03914
0.61861, -0.03903
0.62013, -0.03891
0.62165, -0.03880
0.62316, -0.03869
0.62468, -0.03858
0.62619, -0.03846
0.62770, -0.03835
0.62921, -0.03824
0.63072, -0.03813
0.63223, -0.03802
0.63373, -0.03791
0.63524, -0.03779
0.63674, -0.03768
0.63825, -0.03757
0.63975, -0.03746
0.64125, -0.03735
0.64274, -0.03724
0.64424, -0.03713
0.64573, -0.03702
0.64723, -0.03691
0.64872, -0.03680
0.65021, -0.03669
0.65170, -0.03658
0.65319, -0.03647
0.65467, -0.03636
0.65616, -0.03625
0.65764, -0.03614
0.65912, -0.03603
0.66060, -0.03592
0.66208, -0.03582
0.66356, -0.03571
0.66503, -0.03560
0.66651, -0.03549
0.66798, -0.03539
0.66945, -0.03528
0.67092, -0.03517
0.67239, -0.03507
0.67386, -0.03496
0.67533, -0.03485
0.67680, -0.03475
0.67827, -0.03464
0.67973, -0.03453
0.68120, -0.03443
0.68266, -0.03432
0.68413, -0.03421
0.68559, -0.03411
0.68705, -0.03400
0.68851, -0.03389
0.68997, -0.03379
0.69143, -0.03368
0.69289, -0.03357
0.69434, -0.03346
0.69580, -0.03335
0.69725, -0.03324
0.69870, -0.03314
0.70016, -0.03303
0.70161, -0.03292
0.70305, -0.03281
0.70450, -0.03269
0.70595, -0.03258
0.70739, -0.03247
0.70884, -0.03236
0.71028, -0.03224
0.71172, -0.03213
0.71316, -0.03202
0.71460, -0.03190
0.71603, -0.03179
0.71747, -0.03167
0.71890, -0.03155
0.72033, -0.03143
0.72176, -0.03131
0.72319, -0.03119
0.72462, -0.03107
0.72604, -0.03095
0.72746, -0.03083
0.72889, -0.03071
0.73030, -0.03058
0.73172, -0.03046
0.73314, -0.03033
0.73455, -0.03020
0.73596, -0.03007
0.73737, -0.02994
0.73878, -0.02981
0.74019, -0.02968
0.74159, -0.02955
0.74299, -0.02941
0.74440, -0.02928
0.74579, -0.02914
0.74719, -0.02901
0.74858, -0.02887
0.74997, -0.02873
0.75136, -0.02859
0.75275, -0.02844
0.75413, -0.02830
0.75551, -0.02815
0.75689, -0.02801
0.75826, -0.02786
0.75963, -0.02771
0.76100, -0.02756
0.76237, -0.02741
0.76373, -0.02726
0.76508, -0.02711
0.76644, -0.02695
0.76779, -0.02680
0.76914, -0.02664
0.77049, -0.02649
0.77183, -0.02633
0.77317, -0.02617
0.77450, -0.02601
0.77584, -0.02585
0.77717, -0.02569
0.77849, -0.02553
0.77982, -0.02537
0.78114, -0.02520
0.78245, -0.02504
0.78377, -0.02487
0.78508, -0.02471
0.78638, -0.02454
0.78769, -0.02437
0.78899, -0.02421
0.79029, -0.02404
0.79158, -0.02387
0.79287, -0.02370
0.79416, -0.02353
0.79544, -0.02336
0.79672, -0.02318
0.79800, -0.02301
0.79928, -0.02284
0.80055, -0.02267
0.80181, -0.02249
0.80308, -0.02232
0.80434, -0.02214
0.80560, -0.02197
0.80685, -0.02179
0.80810, -0.02162
0.80935, -0.02144
0.81059, -0.02126
0.81183, -0.02109
0.81307, -0.02091
0.81430, -0.02073
0.81553, -0.02055
0.81676, -0.02037
0.81798, -0.02019
0.81920, -0.02001
0.82042, -0.01984
0.82163, -0.01966
0.82284, -0.01948
0.82405, -0.01930
0.82525, -0.01912
0.82645, -0.01893
0.82765, -0.01875
0.82884, -0.01857
0.83003, -0.01839
0.83121, -0.01821
0.83240, -0.01803
0.83357, -0.01785
0.83475, -0.01767
0.83592, -0.01749
0.83709, -0.01730
0.83825, -0.01712
0.83941, -0.01694
0.84057, -0.01676
0.84172, -0.01658
0.84287, -0.01640
0.84401, -0.01622
0.84515, -0.01603
0.84629, -0.01585
0.84743, -0.01567
0.84856, -0.01549
0.84968, -0.01531
0.85081, -0.01513
0.85192, -0.01495
0.85304, -0.01477
0.85415, -0.01459
0.85526, -0.01441
0.85636, -0.01423
0.85746, -0.01405
0.85856, -0.01387
0.85965, -0.01370
0.86074, -0.01352
0.86183, -0.01334
0.86291, -0.01316
0.86399, -0.01299
0.86506, -0.01281
0.86613, -0.01263
0.86720, -0.01246
0.86826, -0.01228
0.86932, -0.01211
0.87038, -0.01193
0.87143, -0.01176
0.87247, -0.01158
0.87352, -0.01141
0.87456, -0.01124
0.87559, -0.01107
0.87663, -0.01090
0.87765, -0.01072
0.87868, -0.01055
0.87970, -0.01038
0.88072, -0.01021
0.88173, -0.01005
0.88274, -0.00988
0.88374, -0.00971
0.88474, -0.00954
0.88574, -0.00938
0.88674, -0.00921
0.88773, -0.00905
0.88871, -0.00888
0.88969, -0.00872
0.89067, -0.00856
0.89164, -0.00839
0.89261, -0.00823
0.89358, -0.00807
0.89454, -0.00791
0.89550, -0.00775
0.89646, -0.00759
0.89741, -0.00743
0.89835, -0.00728
0.89930, -0.00712
0.90023, -0.00696
0.90117, -0.00681
0.90210, -0.00665
0.90303, -0.00650
0.90395, -0.00635
0.90487, -0.00620
0.90578, -0.00604
0.90669, -0.00589
0.90760, -0.00574
0.90850, -0.00560
0.90940, -0.00545
0.91029, -0.00530
0.91118, -0.00515
0.91207, -0.00501
0.91295, -0.00486
0.91383, -0.00472
0.91471, -0.00458
0.91558, -0.00444
0.91644, -0.00429
0.91730, -0.00415
0.91816, -0.00401
0.91902, -0.00388
0.91987, -0.00374
0.92071, -0.00360
0.92155, -0.00346
0.92239, -0.00333
0.92322, -0.00320
0.92405, -0.00306
0.92488, -0.00293
0.92570, -0.00280
0.92651, -0.00267
0.92733, -0.00254
0.92814, -0.00241
0.92894, -0.00228
0.92974, -0.00215
0.93054, -0.00203
0.93133, -0.00190
0.93211, -0.00178
0.93290, -0.00165
0.93368, -0.00153
0.93445, -0.00141
0.93522, -0.00129
0.93599, -0.00117
0.93675, -0.00105
0.93751, -0.00093
0.93826, -0.00081
0.93901, -0.00070
0.93976, -0.00058
0.94050, -0.00047
0.94123, -0.00035
0.94197, -0.00024
0.94269, -0.00013
0.94342, -0.00002
0.94414, 0.00009
0.94485, 0.00020
0.94556, 0.00031
0.94627, 0.00041
0.94697, 0.00052
0.94767, 0.00063
0.94836, 0.00073
0.94905, 0.00083
0.94974, 0.00094
0.95042, 0.00104
0.95109, 0.00114
0.95177, 0.00124
0.95243, 0.00134
0.95310, 0.00144
0.95375, 0.00153
0.95441, 0.00163
0.95506, 0.00172
0.95570, 0.00182
0.95634, 0.00191
0.95698, 0.00200
0.95761, 0.00210
0.95824, 0.00219
0.95886, 0.00228
0.95948, 0.00237
0.96010, 0.00245
0.96071, 0.00254
0.96131, 0.00263
0.96191, 0.00271
0.96251, 0.00280
0.96310, 0.00288
0.96369, 0.00296
0.96427, 0.00305
0.96485, 0.00313
0.96542, 0.00321
0.96599, 0.00329
0.96656, 0.00337
0.96712, 0.00344
0.96767, 0.00352
0.96822, 0.00360
0.96877, 0.00367
0.96931, 0.00375
0.96985, 0.00382
0.97038, 0.00389
0.97091, 0.00397
0.97144, 0.00404
0.97196, 0.00411
0.97247, 0.00418
0.97298, 0.00425
0.97349, 0.00431
0.97399, 0.00438
0.97448, 0.00445
0.97497, 0.00451
0.97546, 0.00458
0.97594, 0.00464
0.97642, 0.00470
0.97689, 0.00477
0.97736, 0.00483
0.97783, 0.00489
0.97828, 0.00495
0.97874, 0.00501
0.97919, 0.00506
0.97963, 0.00512
0.98007, 0.00518
0.98051, 0.00524
0.98094, 0.00529
0.98137, 0.00535
0.98179, 0.00540
0.98220, 0.00545
0.98262, 0.00550
0.98302, 0.00556
0.98343, 0.00561
0.98382, 0.00566
0.98422, 0.00571
0.98461, 0.00576
0.98499, 0.00580
0.98537, 0.00585
0.98574, 0.00590
0.98611, 0.00594
0.98648, 0.00599
0.98684, 0.00603
0.98719, 0.00608
0.98754, 0.00612
0.98789, 0.00616
0.98823, 0.00620
0.98856, 0.00624
0.98889, 0.00628
0.98922, 0.00632
0.98954, 0.00636
0.98986, 0.00640
0.99017, 0.00644
0.99048, 0.00647
0.99078, 0.00651
0.99108, 0.00655
0.99137, 0.00658
0.99166, 0.00662
0.99194, 0.00665
0.99222, 0.00668
0.99249, 0.00671
0.99276, 0.00675
0.99302, 0.00678
0.99328, 0.00681
0.99354, 0.00684
0.99378, 0.00687
0.99403, 0.00690
0.99427, 0.00692
0.99450, 0.00695
0.99473, 0.00698
0.99496, 0.00700
0.99518, 0.00703
0.99539, 0.00705
0.99560, 0.00708
0.99580, 0.00710
0.99600, 0.00712
0.99620, 0.00715
0.99639, 0.00717
0.99658, 0.00719
0.99676, 0.00721
0.99693, 0.00723
0.99710, 0.00725
0.99727, 0.00727
0.99743, 0.00729
0.99758, 0.00730
0.99774, 0.00732
0.99788, 0.00734
0.99802, 0.00735
0.99816, 0.00737
0.99829, 0.00738
0.99842, 0.00740
0.99854, 0.00741
0.99865, 0.00743
0.99876, 0.00744
0.99887, 0.00745
0.99897, 0.00746
0.99907, 0.00747
0.99916, 0.00748
0.99925, 0.00749
0.99933, 0.00750
0.99941, 0.00751
0.99948, 0.00752
0.99954, 0.00752
0.99961, 0.00753
0.99966, 0.00754
0.99972, 0.00754
0.99976, 0.00755
0.99980, 0.00755
0.99984, 0.00756
0.99987, 0.00756
0.99990, 0.00756
0.99992, 0.00757
0.99994, 0.00757
0.99995, 0.00757
0.99995, 0.00757
0.99995, 0.00757
