airfoil_points_108
1.000000 -0.044216
0.999748 -0.044130
0.998993 -0.043874
0.997736 -0.043446
0.995977 -0.042843
0.993719 -0.042063
0.990964 -0.041101
0.987715 -0.039955
0.983974 -0.038620
0.979746 -0.037093
0.975036 -0.035373
0.969846 -0.033457
0.964184 -0.031347
0.958054 -0.029045
0.951463 -0.026558
0.944418 -0.023894
0.936925 -0.021067
0.928992 -0.018093
0.920627 -0.014994
0.911838 -0.011797
0.902635 -0.008534
0.893027 -0.005242
0.883022 -0.001964
0.872632 0.001252
0.861867 0.004354
0.850737 0.007282
0.839255 0.009975
0.827430 0.012378
0.815276 0.014489
0.802805 0.016337
0.790028 0.017955
0.776960 0.019388
0.763613 0.020690
0.750000 0.021925
0.736136 0.023147
0.722033 0.024358
0.707708 0.025555
0.693173 0.026736
0.678443 0.027897
0.663534 0.029037
0.648460 0.030153
0.633237 0.031247
0.617879 0.032320
0.602403 0.033376
0.586824 0.034415
0.571157 0.035439
0.555419 0.036451
0.539625 0.037453
0.523791 0.038446
0.507933 0.039432
0.492067 0.040413
0.476209 0.041391
0.460375 0.042366
0.444581 0.043340
0.428843 0.044314
0.413176 0.045287
0.397597 0.046260
0.382121 0.047231
0.366763 0.048201
0.351540 0.049168
0.336466 0.050130
0.321557 0.051085
0.306827 0.052030
0.292292 0.052962
0.277967 0.053878
0.263864 0.054771
0.250000 0.055581
0.236387 0.056203
0.223040 0.056549
0.209972 0.056554
0.197195 0.056164
0.184724 0.055349
0.172570 0.054115
0.160745 0.052472
0.149263 0.050440
0.138133 0.048036
0.127368 0.045279
0.116978 0.042188
0.106973 0.038794
0.097365 0.035151
0.088162 0.031314
0.079373 0.027334
0.071008 0.023257
0.063075 0.019124
0.055582 0.014971
0.048537 0.010828
0.041946 0.006723
0.035816 0.002675
0.030154 -0.001297
0.024964 -0.005180
0.020254 -0.008966
0.016026 -0.012645
0.012285 -0.016214
0.009036 -0.019668
0.006281 -0.022998
0.004023 -0.026194
0.002264 -0.029225
0.001007 -0.032019
0.000252 -0.034334
0.000000 -0.035389
0.000252 -0.043479
0.001007 -0.045486
0.002264 -0.047725
0.004023 -0.049936
0.006281 -0.052037
0.009036 -0.053990
0.012285 -0.055774
0.016026 -0.057377
0.020254 -0.058787
0.024964 -0.059995
0.030154 -0.060994
0.035816 -0.061777
0.041946 -0.062341
0.048537 -0.062685
0.055582 -0.062810
0.063075 -0.062721
0.071008 -0.062432
0.079373 -0.061957
0.088162 -0.061323
0.097365 -0.060563
0.106973 -0.059723
0.116978 -0.058859
0.127368 -0.058048
0.138133 -0.057384
0.149263 -0.056971
0.160745 -0.056835
0.172570 -0.056994
0.184724 -0.057467
0.197195 -0.058264
0.209972 -0.059372
0.223040 -0.060703
0.236387 -0.062158
0.250000 -0.063634
0.263864 -0.065024
0.277967 -0.066254
0.292292 -0.067313
0.306827 -0.068200
0.321557 -0.068917
0.336466 -0.069465
0.351540 -0.069846
0.366763 -0.070062
0.382121 -0.070117
0.397597 -0.070016
0.413176 -0.069764
0.428843 -0.069367
0.444581 -0.068830
0.460375 -0.068161
0.476209 -0.067366
0.492067 -0.066455
0.507933 -0.065434
0.523791 -0.064313
0.539625 -0.063099
0.555419 -0.061803
0.571157 -0.060433
0.586824 -0.058997
0.602403 -0.057506
0.617879 -0.055968
0.633237 -0.054392
0.648460 -0.052786
0.663534 -0.051160
0.678443 -0.049520
0.693173 -0.047874
0.707708 -0.046224
0.722033 -0.044574
0.736136 -0.042928
0.750000 -0.041288
0.763613 -0.039662
0.776960 -0.038108
0.790028 -0.036704
0.802805 -0.035521
0.815276 -0.034618
0.827430 -0.034046
0.839255 -0.033842
0.850737 -0.033981
0.861867 -0.034390
0.872632 -0.035002
0.883022 -0.035761
0.893027 -0.036619
0.902635 -0.037536
0.911838 -0.038476
0.920627 -0.039414
0.928992 -0.040325
0.936925 -0.041194
0.944418 -0.042007
0.951463 -0.042755
0.958054 -0.043433
0.964184 -0.044038
0.969846 -0.044570
0.975036 -0.045031
0.979746 -0.045425
0.983974 -0.045756
0.987715 -0.046029
0.990964 -0.046251
0.993719 -0.046427
0.995977 -0.046562
0.997736 -0.046662
0.998993 -0.046730
0.999748 -0.046749
1.000000 -0.046749
