airfoil_points_297
1.000000 0.051113
0.999748 0.051158
0.998993 0.051294
0.997736 0.051517
0.995977 0.051824
0.993719 0.052211
0.990964 0.052671
0.987715 0.053196
0.983974 0.053780
0.979746 0.054413
0.975036 0.055084
0.969846 0.055784
0.964184 0.056502
0.958054 0.057227
0.951463 0.057948
0.944418 0.058655
0.936925 0.059338
0.928992 0.059987
0.920627 0.060594
0.911838 0.061150
0.902635 0.061650
0.893027 0.062088
0.883022 0.062460
0.872632 0.062765
0.861867 0.063002
0.850737 0.063172
0.839255 0.063278
0.827430 0.063328
0.815276 0.063343
0.802805 0.063367
0.790028 0.063453
0.776960 0.063662
0.763613 0.064065
0.750000 0.064745
0.736136 0.065761
0.722033 0.067064
0.707708 0.068586
0.693173 0.070252
0.678443 0.071981
0.663534 0.073692
0.648460 0.075341
0.633237 0.076928
0.617879 0.078455
0.602403 0.079922
0.586824 0.081332
0.571157 0.082685
0.555419 0.083983
0.539625 0.085230
0.523791 0.086426
0.507933 0.087574
0.492067 0.088677
0.476209 0.089736
0.460375 0.090754
0.444581 0.091734
0.428843 0.092676
0.413176 0.093582
0.397597 0.094455
0.382121 0.095295
0.366763 0.096102
0.351540 0.096878
0.336466 0.097623
0.321557 0.098336
0.306827 0.099017
0.292292 0.099664
0.277967 0.100277
0.263864 0.100851
0.250000 0.101340
0.236387 0.101643
0.223040 0.101676
0.209972 0.101374
0.197195 0.100687
0.184724 0.099585
0.172570 0.098087
0.160745 0.096227
0.149263 0.094038
0.138133 0.091553
0.127368 0.088803
0.116978 0.085817
0.106973 0.082627
0.097365 0.079275
0.088162 0.075798
0.079373 0.072229
0.071008 0.068601
0.063075 0.064939
0.055582 0.061266
0.048537 0.057603
0.041946 0.053966
0.035816 0.050368
0.030154 0.046819
0.024964 0.043326
0.020254 0.039896
0.016026 0.036534
0.012285 0.033242
0.009036 0.030023
0.006281 0.026882
0.004023 0.023827
0.002264 0.020877
0.001007 0.018082
0.000252 0.015635
0.000000 0.014400
0.000252 0.007755
0.001007 0.005530
0.002264 0.003147
0.004023 0.000813
0.006281 -0.001418
0.009036 -0.003520
0.012285 -0.005479
0.016026 -0.007286
0.020254 -0.008933
0.024964 -0.010412
0.030154 -0.011717
0.035816 -0.012844
0.041946 -0.013788
0.048537 -0.014548
0.055582 -0.015122
0.063075 -0.015515
0.071008 -0.015731
0.079373 -0.015781
0.088162 -0.015679
0.097365 -0.015445
0.106973 -0.015103
0.116978 -0.014689
0.127368 -0.014244
0.138133 -0.013818
0.149263 -0.013470
0.160745 -0.013240
0.172570 -0.013173
0.184724 -0.013320
0.197195 -0.013738
0.209972 -0.014465
0.223040 -0.015430
0.236387 -0.016534
0.250000 -0.017679
0.263864 -0.018759
0.277967 -0.019696
0.292292 -0.020476
0.306827 -0.021102
0.321557 -0.021575
0.336466 -0.021900
0.351540 -0.022080
0.366763 -0.022120
0.382121 -0.022025
0.397597 -0.021802
0.413176 -0.021458
0.428843 -0.021000
0.444581 -0.020436
0.460375 -0.019774
0.476209 -0.019024
0.492067 -0.018194
0.507933 -0.017293
0.523791 -0.016333
0.539625 -0.015321
0.555419 -0.014267
0.571157 -0.013182
0.586824 -0.012075
0.602403 -0.010954
0.617879 -0.009828
0.633237 -0.008707
0.648460 -0.007598
0.663534 -0.006509
0.678443 -0.005446
0.693173 -0.004363
0.707708 -0.003190
0.722033 -0.001859
0.736136 -0.000316
0.750000 0.001489
0.763613 0.003595
0.776960 0.005969
0.790028 0.008537
0.802805 0.011233
0.815276 0.013989
0.827430 0.016746
0.839255 0.019450
0.850737 0.022060
0.861867 0.024559
0.872632 0.026936
0.883022 0.029184
0.893027 0.031297
0.902635 0.033271
0.911838 0.035103
0.920627 0.036795
0.928992 0.038346
0.936925 0.039761
0.944418 0.041043
0.951463 0.042198
0.958054 0.043230
0.964184 0.044148
0.969846 0.044957
0.975036 0.045665
0.979746 0.046279
0.983974 0.046806
0.987715 0.047254
0.990964 0.047627
0.993719 0.047933
0.995977 0.048176
0.997736 0.048360
0.998993 0.048489
0.999748 0.048566
1.000000 0.048587
