airfoil_points_477
1.000000 0.010215
0.999748 0.010267
0.998993 0.010424
0.997736 0.010685
0.995977 0.011049
0.993719 0.011514
0.990964 0.012078
0.987715 0.012739
0.983974 0.013494
0.979746 0.014340
0.975036 0.015274
0.969846 0.016291
0.964184 0.017388
0.958054 0.018560
0.951463 0.019804
0.944418 0.021114
0.936925 0.022486
0.928992 0.023917
0.920627 0.025400
0.911838 0.026932
0.902635 0.028508
0.893027 0.030124
0.883022 0.031775
0.872632 0.033459
0.861867 0.035170
0.850737 0.036906
0.839255 0.038663
0.827430 0.040437
0.815276 0.042221
0.802805 0.044002
0.790028 0.045767
0.776960 0.047504
0.763613 0.049198
0.750000 0.050833
0.736136 0.052404
0.722033 0.053926
0.707708 0.055416
0.693173 0.056896
0.678443 0.058389
0.663534 0.059921
0.648460 0.061500
0.633237 0.063116
0.617879 0.064755
0.602403 0.066403
0.586824 0.068047
0.571157 0.069673
0.555419 0.071265
0.539625 0.072808
0.523791 0.074288
0.507933 0.075688
0.492067 0.076995
0.476209 0.078193
0.460375 0.079269
0.444581 0.080209
0.428843 0.080999
0.413176 0.081628
0.397597 0.082085
0.382121 0.082359
0.366763 0.082442
0.351540 0.082325
0.336466 0.082001
0.321557 0.081464
0.306827 0.080711
0.292292 0.079738
0.277967 0.078544
0.263864 0.077128
0.250000 0.075494
0.236387 0.073688
0.223040 0.071772
0.209972 0.069809
0.197195 0.067853
0.184724 0.065958
0.172570 0.064141
0.160745 0.062392
0.149263 0.060699
0.138133 0.059052
0.127368 0.057441
0.116978 0.055857
0.106973 0.054272
0.097365 0.052659
0.088162 0.050999
0.079373 0.049276
0.071008 0.047479
0.063075 0.045600
0.055582 0.043635
0.048537 0.041582
0.041946 0.039442
0.035816 0.037217
0.030154 0.034912
0.024964 0.032532
0.020254 0.030084
0.016026 0.027573
0.012285 0.025008
0.009036 0.022395
0.006281 0.019741
0.004023 0.017054
0.002264 0.014341
0.001007 0.011615
0.000252 0.008916
0.000000 0.006903
0.000252 0.003011
0.001007 0.000327
0.002264 -0.002350
0.004023 -0.004983
0.006281 -0.007566
0.009036 -0.010098
0.012285 -0.012578
0.016026 -0.015009
0.020254 -0.017393
0.024964 -0.019729
0.030154 -0.022020
0.035816 -0.024266
0.041946 -0.026464
0.048537 -0.028614
0.055582 -0.030711
0.063075 -0.032747
0.071008 -0.034717
0.079373 -0.036607
0.088162 -0.038405
0.097365 -0.040094
0.106973 -0.041656
0.116978 -0.043067
0.127368 -0.044303
0.138133 -0.045337
0.149263 -0.046154
0.160745 -0.046743
0.172570 -0.047093
0.184724 -0.047193
0.197195 -0.047032
0.209972 -0.046600
0.223040 -0.045918
0.236387 -0.045027
0.250000 -0.043984
0.263864 -0.042854
0.277967 -0.041715
0.292292 -0.040615
0.306827 -0.039559
0.321557 -0.038549
0.336466 -0.037585
0.351540 -0.036666
0.366763 -0.035791
0.382121 -0.034958
0.397597 -0.034163
0.413176 -0.033400
0.428843 -0.032667
0.444581 -0.031956
0.460375 -0.031261
0.476209 -0.030575
0.492067 -0.029890
0.507933 -0.029200
0.523791 -0.028496
0.539625 -0.027771
0.555419 -0.027016
0.571157 -0.026223
0.586824 -0.025385
0.602403 -0.024494
0.617879 -0.023543
0.633237 -0.022526
0.648460 -0.021436
0.663534 -0.020269
0.678443 -0.019020
0.693173 -0.017705
0.707708 -0.016355
0.722033 -0.014999
0.736136 -0.013665
0.750000 -0.012378
0.763613 -0.011159
0.776960 -0.010006
0.790028 -0.008910
0.802805 -0.007861
0.815276 -0.006852
0.827430 -0.005875
0.839255 -0.004925
0.850737 -0.004000
0.861867 -0.003102
0.872632 -0.002232
0.883022 -0.001394
0.893027 -0.000589
0.902635 0.000182
0.911838 0.000918
0.920627 0.001617
0.928992 0.002279
0.936925 0.002903
0.944418 0.003488
0.951463 0.004035
0.958054 0.004544
0.964184 0.005014
0.969846 0.005445
0.975036 0.005837
0.979746 0.006191
0.983974 0.006508
0.987715 0.006786
0.990964 0.007026
0.993719 0.007229
0.995977 0.007395
0.997736 0.007524
0.998993 0.007616
0.999748 0.007671
1.000000 0.007686
