=== Airfoil Parameters ===
m = 0.02
p = 0.4
t = 0.12

=== Control Points ===
0.00000, -0.02389, -0.02389
0.06667, -0.00659, -0.01270
0.13333, 0.00945, -0.00167
0.20000, 0.01758, 0.00258
0.26667, 0.01913, 0.00135
0.66667, 0.01327, -0.00278
0.75000, 0.00553, -0.00766
0.83333, -0.00272, -0.01228
0.91667, -0.01196, -0.01713
1.00000, -0.02102, -0.02102

=== Upper Surface ===
0.00000, -0.02389
-0.00008, -0.02362
-0.00012, -0.02334
-0.00016, -0.02307
-0.00021, -0.02279
-0.00025, -0.02251
-0.00028, -0.02224
-0.00031, -0.02196
-0.00034, -0.02168
-0.00035, -0.02140
-0.00037, -0.02112
-0.00038, -0.02084
-0.00038, -0.02056
-0.00038, -0.02027
-0.00038, -0.01999
-0.00037, -0.01971
-0.00035, -0.01942
-0.00033, -0.01914
-0.00031, -0.01885
-0.00028, -0.01856
-0.00024, -0.01828
-0.00020, -0.01799
-0.00016, -0.01770
-0.00011, -0.01741
-0.00005, -0.01712
0.00001, -0.01683
0.00007, -0.01654
0.00014, -0.01624
0.00021, -0.01595
0.00029, -0.01565
0.00038, -0.01536
0.00046, -0.01506
0.00056, -0.01477
0.00066, -0.01447
0.00076, -0.01417
0.00087, -0.01387
0.00098, -0.01357
0.00110, -0.01327
0.00122, -0.01297
0.00135, -0.01267
0.00148, -0.01237
0.00161, -0.01207
0.00176, -0.01176
0.00190, -0.01146
0.00205, -0.01115
0.00221, -0.01085
0.00237, -0.01054
0.00254, -0.01023
0.00271, -0.00992
0.00288, -0.00962
0.00306, -0.00931
0.00324, -0.00899
0.00343, -0.00868
0.00363, -0.00837
0.00383, -0.00806
0.00403, -0.00775
0.00424, -0.00743
0.00445, -0.00712
0.00467, -0.00680
0.00489, -0.00648
0.00512, -0.00617
0.00535, -0.00585
0.00559, -0.00553
0.00583, -0.00521
0.00607, -0.00489
0.00632, -0.00457
0.00658, -0.00425
0.00684, -0.00392
0.00710, -0.00360
0.00737, -0.00327
0.00765, -0.00295
0.00793, -0.00262
0.00821, -0.00230
0.00850, -0.00197
0.00879, -0.00164
0.00909, -0.00131
0.00939, -0.00098
0.00970, -0.00065
0.01001, -0.00032
0.01032, 0.00001
0.01065, 0.00035
0.01097, 0.00068
0.01130, 0.00102
0.01164, 0.00135
0.01198, 0.00169
0.01232, 0.00203
0.01267, 0.00236
0.01302, 0.00270
0.01338, 0.00304
0.01375, 0.00338
0.01411, 0.00372
0.01449, 0.00407
0.01486, 0.00441
0.01525, 0.00475
0.01563, 0.00510
0.01602, 0.00544
0.01642, 0.00579
0.01682, 0.00614
0.01723, 0.00649
0.01764, 0.00684
0.01805, 0.00718
0.01847, 0.00754
0.01890, 0.00789
0.01932, 0.00824
0.01976, 0.00859
0.02020, 0.00895
0.02064, 0.00930
0.02109, 0.00966
0.02154, 0.01001
0.02200, 0.01037
0.02246, 0.01073
0.02293, 0.01109
0.02340, 0.01145
0.02388, 0.01181
0.02436, 0.01217
0.02484, 0.01253
0.02533, 0.01290
0.02583, 0.01326
0.02633, 0.01363
0.02684, 0.01399
0.02735, 0.01436
0.02786, 0.01473
0.02838, 0.01509
0.02890, 0.01546
0.02943, 0.01583
0.02997, 0.01620
0.03051, 0.01658
0.03105, 0.01695
0.03160, 0.01732
0.03215, 0.01769
0.03271, 0.01807
0.03327, 0.01845
0.03384, 0.01882
0.03441, 0.01920
0.03499, 0.01958
0.03557, 0.01996
0.03616, 0.02034
0.03675, 0.02072
0.03735, 0.02110
0.03795, 0.02148
0.03856, 0.02186
0.03917, 0.02224
0.03979, 0.02263
0.04041, 0.02301
0.04104, 0.02340
0.04167, 0.02378
0.04231, 0.02417
0.04295, 0.02456
0.04360, 0.02495
0.04425, 0.02534
0.04491, 0.02573
0.04557, 0.02612
0.04624, 0.02651
0.04691, 0.02690
0.04759, 0.02729
0.04827, 0.02768
0.04896, 0.02808
0.04965, 0.02847
0.05035, 0.02887
0.05105, 0.02926
0.05176, 0.02966
0.05247, 0.03005
0.05319, 0.03045
0.05392, 0.03085
0.05465, 0.03125
0.05538, 0.03164
0.05612, 0.03204
0.05686, 0.03244
0.05761, 0.03284
0.05837, 0.03324
0.05913, 0.03364
0.05990, 0.03404
0.06067, 0.03444
0.06144, 0.03485
0.06222, 0.03525
0.06301, 0.03565
0.06380, 0.03605
0.06460, 0.03646
0.06540, 0.03686
0.06621, 0.03726
0.06703, 0.03766
0.06785, 0.03807
0.06867, 0.03847
0.06950, 0.03888
0.07034, 0.03928
0.07118, 0.03968
0.07202, 0.04009
0.07288, 0.04049
0.07373, 0.04090
0.07460, 0.04130
0.07547, 0.04170
0.07634, 0.04211
0.07722, 0.04251
0.07811, 0.04291
0.07900, 0.04332
0.07990, 0.04372
0.08080, 0.04412
0.08171, 0.04453
0.08262, 0.04493
0.08354, 0.04533
0.08446, 0.04573
0.08540, 0.04613
0.08633, 0.04653
0.08728, 0.04693
0.08822, 0.04733
0.08918, 0.04773
0.09014, 0.04813
0.09110, 0.04853
0.09208, 0.04892
0.09305, 0.04932
0.09404, 0.04971
0.09503, 0.05011
0.09602, 0.05050
0.09702, 0.05089
0.09803, 0.05128
0.09905, 0.05168
0.10007, 0.05206
0.10109, 0.05245
0.10212, 0.05284
0.10316, 0.05323
0.10420, 0.05361
0.10525, 0.05399
0.10631, 0.05438
0.10737, 0.05476
0.10844, 0.05513
0.10952, 0.05551
0.11060, 0.05589
0.11168, 0.05626
0.11278, 0.05663
0.11388, 0.05700
0.11498, 0.05737
0.11610, 0.05774
0.11721, 0.05810
0.11834, 0.05846
0.11947, 0.05883
0.12061, 0.05918
0.12175, 0.05954
0.12290, 0.05989
0.12406, 0.06024
0.12522, 0.06059
0.12639, 0.06094
0.12756, 0.06128
0.12873, 0.06162
0.12991, 0.06195
0.13110, 0.06229
0.13229, 0.06262
0.13348, 0.06295
0.13468, 0.06327
0.13588, 0.06359
0.13709, 0.06391
0.13830, 0.06422
0.13951, 0.06454
0.14073, 0.06485
0.14195, 0.06515
0.14318, 0.06545
0.14441, 0.06575
0.14564, 0.06605
0.14688, 0.06634
0.14813, 0.06663
0.14937, 0.06692
0.15063, 0.06720
0.15188, 0.06748
0.15314, 0.06775
0.15440, 0.06803
0.15567, 0.06830
0.15694, 0.06856
0.15822, 0.06882
0.15949, 0.06908
0.16078, 0.06934
0.16206, 0.06959
0.16335, 0.06984
0.16465, 0.07008
0.16594, 0.07032
0.16725, 0.07056
0.16855, 0.07080
0.16986, 0.07103
0.17117, 0.07125
0.17249, 0.07148
0.17381, 0.07170
0.17513, 0.07191
0.17645, 0.07213
0.17778, 0.07233
0.17912, 0.07254
0.18045, 0.07274
0.18179, 0.07294
0.18313, 0.07313
0.18448, 0.07332
0.18583, 0.07351
0.18718, 0.07369
0.18854, 0.07387
0.18990, 0.07405
0.19126, 0.07422
0.19263, 0.07439
0.19400, 0.07455
0.19537, 0.07471
0.19674, 0.07487
0.19812, 0.07502
0.19950, 0.07517
0.20087, 0.07532
0.20225, 0.07546
0.20364, 0.07559
0.20502, 0.07573
0.20640, 0.07586
0.20778, 0.07599
0.20917, 0.07611
0.21055, 0.07623
0.21194, 0.07635
0.21333, 0.07646
0.21472, 0.07657
0.21610, 0.07668
0.21749, 0.07678
0.21888, 0.07688
0.22027, 0.07698
0.22166, 0.07707
0.22305, 0.07716
0.22444, 0.07725
0.22583, 0.07734
0.22722, 0.07742
0.22862, 0.07750
0.23001, 0.07758
0.23140, 0.07765
0.23279, 0.07772
0.23418, 0.07779
0.23557, 0.07786
0.23697, 0.07793
0.23836, 0.07799
0.23975, 0.07805
0.24114, 0.07811
0.24253, 0.07817
0.24392, 0.07822
0.24531, 0.07827
0.24670, 0.07832
0.24809, 0.07837
0.24948, 0.07842
0.25087, 0.07847
0.25226, 0.07851
0.25365, 0.07855
0.25504, 0.07859
0.25642, 0.07863
0.25781, 0.07867
0.25919, 0.07871
0.26058, 0.07874
0.26196, 0.07878
0.26335, 0.07881
0.26473, 0.07885
0.26611, 0.07888
0.26750, 0.07891
0.26888, 0.07894
0.27027, 0.07897
0.27166, 0.07900
0.27305, 0.07903
0.27445, 0.07906
0.27584, 0.07908
0.27724, 0.07911
0.27864, 0.07913
0.28005, 0.07916
0.28146, 0.07918
0.28286, 0.07921
0.28428, 0.07923
0.28569, 0.07925
0.28710, 0.07927
0.28852, 0.07929
0.28994, 0.07931
0.29137, 0.07933
0.29279, 0.07935
0.29422, 0.07936
0.29565, 0.07938
0.29708, 0.07939
0.29851, 0.07941
0.29995, 0.07942
0.30139, 0.07943
0.30283, 0.07945
0.30427, 0.07946
0.30572, 0.07947
0.30716, 0.07948
0.30861, 0.07949
0.31006, 0.07949
0.31151, 0.07950
0.31297, 0.07951
0.31443, 0.07951
0.31589, 0.07952
0.31735, 0.07952
0.31881, 0.07952
0.32028, 0.07953
0.32174, 0.07953
0.32321, 0.07953
0.32468, 0.07953
0.32616, 0.07953
0.32763, 0.07952
0.32911, 0.07952
0.33059, 0.07952
0.33207, 0.07951
0.33355, 0.07951
0.33504, 0.07950
0.33652, 0.07949
0.33801, 0.07948
0.33950, 0.07947
0.34099, 0.07946
0.34249, 0.07945
0.34398, 0.07944
0.34548, 0.07943
0.34698, 0.07942
0.34848, 0.07940
0.34998, 0.07939
0.35149, 0.07937
0.35299, 0.07935
0.35450, 0.07933
0.35601, 0.07932
0.35752, 0.07930
0.35903, 0.07927
0.36054, 0.07925
0.36206, 0.07923
0.36358, 0.07921
0.36510, 0.07918
0.36662, 0.07916
0.36814, 0.07913
0.36966, 0.07910
0.37119, 0.07908
0.37271, 0.07905
0.37424, 0.07902
0.37577, 0.07898
0.37730, 0.07895
0.37883, 0.07892
0.38037, 0.07889
0.38190, 0.07885
0.38344, 0.07881
0.38498, 0.07878
0.38651, 0.07874
0.38805, 0.07870
0.38960, 0.07866
0.39114, 0.07862
0.39268, 0.07858
0.39423, 0.07854
0.39578, 0.07849
0.39732, 0.07845
0.39887, 0.07840
0.40042, 0.07836
0.40198, 0.07831
0.40353, 0.07826
0.40508, 0.07821
0.40664, 0.07816
0.40820, 0.07811
0.40975, 0.07805
0.41131, 0.07800
0.41287, 0.07794
0.41443, 0.07789
0.41599, 0.07783
0.41756, 0.07777
0.41912, 0.07771
0.42069, 0.07765
0.42225, 0.07759
0.42382, 0.07753
0.42539, 0.07747
0.42695, 0.07740
0.42852, 0.07734
0.43009, 0.07727
0.43167, 0.07720
0.43324, 0.07713
0.43481, 0.07706
0.43639, 0.07699
0.43796, 0.07692
0.43954, 0.07685
0.44111, 0.07677
0.44269, 0.07670
0.44427, 0.07662
0.44585, 0.07654
0.44742, 0.07647
0.44900, 0.07639
0.45059, 0.07631
0.45217, 0.07622
0.45375, 0.07614
0.45533, 0.07606
0.45691, 0.07597
0.45850, 0.07588
0.46008, 0.07580
0.46167, 0.07571
0.46325, 0.07562
0.46484, 0.07553
0.46643, 0.07543
0.46801, 0.07534
0.46960, 0.07525
0.47119, 0.07515
0.47278, 0.07505
0.47437, 0.07496
0.47596, 0.07486
0.47755, 0.07476
0.47914, 0.07466
0.48073, 0.07455
0.48232, 0.07445
0.48391, 0.07434
0.48550, 0.07424
0.48709, 0.07413
0.48868, 0.07402
0.49028, 0.07391
0.49187, 0.07380
0.49346, 0.07369
0.49505, 0.07358
0.49665, 0.07346
0.49824, 0.07335
0.49983, 0.07323
0.50143, 0.07311
0.50302, 0.07299
0.50461, 0.07287
0.50621, 0.07275
0.50780, 0.07263
0.50940, 0.07250
0.51099, 0.07238
0.51258, 0.07225
0.51418, 0.07212
0.51577, 0.07199
0.51737, 0.07186
0.51896, 0.07173
0.52055, 0.07160
0.52215, 0.07146
0.52374, 0.07133
0.52533, 0.07119
0.52693, 0.07105
0.52852, 0.07091
0.53011, 0.07077
0.53171, 0.07063
0.53330, 0.07049
0.53489, 0.07034
0.53648, 0.07020
0.53807, 0.07005
0.53967, 0.06990
0.54126, 0.06975
0.54285, 0.06960
0.54444, 0.06945
0.54603, 0.06930
0.54762, 0.06914
0.54921, 0.06899
0.55079, 0.06883
0.55238, 0.06867
0.55397, 0.06851
0.55556, 0.06835
0.55715, 0.06819
0.55873, 0.06802
0.56032, 0.06786
0.56190, 0.06769
0.56349, 0.06753
0.56507, 0.06736
0.56666, 0.06719
0.56824, 0.06702
0.56982, 0.06684
0.57140, 0.06667
0.57298, 0.06650
0.57456, 0.06632
0.57614, 0.06614
0.57772, 0.06596
0.57930, 0.06578
0.58088, 0.06560
0.58245, 0.06542
0.58403, 0.06523
0.58560, 0.06505
0.58718, 0.06486
0.58875, 0.06467
0.59032, 0.06448
0.59190, 0.06429
0.59347, 0.06410
0.59504, 0.06391
0.59661, 0.06371
0.59817, 0.06352
0.59974, 0.06332
0.60131, 0.06312
0.60287, 0.06292
0.60443, 0.06272
0.60600, 0.06252
0.60756, 0.06231
0.60912, 0.06211
0.61068, 0.06190
0.61224, 0.06169
0.61379, 0.06148
0.61535, 0.06127
0.61691, 0.06106
0.61846, 0.06085
0.62001, 0.06063
0.62156, 0.06042
0.62311, 0.06020
0.62466, 0.05998
0.62621, 0.05976
0.62776, 0.05954
0.62930, 0.05932
0.63085, 0.05910
0.63239, 0.05887
0.63393, 0.05865
0.63547, 0.05842
0.63701, 0.05819
0.63854, 0.05796
0.64008, 0.05773
0.64161, 0.05750
0.64315, 0.05726
0.64468, 0.05703
0.64621, 0.05679
0.64773, 0.05655
0.64926, 0.05631
0.65078, 0.05607
0.65231, 0.05583
0.65383, 0.05559
0.65535, 0.05535
0.65687, 0.05510
0.65839, 0.05486
0.65990, 0.05461
0.66141, 0.05436
0.66293, 0.05411
0.66444, 0.05386
0.66594, 0.05360
0.66745, 0.05335
0.66896, 0.05309
0.67046, 0.05284
0.67196, 0.05258
0.67346, 0.05232
0.67495, 0.05206
0.67645, 0.05180
0.67794, 0.05154
0.67942, 0.05128
0.68091, 0.05101
0.68239, 0.05075
0.68387, 0.05048
0.68535, 0.05022
0.68682, 0.04995
0.68830, 0.04968
0.68977, 0.04941
0.69123, 0.04914
0.69270, 0.04887
0.69416, 0.04860
0.69562, 0.04833
0.69707, 0.04806
0.69853, 0.04778
0.69998, 0.04751
0.70143, 0.04724
0.70287, 0.04696
0.70431, 0.04669
0.70575, 0.04641
0.70719, 0.04614
0.70863, 0.04586
0.71006, 0.04558
0.71149, 0.04531
0.71291, 0.04503
0.71434, 0.04475
0.71576, 0.04447
0.71718, 0.04420
0.71859, 0.04392
0.72001, 0.04364
0.72142, 0.04336
0.72282, 0.04308
0.72423, 0.04280
0.72563, 0.04253
0.72703, 0.04225
0.72843, 0.04197
0.72982, 0.04169
0.73121, 0.04141
0.73260, 0.04113
0.73398, 0.04086
0.73537, 0.04058
0.73675, 0.04030
0.73812, 0.04002
0.73950, 0.03974
0.74087, 0.03947
0.74224, 0.03919
0.74360, 0.03891
0.74496, 0.03864
0.74632, 0.03836
0.74768, 0.03808
0.74904, 0.03781
0.75039, 0.03753
0.75174, 0.03726
0.75308, 0.03698
0.75443, 0.03671
0.75577, 0.03644
0.75710, 0.03616
0.75844, 0.03589
0.75978, 0.03562
0.76111, 0.03535
0.76244, 0.03507
0.76376, 0.03480
0.76509, 0.03453
0.76641, 0.03426
0.76773, 0.03399
0.76905, 0.03372
0.77036, 0.03345
0.77168, 0.03318
0.77299, 0.03291
0.77430, 0.03264
0.77560, 0.03237
0.77690, 0.03211
0.77820, 0.03184
0.77950, 0.03157
0.78080, 0.03130
0.78209, 0.03104
0.78338, 0.03077
0.78467, 0.03050
0.78595, 0.03024
0.78724, 0.02997
0.78852, 0.02970
0.78979, 0.02944
0.79107, 0.02917
0.79234, 0.02891
0.79361, 0.02864
0.79488, 0.02838
0.79614, 0.02811
0.79740, 0.02785
0.79866, 0.02759
0.79991, 0.02732
0.80117, 0.02706
0.80241, 0.02680
0.80366, 0.02653
0.80491, 0.02627
0.80615, 0.02601
0.80738, 0.02574
0.80862, 0.02548
0.80985, 0.02522
0.81108, 0.02496
0.81231, 0.02470
0.81353, 0.02444
0.81475, 0.02418
0.81597, 0.02391
0.81718, 0.02365
0.81840, 0.02339
0.81960, 0.02313
0.82081, 0.02287
0.82201, 0.02261
0.82321, 0.02235
0.82441, 0.02209
0.82560, 0.02183
0.82679, 0.02158
0.82798, 0.02132
0.82916, 0.02106
0.83034, 0.02080
0.83152, 0.02054
0.83269, 0.02028
0.83386, 0.02003
0.83503, 0.01977
0.83619, 0.01951
0.83736, 0.01925
0.83851, 0.01900
0.83967, 0.01874
0.84082, 0.01848
0.84196, 0.01823
0.84311, 0.01797
0.84425, 0.01772
0.84538, 0.01746
0.84652, 0.01721
0.84765, 0.01695
0.84877, 0.01670
0.84989, 0.01644
0.85101, 0.01619
0.85213, 0.01594
0.85324, 0.01568
0.85435, 0.01543
0.85545, 0.01518
0.85655, 0.01493
0.85765, 0.01468
0.85874, 0.01442
0.85983, 0.01417
0.86092, 0.01392
0.86200, 0.01367
0.86308, 0.01343
0.86415, 0.01318
0.86523, 0.01293
0.86629, 0.01268
0.86736, 0.01244
0.86842, 0.01219
0.86948, 0.01194
0.87053, 0.01170
0.87158, 0.01145
0.87262, 0.01121
0.87366, 0.01097
0.87470, 0.01072
0.87574, 0.01048
0.87677, 0.01024
0.87779, 0.01000
0.87882, 0.00976
0.87984, 0.00952
0.88085, 0.00928
0.88186, 0.00904
0.88287, 0.00880
0.88388, 0.00856
0.88488, 0.00832
0.88587, 0.00809
0.88686, 0.00785
0.88785, 0.00762
0.88884, 0.00738
0.88982, 0.00715
0.89080, 0.00692
0.89177, 0.00669
0.89274, 0.00645
0.89370, 0.00622
0.89467, 0.00599
0.89562, 0.00576
0.89658, 0.00554
0.89753, 0.00531
0.89847, 0.00508
0.89941, 0.00486
0.90035, 0.00463
0.90129, 0.00441
0.90222, 0.00418
0.90314, 0.00396
0.90406, 0.00374
0.90498, 0.00352
0.90590, 0.00330
0.90681, 0.00308
0.90771, 0.00286
0.90862, 0.00264
0.90951, 0.00242
0.91041, 0.00221
0.91130, 0.00199
0.91218, 0.00177
0.91307, 0.00156
0.91394, 0.00135
0.91482, 0.00114
0.91569, 0.00092
0.91655, 0.00071
0.91741, 0.00051
0.91827, 0.00030
0.91912, 0.00009
0.91997, -0.00012
0.92082, -0.00032
0.92166, -0.00053
0.92250, -0.00073
0.92333, -0.00094
0.92416, -0.00114
0.92498, -0.00134
0.92580, -0.00154
0.92662, -0.00174
0.92743, -0.00194
0.92824, -0.00213
0.92904, -0.00233
0.92984, -0.00253
0.93064, -0.00272
0.93143, -0.00291
0.93222, -0.00311
0.93300, -0.00330
0.93378, -0.00349
0.93455, -0.00368
0.93532, -0.00387
0.93609, -0.00405
0.93685, -0.00424
0.93761, -0.00443
0.93836, -0.00461
0.93911, -0.00480
0.93985, -0.00498
0.94059, -0.00516
0.94133, -0.00534
0.94206, -0.00552
0.94279, -0.00570
0.94351, -0.00588
0.94423, -0.00605
0.94494, -0.00623
0.94565, -0.00640
0.94636, -0.00658
0.94706, -0.00675
0.94775, -0.00692
0.94845, -0.00709
0.94914, -0.00726
0.94982, -0.00743
0.95050, -0.00759
0.95117, -0.00776
0.95184, -0.00792
0.95251, -0.00809
0.95317, -0.00825
0.95383, -0.00841
0.95448, -0.00857
0.95513, -0.00873
0.95578, -0.00889
0.95642, -0.00905
0.95705, -0.00920
0.95768, -0.00936
0.95831, -0.00951
0.95893, -0.00967
0.95955, -0.00982
0.96016, -0.00997
0.96077, -0.01012
0.96137, -0.01027
0.96197, -0.01042
0.96257, -0.01056
0.96316, -0.01071
0.96374, -0.01085
0.96433, -0.01099
0.96490, -0.01114
0.96548, -0.01128
0.96604, -0.01142
0.96661, -0.01156
0.96717, -0.01169
0.96772, -0.01183
0.96827, -0.01196
0.96882, -0.01210
0.96936, -0.01223
0.96989, -0.01236
0.97043, -0.01249
0.97095, -0.01262
0.97148, -0.01275
0.97199, -0.01288
0.97251, -0.01301
0.97302, -0.01313
0.97352, -0.01325
0.97402, -0.01338
0.97451, -0.01350
0.97500, -0.01362
0.97549, -0.01374
0.97597, -0.01386
0.97645, -0.01397
0.97692, -0.01409
0.97739, -0.01420
0.97785, -0.01432
0.97831, -0.01443
0.97876, -0.01454
0.97921, -0.01465
0.97965, -0.01476
0.98009, -0.01487
0.98053, -0.01497
0.98096, -0.01508
0.98138, -0.01518
0.98180, -0.01529
0.98222, -0.01539
0.98263, -0.01549
0.98304, -0.01559
0.98344, -0.01569
0.98384, -0.01579
0.98423, -0.01588
0.98462, -0.01598
0.98500, -0.01607
0.98538, -0.01616
0.98575, -0.01626
0.98612, -0.01635
0.98649, -0.01644
0.98685, -0.01652
0.98720, -0.01661
0.98755, -0.01670
0.98790, -0.01678
0.98824, -0.01686
0.98857, -0.01695
0.98890, -0.01703
0.98923, -0.01711
0.98955, -0.01719
0.98987, -0.01726
0.99018, -0.01734
0.99049, -0.01741
0.99079, -0.01749
0.99109, -0.01756
0.99138, -0.01763
0.99167, -0.01770
0.99195, -0.01777
0.99223, -0.01784
0.99251, -0.01791
0.99277, -0.01797
0.99304, -0.01804
0.99330, -0.01810
0.99355, -0.01816
0.99380, -0.01822
0.99405, -0.01828
0.99429, -0.01834
0.99452, -0.01840
0.99475, -0.01846
0.99498, -0.01851
0.99520, -0.01856
0.99542, -0.01862
0.99563, -0.01867
0.99583, -0.01872
0.99604, -0.01877
0.99623, -0.01882
0.99642, -0.01886
0.99661, -0.01891
0.99679, -0.01895
0.99697, -0.01900
0.99714, -0.01904
0.99731, -0.01908
0.99747, -0.01912
0.99763, -0.01916
0.99779, -0.01920
0.99793, -0.01923
0.99808, -0.01927
0.99822, -0.01930
0.99835, -0.01933
0.99848, -0.01936
0.99860, -0.01939
0.99872, -0.01942
0.99884, -0.01945
0.99895, -0.01948
0.99905, -0.01950
0.99915, -0.01953
0.99925, -0.01955
0.99934, -0.01957
0.99942, -0.01959
0.99950, -0.01961
0.99958, -0.01963
0.99965, -0.01965
0.99971, -0.01966
0.99977, -0.01968
0.99983, -0.01969
0.99988, -0.01971
0.99993, -0.01972
0.99997, -0.01973
1.00001, -0.01974
1.00004, -0.01974
1.00006, -0.01975
1.00009, -0.01976
1.00010, -0.01976
1.00012, -0.01976
1.00016, -0.01977
1.00018, -0.01977

=== Lower Surface ===
0.00000, -0.02389
0.00008, -0.02416
0.00014, -0.02443
0.00021, -0.02470
0.00029, -0.02497
0.00037, -0.02524
0.00046, -0.02550
0.00055, -0.02576
0.00065, -0.02603
0.00076, -0.02629
0.00086, -0.02655
0.00098, -0.02680
0.00110, -0.02706
0.00122, -0.02731
0.00135, -0.02757
0.00148, -0.02782
0.00162, -0.02807
0.00176, -0.02832
0.00191, -0.02856
0.00206, -0.02881
0.00222, -0.02905
0.00238, -0.02929
0.00255, -0.02953
0.00272, -0.02977
0.00290, -0.03001
0.00308, -0.03025
0.00327, -0.03048
0.00346, -0.03071
0.00366, -0.03094
0.00386, -0.03117
0.00407, -0.03140
0.00428, -0.03163
0.00450, -0.03185
0.00472, -0.03207
0.00495, -0.03230
0.00518, -0.03252
0.00542, -0.03273
0.00567, -0.03295
0.00591, -0.03317
0.00617, -0.03338
0.00642, -0.03359
0.00669, -0.03380
0.00695, -0.03401
0.00723, -0.03422
0.00750, -0.03442
0.00779, -0.03462
0.00807, -0.03482
0.00837, -0.03502
0.00867, -0.03522
0.00897, -0.03542
0.00928, -0.03561
0.00959, -0.03581
0.00991, -0.03600
0.01023, -0.03619
0.01056, -0.03638
0.01089, -0.03656
0.01123, -0.03675
0.01157, -0.03693
0.01192, -0.03711
0.01227, -0.03729
0.01263, -0.03746
0.01299, -0.03764
0.01336, -0.03781
0.01373, -0.03798
0.01411, -0.03815
0.01450, -0.03832
0.01488, -0.03849
0.01528, -0.03865
0.01567, -0.03882
0.01608, -0.03898
0.01648, -0.03914
0.01690, -0.03929
0.01731, -0.03945
0.01774, -0.03960
0.01816, -0.03975
0.01860, -0.03990
0.01903, -0.04005
0.01948, -0.04019
0.01992, -0.04034
0.02038, -0.04048
0.02083, -0.04062
0.02130, -0.04076
0.02176, -0.04089
0.02223, -0.04103
0.02271, -0.04116
0.02319, -0.04129
0.02368, -0.04142
0.02417, -0.04155
0.02467, -0.04167
0.02517, -0.04179
0.02567, -0.04191
0.02618, -0.04203
0.02670, -0.04215
0.02722, -0.04226
0.02774, -0.04238
0.02827, -0.04249
0.02881, -0.04259
0.02934, -0.04270
0.02989, -0.04281
0.03044, -0.04291
0.03099, -0.04301
0.03155, -0.04311
0.03211, -0.04320
0.03268, -0.04330
0.03325, -0.04339
0.03382, -0.04348
0.03441, -0.04357
0.03499, -0.04366
0.03558, -0.04374
0.03618, -0.04382
0.03678, -0.04390
0.03738, -0.04398
0.03799, -0.04406
0.03860, -0.04413
0.03922, -0.04420
0.03984, -0.04427
0.04047, -0.04434
0.04110, -0.04441
0.04173, -0.04447
0.04237, -0.04453
0.04302, -0.04459
0.04367, -0.04465
0.04432, -0.04471
0.04498, -0.04476
0.04564, -0.04481
0.04630, -0.04486
0.04697, -0.04491
0.04765, -0.04496
0.04833, -0.04500
0.04901, -0.04504
0.04970, -0.04508
0.05039, -0.04512
0.05109, -0.04516
0.05178, -0.04519
0.05249, -0.04522
0.05320, -0.04525
0.05391, -0.04528
0.05463, -0.04531
0.05535, -0.04533
0.05607, -0.04535
0.05680, -0.04537
0.05753, -0.04539
0.05827, -0.04541
0.05901, -0.04542
0.05975, -0.04544
0.06050, -0.04545
0.06125, -0.04546
0.06201, -0.04546
0.06277, -0.04547
0.06353, -0.04547
0.06430, -0.04547
0.06507, -0.04547
0.06584, -0.04547
0.06662, -0.04547
0.06741, -0.04546
0.06819, -0.04546
0.06898, -0.04545
0.06977, -0.04544
0.07057, -0.04542
0.07137, -0.04541
0.07217, -0.04540
0.07298, -0.04538
0.07379, -0.04536
0.07461, -0.04534
0.07542, -0.04532
0.07625, -0.04529
0.07707, -0.04527
0.07790, -0.04524
0.07873, -0.04521
0.07956, -0.04518
0.08040, -0.04515
0.08124, -0.04512
0.08209, -0.04509
0.08293, -0.04505
0.08378, -0.04501
0.08464, -0.04498
0.08549, -0.04494
0.08635, -0.04490
0.08721, -0.04485
0.08808, -0.04481
0.08895, -0.04477
0.08982, -0.04472
0.09069, -0.04467
0.09157, -0.04462
0.09245, -0.04458
0.09333, -0.04453
0.09422, -0.04447
0.09511, -0.04442
0.09600, -0.04437
0.09689, -0.04431
0.09779, -0.04426
0.09869, -0.04420
0.09959, -0.04415
0.10049, -0.04409
0.10140, -0.04403
0.10231, -0.04397
0.10322, -0.04391
0.10413, -0.04385
0.10505, -0.04379
0.10597, -0.04373
0.10689, -0.04366
0.10781, -0.04360
0.10874, -0.04354
0.10966, -0.04347
0.11059, -0.04341
0.11152, -0.04334
0.11246, -0.04328
0.11339, -0.04321
0.11433, -0.04315
0.11527, -0.04308
0.11621, -0.04301
0.11716, -0.04295
0.11810, -0.04288
0.11905, -0.04281
0.12000, -0.04275
0.12095, -0.04268
0.12190, -0.04261
0.12285, -0.04255
0.12381, -0.04248
0.12476, -0.04241
0.12572, -0.04235
0.12668, -0.04228
0.12764, -0.04221
0.12861, -0.04215
0.12957, -0.04208
0.13054, -0.04202
0.13150, -0.04196
0.13247, -0.04189
0.13344, -0.04183
0.13441, -0.04177
0.13538, -0.04171
0.13636, -0.04165
0.13733, -0.04159
0.13831, -0.04153
0.13928, -0.04147
0.14026, -0.04141
0.14124, -0.04135
0.14221, -0.04130
0.14319, -0.04124
0.14418, -0.04119
0.14516, -0.04114
0.14615, -0.04109
0.14714, -0.04103
0.14813, -0.04098
0.14912, -0.04093
0.15012, -0.04089
0.15112, -0.04084
0.15213, -0.04079
0.15313, -0.04074
0.15414, -0.04070
0.15515, -0.04065
0.15617, -0.04061
0.15719, -0.04057
0.15821, -0.04053
0.15923, -0.04048
0.16025, -0.04044
0.16128, -0.04040
0.16231, -0.04037
0.16335, -0.04033
0.16438, -0.04029
0.16542, -0.04026
0.16647, -0.04022
0.16751, -0.04019
0.16856, -0.04016
0.16961, -0.04013
0.17066, -0.04010
0.17172, -0.04007
0.17278, -0.04004
0.17384, -0.04001
0.17490, -0.03998
0.17597, -0.03996
0.17704, -0.03993
0.17811, -0.03991
0.17919, -0.03989
0.18027, -0.03987
0.18135, -0.03985
0.18244, -0.03983
0.18352, -0.03981
0.18461, -0.03980
0.18571, -0.03978
0.18680, -0.03977
0.18790, -0.03975
0.18900, -0.03974
0.19011, -0.03973
0.19121, -0.03972
0.19232, -0.03971
0.19344, -0.03971
0.19455, -0.03970
0.19567, -0.03970
0.19679, -0.03969
0.19791, -0.03969
0.19904, -0.03969
0.20017, -0.03969
0.20131, -0.03969
0.20244, -0.03969
0.20358, -0.03970
0.20472, -0.03970
0.20587, -0.03971
0.20702, -0.03972
0.20818, -0.03972
0.20934, -0.03973
0.21051, -0.03974
0.21168, -0.03975
0.21286, -0.03977
0.21404, -0.03978
0.21523, -0.03979
0.21642, -0.03981
0.21761, -0.03983
0.21881, -0.03984
0.22002, -0.03986
0.22123, -0.03988
0.22245, -0.03990
0.22367, -0.03992
0.22490, -0.03994
0.22613, -0.03996
0.22736, -0.03998
0.22861, -0.04000
0.22985, -0.04002
0.23110, -0.04004
0.23236, -0.04007
0.23362, -0.04009
0.23489, -0.04011
0.23617, -0.04014
0.23744, -0.04016
0.23873, -0.04019
0.24002, -0.04021
0.24131, -0.04023
0.24261, -0.04026
0.24391, -0.04028
0.24522, -0.04031
0.24654, -0.04033
0.24786, -0.04035
0.24919, -0.04038
0.25052, -0.04040
0.25185, -0.04042
0.25320, -0.04045
0.25454, -0.04047
0.25590, -0.04049
0.25726, -0.04051
0.25862, -0.04053
0.25999, -0.04055
0.26136, -0.04056
0.26274, -0.04058
0.26413, -0.04060
0.26552, -0.04061
0.26692, -0.04063
0.26832, -0.04064
0.26972, -0.04065
0.27112, -0.04066
0.27253, -0.04067
0.27394, -0.04068
0.27535, -0.04068
0.27676, -0.04069
0.27818, -0.04069
0.27960, -0.04070
0.28101, -0.04070
0.28244, -0.04070
0.28386, -0.04070
0.28528, -0.04070
0.28671, -0.04069
0.28814, -0.04069
0.28957, -0.04069
0.29100, -0.04068
0.29244, -0.04067
0.29388, -0.04066
0.29531, -0.04066
0.29675, -0.04065
0.29820, -0.04063
0.29964, -0.04062
0.30109, -0.04061
0.30253, -0.04059
0.30398, -0.04058
0.30543, -0.04056
0.30689, -0.04054
0.30834, -0.04052
0.30980, -0.04050
0.31125, -0.04048
0.31271, -0.04046
0.31417, -0.04044
0.31564, -0.04041
0.31710, -0.04039
0.31857, -0.04036
0.32003, -0.04034
0.32150, -0.04031
0.32297, -0.04028
0.32445, -0.04025
0.32592, -0.04022
0.32739, -0.04019
0.32887, -0.04015
0.33035, -0.04012
0.33183, -0.04009
0.33331, -0.04005
0.33479, -0.04001
0.33628, -0.03998
0.33776, -0.03994
0.33925, -0.03990
0.34074, -0.03986
0.34222, -0.03982
0.34372, -0.03978
0.34521, -0.03973
0.34670, -0.03969
0.34820, -0.03965
0.34969, -0.03960
0.35119, -0.03956
0.35269, -0.03951
0.35419, -0.03946
0.35569, -0.03941
0.35719, -0.03936
0.35869, -0.03932
0.36020, -0.03926
0.36170, -0.03921
0.36321, -0.03916
0.36472, -0.03911
0.36623, -0.03905
0.36774, -0.03900
0.36925, -0.03895
0.37076, -0.03889
0.37227, -0.03883
0.37379, -0.03878
0.37530, -0.03872
0.37682, -0.03866
0.37834, -0.03860
0.37986, -0.03854
0.38138, -0.03848
0.38290, -0.03842
0.38442, -0.03836
0.38594, -0.03830
0.38746, -0.03823
0.38899, -0.03817
0.39051, -0.03811
0.39204, -0.03804
0.39356, -0.03798
0.39509, -0.03791
0.39662, -0.03784
0.39815, -0.03778
0.39968, -0.03771
0.40121, -0.03764
0.40274, -0.03757
0.40427, -0.03750
0.40581, -0.03743
0.40734, -0.03736
0.40887, -0.03729
0.41041, -0.03722
0.41194, -0.03715
0.41348, -0.03708
0.41502, -0.03701
0.41656, -0.03694
0.41809, -0.03686
0.41963, -0.03679
0.42117, -0.03672
0.42271, -0.03664
0.42425, -0.03657
0.42579, -0.03649
0.42734, -0.03642
0.42888, -0.03634
0.43042, -0.03627
0.43196, -0.03619
0.43351, -0.03611
0.43505, -0.03604
0.43660, -0.03596
0.43814, -0.03588
0.43969, -0.03580
0.44123, -0.03573
0.44278, -0.03565
0.44433, -0.03557
0.44587, -0.03549
0.44742, -0.03541
0.44897, -0.03533
0.45052, -0.03525
0.45207, -0.03517
0.45361, -0.03509
0.45516, -0.03501
0.45671, -0.03493
0.45826, -0.03485
0.45981, -0.03477
0.46136, -0.03469
0.46291, -0.03461
0.46446, -0.03453
0.46601, -0.03445
0.46756, -0.03437
0.46911, -0.03429
0.47067, -0.03421
0.47222, -0.03413
0.47377, -0.03404
0.47532, -0.03396
0.47687, -0.03388
0.47842, -0.03380
0.47997, -0.03372
0.48153, -0.03364
0.48308, -0.03356
0.48463, -0.03347
0.48618, -0.03339
0.48773, -0.03331
0.48928, -0.03323
0.49084, -0.03315
0.49239, -0.03307
0.49394, -0.03299
0.49549, -0.03291
0.49704, -0.03282
0.49859, -0.03274
0.50015, -0.03266
0.50170, -0.03258
0.50325, -0.03250
0.50480, -0.03242
0.50635, -0.03234
0.50790, -0.03226
0.50945, -0.03218
0.51100, -0.03210
0.51255, -0.03202
0.51410, -0.03194
0.51565, -0.03186
0.51720, -0.03178
0.51875, -0.03171
0.52029, -0.03163
0.52184, -0.03155
0.52339, -0.03147
0.52494, -0.03139
0.52649, -0.03132
0.52803, -0.03124
0.52958, -0.03116
0.53112, -0.03108
0.53267, -0.03101
0.53422, -0.03093
0.53576, -0.03086
0.53730, -0.03078
0.53885, -0.03071
0.54039, -0.03063
0.54194, -0.03056
0.54348, -0.03048
0.54502, -0.03041
0.54656, -0.03034
0.54810, -0.03026
0.54964, -0.03019
0.55118, -0.03012
0.55272, -0.03005
0.55426, -0.02998
0.55580, -0.02990
0.55734, -0.02983
0.55887, -0.02976
0.56041, -0.02970
0.56195, -0.02963
0.56348, -0.02956
0.56502, -0.02949
0.56655, -0.02942
0.56808, -0.02935
0.56961, -0.02929
0.57115, -0.02922
0.57268, -0.02916
0.57421, -0.02909
0.57574, -0.02903
0.57727, -0.02896
0.57879, -0.02890
0.58032, -0.02884
0.58185, -0.02877
0.58337, -0.02871
0.58490, -0.02865
0.58642, -0.02859
0.58794, -0.02853
0.58946, -0.02847
0.59099, -0.02841
0.59251, -0.02835
0.59402, -0.02830
0.59554, -0.02824
0.59706, -0.02818
0.59858, -0.02813
0.60009, -0.02807
0.60161, -0.02802
0.60312, -0.02796
0.60463, -0.02791
0.60614, -0.02786
0.60765, -0.02781
0.60916, -0.02776
0.61067, -0.02771
0.61218, -0.02766
0.61369, -0.02761
0.61519, -0.02756
0.61669, -0.02751
0.61820, -0.02746
0.61970, -0.02742
0.62120, -0.02737
0.62270, -0.02733
0.62420, -0.02728
0.62569, -0.02724
0.62719, -0.02720
0.62869, -0.02716
0.63018, -0.02712
0.63167, -0.02708
0.63316, -0.02704
0.63465, -0.02700
0.63614, -0.02696
0.63763, -0.02692
0.63911, -0.02689
0.64060, -0.02685
0.64208, -0.02682
0.64356, -0.02678
0.64504, -0.02675
0.64652, -0.02672
0.64800, -0.02669
0.64948, -0.02666
0.65095, -0.02663
0.65243, -0.02660
0.65390, -0.02657
0.65537, -0.02654
0.65684, -0.02652
0.65831, -0.02649
0.65977, -0.02647
0.66124, -0.02644
0.66270, -0.02642
0.66416, -0.02640
0.66562, -0.02638
0.66708, -0.02636
0.66854, -0.02634
0.67000, -0.02632
0.67146, -0.02630
0.67292, -0.02629
0.67437, -0.02627
0.67583, -0.02625
0.67728, -0.02624
0.67874, -0.02623
0.68019, -0.02621
0.68164, -0.02620
0.68309, -0.02619
0.68454, -0.02618
0.68599, -0.02617
0.68744, -0.02616
0.68888, -0.02615
0.69033, -0.02614
0.69177, -0.02613
0.69321, -0.02612
0.69465, -0.02611
0.69609, -0.02610
0.69753, -0.02610
0.69897, -0.02609
0.70041, -0.02608
0.70184, -0.02608
0.70328, -0.02607
0.70471, -0.02607
0.70614, -0.02606
0.70757, -0.02606
0.70900, -0.02605
0.71042, -0.02605
0.71185, -0.02604
0.71327, -0.02604
0.71469, -0.02603
0.71611, -0.02603
0.71753, -0.02603
0.71895, -0.02602
0.72036, -0.02602
0.72178, -0.02601
0.72319, -0.02601
0.72460, -0.02601
0.72601, -0.02600
0.72742, -0.02600
0.72882, -0.02599
0.73023, -0.02599
0.73163, -0.02598
0.73303, -0.02598
0.73442, -0.02597
0.73582, -0.02597
0.73721, -0.02596
0.73861, -0.02596
0.74000, -0.02595
0.74139, -0.02595
0.74277, -0.02594
0.74416, -0.02594
0.74554, -0.02593
0.74692, -0.02592
0.74830, -0.02591
0.74967, -0.02591
0.75104, -0.02590
0.75241, -0.02589
0.75378, -0.02588
0.75514, -0.02587
0.75650, -0.02586
0.75786, -0.02585
0.75922, -0.02584
0.76057, -0.02583
0.76192, -0.02582
0.76327, -0.02581
0.76461, -0.02580
0.76595, -0.02578
0.76729, -0.02577
0.76863, -0.02576
0.76996, -0.02575
0.77129, -0.02573
0.77262, -0.02572
0.77394, -0.02571
0.77526, -0.02569
0.77658, -0.02568
0.77790, -0.02567
0.77921, -0.02565
0.78052, -0.02564
0.78182, -0.02563
0.78313, -0.02561
0.78443, -0.02560
0.78572, -0.02558
0.78702, -0.02557
0.78831, -0.02555
0.78960, -0.02554
0.79088, -0.02552
0.79217, -0.02551
0.79344, -0.02549
0.79472, -0.02548
0.79599, -0.02546
0.79726, -0.02545
0.79853, -0.02543
0.79979, -0.02542
0.80105, -0.02540
0.80231, -0.02539
0.80357, -0.02537
0.80482, -0.02536
0.80607, -0.02534
0.80731, -0.02533
0.80855, -0.02532
0.80979, -0.02530
0.81103, -0.02529
0.81226, -0.02527
0.81349, -0.02526
0.81471, -0.02524
0.81594, -0.02523
0.81716, -0.02521
0.81837, -0.02520
0.81958, -0.02519
0.82079, -0.02517
0.82200, -0.02516
0.82320, -0.02514
0.82440, -0.02513
0.82560, -0.02512
0.82679, -0.02510
0.82798, -0.02509
0.82917, -0.02508
0.83035, -0.02507
0.83153, -0.02505
0.83271, -0.02504
0.83388, -0.02503
0.83505, -0.02502
0.83622, -0.02501
0.83738, -0.02499
0.83855, -0.02498
0.83970, -0.02497
0.84086, -0.02496
0.84201, -0.02495
0.84316, -0.02494
0.84430, -0.02493
0.84544, -0.02492
0.84658, -0.02491
0.84772, -0.02490
0.84885, -0.02489
0.84997, -0.02488
0.85110, -0.02487
0.85222, -0.02486
0.85334, -0.02485
0.85445, -0.02484
0.85556, -0.02483
0.85667, -0.02482
0.85778, -0.02481
0.85888, -0.02480
0.85997, -0.02479
0.86107, -0.02478
0.86216, -0.02477
0.86324, -0.02476
0.86433, -0.02475
0.86541, -0.02474
0.86648, -0.02473
0.86756, -0.02472
0.86862, -0.02472
0.86969, -0.02471
0.87075, -0.02470
0.87181, -0.02469
0.87286, -0.02468
0.87392, -0.02467
0.87496, -0.02466
0.87601, -0.02465
0.87705, -0.02464
0.87808, -0.02464
0.87911, -0.02463
0.88014, -0.02462
0.88117, -0.02461
0.88219, -0.02460
0.88321, -0.02459
0.88422, -0.02458
0.88523, -0.02457
0.88624, -0.02456
0.88724, -0.02455
0.88824, -0.02454
0.88923, -0.02454
0.89022, -0.02453
0.89121, -0.02452
0.89219, -0.02451
0.89317, -0.02450
0.89415, -0.02449
0.89512, -0.02448
0.89609, -0.02447
0.89705, -0.02446
0.89801, -0.02445
0.89897, -0.02444
0.89992, -0.02443
0.90087, -0.02442
0.90181, -0.02441
0.90275, -0.02440
0.90369, -0.02439
0.90462, -0.02438
0.90555, -0.02437
0.90647, -0.02436
0.90739, -0.02435
0.90831, -0.02434
0.90922, -0.02433
0.91012, -0.02432
0.91103, -0.02431
0.91193, -0.02430
0.91282, -0.02429
0.91371, -0.02428
0.91460, -0.02427
0.91548, -0.02426
0.91636, -0.02424
0.91724, -0.02423
0.91811, -0.02422
0.91897, -0.02421
0.91984, -0.02420
0.92069, -0.02419
0.92155, -0.02418
0.92240, -0.02417
0.92324, -0.02415
0.92408, -0.02414
0.92492, -0.02413
0.92575, -0.02412
0.92658, -0.02411
0.92741, -0.02409
0.92823, -0.02408
0.92904, -0.02407
0.92985, -0.02406
0.93066, -0.02405
0.93146, -0.02403
0.93226, -0.02402
0.93305, -0.02401
0.93384, -0.02400
0.93463, -0.02398
0.93541, -0.02397
0.93619, -0.02396
0.93696, -0.02394
0.93772, -0.02393
0.93849, -0.02392
0.93925, -0.02391
0.94000, -0.02389
0.94075, -0.02388
0.94150, -0.02387
0.94224, -0.02385
0.94298, -0.02384
0.94371, -0.02383
0.94444, -0.02381
0.94516, -0.02380
0.94588, -0.02379
0.94659, -0.02377
0.94730, -0.02376
0.94801, -0.02374
0.94871, -0.02373
0.94940, -0.02372
0.95010, -0.02370
0.95078, -0.02369
0.95147, -0.02367
0.95215, -0.02366
0.95282, -0.02365
0.95349, -0.02363
0.95415, -0.02362
0.95481, -0.02360
0.95547, -0.02359
0.95612, -0.02358
0.95677, -0.02356
0.95741, -0.02355
0.95804, -0.02353
0.95868, -0.02352
0.95930, -0.02350
0.95993, -0.02349
0.96055, -0.02348
0.96116, -0.02346
0.96177, -0.02345
0.96237, -0.02343
0.96298, -0.02342
0.96357, -0.02340
0.96416, -0.02339
0.96475, -0.02337
0.96533, -0.02336
0.96591, -0.02335
0.96648, -0.02333
0.96704, -0.02332
0.96761, -0.02330
0.96817, -0.02329
0.96872, -0.02327
0.96927, -0.02326
0.96981, -0.02324
0.97035, -0.02323
0.97088, -0.02322
0.97141, -0.02320
0.97194, -0.02319
0.97246, -0.02317
0.97297, -0.02316
0.97348, -0.02314
0.97399, -0.02313
0.97449, -0.02312
0.97499, -0.02310
0.97548, -0.02309
0.97597, -0.02307
0.97645, -0.02306
0.97692, -0.02305
0.97740, -0.02303
0.97786, -0.02302
0.97833, -0.02301
0.97878, -0.02299
0.97924, -0.02298
0.97969, -0.02297
0.98013, -0.02295
0.98057, -0.02294
0.98100, -0.02293
0.98143, -0.02291
0.98185, -0.02290
0.98227, -0.02289
0.98269, -0.02287
0.98310, -0.02286
0.98350, -0.02285
0.98390, -0.02283
0.98430, -0.02282
0.98469, -0.02281
0.98507, -0.02280
0.98545, -0.02278
0.98583, -0.02277
0.98620, -0.02276
0.98656, -0.02275
0.98692, -0.02274
0.98728, -0.02272
0.98763, -0.02271
0.98798, -0.02270
0.98832, -0.02269
0.98865, -0.02268
0.98899, -0.02267
0.98931, -0.02266
0.98963, -0.02265
0.98995, -0.02263
0.99026, -0.02262
0.99057, -0.02261
0.99087, -0.02260
0.99117, -0.02259
0.99146, -0.02258
0.99175, -0.02257
0.99203, -0.02256
0.99231, -0.02255
0.99258, -0.02254
0.99284, -0.02253
0.99311, -0.02252
0.99336, -0.02251
0.99362, -0.02251
0.99386, -0.02250
0.99411, -0.02249
0.99434, -0.02248
0.99458, -0.02247
0.99480, -0.02246
0.99503, -0.02245
0.99524, -0.02245
0.99546, -0.02244
0.99566, -0.02243
0.99587, -0.02242
0.99606, -0.02242
0.99626, -0.02241
0.99644, -0.02240
0.99663, -0.02240
0.99681, -0.02239
0.99698, -0.02238
0.99715, -0.02238
0.99731, -0.02237
0.99747, -0.02236
0.99762, -0.02236
0.99777, -0.02235
0.99791, -0.02235
0.99805, -0.02234
0.99818, -0.02234
0.99831, -0.02233
0.99843, -0.02233
0.99855, -0.02232
0.99866, -0.02232
0.99877, -0.02231
0.99887, -0.02231
0.99897, -0.02231
0.99906, -0.02230
0.99915, -0.02230
0.99923, -0.02230
0.99931, -0.02229
0.99938, -0.02229
0.99945, -0.02229
0.99951, -0.02229
0.99957, -0.02228
0.99962, -0.02228
0.99967, -0.02228
0.99971, -0.02228
0.99975, -0.02228
0.99978, -0.02228
0.99981, -0.02227
0.99983, -0.02227
0.99985, -0.02227
0.99986, -0.02227
0.99983, -0.02227
0.99982, -0.02227
