airfoil_points_666
1.000000 -0.021052
0.999748 -0.020991
0.998993 -0.020808
0.997736 -0.020501
0.995977 -0.020067
0.993719 -0.019503
0.990964 -0.018803
0.987715 -0.017962
0.983974 -0.016975
0.979746 -0.015832
0.975036 -0.014528
0.969846 -0.013055
0.964184 -0.011403
0.958054 -0.009565
0.951463 -0.007533
0.944418 -0.005300
0.936925 -0.002858
0.928992 -0.000201
0.920627 0.002675
0.911838 0.005775
0.902635 0.009102
0.893027 0.012656
0.883022 0.016435
0.872632 0.020438
0.861867 0.024659
0.850737 0.029090
0.839255 0.033721
0.827430 0.038525
0.815276 0.043438
0.802805 0.048380
0.790028 0.053266
0.776960 0.058004
0.763613 0.062497
0.750000 0.066651
0.736136 0.070455
0.722033 0.073953
0.707708 0.077199
0.693173 0.080254
0.678443 0.083189
0.663534 0.086076
0.648460 0.088935
0.633237 0.091744
0.617879 0.094487
0.602403 0.097144
0.586824 0.099696
0.571157 0.102125
0.555419 0.104411
0.539625 0.106535
0.523791 0.108481
0.507933 0.110230
0.492067 0.111766
0.476209 0.113074
0.460375 0.114138
0.444581 0.114944
0.428843 0.115481
0.413176 0.115738
0.397597 0.115705
0.382121 0.115374
0.366763 0.114738
0.351540 0.113792
0.336466 0.112534
0.321557 0.110960
0.306827 0.109071
0.292292 0.106869
0.277967 0.104354
0.263864 0.101534
0.250000 0.098413
0.236387 0.095018
0.223040 0.091414
0.209972 0.087669
0.197195 0.083846
0.184724 0.080005
0.172570 0.076202
0.160745 0.072471
0.149263 0.068840
0.138133 0.065329
0.127368 0.061957
0.116978 0.058741
0.106973 0.055680
0.097365 0.052741
0.088162 0.049895
0.079373 0.047115
0.071008 0.044381
0.063075 0.041676
0.055582 0.038986
0.048537 0.036300
0.041946 0.033612
0.035816 0.030915
0.030154 0.028207
0.024964 0.025484
0.020254 0.022747
0.016026 0.019997
0.012285 0.017234
0.009036 0.014461
0.006281 0.011681
0.004023 0.008899
0.002264 0.006120
0.001007 0.003362
0.000252 0.000689
0.000000 -0.001112
0.000252 -0.005477
0.001007 -0.008084
0.002264 -0.010700
0.004023 -0.013261
0.006281 -0.015751
0.009036 -0.018163
0.012285 -0.020493
0.016026 -0.022739
0.020254 -0.024895
0.024964 -0.026959
0.030154 -0.028925
0.035816 -0.030786
0.041946 -0.032538
0.048537 -0.034170
0.055582 -0.035673
0.063075 -0.037035
0.071008 -0.038244
0.079373 -0.039283
0.088162 -0.040136
0.097365 -0.040783
0.106973 -0.041203
0.116978 -0.041372
0.127368 -0.041264
0.138133 -0.040850
0.149263 -0.040107
0.160745 -0.039035
0.172570 -0.037640
0.184724 -0.035933
0.197195 -0.033927
0.209972 -0.031642
0.223040 -0.029108
0.236387 -0.026376
0.250000 -0.023511
0.263864 -0.020593
0.277967 -0.017718
0.292292 -0.014978
0.306827 -0.012403
0.321557 -0.009999
0.336466 -0.007773
0.351540 -0.005728
0.366763 -0.003866
0.382121 -0.002187
0.397597 -0.000687
0.413176 0.000637
0.428843 0.001789
0.444581 0.002779
0.460375 0.003612
0.476209 0.004300
0.492067 0.004852
0.507933 0.005280
0.523791 0.005595
0.539625 0.005810
0.555419 0.005938
0.571157 0.005993
0.586824 0.005986
0.602403 0.005932
0.617879 0.005843
0.633237 0.005732
0.648460 0.005611
0.663534 0.005491
0.678443 0.005378
0.693173 0.005205
0.707708 0.004884
0.722033 0.004331
0.736136 0.003469
0.750000 0.002229
0.763613 0.000606
0.776960 -0.001286
0.790028 -0.003340
0.802805 -0.005465
0.815276 -0.007583
0.827430 -0.009626
0.839255 -0.011542
0.850737 -0.013315
0.861867 -0.014941
0.872632 -0.016417
0.883022 -0.017745
0.893027 -0.018925
0.902635 -0.019961
0.911838 -0.020859
0.920627 -0.021623
0.928992 -0.022263
0.936925 -0.022786
0.944418 -0.023202
0.951463 -0.023521
0.958054 -0.023753
0.964184 -0.023910
0.969846 -0.024002
0.975036 -0.024042
0.979746 -0.024039
0.983974 -0.024004
0.987715 -0.023947
0.990964 -0.023878
0.993719 -0.023805
0.995977 -0.023734
0.997736 -0.023673
0.998993 -0.023625
0.999748 -0.023595
1.000000 -0.023584
