airfoil_points_467
1.000000 -0.024001
0.999748 -0.023939
0.998993 -0.023753
0.997736 -0.023441
0.995977 -0.023004
0.993719 -0.022438
0.990964 -0.021742
0.987715 -0.020913
0.983974 -0.019949
0.979746 -0.018847
0.975036 -0.017605
0.969846 -0.016219
0.964184 -0.014689
0.958054 -0.013012
0.951463 -0.011187
0.944418 -0.009214
0.936925 -0.007095
0.928992 -0.004832
0.920627 -0.002428
0.911838 0.000111
0.902635 0.002779
0.893027 0.005566
0.883022 0.008462
0.872632 0.011453
0.861867 0.014526
0.850737 0.017662
0.839255 0.020842
0.827430 0.024045
0.815276 0.027250
0.802805 0.030436
0.790028 0.033578
0.776960 0.036653
0.763613 0.039633
0.750000 0.042493
0.736136 0.045222
0.722033 0.047828
0.707708 0.050323
0.693173 0.052722
0.678443 0.055043
0.663534 0.057302
0.648460 0.059505
0.633237 0.061644
0.617879 0.063712
0.602403 0.065701
0.586824 0.067606
0.571157 0.069418
0.555419 0.071132
0.539625 0.072740
0.523791 0.074236
0.507933 0.075615
0.492067 0.076870
0.476209 0.077995
0.460375 0.078986
0.444581 0.079838
0.428843 0.080547
0.413176 0.081108
0.397597 0.081518
0.382121 0.081774
0.366763 0.081873
0.351540 0.081814
0.336466 0.081595
0.321557 0.081216
0.306827 0.080675
0.292292 0.079973
0.277967 0.079111
0.263864 0.078090
0.250000 0.076913
0.236387 0.075576
0.223040 0.074079
0.209972 0.072422
0.197195 0.070605
0.184724 0.068630
0.172570 0.066508
0.160745 0.064260
0.149263 0.061904
0.138133 0.059455
0.127368 0.056929
0.116978 0.054341
0.106973 0.051701
0.097365 0.049013
0.088162 0.046283
0.079373 0.043517
0.071008 0.040718
0.063075 0.037892
0.055582 0.035043
0.048537 0.032175
0.041946 0.029293
0.035816 0.026400
0.030154 0.023499
0.024964 0.020595
0.020254 0.017690
0.016026 0.014788
0.012285 0.011892
0.009036 0.009005
0.006281 0.006132
0.004023 0.003279
0.002264 0.000454
0.001007 -0.002316
0.000252 -0.004932
0.000000 -0.006528
0.000252 -0.011485
0.001007 -0.013994
0.002264 -0.016549
0.004023 -0.019048
0.006281 -0.021465
0.009036 -0.023789
0.012285 -0.026015
0.016026 -0.028138
0.020254 -0.030155
0.024964 -0.032061
0.030154 -0.033854
0.035816 -0.035531
0.041946 -0.037088
0.048537 -0.038522
0.055582 -0.039829
0.063075 -0.041008
0.071008 -0.042056
0.079373 -0.042970
0.088162 -0.043748
0.097365 -0.044390
0.106973 -0.044894
0.116978 -0.045261
0.127368 -0.045490
0.138133 -0.045582
0.149263 -0.045543
0.160745 -0.045383
0.172570 -0.045118
0.184724 -0.044761
0.197195 -0.044334
0.209972 -0.043856
0.223040 -0.043340
0.236387 -0.042786
0.250000 -0.042195
0.263864 -0.041567
0.277967 -0.040902
0.292292 -0.040202
0.306827 -0.039472
0.321557 -0.038717
0.336466 -0.037942
0.351540 -0.037152
0.366763 -0.036351
0.382121 -0.035544
0.397597 -0.034734
0.413176 -0.033925
0.428843 -0.033121
0.444581 -0.032324
0.460375 -0.031539
0.476209 -0.030766
0.492067 -0.030009
0.507933 -0.029269
0.523791 -0.028548
0.539625 -0.027846
0.555419 -0.027166
0.571157 -0.026507
0.586824 -0.025870
0.602403 -0.025256
0.617879 -0.024663
0.633237 -0.024093
0.648460 -0.023543
0.663534 -0.023015
0.678443 -0.022507
0.693173 -0.022038
0.707708 -0.021634
0.722033 -0.021319
0.736136 -0.021114
0.750000 -0.021038
0.763613 -0.021100
0.776960 -0.021282
0.790028 -0.021562
0.802805 -0.021917
0.815276 -0.022330
0.827430 -0.022783
0.839255 -0.023260
0.850737 -0.023746
0.861867 -0.024227
0.872632 -0.024692
0.883022 -0.025129
0.893027 -0.025531
0.902635 -0.025893
0.911838 -0.026210
0.920627 -0.026480
0.928992 -0.026702
0.936925 -0.026877
0.944418 -0.027007
0.951463 -0.027094
0.958054 -0.027142
0.964184 -0.027156
0.969846 -0.027140
0.975036 -0.027100
0.979746 -0.027043
0.983974 -0.026972
0.987715 -0.026895
0.990964 -0.026816
0.993719 -0.026740
0.995977 -0.026671
0.997736 -0.026614
0.998993 -0.026571
0.999748 -0.026544
1.000000 -0.026533
