=== Airfoil Parameters ===
m = 0.02
p = 0.4
t = 0.12

=== Control Points ===
0.00000, -0.01932, -0.01932
0.06667, -0.00337, -0.00948
0.13333, 0.01351, 0.00240
0.20000, 0.02430, 0.00930
0.26667, 0.02865, 0.01087
0.66667, 0.02694, 0.01089
0.75000, 0.02498, 0.01178
0.83333, 0.02310, 0.01353
0.91667, 0.02074, 0.01557
1.00000, 0.01719, 0.01719

=== Upper Surface ===
0.00000, -0.01932
-0.00007, -0.01905
-0.00010, -0.01877
-0.00013, -0.01849
-0.00017, -0.01821
-0.00020, -0.01793
-0.00022, -0.01766
-0.00024, -0.01738
-0.00026, -0.01710
-0.00027, -0.01682
-0.00027, -0.01654
-0.00027, -0.01626
-0.00027, -0.01597
-0.00026, -0.01569
-0.00024, -0.01541
-0.00023, -0.01513
-0.00020, -0.01484
-0.00017, -0.01456
-0.00014, -0.01427
-0.00010, -0.01399
-0.00005, -0.01370
-0.00001, -0.01342
0.00005, -0.01313
0.00011, -0.01284
0.00017, -0.01255
0.00024, -0.01226
0.00031, -0.01197
0.00039, -0.01168
0.00047, -0.01139
0.00056, -0.01110
0.00065, -0.01081
0.00075, -0.01052
0.00085, -0.01023
0.00096, -0.00993
0.00107, -0.00964
0.00118, -0.00934
0.00130, -0.00905
0.00143, -0.00875
0.00156, -0.00846
0.00169, -0.00816
0.00183, -0.00786
0.00198, -0.00757
0.00213, -0.00727
0.00228, -0.00697
0.00244, -0.00667
0.00260, -0.00637
0.00277, -0.00607
0.00294, -0.00577
0.00312, -0.00546
0.00330, -0.00516
0.00349, -0.00486
0.00368, -0.00455
0.00387, -0.00425
0.00407, -0.00395
0.00428, -0.00364
0.00449, -0.00333
0.00470, -0.00303
0.00492, -0.00272
0.00514, -0.00241
0.00537, -0.00210
0.00560, -0.00179
0.00584, -0.00148
0.00608, -0.00117
0.00633, -0.00086
0.00658, -0.00055
0.00683, -0.00024
0.00709, 0.00008
0.00736, 0.00039
0.00763, 0.00070
0.00790, 0.00102
0.00818, 0.00134
0.00846, 0.00165
0.00875, 0.00197
0.00904, 0.00229
0.00934, 0.00261
0.00964, 0.00293
0.00994, 0.00325
0.01025, 0.00357
0.01057, 0.00389
0.01089, 0.00421
0.01121, 0.00453
0.01154, 0.00486
0.01187, 0.00518
0.01221, 0.00551
0.01255, 0.00583
0.01290, 0.00616
0.01325, 0.00649
0.01360, 0.00681
0.01396, 0.00714
0.01433, 0.00747
0.01470, 0.00780
0.01507, 0.00813
0.01545, 0.00846
0.01583, 0.00880
0.01622, 0.00913
0.01661, 0.00946
0.01700, 0.00980
0.01741, 0.01013
0.01781, 0.01047
0.01822, 0.01081
0.01863, 0.01115
0.01905, 0.01149
0.01948, 0.01183
0.01990, 0.01217
0.02034, 0.01251
0.02077, 0.01285
0.02122, 0.01319
0.02166, 0.01354
0.02211, 0.01388
0.02257, 0.01423
0.02303, 0.01457
0.02349, 0.01492
0.02396, 0.01527
0.02443, 0.01562
0.02491, 0.01596
0.02540, 0.01632
0.02588, 0.01667
0.02638, 0.01702
0.02687, 0.01737
0.02737, 0.01773
0.02788, 0.01808
0.02839, 0.01844
0.02890, 0.01879
0.02942, 0.01915
0.02995, 0.01951
0.03048, 0.01987
0.03101, 0.02023
0.03155, 0.02059
0.03209, 0.02095
0.03264, 0.02131
0.03319, 0.02167
0.03375, 0.02204
0.03431, 0.02240
0.03488, 0.02277
0.03545, 0.02314
0.03602, 0.02350
0.03660, 0.02387
0.03719, 0.02424
0.03778, 0.02461
0.03837, 0.02498
0.03897, 0.02535
0.03958, 0.02573
0.04018, 0.02610
0.04080, 0.02647
0.04142, 0.02685
0.04204, 0.02722
0.04267, 0.02760
0.04330, 0.02798
0.04394, 0.02836
0.04458, 0.02874
0.04523, 0.02912
0.04588, 0.02950
0.04654, 0.02988
0.04720, 0.03026
0.04787, 0.03065
0.04854, 0.03103
0.04921, 0.03141
0.04990, 0.03180
0.05058, 0.03219
0.05127, 0.03257
0.05197, 0.03296
0.05267, 0.03335
0.05338, 0.03374
0.05409, 0.03413
0.05481, 0.03452
0.05553, 0.03491
0.05625, 0.03530
0.05698, 0.03570
0.05772, 0.03609
0.05846, 0.03648
0.05921, 0.03688
0.05996, 0.03728
0.06072, 0.03767
0.06148, 0.03807
0.06224, 0.03847
0.06302, 0.03886
0.06379, 0.03926
0.06458, 0.03966
0.06536, 0.04006
0.06616, 0.04046
0.06695, 0.04086
0.06776, 0.04126
0.06856, 0.04166
0.06938, 0.04206
0.07020, 0.04247
0.07102, 0.04287
0.07185, 0.04327
0.07268, 0.04368
0.07352, 0.04408
0.07437, 0.04448
0.07522, 0.04489
0.07608, 0.04529
0.07694, 0.04570
0.07780, 0.04610
0.07868, 0.04651
0.07955, 0.04691
0.08044, 0.04732
0.08133, 0.04772
0.08222, 0.04813
0.08312, 0.04854
0.08402, 0.04894
0.08493, 0.04935
0.08585, 0.04975
0.08677, 0.05016
0.08770, 0.05057
0.08863, 0.05097
0.08957, 0.05138
0.09051, 0.05178
0.09146, 0.05219
0.09242, 0.05259
0.09338, 0.05300
0.09434, 0.05340
0.09532, 0.05380
0.09629, 0.05421
0.09728, 0.05461
0.09827, 0.05501
0.09926, 0.05542
0.10026, 0.05582
0.10127, 0.05622
0.10228, 0.05662
0.10330, 0.05702
0.10433, 0.05742
0.10536, 0.05781
0.10639, 0.05821
0.10743, 0.05861
0.10848, 0.05900
0.10954, 0.05940
0.11060, 0.05979
0.11166, 0.06018
0.11273, 0.06057
0.11381, 0.06096
0.11490, 0.06135
0.11599, 0.06174
0.11708, 0.06213
0.11818, 0.06251
0.11929, 0.06289
0.12041, 0.06327
0.12153, 0.06365
0.12266, 0.06403
0.12379, 0.06441
0.12492, 0.06478
0.12606, 0.06515
0.12721, 0.06552
0.12836, 0.06589
0.12952, 0.06626
0.13068, 0.06662
0.13184, 0.06698
0.13301, 0.06734
0.13418, 0.06770
0.13536, 0.06805
0.13654, 0.06840
0.13773, 0.06875
0.13892, 0.06910
0.14012, 0.06945
0.14132, 0.06979
0.14252, 0.07013
0.14373, 0.07047
0.14494, 0.07080
0.14616, 0.07113
0.14738, 0.07146
0.14861, 0.07179
0.14984, 0.07211
0.15107, 0.07243
0.15231, 0.07275
0.15356, 0.07307
0.15480, 0.07338
0.15605, 0.07369
0.15731, 0.07400
0.15857, 0.07431
0.15984, 0.07461
0.16110, 0.07491
0.16238, 0.07520
0.16365, 0.07550
0.16494, 0.07579
0.16622, 0.07608
0.16751, 0.07636
0.16880, 0.07664
0.17010, 0.07692
0.17140, 0.07720
0.17271, 0.07747
0.17402, 0.07774
0.17533, 0.07800
0.17665, 0.07827
0.17797, 0.07853
0.17929, 0.07878
0.18062, 0.07904
0.18196, 0.07929
0.18329, 0.07953
0.18463, 0.07978
0.18598, 0.08002
0.18733, 0.08025
0.18868, 0.08049
0.19004, 0.08072
0.19140, 0.08094
0.19276, 0.08116
0.19413, 0.08138
0.19550, 0.08160
0.19687, 0.08181
0.19824, 0.08202
0.19962, 0.08223
0.20099, 0.08243
0.20237, 0.08262
0.20375, 0.08282
0.20513, 0.08301
0.20652, 0.08320
0.20790, 0.08338
0.20929, 0.08356
0.21068, 0.08374
0.21207, 0.08391
0.21346, 0.08408
0.21485, 0.08425
0.21625, 0.08441
0.21764, 0.08457
0.21904, 0.08473
0.22044, 0.08489
0.22184, 0.08504
0.22324, 0.08518
0.22464, 0.08533
0.22604, 0.08547
0.22744, 0.08561
0.22885, 0.08575
0.23025, 0.08588
0.23166, 0.08601
0.23306, 0.08614
0.23447, 0.08627
0.23588, 0.08639
0.23729, 0.08651
0.23870, 0.08663
0.24011, 0.08674
0.24152, 0.08685
0.24293, 0.08696
0.24435, 0.08707
0.24576, 0.08718
0.24717, 0.08728
0.24859, 0.08738
0.25000, 0.08748
0.25142, 0.08757
0.25283, 0.08767
0.25425, 0.08776
0.25566, 0.08785
0.25708, 0.08794
0.25850, 0.08802
0.25991, 0.08811
0.26133, 0.08819
0.26275, 0.08827
0.26417, 0.08835
0.26559, 0.08843
0.26701, 0.08850
0.26843, 0.08858
0.26986, 0.08865
0.27128, 0.08872
0.27271, 0.08879
0.27415, 0.08886
0.27558, 0.08893
0.27702, 0.08899
0.27845, 0.08906
0.27990, 0.08912
0.28134, 0.08918
0.28278, 0.08924
0.28423, 0.08930
0.28568, 0.08935
0.28713, 0.08941
0.28858, 0.08946
0.29004, 0.08951
0.29150, 0.08956
0.29296, 0.08961
0.29442, 0.08965
0.29588, 0.08970
0.29735, 0.08974
0.29881, 0.08978
0.30028, 0.08983
0.30175, 0.08986
0.30323, 0.08990
0.30470, 0.08994
0.30618, 0.08997
0.30766, 0.09000
0.30914, 0.09004
0.31062, 0.09007
0.31210, 0.09009
0.31359, 0.09012
0.31508, 0.09015
0.31657, 0.09017
0.31806, 0.09019
0.31955, 0.09021
0.32104, 0.09023
0.32254, 0.09025
0.32404, 0.09027
0.32554, 0.09028
0.32704, 0.09029
0.32854, 0.09031
0.33005, 0.09032
0.33155, 0.09033
0.33306, 0.09033
0.33457, 0.09034
0.33608, 0.09034
0.33759, 0.09035
0.33910, 0.09035
0.34062, 0.09035
0.34213, 0.09035
0.34365, 0.09034
0.34517, 0.09034
0.34669, 0.09033
0.34822, 0.09033
0.34974, 0.09032
0.35126, 0.09031
0.35279, 0.09030
0.35432, 0.09028
0.35585, 0.09027
0.35738, 0.09025
0.35891, 0.09024
0.36044, 0.09022
0.36198, 0.09020
0.36351, 0.09018
0.36505, 0.09015
0.36658, 0.09013
0.36812, 0.09010
0.36966, 0.09008
0.37121, 0.09005
0.37275, 0.09002
0.37429, 0.08999
0.37584, 0.08995
0.37738, 0.08992
0.37893, 0.08989
0.38048, 0.08985
0.38203, 0.08981
0.38358, 0.08977
0.38513, 0.08973
0.38668, 0.08969
0.38823, 0.08965
0.38978, 0.08960
0.39134, 0.08956
0.39290, 0.08951
0.39445, 0.08946
0.39601, 0.08941
0.39757, 0.08936
0.39913, 0.08931
0.40069, 0.08925
0.40225, 0.08920
0.40381, 0.08914
0.40537, 0.08908
0.40694, 0.08903
0.40850, 0.08897
0.41007, 0.08890
0.41163, 0.08884
0.41320, 0.08878
0.41477, 0.08871
0.41633, 0.08865
0.41790, 0.08858
0.41947, 0.08851
0.42104, 0.08844
0.42261, 0.08837
0.42418, 0.08830
0.42575, 0.08822
0.42733, 0.08815
0.42890, 0.08807
0.43047, 0.08800
0.43205, 0.08792
0.43362, 0.08784
0.43520, 0.08776
0.43677, 0.08768
0.43835, 0.08759
0.43992, 0.08751
0.44150, 0.08742
0.44308, 0.08734
0.44465, 0.08725
0.44623, 0.08716
0.44781, 0.08707
0.44939, 0.08698
0.45097, 0.08689
0.45255, 0.08680
0.45413, 0.08670
0.45571, 0.08661
0.45729, 0.08651
0.45887, 0.08642
0.46045, 0.08632
0.46203, 0.08622
0.46361, 0.08612
0.46519, 0.08602
0.46677, 0.08592
0.46836, 0.08581
0.46994, 0.08571
0.47152, 0.08560
0.47310, 0.08550
0.47468, 0.08539
0.47627, 0.08528
0.47785, 0.08517
0.47943, 0.08506
0.48101, 0.08495
0.48260, 0.08484
0.48418, 0.08473
0.48576, 0.08461
0.48734, 0.08450
0.48893, 0.08438
0.49051, 0.08426
0.49209, 0.08415
0.49367, 0.08403
0.49526, 0.08391
0.49684, 0.08379
0.49842, 0.08367
0.50000, 0.08355
0.50158, 0.08342
0.50316, 0.08330
0.50475, 0.08317
0.50633, 0.08305
0.50791, 0.08292
0.50949, 0.08280
0.51107, 0.08267
0.51265, 0.08254
0.51423, 0.08241
0.51581, 0.08228
0.51739, 0.08215
0.51897, 0.08202
0.52055, 0.08188
0.52212, 0.08175
0.52370, 0.08162
0.52528, 0.08148
0.52686, 0.08134
0.52843, 0.08121
0.53001, 0.08107
0.53158, 0.08093
0.53316, 0.08079
0.53473, 0.08065
0.53631, 0.08051
0.53788, 0.08037
0.53946, 0.08023
0.54103, 0.08009
0.54260, 0.07995
0.54417, 0.07980
0.54574, 0.07966
0.54732, 0.07952
0.54889, 0.07937
0.55045, 0.07922
0.55202, 0.07908
0.55359, 0.07893
0.55516, 0.07878
0.55673, 0.07863
0.55829, 0.07848
0.55986, 0.07833
0.56142, 0.07818
0.56298, 0.07803
0.56455, 0.07788
0.56611, 0.07773
0.56767, 0.07758
0.56923, 0.07742
0.57079, 0.07727
0.57235, 0.07712
0.57391, 0.07696
0.57547, 0.07681
0.57702, 0.07665
0.57858, 0.07649
0.58013, 0.07634
0.58169, 0.07618
0.58324, 0.07602
0.58479, 0.07587
0.58634, 0.07571
0.58789, 0.07555
0.58944, 0.07539
0.59099, 0.07523
0.59254, 0.07507
0.59408, 0.07491
0.59563, 0.07475
0.59717, 0.07458
0.59871, 0.07442
0.60026, 0.07426
0.60180, 0.07410
0.60334, 0.07393
0.60487, 0.07377
0.60641, 0.07361
0.60795, 0.07344
0.60948, 0.07328
0.61102, 0.07311
0.61255, 0.07295
0.61408, 0.07278
0.61561, 0.07261
0.61714, 0.07245
0.61867, 0.07228
0.62019, 0.07211
0.62172, 0.07195
0.62324, 0.07178
0.62476, 0.07161
0.62628, 0.07144
0.62780, 0.07128
0.62932, 0.07111
0.63084, 0.07094
0.63236, 0.07077
0.63387, 0.07060
0.63538, 0.07043
0.63689, 0.07026
0.63840, 0.07009
0.63991, 0.06992
0.64142, 0.06975
0.64292, 0.06958
0.64443, 0.06941
0.64593, 0.06924
0.64743, 0.06907
0.64893, 0.06889
0.65043, 0.06872
0.65193, 0.06855
0.65342, 0.06838
0.65491, 0.06821
0.65640, 0.06803
0.65789, 0.06786
0.65938, 0.06769
0.66087, 0.06752
0.66235, 0.06734
0.66384, 0.06717
0.66532, 0.06700
0.66680, 0.06682
0.66828, 0.06665
0.66975, 0.06648
0.67123, 0.06630
0.67270, 0.06613
0.67417, 0.06596
0.67564, 0.06578
0.67711, 0.06561
0.67858, 0.06544
0.68004, 0.06526
0.68150, 0.06509
0.68297, 0.06492
0.68443, 0.06474
0.68588, 0.06457
0.68734, 0.06439
0.68879, 0.06422
0.69024, 0.06404
0.69169, 0.06387
0.69314, 0.06370
0.69459, 0.06352
0.69603, 0.06335
0.69747, 0.06317
0.69891, 0.06300
0.70035, 0.06283
0.70179, 0.06265
0.70322, 0.06248
0.70466, 0.06230
0.70609, 0.06213
0.70751, 0.06195
0.70894, 0.06178
0.71036, 0.06161
0.71179, 0.06143
0.71321, 0.06126
0.71462, 0.06108
0.71604, 0.06091
0.71745, 0.06073
0.71887, 0.06056
0.72028, 0.06039
0.72168, 0.06021
0.72309, 0.06004
0.72449, 0.05986
0.72589, 0.05969
0.72729, 0.05952
0.72869, 0.05934
0.73008, 0.05917
0.73147, 0.05900
0.73286, 0.05882
0.73425, 0.05865
0.73563, 0.05848
0.73702, 0.05830
0.73840, 0.05813
0.73977, 0.05796
0.74115, 0.05778
0.74252, 0.05761
0.74389, 0.05744
0.74526, 0.05726
0.74663, 0.05709
0.74799, 0.05692
0.74935, 0.05675
0.75071, 0.05657
0.75207, 0.05640
0.75342, 0.05623
0.75477, 0.05606
0.75612, 0.05589
0.75747, 0.05571
0.75881, 0.05554
0.76015, 0.05537
0.76149, 0.05520
0.76283, 0.05503
0.76416, 0.05486
0.76549, 0.05469
0.76682, 0.05451
0.76815, 0.05434
0.76947, 0.05417
0.77079, 0.05400
0.77211, 0.05383
0.77343, 0.05366
0.77474, 0.05349
0.77605, 0.05332
0.77736, 0.05315
0.77866, 0.05298
0.77997, 0.05281
0.78127, 0.05264
0.78256, 0.05247
0.78386, 0.05230
0.78515, 0.05213
0.78644, 0.05197
0.78772, 0.05180
0.78901, 0.05163
0.79029, 0.05146
0.79157, 0.05129
0.79284, 0.05112
0.79411, 0.05095
0.79538, 0.05079
0.79665, 0.05062
0.79791, 0.05045
0.79917, 0.05028
0.80043, 0.05011
0.80168, 0.04995
0.80293, 0.04978
0.80418, 0.04961
0.80543, 0.04944
0.80667, 0.04928
0.80791, 0.04911
0.80915, 0.04894
0.81038, 0.04878
0.81161, 0.04861
0.81284, 0.04844
0.81407, 0.04828
0.81529, 0.04811
0.81651, 0.04795
0.81772, 0.04778
0.81893, 0.04762
0.82014, 0.04745
0.82135, 0.04729
0.82255, 0.04712
0.82375, 0.04696
0.82495, 0.04679
0.82614, 0.04663
0.82733, 0.04646
0.82852, 0.04630
0.82970, 0.04613
0.83088, 0.04597
0.83206, 0.04581
0.83323, 0.04564
0.83440, 0.04548
0.83557, 0.04532
0.83673, 0.04515
0.83790, 0.04499
0.83905, 0.04483
0.84021, 0.04467
0.84136, 0.04450
0.84250, 0.04434
0.84365, 0.04418
0.84479, 0.04402
0.84593, 0.04386
0.84706, 0.04370
0.84819, 0.04354
0.84932, 0.04338
0.85044, 0.04321
0.85156, 0.04305
0.85268, 0.04289
0.85379, 0.04273
0.85490, 0.04257
0.85601, 0.04242
0.85711, 0.04226
0.85821, 0.04210
0.85930, 0.04194
0.86040, 0.04178
0.86148, 0.04162
0.86257, 0.04146
0.86365, 0.04131
0.86473, 0.04115
0.86580, 0.04099
0.86687, 0.04083
0.86794, 0.04068
0.86900, 0.04052
0.87006, 0.04036
0.87112, 0.04021
0.87217, 0.04005
0.87322, 0.03990
0.87426, 0.03974
0.87531, 0.03959
0.87634, 0.03943
0.87738, 0.03928
0.87841, 0.03912
0.87943, 0.03897
0.88046, 0.03882
0.88147, 0.03866
0.88249, 0.03851
0.88350, 0.03836
0.88451, 0.03820
0.88551, 0.03805
0.88651, 0.03790
0.88751, 0.03775
0.88850, 0.03760
0.88949, 0.03745
0.89047, 0.03730
0.89145, 0.03714
0.89243, 0.03699
0.89340, 0.03685
0.89437, 0.03670
0.89534, 0.03655
0.89630, 0.03640
0.89725, 0.03625
0.89821, 0.03610
0.89916, 0.03595
0.90010, 0.03581
0.90104, 0.03566
0.90198, 0.03551
0.90291, 0.03537
0.90384, 0.03522
0.90477, 0.03508
0.90569, 0.03493
0.90661, 0.03479
0.90752, 0.03464
0.90843, 0.03450
0.90933, 0.03435
0.91024, 0.03421
0.91113, 0.03407
0.91203, 0.03393
0.91291, 0.03378
0.91380, 0.03364
0.91468, 0.03350
0.91556, 0.03336
0.91643, 0.03322
0.91730, 0.03308
0.91816, 0.03294
0.91902, 0.03280
0.91988, 0.03266
0.92073, 0.03252
0.92158, 0.03239
0.92242, 0.03225
0.92326, 0.03211
0.92409, 0.03198
0.92493, 0.03184
0.92575, 0.03170
0.92657, 0.03157
0.92739, 0.03143
0.92821, 0.03130
0.92902, 0.03117
0.92982, 0.03103
0.93062, 0.03090
0.93142, 0.03077
0.93221, 0.03064
0.93300, 0.03050
0.93378, 0.03037
0.93456, 0.03024
0.93534, 0.03011
0.93611, 0.02998
0.93688, 0.02986
0.93764, 0.02973
0.93840, 0.02960
0.93915, 0.02947
0.93990, 0.02935
0.94065, 0.02922
0.94139, 0.02909
0.94212, 0.02897
0.94285, 0.02885
0.94358, 0.02872
0.94430, 0.02860
0.94502, 0.02848
0.94574, 0.02835
0.94645, 0.02823
0.94715, 0.02811
0.94785, 0.02799
0.94855, 0.02787
0.94924, 0.02775
0.94993, 0.02763
0.95061, 0.02751
0.95129, 0.02740
0.95197, 0.02728
0.95264, 0.02716
0.95330, 0.02705
0.95396, 0.02693
0.95462, 0.02682
0.95527, 0.02670
0.95592, 0.02659
0.95656, 0.02648
0.95720, 0.02636
0.95783, 0.02625
0.95846, 0.02614
0.95909, 0.02603
0.95971, 0.02592
0.96032, 0.02581
0.96093, 0.02571
0.96154, 0.02560
0.96214, 0.02549
0.96274, 0.02539
0.96333, 0.02528
0.96392, 0.02518
0.96451, 0.02507
0.96508, 0.02497
0.96566, 0.02486
0.96623, 0.02476
0.96679, 0.02466
0.96735, 0.02456
0.96791, 0.02446
0.96846, 0.02436
0.96901, 0.02426
0.96955, 0.02416
0.97009, 0.02407
0.97062, 0.02397
0.97115, 0.02388
0.97167, 0.02378
0.97219, 0.02369
0.97271, 0.02359
0.97322, 0.02350
0.97372, 0.02341
0.97422, 0.02332
0.97472, 0.02323
0.97521, 0.02314
0.97569, 0.02305
0.97618, 0.02296
0.97665, 0.02287
0.97712, 0.02278
0.97759, 0.02270
0.97805, 0.02261
0.97851, 0.02253
0.97897, 0.02245
0.97941, 0.02236
0.97986, 0.02228
0.98030, 0.02220
0.98073, 0.02212
0.98116, 0.02204
0.98159, 0.02196
0.98201, 0.02188
0.98242, 0.02181
0.98283, 0.02173
0.98324, 0.02165
0.98364, 0.02158
0.98404, 0.02150
0.98443, 0.02143
0.98481, 0.02136
0.98520, 0.02129
0.98557, 0.02122
0.98595, 0.02115
0.98631, 0.02108
0.98668, 0.02101
0.98703, 0.02094
0.98739, 0.02088
0.98774, 0.02081
0.98808, 0.02075
0.98842, 0.02068
0.98875, 0.02062
0.98908, 0.02056
0.98941, 0.02049
0.98973, 0.02043
0.99004, 0.02037
0.99035, 0.02032
0.99066, 0.02026
0.99096, 0.02020
0.99125, 0.02014
0.99154, 0.02009
0.99183, 0.02004
0.99211, 0.01998
0.99238, 0.01993
0.99266, 0.01988
0.99292, 0.01983
0.99318, 0.01978
0.99344, 0.01973
0.99369, 0.01968
0.99394, 0.01963
0.99418, 0.01959
0.99442, 0.01954
0.99465, 0.01950
0.99488, 0.01945
0.99510, 0.01941
0.99532, 0.01937
0.99553, 0.01933
0.99574, 0.01929
0.99594, 0.01925
0.99614, 0.01921
0.99634, 0.01917
0.99652, 0.01914
0.99671, 0.01910
0.99689, 0.01907
0.99706, 0.01903
0.99723, 0.01900
0.99739, 0.01897
0.99755, 0.01894
0.99771, 0.01891
0.99786, 0.01888
0.99800, 0.01885
0.99814, 0.01882
0.99828, 0.01880
0.99841, 0.01877
0.99853, 0.01875
0.99865, 0.01873
0.99877, 0.01870
0.99888, 0.01868
0.99898, 0.01866
0.99908, 0.01864
0.99918, 0.01862
0.99927, 0.01861
0.99936, 0.01859
0.99944, 0.01857
0.99951, 0.01856
0.99959, 0.01855
0.99965, 0.01853
0.99971, 0.01852
0.99977, 0.01851
0.99982, 0.01850
0.99987, 0.01849
0.99991, 0.01848
0.99995, 0.01848
0.99998, 0.01847
1.00000, 0.01846
1.00003, 0.01846
1.00004, 0.01846
1.00006, 0.01845
1.00009, 0.01845
1.00009, 0.01845

=== Lower Surface ===
0.00000, -0.01932
0.00007, -0.01959
0.00012, -0.01986
0.00018, -0.02014
0.00025, -0.02041
0.00032, -0.02068
0.00040, -0.02094
0.00049, -0.02121
0.00058, -0.02148
0.00067, -0.02174
0.00077, -0.02200
0.00087, -0.02226
0.00098, -0.02252
0.00109, -0.02278
0.00121, -0.02304
0.00134, -0.02330
0.00147, -0.02355
0.00160, -0.02380
0.00174, -0.02406
0.00188, -0.02431
0.00203, -0.02456
0.00219, -0.02480
0.00234, -0.02505
0.00251, -0.02529
0.00268, -0.02554
0.00285, -0.02578
0.00303, -0.02602
0.00321, -0.02626
0.00340, -0.02650
0.00360, -0.02673
0.00380, -0.02697
0.00400, -0.02720
0.00421, -0.02743
0.00442, -0.02766
0.00464, -0.02789
0.00487, -0.02812
0.00510, -0.02835
0.00533, -0.02857
0.00557, -0.02880
0.00582, -0.02902
0.00607, -0.02924
0.00632, -0.02946
0.00658, -0.02967
0.00685, -0.02989
0.00712, -0.03010
0.00740, -0.03031
0.00768, -0.03053
0.00796, -0.03074
0.00825, -0.03094
0.00855, -0.03115
0.00885, -0.03135
0.00916, -0.03156
0.00947, -0.03176
0.00979, -0.03196
0.01011, -0.03216
0.01043, -0.03235
0.01077, -0.03255
0.01110, -0.03274
0.01145, -0.03293
0.01179, -0.03312
0.01215, -0.03331
0.01250, -0.03350
0.01287, -0.03368
0.01323, -0.03386
0.01361, -0.03404
0.01399, -0.03422
0.01437, -0.03440
0.01476, -0.03458
0.01515, -0.03475
0.01555, -0.03492
0.01595, -0.03509
0.01636, -0.03526
0.01678, -0.03543
0.01719, -0.03559
0.01762, -0.03576
0.01805, -0.03592
0.01848, -0.03608
0.01892, -0.03624
0.01937, -0.03639
0.01982, -0.03655
0.02027, -0.03670
0.02073, -0.03685
0.02119, -0.03700
0.02166, -0.03714
0.02214, -0.03729
0.02262, -0.03743
0.02310, -0.03757
0.02359, -0.03771
0.02409, -0.03785
0.02459, -0.03798
0.02509, -0.03811
0.02560, -0.03825
0.02611, -0.03837
0.02663, -0.03850
0.02716, -0.03863
0.02769, -0.03875
0.02822, -0.03887
0.02876, -0.03899
0.02930, -0.03911
0.02985, -0.03922
0.03041, -0.03933
0.03096, -0.03944
0.03153, -0.03955
0.03210, -0.03966
0.03267, -0.03976
0.03325, -0.03986
0.03383, -0.03997
0.03442, -0.04006
0.03501, -0.04016
0.03561, -0.04025
0.03621, -0.04034
0.03682, -0.04043
0.03743, -0.04052
0.03804, -0.04061
0.03866, -0.04069
0.03929, -0.04077
0.03992, -0.04085
0.04055, -0.04093
0.04119, -0.04100
0.04184, -0.04107
0.04248, -0.04115
0.04314, -0.04121
0.04379, -0.04128
0.04446, -0.04134
0.04512, -0.04141
0.04579, -0.04146
0.04647, -0.04152
0.04715, -0.04158
0.04783, -0.04163
0.04852, -0.04168
0.04922, -0.04173
0.04991, -0.04178
0.05062, -0.04182
0.05132, -0.04186
0.05203, -0.04190
0.05275, -0.04194
0.05347, -0.04198
0.05419, -0.04201
0.05492, -0.04204
0.05565, -0.04207
0.05639, -0.04210
0.05713, -0.04212
0.05787, -0.04215
0.05862, -0.04217
0.05938, -0.04219
0.06013, -0.04220
0.06089, -0.04222
0.06166, -0.04223
0.06243, -0.04224
0.06320, -0.04225
0.06398, -0.04225
0.06476, -0.04226
0.06555, -0.04226
0.06633, -0.04226
0.06713, -0.04226
0.06792, -0.04225
0.06872, -0.04225
0.06953, -0.04224
0.07034, -0.04223
0.07115, -0.04222
0.07197, -0.04220
0.07278, -0.04219
0.07361, -0.04217
0.07443, -0.04215
0.07527, -0.04213
0.07610, -0.04210
0.07694, -0.04208
0.07778, -0.04205
0.07862, -0.04202
0.07947, -0.04199
0.08032, -0.04196
0.08118, -0.04192
0.08204, -0.04189
0.08290, -0.04185
0.08376, -0.04181
0.08463, -0.04177
0.08550, -0.04172
0.08638, -0.04168
0.08726, -0.04163
0.08814, -0.04158
0.08902, -0.04153
0.08991, -0.04148
0.09080, -0.04143
0.09169, -0.04137
0.09259, -0.04131
0.09349, -0.04126
0.09439, -0.04120
0.09530, -0.04114
0.09621, -0.04107
0.09712, -0.04101
0.09803, -0.04094
0.09895, -0.04088
0.09987, -0.04081
0.10080, -0.04074
0.10172, -0.04067
0.10265, -0.04060
0.10358, -0.04053
0.10451, -0.04045
0.10545, -0.04038
0.10639, -0.04030
0.10733, -0.04023
0.10827, -0.04015
0.10922, -0.04007
0.11017, -0.03999
0.11112, -0.03991
0.11207, -0.03982
0.11303, -0.03974
0.11399, -0.03966
0.11495, -0.03957
0.11591, -0.03949
0.11687, -0.03940
0.11784, -0.03932
0.11881, -0.03923
0.11978, -0.03914
0.12075, -0.03905
0.12173, -0.03897
0.12270, -0.03888
0.12368, -0.03879
0.12466, -0.03870
0.12564, -0.03861
0.12663, -0.03852
0.12761, -0.03842
0.12860, -0.03833
0.12959, -0.03824
0.13058, -0.03815
0.13157, -0.03806
0.13257, -0.03797
0.13356, -0.03788
0.13456, -0.03779
0.13556, -0.03769
0.13656, -0.03760
0.13756, -0.03751
0.13856, -0.03742
0.13956, -0.03733
0.14057, -0.03724
0.14157, -0.03715
0.14258, -0.03706
0.14359, -0.03697
0.14460, -0.03688
0.14561, -0.03680
0.14662, -0.03671
0.14764, -0.03662
0.14866, -0.03653
0.14968, -0.03645
0.15071, -0.03636
0.15173, -0.03628
0.15276, -0.03619
0.15380, -0.03610
0.15483, -0.03602
0.15587, -0.03593
0.15691, -0.03585
0.15795, -0.03577
0.15899, -0.03568
0.16004, -0.03560
0.16109, -0.03552
0.16214, -0.03544
0.16320, -0.03535
0.16426, -0.03527
0.16532, -0.03519
0.16638, -0.03511
0.16744, -0.03503
0.16851, -0.03496
0.16958, -0.03488
0.17065, -0.03480
0.17172, -0.03472
0.17280, -0.03465
0.17388, -0.03457
0.17496, -0.03450
0.17605, -0.03442
0.17713, -0.03435
0.17822, -0.03428
0.17931, -0.03421
0.18041, -0.03413
0.18150, -0.03406
0.18260, -0.03400
0.18370, -0.03393
0.18480, -0.03386
0.18591, -0.03379
0.18702, -0.03373
0.18813, -0.03366
0.18924, -0.03360
0.19035, -0.03353
0.19147, -0.03347
0.19259, -0.03341
0.19371, -0.03335
0.19483, -0.03329
0.19596, -0.03323
0.19709, -0.03317
0.19822, -0.03312
0.19935, -0.03306
0.20049, -0.03301
0.20162, -0.03295
0.20276, -0.03290
0.20390, -0.03285
0.20505, -0.03280
0.20620, -0.03275
0.20735, -0.03270
0.20850, -0.03265
0.20966, -0.03261
0.21082, -0.03256
0.21199, -0.03252
0.21316, -0.03247
0.21433, -0.03243
0.21551, -0.03239
0.21669, -0.03235
0.21788, -0.03231
0.21907, -0.03227
0.22026, -0.03223
0.22146, -0.03219
0.22266, -0.03216
0.22387, -0.03212
0.22508, -0.03208
0.22630, -0.03205
0.22752, -0.03201
0.22874, -0.03198
0.22997, -0.03195
0.23120, -0.03191
0.23244, -0.03188
0.23368, -0.03185
0.23493, -0.03182
0.23618, -0.03179
0.23743, -0.03176
0.23869, -0.03173
0.23995, -0.03170
0.24122, -0.03167
0.24249, -0.03164
0.24377, -0.03161
0.24505, -0.03158
0.24633, -0.03155
0.24762, -0.03152
0.24892, -0.03150
0.25022, -0.03147
0.25152, -0.03144
0.25283, -0.03141
0.25414, -0.03138
0.25545, -0.03136
0.25678, -0.03133
0.25810, -0.03130
0.25943, -0.03127
0.26076, -0.03124
0.26210, -0.03121
0.26345, -0.03118
0.26479, -0.03115
0.26615, -0.03112
0.26750, -0.03109
0.26886, -0.03106
0.27023, -0.03103
0.27159, -0.03100
0.27296, -0.03097
0.27433, -0.03094
0.27571, -0.03090
0.27708, -0.03087
0.27846, -0.03084
0.27984, -0.03080
0.28122, -0.03077
0.28261, -0.03073
0.28400, -0.03070
0.28539, -0.03066
0.28678, -0.03063
0.28817, -0.03059
0.28957, -0.03055
0.29096, -0.03051
0.29236, -0.03048
0.29377, -0.03044
0.29517, -0.03040
0.29658, -0.03036
0.29798, -0.03032
0.29939, -0.03028
0.30081, -0.03024
0.30222, -0.03020
0.30364, -0.03016
0.30506, -0.03012
0.30648, -0.03008
0.30790, -0.03004
0.30932, -0.02999
0.31075, -0.02995
0.31218, -0.02991
0.31361, -0.02986
0.31504, -0.02982
0.31647, -0.02978
0.31791, -0.02973
0.31935, -0.02969
0.32079, -0.02964
0.32223, -0.02960
0.32367, -0.02955
0.32512, -0.02950
0.32657, -0.02946
0.32801, -0.02941
0.32946, -0.02936
0.33092, -0.02932
0.33237, -0.02927
0.33383, -0.02922
0.33528, -0.02917
0.33674, -0.02912
0.33821, -0.02907
0.33967, -0.02902
0.34113, -0.02898
0.34260, -0.02893
0.34407, -0.02887
0.34554, -0.02882
0.34701, -0.02877
0.34848, -0.02872
0.34995, -0.02867
0.35143, -0.02862
0.35291, -0.02857
0.35439, -0.02851
0.35587, -0.02846
0.35735, -0.02841
0.35883, -0.02835
0.36032, -0.02830
0.36181, -0.02825
0.36329, -0.02819
0.36478, -0.02814
0.36628, -0.02808
0.36777, -0.02803
0.36926, -0.02797
0.37076, -0.02792
0.37225, -0.02786
0.37375, -0.02780
0.37525, -0.02775
0.37675, -0.02769
0.37826, -0.02763
0.37976, -0.02758
0.38127, -0.02752
0.38277, -0.02746
0.38428, -0.02740
0.38579, -0.02734
0.38730, -0.02729
0.38881, -0.02723
0.39032, -0.02717
0.39184, -0.02711
0.39335, -0.02705
0.39487, -0.02699
0.39639, -0.02693
0.39790, -0.02687
0.39942, -0.02681
0.40095, -0.02675
0.40247, -0.02668
0.40399, -0.02662
0.40552, -0.02656
0.40704, -0.02650
0.40857, -0.02644
0.41010, -0.02637
0.41162, -0.02631
0.41315, -0.02625
0.41468, -0.02619
0.41622, -0.02612
0.41775, -0.02606
0.41928, -0.02599
0.42082, -0.02593
0.42235, -0.02587
0.42389, -0.02580
0.42543, -0.02574
0.42696, -0.02567
0.42850, -0.02560
0.43004, -0.02554
0.43158, -0.02547
0.43313, -0.02541
0.43467, -0.02534
0.43621, -0.02527
0.43776, -0.02521
0.43930, -0.02514
0.44085, -0.02507
0.44239, -0.02501
0.44394, -0.02494
0.44549, -0.02487
0.44704, -0.02480
0.44858, -0.02473
0.45013, -0.02466
0.45168, -0.02459
0.45324, -0.02453
0.45479, -0.02446
0.45634, -0.02439
0.45789, -0.02432
0.45945, -0.02425
0.46100, -0.02418
0.46256, -0.02411
0.46411, -0.02404
0.46567, -0.02396
0.46722, -0.02389
0.46878, -0.02382
0.47034, -0.02375
0.47189, -0.02368
0.47345, -0.02361
0.47501, -0.02353
0.47657, -0.02346
0.47813, -0.02339
0.47969, -0.02332
0.48125, -0.02324
0.48281, -0.02317
0.48437, -0.02309
0.48593, -0.02302
0.48749, -0.02295
0.48905, -0.02287
0.49061, -0.02280
0.49218, -0.02272
0.49374, -0.02265
0.49530, -0.02257
0.49686, -0.02250
0.49843, -0.02242
0.49999, -0.02235
0.50155, -0.02227
0.50312, -0.02219
0.50468, -0.02212
0.50624, -0.02204
0.50781, -0.02196
0.50937, -0.02189
0.51093, -0.02181
0.51250, -0.02173
0.51406, -0.02165
0.51563, -0.02158
0.51719, -0.02150
0.51875, -0.02142
0.52032, -0.02134
0.52188, -0.02126
0.52345, -0.02118
0.52501, -0.02110
0.52657, -0.02102
0.52814, -0.02094
0.52970, -0.02086
0.53126, -0.02078
0.53283, -0.02070
0.53439, -0.02062
0.53595, -0.02054
0.53751, -0.02046
0.53908, -0.02038
0.54064, -0.02030
0.54220, -0.02021
0.54376, -0.02013
0.54532, -0.02005
0.54688, -0.01997
0.54844, -0.01989
0.55000, -0.01980
0.55156, -0.01972
0.55312, -0.01964
0.55468, -0.01955
0.55624, -0.01947
0.55780, -0.01938
0.55936, -0.01930
0.56091, -0.01922
0.56247, -0.01913
0.56403, -0.01905
0.56558, -0.01896
0.56714, -0.01887
0.56869, -0.01879
0.57025, -0.01870
0.57180, -0.01862
0.57335, -0.01853
0.57491, -0.01844
0.57646, -0.01836
0.57801, -0.01827
0.57956, -0.01818
0.58111, -0.01810
0.58266, -0.01801
0.58421, -0.01792
0.58575, -0.01783
0.58730, -0.01774
0.58885, -0.01765
0.59039, -0.01756
0.59194, -0.01748
0.59348, -0.01739
0.59503, -0.01730
0.59657, -0.01721
0.59811, -0.01712
0.59965, -0.01703
0.60119, -0.01694
0.60273, -0.01684
0.60427, -0.01675
0.60580, -0.01666
0.60734, -0.01657
0.60888, -0.01648
0.61041, -0.01639
0.61194, -0.01629
0.61348, -0.01620
0.61501, -0.01611
0.61654, -0.01602
0.61807, -0.01592
0.61959, -0.01583
0.62112, -0.01574
0.62265, -0.01564
0.62417, -0.01555
0.62570, -0.01545
0.62722, -0.01536
0.62874, -0.01526
0.63026, -0.01517
0.63178, -0.01507
0.63330, -0.01498
0.63481, -0.01488
0.63633, -0.01479
0.63784, -0.01469
0.63935, -0.01459
0.64086, -0.01450
0.64238, -0.01440
0.64388, -0.01430
0.64539, -0.01420
0.64690, -0.01411
0.64840, -0.01401
0.64991, -0.01391
0.65141, -0.01381
0.65291, -0.01371
0.65441, -0.01361
0.65590, -0.01351
0.65740, -0.01341
0.65889, -0.01332
0.66039, -0.01322
0.66188, -0.01311
0.66337, -0.01301
0.66486, -0.01291
0.66634, -0.01281
0.66783, -0.01271
0.66931, -0.01261
0.67080, -0.01251
0.67228, -0.01241
0.67375, -0.01230
0.67523, -0.01220
0.67671, -0.01210
0.67818, -0.01200
0.67965, -0.01189
0.68112, -0.01179
0.68259, -0.01169
0.68405, -0.01158
0.68552, -0.01148
0.68698, -0.01137
0.68844, -0.01127
0.68990, -0.01116
0.69136, -0.01106
0.69281, -0.01095
0.69427, -0.01085
0.69572, -0.01074
0.69717, -0.01064
0.69861, -0.01053
0.70006, -0.01043
0.70150, -0.01032
0.70294, -0.01021
0.70438, -0.01011
0.70582, -0.01000
0.70725, -0.00989
0.70869, -0.00979
0.71012, -0.00968
0.71155, -0.00957
0.71297, -0.00946
0.71440, -0.00936
0.71582, -0.00925
0.71724, -0.00914
0.71866, -0.00903
0.72008, -0.00892
0.72149, -0.00882
0.72290, -0.00871
0.72431, -0.00860
0.72572, -0.00849
0.72713, -0.00838
0.72853, -0.00827
0.72993, -0.00816
0.73133, -0.00805
0.73272, -0.00794
0.73412, -0.00783
0.73551, -0.00772
0.73690, -0.00761
0.73828, -0.00750
0.73967, -0.00739
0.74105, -0.00728
0.74243, -0.00717
0.74381, -0.00706
0.74518, -0.00695
0.74655, -0.00684
0.74792, -0.00673
0.74929, -0.00662
0.75066, -0.00651
0.75202, -0.00639
0.75338, -0.00628
0.75473, -0.00617
0.75609, -0.00606
0.75744, -0.00595
0.75879, -0.00584
0.76014, -0.00572
0.76148, -0.00561
0.76282, -0.00550
0.76416, -0.00539
0.76550, -0.00528
0.76683, -0.00517
0.76816, -0.00505
0.76949, -0.00494
0.77081, -0.00483
0.77214, -0.00472
0.77346, -0.00461
0.77477, -0.00449
0.77609, -0.00438
0.77740, -0.00427
0.77871, -0.00416
0.78001, -0.00405
0.78131, -0.00393
0.78261, -0.00382
0.78391, -0.00371
0.78521, -0.00360
0.78650, -0.00349
0.78779, -0.00337
0.78907, -0.00326
0.79035, -0.00315
0.79163, -0.00304
0.79291, -0.00293
0.79418, -0.00282
0.79545, -0.00270
0.79672, -0.00259
0.79799, -0.00248
0.79925, -0.00237
0.80051, -0.00226
0.80176, -0.00215
0.80302, -0.00204
0.80427, -0.00193
0.80551, -0.00182
0.80676, -0.00171
0.80800, -0.00160
0.80924, -0.00149
0.81047, -0.00138
0.81170, -0.00127
0.81293, -0.00116
0.81416, -0.00105
0.81538, -0.00094
0.81660, -0.00083
0.81781, -0.00072
0.81902, -0.00061
0.82023, -0.00050
0.82144, -0.00039
0.82264, -0.00028
0.82384, -0.00017
0.82504, -0.00007
0.82623, 0.00004
0.82742, 0.00015
0.82861, 0.00026
0.82979, 0.00036
0.83097, 0.00047
0.83215, 0.00058
0.83332, 0.00069
0.83449, 0.00079
0.83566, 0.00090
0.83682, 0.00100
0.83799, 0.00111
0.83914, 0.00122
0.84030, 0.00132
0.84145, 0.00143
0.84259, 0.00153
0.84374, 0.00164
0.84488, 0.00174
0.84601, 0.00185
0.84715, 0.00195
0.84828, 0.00205
0.84940, 0.00216
0.85052, 0.00226
0.85164, 0.00236
0.85276, 0.00247
0.85387, 0.00257
0.85498, 0.00267
0.85609, 0.00277
0.85719, 0.00288
0.85829, 0.00298
0.85938, 0.00308
0.86047, 0.00318
0.86156, 0.00328
0.86264, 0.00338
0.86372, 0.00348
0.86480, 0.00358
0.86587, 0.00368
0.86694, 0.00378
0.86801, 0.00388
0.86907, 0.00398
0.87013, 0.00407
0.87118, 0.00417
0.87223, 0.00427
0.87328, 0.00437
0.87433, 0.00446
0.87537, 0.00456
0.87640, 0.00466
0.87744, 0.00475
0.87846, 0.00485
0.87949, 0.00494
0.88051, 0.00504
0.88153, 0.00513
0.88254, 0.00523
0.88355, 0.00532
0.88456, 0.00542
0.88556, 0.00551
0.88656, 0.00560
0.88756, 0.00570
0.88855, 0.00579
0.88954, 0.00588
0.89052, 0.00597
0.89150, 0.00606
0.89247, 0.00615
0.89345, 0.00624
0.89441, 0.00633
0.89538, 0.00642
0.89634, 0.00651
0.89729, 0.00660
0.89825, 0.00669
0.89920, 0.00678
0.90014, 0.00687
0.90108, 0.00695
0.90202, 0.00704
0.90295, 0.00713
0.90388, 0.00722
0.90480, 0.00730
0.90572, 0.00739
0.90664, 0.00747
0.90755, 0.00756
0.90846, 0.00764
0.90937, 0.00773
0.91027, 0.00781
0.91116, 0.00789
0.91206, 0.00798
0.91295, 0.00806
0.91383, 0.00814
0.91471, 0.00822
0.91559, 0.00830
0.91646, 0.00838
0.91733, 0.00846
0.91819, 0.00854
0.91905, 0.00862
0.91991, 0.00870
0.92076, 0.00878
0.92160, 0.00886
0.92245, 0.00894
0.92329, 0.00902
0.92412, 0.00909
0.92495, 0.00917
0.92578, 0.00925
0.92660, 0.00932
0.92742, 0.00940
0.92823, 0.00947
0.92904, 0.00955
0.92985, 0.00962
0.93065, 0.00970
0.93145, 0.00977
0.93224, 0.00984
0.93303, 0.00992
0.93381, 0.00999
0.93459, 0.01006
0.93537, 0.01013
0.93614, 0.01020
0.93690, 0.01027
0.93767, 0.01034
0.93843, 0.01041
0.93918, 0.01048
0.93993, 0.01055
0.94067, 0.01062
0.94142, 0.01069
0.94215, 0.01076
0.94288, 0.01082
0.94361, 0.01089
0.94434, 0.01096
0.94505, 0.01102
0.94577, 0.01109
0.94648, 0.01115
0.94719, 0.01122
0.94789, 0.01128
0.94858, 0.01135
0.94928, 0.01141
0.94997, 0.01147
0.95065, 0.01153
0.95133, 0.01160
0.95200, 0.01166
0.95267, 0.01172
0.95334, 0.01178
0.95400, 0.01184
0.95466, 0.01190
0.95531, 0.01196
0.95596, 0.01202
0.95660, 0.01208
0.95724, 0.01213
0.95787, 0.01219
0.95850, 0.01225
0.95913, 0.01231
0.95975, 0.01236
0.96037, 0.01242
0.96098, 0.01247
0.96159, 0.01253
0.96219, 0.01258
0.96279, 0.01264
0.96338, 0.01269
0.96397, 0.01274
0.96455, 0.01280
0.96513, 0.01285
0.96571, 0.01290
0.96628, 0.01295
0.96684, 0.01300
0.96741, 0.01305
0.96796, 0.01310
0.96851, 0.01315
0.96906, 0.01320
0.96960, 0.01325
0.97014, 0.01330
0.97068, 0.01335
0.97120, 0.01340
0.97173, 0.01344
0.97225, 0.01349
0.97276, 0.01353
0.97327, 0.01358
0.97378, 0.01363
0.97428, 0.01367
0.97477, 0.01372
0.97527, 0.01376
0.97575, 0.01380
0.97623, 0.01385
0.97671, 0.01389
0.97718, 0.01393
0.97765, 0.01397
0.97811, 0.01401
0.97857, 0.01405
0.97902, 0.01409
0.97947, 0.01413
0.97992, 0.01417
0.98036, 0.01421
0.98079, 0.01425
0.98122, 0.01429
0.98165, 0.01433
0.98207, 0.01436
0.98248, 0.01440
0.98289, 0.01444
0.98330, 0.01447
0.98370, 0.01451
0.98409, 0.01454
0.98448, 0.01458
0.98487, 0.01461
0.98525, 0.01465
0.98563, 0.01468
0.98600, 0.01471
0.98637, 0.01475
0.98673, 0.01478
0.98709, 0.01481
0.98744, 0.01484
0.98779, 0.01487
0.98813, 0.01490
0.98847, 0.01493
0.98880, 0.01496
0.98913, 0.01499
0.98946, 0.01502
0.98977, 0.01505
0.99009, 0.01507
0.99040, 0.01510
0.99070, 0.01513
0.99100, 0.01515
0.99130, 0.01518
0.99158, 0.01521
0.99187, 0.01523
0.99215, 0.01526
0.99242, 0.01528
0.99269, 0.01530
0.99296, 0.01533
0.99322, 0.01535
0.99347, 0.01537
0.99372, 0.01539
0.99397, 0.01541
0.99421, 0.01544
0.99445, 0.01546
0.99468, 0.01548
0.99490, 0.01550
0.99512, 0.01552
0.99534, 0.01553
0.99555, 0.01555
0.99576, 0.01557
0.99596, 0.01559
0.99615, 0.01561
0.99634, 0.01562
0.99653, 0.01564
0.99671, 0.01565
0.99689, 0.01567
0.99706, 0.01569
0.99723, 0.01570
0.99739, 0.01571
0.99754, 0.01573
0.99769, 0.01574
0.99784, 0.01575
0.99798, 0.01577
0.99812, 0.01578
0.99825, 0.01579
0.99838, 0.01580
0.99850, 0.01581
0.99862, 0.01582
0.99873, 0.01583
0.99884, 0.01584
0.99894, 0.01585
0.99904, 0.01586
0.99913, 0.01587
0.99921, 0.01587
0.99930, 0.01588
0.99937, 0.01589
0.99945, 0.01589
0.99951, 0.01590
0.99958, 0.01590
0.99963, 0.01591
0.99968, 0.01591
0.99973, 0.01592
0.99977, 0.01592
0.99981, 0.01592
0.99984, 0.01593
0.99987, 0.01593
0.99989, 0.01593
0.99991, 0.01593
0.99992, 0.01593
0.99991, 0.01594
0.99991, 0.01594
