=== Airfoil Parameters ===
m = 0.02
p = 0.4
t = 0.12

=== Control Points ===
0.00000, -0.01531, -0.01531
0.06667, -0.01094, -0.01705
0.13333, -0.00606, -0.01717
0.20000, 0.00296, -0.01204
0.26667, 0.01447, -0.00331
0.66667, 0.02082, 0.00477
0.75000, 0.02291, 0.00971
0.83333, 0.01871, 0.00914
0.91667, 0.00806, 0.00289
1.00000, -0.00347, -0.00347

=== Upper Surface ===
0.00000, -0.01531
-0.00003, -0.01503
-0.00004, -0.01475
-0.00005, -0.01447
-0.00005, -0.01419
-0.00006, -0.01391
-0.00005, -0.01363
-0.00004, -0.01335
-0.00003, -0.01307
-0.00001, -0.01279
0.00001, -0.01252
0.00004, -0.01224
0.00008, -0.01196
0.00011, -0.01168
0.00016, -0.01140
0.00021, -0.01112
0.00026, -0.01084
0.00032, -0.01056
0.00038, -0.01028
0.00045, -0.01000
0.00053, -0.00972
0.00061, -0.00944
0.00069, -0.00916
0.00078, -0.00888
0.00087, -0.00860
0.00097, -0.00832
0.00108, -0.00804
0.00119, -0.00776
0.00130, -0.00748
0.00142, -0.00720
0.00155, -0.00692
0.00168, -0.00664
0.00181, -0.00636
0.00195, -0.00608
0.00209, -0.00580
0.00224, -0.00552
0.00240, -0.00524
0.00256, -0.00496
0.00272, -0.00468
0.00289, -0.00440
0.00307, -0.00412
0.00325, -0.00384
0.00344, -0.00356
0.00363, -0.00328
0.00382, -0.00300
0.00402, -0.00272
0.00423, -0.00245
0.00444, -0.00217
0.00465, -0.00189
0.00487, -0.00161
0.00510, -0.00133
0.00533, -0.00105
0.00557, -0.00077
0.00581, -0.00049
0.00605, -0.00021
0.00631, 0.00006
0.00656, 0.00034
0.00682, 0.00062
0.00709, 0.00090
0.00736, 0.00118
0.00764, 0.00145
0.00792, 0.00173
0.00820, 0.00201
0.00850, 0.00229
0.00879, 0.00256
0.00909, 0.00284
0.00940, 0.00312
0.00971, 0.00339
0.01003, 0.00367
0.01035, 0.00395
0.01068, 0.00422
0.01101, 0.00450
0.01135, 0.00478
0.01169, 0.00505
0.01204, 0.00533
0.01239, 0.00560
0.01274, 0.00588
0.01311, 0.00615
0.01347, 0.00642
0.01384, 0.00670
0.01422, 0.00697
0.01460, 0.00725
0.01499, 0.00752
0.01538, 0.00779
0.01578, 0.00807
0.01618, 0.00834
0.01659, 0.00861
0.01700, 0.00888
0.01741, 0.00915
0.01784, 0.00943
0.01826, 0.00970
0.01869, 0.00997
0.01913, 0.01024
0.01957, 0.01051
0.02002, 0.01078
0.02047, 0.01105
0.02092, 0.01132
0.02138, 0.01158
0.02185, 0.01185
0.02232, 0.01212
0.02279, 0.01239
0.02327, 0.01266
0.02376, 0.01292
0.02425, 0.01319
0.02474, 0.01345
0.02524, 0.01372
0.02574, 0.01399
0.02625, 0.01425
0.02677, 0.01451
0.02728, 0.01478
0.02781, 0.01504
0.02833, 0.01531
0.02887, 0.01557
0.02940, 0.01583
0.02995, 0.01609
0.03049, 0.01635
0.03104, 0.01662
0.03160, 0.01688
0.03216, 0.01714
0.03273, 0.01740
0.03329, 0.01765
0.03387, 0.01791
0.03445, 0.01817
0.03503, 0.01843
0.03562, 0.01869
0.03621, 0.01894
0.03681, 0.01920
0.03741, 0.01946
0.03802, 0.01971
0.03863, 0.01997
0.03925, 0.02022
0.03987, 0.02047
0.04049, 0.02073
0.04112, 0.02098
0.04175, 0.02123
0.04239, 0.02149
0.04303, 0.02174
0.04368, 0.02199
0.04433, 0.02224
0.04499, 0.02249
0.04565, 0.02274
0.04631, 0.02299
0.04698, 0.02323
0.04765, 0.02348
0.04833, 0.02373
0.04901, 0.02398
0.04969, 0.02422
0.05038, 0.02447
0.05108, 0.02471
0.05178, 0.02496
0.05248, 0.02520
0.05319, 0.02545
0.05390, 0.02569
0.05461, 0.02593
0.05533, 0.02617
0.05606, 0.02641
0.05678, 0.02666
0.05751, 0.02690
0.05825, 0.02714
0.05899, 0.02738
0.05973, 0.02762
0.06048, 0.02785
0.06123, 0.02809
0.06199, 0.02833
0.06275, 0.02857
0.06351, 0.02880
0.06428, 0.02904
0.06505, 0.02928
0.06583, 0.02951
0.06661, 0.02974
0.06739, 0.02998
0.06818, 0.03021
0.06897, 0.03045
0.06976, 0.03068
0.07056, 0.03091
0.07136, 0.03114
0.07217, 0.03138
0.07297, 0.03161
0.07379, 0.03184
0.07460, 0.03207
0.07542, 0.03230
0.07625, 0.03253
0.07708, 0.03276
0.07791, 0.03299
0.07874, 0.03321
0.07958, 0.03344
0.08042, 0.03367
0.08127, 0.03390
0.08212, 0.03412
0.08297, 0.03435
0.08382, 0.03458
0.08468, 0.03480
0.08554, 0.03503
0.08641, 0.03526
0.08728, 0.03548
0.08815, 0.03571
0.08903, 0.03593
0.08991, 0.03616
0.09079, 0.03638
0.09167, 0.03660
0.09256, 0.03683
0.09345, 0.03705
0.09435, 0.03728
0.09525, 0.03750
0.09615, 0.03772
0.09705, 0.03795
0.09796, 0.03817
0.09887, 0.03839
0.09978, 0.03861
0.10070, 0.03884
0.10162, 0.03906
0.10254, 0.03928
0.10347, 0.03951
0.10439, 0.03973
0.10532, 0.03995
0.10626, 0.04017
0.10720, 0.04040
0.10814, 0.04062
0.10908, 0.04084
0.11002, 0.04107
0.11097, 0.04129
0.11192, 0.04151
0.11287, 0.04174
0.11383, 0.04196
0.11479, 0.04218
0.11575, 0.04241
0.11671, 0.04263
0.11768, 0.04286
0.11865, 0.04308
0.11962, 0.04331
0.12060, 0.04353
0.12157, 0.04376
0.12255, 0.04398
0.12353, 0.04421
0.12452, 0.04444
0.12550, 0.04466
0.12649, 0.04489
0.12748, 0.04512
0.12848, 0.04535
0.12947, 0.04558
0.13047, 0.04581
0.13148, 0.04604
0.13248, 0.04627
0.13349, 0.04650
0.13451, 0.04674
0.13552, 0.04697
0.13655, 0.04720
0.13757, 0.04744
0.13860, 0.04767
0.13963, 0.04791
0.14066, 0.04814
0.14170, 0.04838
0.14274, 0.04862
0.14378, 0.04886
0.14483, 0.04910
0.14588, 0.04934
0.14694, 0.04958
0.14800, 0.04982
0.14906, 0.05006
0.15012, 0.05031
0.15119, 0.05055
0.15226, 0.05079
0.15333, 0.05104
0.15441, 0.05129
0.15549, 0.05153
0.15658, 0.05178
0.15767, 0.05203
0.15876, 0.05228
0.15985, 0.05253
0.16095, 0.05278
0.16205, 0.05303
0.16316, 0.05328
0.16426, 0.05353
0.16537, 0.05379
0.16649, 0.05404
0.16761, 0.05430
0.16873, 0.05455
0.16985, 0.05481
0.17098, 0.05507
0.17211, 0.05533
0.17324, 0.05559
0.17438, 0.05585
0.17552, 0.05611
0.17666, 0.05637
0.17781, 0.05663
0.17896, 0.05690
0.18012, 0.05716
0.18127, 0.05743
0.18243, 0.05769
0.18360, 0.05796
0.18476, 0.05823
0.18593, 0.05850
0.18710, 0.05877
0.18828, 0.05904
0.18946, 0.05931
0.19064, 0.05958
0.19183, 0.05985
0.19302, 0.06013
0.19422, 0.06040
0.19543, 0.06068
0.19664, 0.06096
0.19786, 0.06124
0.19908, 0.06152
0.20031, 0.06180
0.20154, 0.06208
0.20278, 0.06236
0.20403, 0.06265
0.20528, 0.06293
0.20654, 0.06322
0.20781, 0.06350
0.20908, 0.06379
0.21036, 0.06408
0.21164, 0.06436
0.21293, 0.06465
0.21422, 0.06494
0.21553, 0.06523
0.21684, 0.06551
0.21815, 0.06580
0.21947, 0.06609
0.22080, 0.06638
0.22213, 0.06666
0.22347, 0.06695
0.22482, 0.06724
0.22617, 0.06752
0.22753, 0.06781
0.22889, 0.06810
0.23026, 0.06838
0.23164, 0.06866
0.23302, 0.06895
0.23441, 0.06923
0.23581, 0.06951
0.23721, 0.06979
0.23862, 0.07007
0.24004, 0.07035
0.24146, 0.07062
0.24289, 0.07089
0.24433, 0.07117
0.24577, 0.07144
0.24722, 0.07171
0.24867, 0.07197
0.25013, 0.07224
0.25160, 0.07250
0.25308, 0.07276
0.25456, 0.07302
0.25605, 0.07327
0.25754, 0.07352
0.25904, 0.07377
0.26054, 0.07401
0.26205, 0.07426
0.26355, 0.07449
0.26506, 0.07473
0.26657, 0.07496
0.26808, 0.07519
0.26960, 0.07541
0.27111, 0.07563
0.27263, 0.07585
0.27415, 0.07606
0.27568, 0.07627
0.27720, 0.07648
0.27873, 0.07668
0.28026, 0.07688
0.28179, 0.07707
0.28332, 0.07727
0.28485, 0.07746
0.28639, 0.07764
0.28792, 0.07782
0.28946, 0.07800
0.29100, 0.07817
0.29255, 0.07835
0.29409, 0.07851
0.29564, 0.07868
0.29718, 0.07884
0.29873, 0.07900
0.30028, 0.07915
0.30183, 0.07930
0.30339, 0.07945
0.30494, 0.07959
0.30650, 0.07973
0.30806, 0.07987
0.30961, 0.08000
0.31117, 0.08013
0.31274, 0.08026
0.31430, 0.08038
0.31586, 0.08050
0.31743, 0.08062
0.31900, 0.08073
0.32056, 0.08084
0.32213, 0.08095
0.32370, 0.08105
0.32528, 0.08115
0.32685, 0.08125
0.32842, 0.08134
0.33000, 0.08143
0.33157, 0.08152
0.33315, 0.08160
0.33473, 0.08168
0.33631, 0.08176
0.33789, 0.08184
0.33947, 0.08191
0.34105, 0.08198
0.34263, 0.08204
0.34422, 0.08210
0.34580, 0.08216
0.34739, 0.08222
0.34897, 0.08227
0.35056, 0.08232
0.35215, 0.08237
0.35374, 0.08241
0.35533, 0.08245
0.35692, 0.08249
0.35851, 0.08252
0.36010, 0.08256
0.36169, 0.08258
0.36329, 0.08261
0.36488, 0.08263
0.36647, 0.08265
0.36807, 0.08267
0.36966, 0.08269
0.37126, 0.08270
0.37286, 0.08271
0.37445, 0.08271
0.37605, 0.08272
0.37765, 0.08272
0.37924, 0.08271
0.38084, 0.08271
0.38244, 0.08270
0.38404, 0.08269
0.38564, 0.08268
0.38724, 0.08266
0.38884, 0.08265
0.39044, 0.08263
0.39204, 0.08260
0.39364, 0.08258
0.39525, 0.08255
0.39685, 0.08252
0.39845, 0.08249
0.40005, 0.08245
0.40165, 0.08241
0.40326, 0.08237
0.40486, 0.08233
0.40646, 0.08228
0.40806, 0.08224
0.40967, 0.08219
0.41127, 0.08214
0.41287, 0.08208
0.41448, 0.08203
0.41608, 0.08197
0.41768, 0.08191
0.41929, 0.08184
0.42089, 0.08178
0.42249, 0.08171
0.42409, 0.08164
0.42570, 0.08157
0.42730, 0.08150
0.42890, 0.08142
0.43051, 0.08134
0.43211, 0.08126
0.43371, 0.08118
0.43531, 0.08110
0.43691, 0.08101
0.43852, 0.08092
0.44012, 0.08084
0.44172, 0.08074
0.44332, 0.08065
0.44492, 0.08056
0.44652, 0.08046
0.44812, 0.08036
0.44972, 0.08026
0.45132, 0.08016
0.45292, 0.08006
0.45452, 0.07995
0.45612, 0.07985
0.45771, 0.07974
0.45931, 0.07963
0.46091, 0.07952
0.46251, 0.07940
0.46410, 0.07929
0.46570, 0.07917
0.46729, 0.07906
0.46889, 0.07894
0.47048, 0.07882
0.47208, 0.07870
0.47367, 0.07857
0.47526, 0.07845
0.47685, 0.07832
0.47845, 0.07820
0.48004, 0.07807
0.48163, 0.07794
0.48322, 0.07781
0.48481, 0.07768
0.48640, 0.07755
0.48798, 0.07741
0.48957, 0.07728
0.49116, 0.07714
0.49274, 0.07700
0.49433, 0.07687
0.49591, 0.07673
0.49750, 0.07659
0.49908, 0.07645
0.50066, 0.07630
0.50225, 0.07616
0.50383, 0.07602
0.50541, 0.07587
0.50699, 0.07573
0.50857, 0.07558
0.51014, 0.07543
0.51172, 0.07529
0.51330, 0.07514
0.51487, 0.07499
0.51645, 0.07484
0.51802, 0.07469
0.51959, 0.07454
0.52116, 0.07439
0.52274, 0.07423
0.52431, 0.07408
0.52587, 0.07393
0.52744, 0.07378
0.52901, 0.07362
0.53058, 0.07347
0.53214, 0.07331
0.53371, 0.07316
0.53527, 0.07300
0.53683, 0.07284
0.53839, 0.07269
0.53995, 0.07253
0.54151, 0.07237
0.54307, 0.07222
0.54463, 0.07206
0.54618, 0.07190
0.54774, 0.07174
0.54929, 0.07158
0.55085, 0.07143
0.55240, 0.07127
0.55395, 0.07111
0.55550, 0.07095
0.55705, 0.07079
0.55859, 0.07063
0.56014, 0.07048
0.56168, 0.07032
0.56323, 0.07016
0.56477, 0.07000
0.56631, 0.06984
0.56785, 0.06968
0.56939, 0.06953
0.57093, 0.06937
0.57246, 0.06921
0.57400, 0.06905
0.57553, 0.06890
0.57707, 0.06874
0.57860, 0.06858
0.58013, 0.06843
0.58166, 0.06827
0.58319, 0.06811
0.58471, 0.06796
0.58624, 0.06780
0.58776, 0.06765
0.58928, 0.06749
0.59080, 0.06734
0.59232, 0.06719
0.59384, 0.06704
0.59536, 0.06688
0.59687, 0.06673
0.59839, 0.06658
0.59990, 0.06643
0.60141, 0.06628
0.60292, 0.06613
0.60443, 0.06598
0.60594, 0.06583
0.60744, 0.06569
0.60895, 0.06554
0.61045, 0.06539
0.61195, 0.06525
0.61345, 0.06510
0.61495, 0.06496
0.61645, 0.06482
0.61794, 0.06468
0.61944, 0.06454
0.62093, 0.06439
0.62242, 0.06426
0.62391, 0.06412
0.62540, 0.06398
0.62689, 0.06384
0.62837, 0.06371
0.62985, 0.06357
0.63134, 0.06344
0.63282, 0.06331
0.63429, 0.06317
0.63577, 0.06304
0.63725, 0.06291
0.63872, 0.06278
0.64019, 0.06266
0.64166, 0.06253
0.64313, 0.06241
0.64460, 0.06228
0.64606, 0.06216
0.64753, 0.06204
0.64899, 0.06192
0.65045, 0.06180
0.65191, 0.06168
0.65337, 0.06156
0.65482, 0.06145
0.65628, 0.06133
0.65773, 0.06122
0.65918, 0.06111
0.66063, 0.06100
0.66208, 0.06089
0.66352, 0.06078
0.66497, 0.06067
0.66641, 0.06057
0.66785, 0.06046
0.66929, 0.06036
0.67074, 0.06026
0.67218, 0.06016
0.67363, 0.06006
0.67507, 0.05996
0.67652, 0.05987
0.67797, 0.05977
0.67941, 0.05967
0.68086, 0.05958
0.68231, 0.05949
0.68376, 0.05939
0.68521, 0.05930
0.68666, 0.05921
0.68811, 0.05912
0.68956, 0.05902
0.69101, 0.05893
0.69245, 0.05884
0.69390, 0.05875
0.69535, 0.05866
0.69680, 0.05857
0.69825, 0.05847
0.69970, 0.05838
0.70115, 0.05829
0.70260, 0.05820
0.70405, 0.05811
0.70550, 0.05801
0.70695, 0.05792
0.70839, 0.05782
0.70984, 0.05773
0.71129, 0.05763
0.71273, 0.05754
0.71418, 0.05744
0.71562, 0.05734
0.71707, 0.05724
0.71851, 0.05714
0.71995, 0.05704
0.72140, 0.05693
0.72284, 0.05683
0.72428, 0.05672
0.72572, 0.05661
0.72716, 0.05651
0.72859, 0.05640
0.73003, 0.05628
0.73147, 0.05617
0.73290, 0.05605
0.73433, 0.05594
0.73576, 0.05582
0.73720, 0.05570
0.73862, 0.05557
0.74005, 0.05545
0.74148, 0.05532
0.74290, 0.05519
0.74433, 0.05506
0.74575, 0.05493
0.74717, 0.05479
0.74859, 0.05465
0.75001, 0.05451
0.75142, 0.05437
0.75284, 0.05422
0.75424, 0.05407
0.75565, 0.05392
0.75705, 0.05377
0.75845, 0.05361
0.75985, 0.05346
0.76124, 0.05330
0.76263, 0.05313
0.76401, 0.05297
0.76540, 0.05280
0.76678, 0.05263
0.76815, 0.05246
0.76952, 0.05229
0.77089, 0.05212
0.77226, 0.05194
0.77362, 0.05176
0.77498, 0.05158
0.77633, 0.05139
0.77769, 0.05121
0.77903, 0.05102
0.78038, 0.05083
0.78172, 0.05064
0.78306, 0.05045
0.78439, 0.05025
0.78573, 0.05006
0.78705, 0.04986
0.78838, 0.04966
0.78970, 0.04946
0.79102, 0.04925
0.79233, 0.04905
0.79364, 0.04884
0.79495, 0.04863
0.79625, 0.04842
0.79755, 0.04821
0.79885, 0.04799
0.80014, 0.04778
0.80143, 0.04756
0.80271, 0.04734
0.80399, 0.04712
0.80527, 0.04690
0.80655, 0.04668
0.80782, 0.04645
0.80909, 0.04623
0.81035, 0.04600
0.81161, 0.04577
0.81287, 0.04554
0.81412, 0.04531
0.81537, 0.04508
0.81662, 0.04485
0.81786, 0.04461
0.81910, 0.04438
0.82033, 0.04414
0.82156, 0.04390
0.82279, 0.04366
0.82401, 0.04342
0.82523, 0.04318
0.82645, 0.04293
0.82766, 0.04269
0.82887, 0.04245
0.83007, 0.04220
0.83127, 0.04195
0.83247, 0.04170
0.83367, 0.04146
0.83486, 0.04121
0.83604, 0.04095
0.83722, 0.04070
0.83840, 0.04045
0.83958, 0.04020
0.84075, 0.03994
0.84191, 0.03969
0.84307, 0.03943
0.84423, 0.03918
0.84539, 0.03892
0.84654, 0.03866
0.84768, 0.03840
0.84882, 0.03815
0.84996, 0.03789
0.85110, 0.03763
0.85223, 0.03737
0.85335, 0.03711
0.85447, 0.03685
0.85559, 0.03659
0.85670, 0.03632
0.85781, 0.03606
0.85892, 0.03580
0.86002, 0.03554
0.86112, 0.03528
0.86221, 0.03501
0.86330, 0.03475
0.86439, 0.03449
0.86547, 0.03423
0.86655, 0.03396
0.86762, 0.03370
0.86869, 0.03344
0.86975, 0.03317
0.87081, 0.03291
0.87187, 0.03265
0.87292, 0.03238
0.87397, 0.03212
0.87502, 0.03186
0.87606, 0.03160
0.87710, 0.03133
0.87813, 0.03107
0.87916, 0.03081
0.88018, 0.03055
0.88120, 0.03029
0.88222, 0.03002
0.88323, 0.02976
0.88424, 0.02950
0.88524, 0.02924
0.88624, 0.02898
0.88724, 0.02872
0.88823, 0.02846
0.88922, 0.02821
0.89020, 0.02795
0.89118, 0.02769
0.89216, 0.02743
0.89313, 0.02717
0.89410, 0.02692
0.89506, 0.02666
0.89602, 0.02641
0.89698, 0.02615
0.89793, 0.02590
0.89887, 0.02565
0.89982, 0.02539
0.90076, 0.02514
0.90169, 0.02489
0.90262, 0.02464
0.90355, 0.02439
0.90447, 0.02414
0.90539, 0.02389
0.90630, 0.02364
0.90721, 0.02339
0.90812, 0.02315
0.90902, 0.02290
0.90992, 0.02266
0.91081, 0.02241
0.91170, 0.02217
0.91258, 0.02193
0.91346, 0.02168
0.91434, 0.02144
0.91521, 0.02120
0.91608, 0.02096
0.91695, 0.02073
0.91780, 0.02049
0.91866, 0.02025
0.91951, 0.02002
0.92036, 0.01978
0.92120, 0.01955
0.92204, 0.01932
0.92288, 0.01909
0.92371, 0.01885
0.92453, 0.01863
0.92535, 0.01840
0.92617, 0.01817
0.92699, 0.01794
0.92779, 0.01772
0.92860, 0.01749
0.92940, 0.01727
0.93020, 0.01705
0.93099, 0.01683
0.93178, 0.01661
0.93256, 0.01639
0.93334, 0.01617
0.93412, 0.01595
0.93489, 0.01574
0.93565, 0.01552
0.93642, 0.01531
0.93718, 0.01510
0.93793, 0.01488
0.93868, 0.01467
0.93942, 0.01447
0.94016, 0.01426
0.94090, 0.01405
0.94163, 0.01385
0.94236, 0.01364
0.94309, 0.01344
0.94381, 0.01324
0.94452, 0.01304
0.94523, 0.01284
0.94594, 0.01264
0.94664, 0.01244
0.94734, 0.01225
0.94803, 0.01205
0.94872, 0.01186
0.94940, 0.01167
0.95008, 0.01148
0.95076, 0.01129
0.95143, 0.01110
0.95210, 0.01091
0.95276, 0.01073
0.95342, 0.01054
0.95407, 0.01036
0.95472, 0.01018
0.95537, 0.01000
0.95601, 0.00982
0.95665, 0.00964
0.95728, 0.00946
0.95791, 0.00929
0.95853, 0.00911
0.95915, 0.00894
0.95976, 0.00877
0.96037, 0.00860
0.96098, 0.00843
0.96158, 0.00826
0.96217, 0.00810
0.96277, 0.00793
0.96335, 0.00777
0.96394, 0.00761
0.96451, 0.00745
0.96509, 0.00729
0.96566, 0.00713
0.96622, 0.00697
0.96678, 0.00682
0.96734, 0.00666
0.96789, 0.00651
0.96844, 0.00636
0.96898, 0.00621
0.96952, 0.00606
0.97005, 0.00591
0.97058, 0.00576
0.97111, 0.00562
0.97163, 0.00548
0.97214, 0.00533
0.97265, 0.00519
0.97316, 0.00505
0.97366, 0.00492
0.97416, 0.00478
0.97465, 0.00464
0.97514, 0.00451
0.97562, 0.00438
0.97610, 0.00424
0.97657, 0.00411
0.97704, 0.00399
0.97751, 0.00386
0.97797, 0.00373
0.97842, 0.00361
0.97887, 0.00348
0.97932, 0.00336
0.97976, 0.00324
0.98020, 0.00312
0.98063, 0.00300
0.98106, 0.00289
0.98148, 0.00277
0.98190, 0.00266
0.98232, 0.00255
0.98273, 0.00243
0.98313, 0.00232
0.98353, 0.00222
0.98393, 0.00211
0.98432, 0.00200
0.98470, 0.00190
0.98508, 0.00179
0.98546, 0.00169
0.98583, 0.00159
0.98620, 0.00149
0.98656, 0.00140
0.98692, 0.00130
0.98727, 0.00120
0.98762, 0.00111
0.98797, 0.00102
0.98830, 0.00093
0.98864, 0.00084
0.98897, 0.00075
0.98929, 0.00066
0.98961, 0.00057
0.98993, 0.00049
0.99024, 0.00041
0.99055, 0.00032
0.99085, 0.00024
0.99114, 0.00016
0.99144, 0.00009
0.99172, 0.00001
0.99200, -0.00007
0.99228, -0.00014
0.99255, -0.00021
0.99282, -0.00028
0.99309, -0.00035
0.99334, -0.00042
0.99360, -0.00049
0.99385, -0.00056
0.99409, -0.00062
0.99433, -0.00069
0.99456, -0.00075
0.99479, -0.00081
0.99502, -0.00087
0.99524, -0.00093
0.99545, -0.00098
0.99566, -0.00104
0.99587, -0.00109
0.99607, -0.00115
0.99627, -0.00120
0.99646, -0.00125
0.99665, -0.00130
0.99683, -0.00135
0.99700, -0.00139
0.99718, -0.00144
0.99734, -0.00148
0.99751, -0.00153
0.99766, -0.00157
0.99782, -0.00161
0.99796, -0.00165
0.99811, -0.00168
0.99825, -0.00172
0.99838, -0.00176
0.99851, -0.00179
0.99863, -0.00182
0.99875, -0.00185
0.99886, -0.00188
0.99897, -0.00191
0.99908, -0.00194
0.99918, -0.00197
0.99927, -0.00199
0.99936, -0.00201
0.99945, -0.00204
0.99953, -0.00206
0.99960, -0.00208
0.99967, -0.00210
0.99974, -0.00211
0.99980, -0.00213
0.99985, -0.00214
0.99991, -0.00216
0.99995, -0.00217
0.99999, -0.00218
1.00003, -0.00219
1.00006, -0.00220
1.00009, -0.00220
1.00011, -0.00221
1.00013, -0.00222
1.00014, -0.00222
1.00019, -0.00223
1.00021, -0.00223

=== Lower Surface ===
0.00000, -0.01531
0.00003, -0.01559
0.00006, -0.01587
0.00009, -0.01614
0.00013, -0.01642
0.00018, -0.01669
0.00023, -0.01697
0.00029, -0.01724
0.00035, -0.01752
0.00041, -0.01779
0.00048, -0.01806
0.00056, -0.01833
0.00064, -0.01860
0.00072, -0.01887
0.00081, -0.01914
0.00090, -0.01941
0.00100, -0.01967
0.00111, -0.01994
0.00122, -0.02020
0.00133, -0.02047
0.00145, -0.02073
0.00157, -0.02100
0.00170, -0.02126
0.00183, -0.02152
0.00197, -0.02178
0.00212, -0.02204
0.00226, -0.02230
0.00242, -0.02256
0.00257, -0.02281
0.00273, -0.02307
0.00290, -0.02333
0.00307, -0.02358
0.00325, -0.02383
0.00343, -0.02409
0.00362, -0.02434
0.00381, -0.02459
0.00400, -0.02484
0.00420, -0.02509
0.00441, -0.02534
0.00462, -0.02559
0.00483, -0.02584
0.00505, -0.02609
0.00527, -0.02633
0.00550, -0.02658
0.00574, -0.02682
0.00597, -0.02707
0.00622, -0.02731
0.00647, -0.02755
0.00672, -0.02780
0.00697, -0.02804
0.00724, -0.02828
0.00750, -0.02852
0.00777, -0.02876
0.00805, -0.02899
0.00833, -0.02923
0.00862, -0.02947
0.00890, -0.02970
0.00920, -0.02994
0.00950, -0.03017
0.00980, -0.03041
0.01011, -0.03064
0.01042, -0.03087
0.01074, -0.03110
0.01106, -0.03133
0.01139, -0.03156
0.01172, -0.03179
0.01206, -0.03202
0.01240, -0.03225
0.01275, -0.03247
0.01310, -0.03270
0.01345, -0.03292
0.01381, -0.03315
0.01418, -0.03337
0.01455, -0.03359
0.01492, -0.03382
0.01530, -0.03404
0.01568, -0.03426
0.01607, -0.03448
0.01646, -0.03470
0.01686, -0.03492
0.01726, -0.03513
0.01766, -0.03535
0.01807, -0.03557
0.01849, -0.03578
0.01891, -0.03600
0.01933, -0.03621
0.01976, -0.03642
0.02020, -0.03664
0.02063, -0.03685
0.02108, -0.03706
0.02152, -0.03727
0.02198, -0.03748
0.02243, -0.03769
0.02289, -0.03790
0.02336, -0.03810
0.02383, -0.03831
0.02430, -0.03851
0.02478, -0.03872
0.02527, -0.03892
0.02575, -0.03913
0.02625, -0.03933
0.02675, -0.03953
0.02725, -0.03973
0.02775, -0.03993
0.02827, -0.04013
0.02878, -0.04033
0.02930, -0.04053
0.02983, -0.04073
0.03036, -0.04093
0.03089, -0.04112
0.03143, -0.04132
0.03197, -0.04151
0.03252, -0.04171
0.03307, -0.04190
0.03363, -0.04209
0.03419, -0.04228
0.03476, -0.04247
0.03533, -0.04266
0.03590, -0.04285
0.03648, -0.04304
0.03707, -0.04323
0.03766, -0.04341
0.03825, -0.04360
0.03885, -0.04379
0.03945, -0.04397
0.04006, -0.04415
0.04067, -0.04434
0.04129, -0.04452
0.04191, -0.04470
0.04253, -0.04488
0.04316, -0.04506
0.04380, -0.04524
0.04444, -0.04542
0.04508, -0.04559
0.04573, -0.04577
0.04638, -0.04594
0.04704, -0.04612
0.04770, -0.04629
0.04837, -0.04647
0.04904, -0.04664
0.04972, -0.04681
0.05040, -0.04698
0.05108, -0.04715
0.05177, -0.04732
0.05246, -0.04748
0.05316, -0.04765
0.05387, -0.04782
0.05458, -0.04798
0.05529, -0.04814
0.05601, -0.04831
0.05673, -0.04847
0.05745, -0.04863
0.05819, -0.04879
0.05892, -0.04895
0.05966, -0.04911
0.06041, -0.04927
0.06116, -0.04942
0.06191, -0.04958
0.06267, -0.04973
0.06343, -0.04988
0.06420, -0.05004
0.06498, -0.05019
0.06575, -0.05034
0.06654, -0.05049
0.06732, -0.05063
0.06811, -0.05078
0.06891, -0.05093
0.06971, -0.05107
0.07052, -0.05121
0.07133, -0.05136
0.07214, -0.05150
0.07296, -0.05164
0.07379, -0.05178
0.07462, -0.05191
0.07545, -0.05205
0.07629, -0.05219
0.07713, -0.05232
0.07798, -0.05245
0.07883, -0.05258
0.07969, -0.05271
0.08055, -0.05284
0.08142, -0.05297
0.08229, -0.05310
0.08317, -0.05322
0.08405, -0.05335
0.08493, -0.05347
0.08582, -0.05359
0.08672, -0.05371
0.08762, -0.05383
0.08852, -0.05394
0.08943, -0.05406
0.09035, -0.05417
0.09127, -0.05428
0.09219, -0.05439
0.09312, -0.05450
0.09405, -0.05461
0.09499, -0.05472
0.09593, -0.05482
0.09688, -0.05492
0.09783, -0.05502
0.09879, -0.05512
0.09975, -0.05522
0.10072, -0.05532
0.10169, -0.05541
0.10267, -0.05550
0.10365, -0.05560
0.10464, -0.05568
0.10563, -0.05577
0.10662, -0.05586
0.10763, -0.05594
0.10863, -0.05602
0.10964, -0.05610
0.11066, -0.05618
0.11168, -0.05625
0.11270, -0.05633
0.11373, -0.05640
0.11477, -0.05647
0.11581, -0.05654
0.11685, -0.05660
0.11790, -0.05666
0.11896, -0.05673
0.12002, -0.05678
0.12108, -0.05684
0.12215, -0.05689
0.12322, -0.05695
0.12430, -0.05700
0.12539, -0.05704
0.12648, -0.05709
0.12757, -0.05713
0.12867, -0.05717
0.12977, -0.05721
0.13088, -0.05724
0.13199, -0.05727
0.13311, -0.05730
0.13424, -0.05733
0.13536, -0.05735
0.13650, -0.05738
0.13763, -0.05739
0.13878, -0.05741
0.13992, -0.05742
0.14107, -0.05743
0.14223, -0.05744
0.14339, -0.05745
0.14455, -0.05745
0.14572, -0.05745
0.14689, -0.05745
0.14806, -0.05744
0.14924, -0.05743
0.15042, -0.05742
0.15160, -0.05740
0.15279, -0.05739
0.15398, -0.05737
0.15517, -0.05734
0.15637, -0.05732
0.15757, -0.05729
0.15878, -0.05726
0.15999, -0.05722
0.16120, -0.05719
0.16242, -0.05715
0.16364, -0.05710
0.16486, -0.05706
0.16609, -0.05701
0.16732, -0.05696
0.16855, -0.05690
0.16979, -0.05684
0.17103, -0.05678
0.17227, -0.05672
0.17352, -0.05665
0.17477, -0.05658
0.17602, -0.05651
0.17727, -0.05644
0.17853, -0.05636
0.17980, -0.05628
0.18106, -0.05619
0.18233, -0.05611
0.18360, -0.05602
0.18488, -0.05593
0.18616, -0.05583
0.18744, -0.05573
0.18872, -0.05563
0.19001, -0.05552
0.19130, -0.05542
0.19260, -0.05531
0.19389, -0.05519
0.19519, -0.05508
0.19649, -0.05496
0.19780, -0.05483
0.19911, -0.05471
0.20042, -0.05458
0.20173, -0.05445
0.20305, -0.05432
0.20437, -0.05418
0.20569, -0.05404
0.20702, -0.05389
0.20835, -0.05375
0.20968, -0.05360
0.21101, -0.05345
0.21234, -0.05329
0.21367, -0.05314
0.21501, -0.05298
0.21634, -0.05282
0.21767, -0.05265
0.21900, -0.05249
0.22033, -0.05232
0.22167, -0.05215
0.22300, -0.05198
0.22433, -0.05181
0.22566, -0.05163
0.22699, -0.05146
0.22832, -0.05128
0.22964, -0.05110
0.23097, -0.05092
0.23230, -0.05074
0.23363, -0.05056
0.23495, -0.05037
0.23628, -0.05019
0.23760, -0.05000
0.23893, -0.04982
0.24025, -0.04963
0.24157, -0.04944
0.24289, -0.04925
0.24421, -0.04907
0.24553, -0.04888
0.24685, -0.04869
0.24817, -0.04850
0.24948, -0.04831
0.25080, -0.04812
0.25211, -0.04793
0.25342, -0.04774
0.25473, -0.04755
0.25604, -0.04736
0.25735, -0.04717
0.25866, -0.04699
0.25996, -0.04680
0.26126, -0.04661
0.26257, -0.04643
0.26387, -0.04624
0.26516, -0.04606
0.26646, -0.04587
0.26776, -0.04569
0.26905, -0.04551
0.27034, -0.04533
0.27163, -0.04516
0.27292, -0.04498
0.27420, -0.04480
0.27549, -0.04463
0.27677, -0.04446
0.27806, -0.04429
0.27935, -0.04412
0.28064, -0.04395
0.28193, -0.04379
0.28323, -0.04362
0.28452, -0.04345
0.28582, -0.04329
0.28713, -0.04313
0.28843, -0.04297
0.28974, -0.04281
0.29105, -0.04265
0.29236, -0.04249
0.29367, -0.04233
0.29499, -0.04218
0.29631, -0.04202
0.29763, -0.04187
0.29895, -0.04172
0.30028, -0.04157
0.30161, -0.04142
0.30294, -0.04127
0.30427, -0.04112
0.30561, -0.04098
0.30694, -0.04083
0.30828, -0.04069
0.30963, -0.04054
0.31097, -0.04040
0.31232, -0.04026
0.31367, -0.04012
0.31502, -0.03998
0.31637, -0.03985
0.31773, -0.03971
0.31909, -0.03957
0.32045, -0.03944
0.32181, -0.03931
0.32318, -0.03918
0.32455, -0.03905
0.32591, -0.03892
0.32729, -0.03879
0.32866, -0.03866
0.33004, -0.03854
0.33142, -0.03841
0.33280, -0.03829
0.33418, -0.03816
0.33557, -0.03804
0.33696, -0.03792
0.33835, -0.03780
0.33974, -0.03768
0.34113, -0.03757
0.34253, -0.03745
0.34393, -0.03734
0.34533, -0.03722
0.34673, -0.03711
0.34814, -0.03700
0.34955, -0.03689
0.35095, -0.03678
0.35237, -0.03667
0.35378, -0.03656
0.35520, -0.03645
0.35662, -0.03635
0.35804, -0.03624
0.35946, -0.03614
0.36088, -0.03604
0.36231, -0.03593
0.36374, -0.03583
0.36517, -0.03573
0.36660, -0.03563
0.36804, -0.03554
0.36947, -0.03544
0.37091, -0.03534
0.37235, -0.03525
0.37380, -0.03516
0.37524, -0.03506
0.37669, -0.03497
0.37814, -0.03488
0.37959, -0.03479
0.38104, -0.03470
0.38250, -0.03461
0.38395, -0.03452
0.38541, -0.03444
0.38687, -0.03435
0.38834, -0.03427
0.38980, -0.03418
0.39127, -0.03410
0.39273, -0.03402
0.39420, -0.03393
0.39568, -0.03385
0.39715, -0.03377
0.39863, -0.03369
0.40010, -0.03362
0.40158, -0.03354
0.40306, -0.03346
0.40455, -0.03339
0.40603, -0.03331
0.40752, -0.03324
0.40900, -0.03316
0.41049, -0.03309
0.41199, -0.03302
0.41348, -0.03294
0.41497, -0.03287
0.41647, -0.03280
0.41797, -0.03273
0.41947, -0.03266
0.42097, -0.03259
0.42247, -0.03253
0.42398, -0.03246
0.42548, -0.03239
0.42699, -0.03232
0.42850, -0.03226
0.43001, -0.03219
0.43152, -0.03213
0.43304, -0.03206
0.43455, -0.03200
0.43607, -0.03194
0.43759, -0.03187
0.43911, -0.03181
0.44063, -0.03175
0.44215, -0.03169
0.44367, -0.03163
0.44520, -0.03157
0.44673, -0.03151
0.44825, -0.03145
0.44978, -0.03139
0.45131, -0.03133
0.45285, -0.03127
0.45438, -0.03121
0.45591, -0.03115
0.45745, -0.03109
0.45899, -0.03104
0.46052, -0.03098
0.46206, -0.03092
0.46360, -0.03087
0.46515, -0.03081
0.46669, -0.03075
0.46823, -0.03070
0.46978, -0.03064
0.47133, -0.03058
0.47287, -0.03053
0.47442, -0.03047
0.47597, -0.03042
0.47752, -0.03036
0.47907, -0.03030
0.48063, -0.03025
0.48218, -0.03019
0.48373, -0.03014
0.48529, -0.03008
0.48684, -0.03003
0.48840, -0.02997
0.48996, -0.02992
0.49152, -0.02986
0.49308, -0.02980
0.49464, -0.02975
0.49620, -0.02969
0.49776, -0.02964
0.49933, -0.02958
0.50089, -0.02952
0.50245, -0.02947
0.50402, -0.02941
0.50559, -0.02935
0.50715, -0.02930
0.50872, -0.02924
0.51029, -0.02918
0.51186, -0.02912
0.51342, -0.02906
0.51499, -0.02900
0.51656, -0.02895
0.51813, -0.02889
0.51971, -0.02883
0.52128, -0.02877
0.52285, -0.02871
0.52442, -0.02864
0.52600, -0.02858
0.52757, -0.02852
0.52914, -0.02846
0.53072, -0.02840
0.53229, -0.02833
0.53387, -0.02827
0.53544, -0.02820
0.53702, -0.02814
0.53859, -0.02807
0.54017, -0.02801
0.54175, -0.02794
0.54332, -0.02787
0.54490, -0.02780
0.54647, -0.02773
0.54805, -0.02766
0.54963, -0.02759
0.55121, -0.02752
0.55278, -0.02745
0.55436, -0.02738
0.55594, -0.02730
0.55752, -0.02723
0.55909, -0.02715
0.56067, -0.02708
0.56225, -0.02700
0.56382, -0.02692
0.56540, -0.02685
0.56698, -0.02677
0.56856, -0.02669
0.57013, -0.02660
0.57171, -0.02652
0.57329, -0.02644
0.57486, -0.02635
0.57644, -0.02627
0.57801, -0.02618
0.57959, -0.02610
0.58116, -0.02601
0.58274, -0.02592
0.58431, -0.02583
0.58589, -0.02574
0.58746, -0.02564
0.58903, -0.02555
0.59061, -0.02545
0.59218, -0.02536
0.59375, -0.02526
0.59532, -0.02516
0.59689, -0.02506
0.59846, -0.02496
0.60003, -0.02486
0.60160, -0.02475
0.60317, -0.02465
0.60474, -0.02454
0.60631, -0.02444
0.60787, -0.02433
0.60944, -0.02422
0.61101, -0.02411
0.61257, -0.02399
0.61413, -0.02388
0.61570, -0.02376
0.61726, -0.02365
0.61882, -0.02353
0.62038, -0.02341
0.62194, -0.02329
0.62350, -0.02316
0.62506, -0.02304
0.62661, -0.02291
0.62817, -0.02278
0.62972, -0.02266
0.63128, -0.02253
0.63283, -0.02239
0.63438, -0.02226
0.63593, -0.02212
0.63748, -0.02199
0.63903, -0.02185
0.64058, -0.02171
0.64213, -0.02157
0.64367, -0.02142
0.64522, -0.02128
0.64676, -0.02113
0.64830, -0.02098
0.64984, -0.02083
0.65138, -0.02068
0.65292, -0.02053
0.65445, -0.02037
0.65599, -0.02022
0.65752, -0.02006
0.65905, -0.01990
0.66058, -0.01974
0.66211, -0.01957
0.66364, -0.01941
0.66517, -0.01924
0.66669, -0.01907
0.66821, -0.01890
0.66973, -0.01873
0.67125, -0.01855
0.67276, -0.01838
0.67427, -0.01820
0.67577, -0.01802
0.67727, -0.01784
0.67876, -0.01766
0.68025, -0.01748
0.68174, -0.01729
0.68322, -0.01711
0.68470, -0.01693
0.68618, -0.01674
0.68765, -0.01655
0.68912, -0.01637
0.69058, -0.01618
0.69204, -0.01599
0.69349, -0.01580
0.69494, -0.01562
0.69639, -0.01543
0.69784, -0.01524
0.69928, -0.01505
0.70071, -0.01486
0.70214, -0.01467
0.70357, -0.01449
0.70500, -0.01430
0.70642, -0.01411
0.70784, -0.01392
0.70925, -0.01374
0.71066, -0.01355
0.71207, -0.01337
0.71347, -0.01318
0.71487, -0.01300
0.71626, -0.01282
0.71765, -0.01263
0.71904, -0.01245
0.72043, -0.01227
0.72181, -0.01209
0.72318, -0.01192
0.72456, -0.01174
0.72593, -0.01156
0.72729, -0.01139
0.72866, -0.01122
0.73001, -0.01105
0.73137, -0.01088
0.73272, -0.01071
0.73407, -0.01054
0.73542, -0.01038
0.73676, -0.01022
0.73810, -0.01006
0.73943, -0.00990
0.74076, -0.00974
0.74209, -0.00958
0.74342, -0.00943
0.74474, -0.00928
0.74606, -0.00913
0.74737, -0.00898
0.74868, -0.00884
0.74999, -0.00870
0.75130, -0.00856
0.75260, -0.00842
0.75390, -0.00828
0.75520, -0.00815
0.75650, -0.00802
0.75780, -0.00789
0.75909, -0.00776
0.76039, -0.00764
0.76168, -0.00751
0.76297, -0.00739
0.76426, -0.00728
0.76554, -0.00716
0.76683, -0.00705
0.76811, -0.00693
0.76939, -0.00682
0.77067, -0.00672
0.77194, -0.00661
0.77322, -0.00651
0.77449, -0.00641
0.77576, -0.00631
0.77703, -0.00621
0.77829, -0.00611
0.77956, -0.00602
0.78082, -0.00593
0.78208, -0.00584
0.78333, -0.00575
0.78459, -0.00566
0.78584, -0.00558
0.78709, -0.00550
0.78834, -0.00542
0.78959, -0.00534
0.79083, -0.00526
0.79207, -0.00519
0.79331, -0.00511
0.79455, -0.00504
0.79579, -0.00497
0.79702, -0.00491
0.79825, -0.00484
0.79948, -0.00478
0.80070, -0.00471
0.80193, -0.00465
0.80315, -0.00459
0.80437, -0.00454
0.80558, -0.00448
0.80680, -0.00443
0.80801, -0.00437
0.80922, -0.00432
0.81042, -0.00427
0.81163, -0.00423
0.81283, -0.00418
0.81403, -0.00414
0.81522, -0.00409
0.81642, -0.00405
0.81761, -0.00401
0.81879, -0.00397
0.81998, -0.00393
0.82116, -0.00390
0.82234, -0.00386
0.82352, -0.00383
0.82469, -0.00380
0.82587, -0.00377
0.82704, -0.00374
0.82820, -0.00371
0.82937, -0.00369
0.83053, -0.00366
0.83169, -0.00364
0.83284, -0.00362
0.83399, -0.00360
0.83514, -0.00358
0.83629, -0.00356
0.83744, -0.00354
0.83858, -0.00353
0.83972, -0.00351
0.84086, -0.00350
0.84199, -0.00349
0.84312, -0.00348
0.84425, -0.00347
0.84538, -0.00346
0.84650, -0.00345
0.84762, -0.00344
0.84874, -0.00344
0.84985, -0.00343
0.85096, -0.00343
0.85207, -0.00342
0.85317, -0.00342
0.85428, -0.00342
0.85538, -0.00342
0.85647, -0.00342
0.85756, -0.00342
0.85865, -0.00342
0.85974, -0.00342
0.86083, -0.00343
0.86191, -0.00343
0.86298, -0.00344
0.86406, -0.00344
0.86513, -0.00345
0.86620, -0.00345
0.86726, -0.00346
0.86832, -0.00347
0.86938, -0.00348
0.87044, -0.00349
0.87149, -0.00349
0.87254, -0.00350
0.87358, -0.00351
0.87462, -0.00353
0.87566, -0.00354
0.87670, -0.00355
0.87773, -0.00356
0.87875, -0.00357
0.87978, -0.00359
0.88080, -0.00360
0.88182, -0.00361
0.88283, -0.00363
0.88384, -0.00364
0.88485, -0.00366
0.88585, -0.00367
0.88685, -0.00369
0.88785, -0.00370
0.88884, -0.00372
0.88983, -0.00373
0.89081, -0.00375
0.89180, -0.00376
0.89277, -0.00378
0.89375, -0.00380
0.89472, -0.00381
0.89568, -0.00383
0.89665, -0.00385
0.89761, -0.00386
0.89856, -0.00388
0.89951, -0.00390
0.90046, -0.00392
0.90141, -0.00393
0.90235, -0.00395
0.90328, -0.00397
0.90421, -0.00399
0.90514, -0.00400
0.90607, -0.00402
0.90699, -0.00404
0.90790, -0.00406
0.90882, -0.00408
0.90973, -0.00409
0.91063, -0.00411
0.91153, -0.00413
0.91243, -0.00415
0.91332, -0.00416
0.91421, -0.00418
0.91510, -0.00420
0.91598, -0.00422
0.91685, -0.00423
0.91773, -0.00425
0.91859, -0.00427
0.91946, -0.00428
0.92032, -0.00430
0.92117, -0.00432
0.92203, -0.00433
0.92287, -0.00435
0.92372, -0.00437
0.92456, -0.00438
0.92539, -0.00440
0.92622, -0.00441
0.92705, -0.00443
0.92787, -0.00444
0.92869, -0.00446
0.92951, -0.00448
0.93032, -0.00449
0.93112, -0.00450
0.93192, -0.00452
0.93272, -0.00453
0.93351, -0.00455
0.93430, -0.00456
0.93509, -0.00457
0.93586, -0.00459
0.93664, -0.00460
0.93741, -0.00461
0.93818, -0.00463
0.93894, -0.00464
0.93970, -0.00465
0.94045, -0.00466
0.94120, -0.00468
0.94195, -0.00469
0.94269, -0.00470
0.94342, -0.00471
0.94415, -0.00472
0.94488, -0.00473
0.94560, -0.00474
0.94632, -0.00475
0.94703, -0.00476
0.94774, -0.00477
0.94845, -0.00478
0.94915, -0.00479
0.94984, -0.00480
0.95053, -0.00481
0.95122, -0.00482
0.95190, -0.00483
0.95258, -0.00483
0.95325, -0.00484
0.95392, -0.00485
0.95458, -0.00486
0.95524, -0.00486
0.95590, -0.00487
0.95654, -0.00488
0.95719, -0.00488
0.95783, -0.00489
0.95847, -0.00490
0.95910, -0.00490
0.95972, -0.00491
0.96035, -0.00491
0.96096, -0.00492
0.96158, -0.00492
0.96218, -0.00493
0.96279, -0.00493
0.96339, -0.00493
0.96398, -0.00494
0.96457, -0.00494
0.96515, -0.00494
0.96573, -0.00495
0.96631, -0.00495
0.96688, -0.00495
0.96744, -0.00496
0.96800, -0.00496
0.96856, -0.00496
0.96911, -0.00496
0.96966, -0.00496
0.97020, -0.00497
0.97074, -0.00497
0.97127, -0.00497
0.97180, -0.00497
0.97232, -0.00497
0.97284, -0.00497
0.97335, -0.00497
0.97386, -0.00497
0.97436, -0.00497
0.97486, -0.00497
0.97535, -0.00497
0.97584, -0.00497
0.97633, -0.00497
0.97681, -0.00497
0.97728, -0.00497
0.97775, -0.00497
0.97822, -0.00497
0.97868, -0.00496
0.97913, -0.00496
0.97958, -0.00496
0.98003, -0.00496
0.98047, -0.00496
0.98090, -0.00496
0.98134, -0.00495
0.98176, -0.00495
0.98218, -0.00495
0.98260, -0.00495
0.98301, -0.00494
0.98342, -0.00494
0.98382, -0.00494
0.98422, -0.00494
0.98461, -0.00493
0.98499, -0.00493
0.98538, -0.00493
0.98575, -0.00492
0.98612, -0.00492
0.98649, -0.00492
0.98685, -0.00492
0.98721, -0.00491
0.98756, -0.00491
0.98791, -0.00490
0.98825, -0.00490
0.98859, -0.00490
0.98892, -0.00489
0.98925, -0.00489
0.98957, -0.00489
0.98989, -0.00488
0.99021, -0.00488
0.99051, -0.00488
0.99082, -0.00487
0.99111, -0.00487
0.99141, -0.00486
0.99170, -0.00486
0.99198, -0.00486
0.99226, -0.00485
0.99253, -0.00485
0.99280, -0.00485
0.99306, -0.00484
0.99332, -0.00484
0.99357, -0.00483
0.99382, -0.00483
0.99406, -0.00483
0.99430, -0.00482
0.99454, -0.00482
0.99476, -0.00482
0.99499, -0.00481
0.99521, -0.00481
0.99542, -0.00481
0.99563, -0.00480
0.99583, -0.00480
0.99603, -0.00480
0.99622, -0.00479
0.99641, -0.00479
0.99659, -0.00479
0.99677, -0.00478
0.99695, -0.00478
0.99711, -0.00478
0.99728, -0.00477
0.99744, -0.00477
0.99759, -0.00477
0.99774, -0.00476
0.99788, -0.00476
0.99802, -0.00476
0.99815, -0.00476
0.99828, -0.00475
0.99840, -0.00475
0.99852, -0.00475
0.99863, -0.00475
0.99874, -0.00475
0.99885, -0.00474
0.99894, -0.00474
0.99904, -0.00474
0.99913, -0.00474
0.99921, -0.00474
0.99929, -0.00473
0.99936, -0.00473
0.99943, -0.00473
0.99949, -0.00473
0.99955, -0.00473
0.99960, -0.00473
0.99965, -0.00473
0.99969, -0.00473
0.99973, -0.00473
0.99976, -0.00473
0.99979, -0.00472
0.99981, -0.00472
0.99983, -0.00472
0.99984, -0.00472
0.99980, -0.00472
0.99979, -0.00471
