airfoil_points_807
1.000000 -0.022309
0.999748 -0.022227
0.998993 -0.021980
0.997736 -0.021568
0.995977 -0.020987
0.993719 -0.020237
0.990964 -0.019315
0.987715 -0.018217
0.983974 -0.016942
0.979746 -0.015487
0.975036 -0.013851
0.969846 -0.012035
0.964184 -0.010040
0.958054 -0.007870
0.951463 -0.005532
0.944418 -0.003036
0.936925 -0.000395
0.928992 0.002375
0.920627 0.005252
0.911838 0.008210
0.902635 0.011220
0.893027 0.014245
0.883022 0.017246
0.872632 0.020178
0.861867 0.022991
0.850737 0.025632
0.839255 0.028043
0.827430 0.030169
0.815276 0.032008
0.802805 0.033581
0.790028 0.034919
0.776960 0.036059
0.763613 0.037048
0.750000 0.037942
0.736136 0.038792
0.722033 0.039609
0.707708 0.040401
0.693173 0.041176
0.678443 0.041943
0.663534 0.042712
0.648460 0.043491
0.633237 0.044281
0.617879 0.045083
0.602403 0.045898
0.586824 0.046728
0.571157 0.047572
0.555419 0.048433
0.539625 0.049309
0.523791 0.050202
0.507933 0.051111
0.492067 0.052036
0.476209 0.052977
0.460375 0.053933
0.444581 0.054902
0.428843 0.055883
0.413176 0.056875
0.397597 0.057874
0.382121 0.058878
0.366763 0.059885
0.351540 0.060890
0.336466 0.061891
0.321557 0.062882
0.306827 0.063861
0.292292 0.064822
0.277967 0.065760
0.263864 0.066669
0.250000 0.067512
0.236387 0.068224
0.223040 0.068751
0.209972 0.069048
0.197195 0.069078
0.184724 0.068826
0.172570 0.068302
0.160745 0.067524
0.149263 0.066505
0.138133 0.065263
0.127368 0.063811
0.116978 0.062166
0.106973 0.060349
0.097365 0.058382
0.088162 0.056285
0.079373 0.054077
0.071008 0.051773
0.063075 0.049388
0.055582 0.046935
0.048537 0.044423
0.041946 0.041863
0.035816 0.039263
0.030154 0.036628
0.024964 0.033965
0.020254 0.031278
0.016026 0.028569
0.012285 0.025843
0.009036 0.023101
0.006281 0.020346
0.004023 0.017581
0.002264 0.014806
0.001007 0.012031
0.000252 0.009279
0.000000 0.007137
0.000252 0.003452
0.001007 0.000761
0.002264 -0.001895
0.004023 -0.004488
0.006281 -0.007011
0.009036 -0.009458
0.012285 -0.011826
0.016026 -0.014113
0.020254 -0.016313
0.024964 -0.018425
0.030154 -0.020445
0.035816 -0.022371
0.041946 -0.024201
0.048537 -0.025935
0.055582 -0.027573
0.063075 -0.029118
0.071008 -0.030573
0.079373 -0.031944
0.088162 -0.033240
0.097365 -0.034470
0.106973 -0.035650
0.116978 -0.036796
0.127368 -0.037929
0.138133 -0.039073
0.149263 -0.040245
0.160745 -0.041459
0.172570 -0.042731
0.184724 -0.044078
0.197195 -0.045519
0.209972 -0.047052
0.223040 -0.048632
0.236387 -0.050210
0.250000 -0.051730
0.263864 -0.053136
0.277967 -0.054385
0.292292 -0.055468
0.306827 -0.056385
0.321557 -0.057136
0.336466 -0.057719
0.351540 -0.058137
0.366763 -0.058389
0.382121 -0.058479
0.397597 -0.058408
0.413176 -0.058180
0.428843 -0.057799
0.444581 -0.057268
0.460375 -0.056593
0.476209 -0.055779
0.492067 -0.054832
0.507933 -0.053757
0.523791 -0.052561
0.539625 -0.051251
0.555419 -0.049834
0.571157 -0.048317
0.586824 -0.046707
0.602403 -0.045013
0.617879 -0.043241
0.633237 -0.041399
0.648460 -0.039496
0.663534 -0.037538
0.678443 -0.035534
0.693173 -0.033496
0.707708 -0.031440
0.722033 -0.029382
0.736136 -0.027336
0.750000 -0.025318
0.763613 -0.023341
0.776960 -0.021460
0.790028 -0.019744
0.802805 -0.018258
0.815276 -0.017056
0.827430 -0.016181
0.839255 -0.015669
0.850737 -0.015497
0.861867 -0.015599
0.872632 -0.015912
0.883022 -0.016383
0.893027 -0.016966
0.902635 -0.017623
0.911838 -0.018320
0.920627 -0.019032
0.928992 -0.019736
0.936925 -0.020415
0.944418 -0.021056
0.951463 -0.021650
0.958054 -0.022191
0.964184 -0.022676
0.969846 -0.023103
0.975036 -0.023473
0.979746 -0.023790
0.983974 -0.024055
0.987715 -0.024274
0.990964 -0.024451
0.993719 -0.024590
0.995977 -0.024698
0.997736 -0.024776
0.998993 -0.024830
0.999748 -0.024843
1.000000 -0.024843
