=== Airfoil Parameters ===
m = 0.02
p = 0.4
t = 0.12

=== Control Points ===
0.00000, 0.01095, 0.01095
0.06667, 0.01165, 0.00554
0.13333, 0.01124, 0.00013
0.20000, 0.01595, 0.00095
0.26667, 0.02490, 0.00712
0.66667, 0.02752, 0.01147
0.75000, 0.02307, 0.00987
0.83333, 0.01504, 0.00547
0.91667, 0.00818, 0.00301
1.00000, 0.00281, 0.00281

=== Upper Surface ===
0.00000, 0.01095
-0.00002, 0.01123
-0.00002, 0.01151
-0.00003, 0.01179
-0.00002, 0.01207
-0.00002, 0.01235
-0.00001, 0.01262
0.00001, 0.01290
0.00003, 0.01318
0.00006, 0.01346
0.00009, 0.01374
0.00013, 0.01402
0.00017, 0.01430
0.00022, 0.01458
0.00027, 0.01485
0.00032, 0.01513
0.00039, 0.01541
0.00045, 0.01569
0.00053, 0.01597
0.00060, 0.01624
0.00069, 0.01652
0.00077, 0.01680
0.00087, 0.01708
0.00096, 0.01735
0.00107, 0.01763
0.00117, 0.01791
0.00129, 0.01818
0.00141, 0.01846
0.00153, 0.01874
0.00166, 0.01901
0.00179, 0.01929
0.00193, 0.01957
0.00207, 0.01984
0.00222, 0.02012
0.00238, 0.02039
0.00254, 0.02067
0.00270, 0.02094
0.00287, 0.02122
0.00305, 0.02149
0.00323, 0.02177
0.00341, 0.02204
0.00360, 0.02231
0.00380, 0.02259
0.00400, 0.02286
0.00421, 0.02313
0.00442, 0.02341
0.00464, 0.02368
0.00486, 0.02395
0.00509, 0.02422
0.00532, 0.02449
0.00556, 0.02477
0.00580, 0.02504
0.00605, 0.02531
0.00630, 0.02558
0.00656, 0.02585
0.00682, 0.02612
0.00709, 0.02639
0.00737, 0.02665
0.00765, 0.02692
0.00793, 0.02719
0.00822, 0.02746
0.00852, 0.02773
0.00882, 0.02799
0.00913, 0.02826
0.00944, 0.02853
0.00975, 0.02879
0.01007, 0.02906
0.01040, 0.02932
0.01073, 0.02959
0.01107, 0.02985
0.01141, 0.03011
0.01176, 0.03038
0.01211, 0.03064
0.01247, 0.03090
0.01284, 0.03116
0.01320, 0.03142
0.01358, 0.03168
0.01396, 0.03194
0.01434, 0.03220
0.01473, 0.03246
0.01512, 0.03272
0.01552, 0.03297
0.01593, 0.03323
0.01634, 0.03348
0.01675, 0.03374
0.01717, 0.03399
0.01760, 0.03425
0.01803, 0.03450
0.01847, 0.03475
0.01891, 0.03501
0.01935, 0.03526
0.01980, 0.03551
0.02026, 0.03576
0.02072, 0.03601
0.02119, 0.03626
0.02166, 0.03650
0.02214, 0.03675
0.02262, 0.03700
0.02310, 0.03724
0.02360, 0.03749
0.02409, 0.03773
0.02459, 0.03797
0.02510, 0.03821
0.02561, 0.03846
0.02613, 0.03870
0.02665, 0.03894
0.02718, 0.03917
0.02771, 0.03941
0.02825, 0.03965
0.02879, 0.03988
0.02933, 0.04012
0.02989, 0.04035
0.03044, 0.04059
0.03100, 0.04082
0.03157, 0.04105
0.03214, 0.04128
0.03272, 0.04151
0.03330, 0.04174
0.03388, 0.04197
0.03447, 0.04219
0.03507, 0.04242
0.03567, 0.04265
0.03627, 0.04287
0.03688, 0.04309
0.03749, 0.04331
0.03811, 0.04353
0.03874, 0.04375
0.03936, 0.04397
0.04000, 0.04419
0.04063, 0.04441
0.04127, 0.04462
0.04192, 0.04484
0.04257, 0.04505
0.04323, 0.04527
0.04389, 0.04548
0.04455, 0.04569
0.04522, 0.04590
0.04589, 0.04611
0.04657, 0.04631
0.04725, 0.04652
0.04794, 0.04673
0.04863, 0.04693
0.04933, 0.04713
0.05003, 0.04733
0.05073, 0.04754
0.05144, 0.04774
0.05215, 0.04793
0.05287, 0.04813
0.05359, 0.04833
0.05431, 0.04853
0.05504, 0.04872
0.05578, 0.04891
0.05652, 0.04911
0.05726, 0.04930
0.05800, 0.04949
0.05875, 0.04968
0.05951, 0.04987
0.06027, 0.05005
0.06103, 0.05024
0.06180, 0.05043
0.06257, 0.05061
0.06334, 0.05079
0.06412, 0.05098
0.06490, 0.05116
0.06568, 0.05134
0.06647, 0.05152
0.06727, 0.05169
0.06806, 0.05187
0.06887, 0.05205
0.06967, 0.05222
0.07048, 0.05240
0.07129, 0.05257
0.07210, 0.05274
0.07292, 0.05291
0.07375, 0.05308
0.07457, 0.05325
0.07540, 0.05342
0.07624, 0.05359
0.07707, 0.05376
0.07791, 0.05392
0.07875, 0.05409
0.07960, 0.05425
0.08045, 0.05442
0.08130, 0.05458
0.08216, 0.05474
0.08302, 0.05490
0.08388, 0.05506
0.08475, 0.05522
0.08562, 0.05538
0.08649, 0.05554
0.08737, 0.05570
0.08825, 0.05585
0.08913, 0.05601
0.09001, 0.05617
0.09090, 0.05632
0.09179, 0.05648
0.09268, 0.05663
0.09358, 0.05678
0.09448, 0.05693
0.09538, 0.05709
0.09629, 0.05724
0.09719, 0.05739
0.09810, 0.05754
0.09902, 0.05769
0.09993, 0.05784
0.10085, 0.05799
0.10177, 0.05814
0.10269, 0.05829
0.10362, 0.05843
0.10455, 0.05858
0.10548, 0.05873
0.10641, 0.05888
0.10735, 0.05902
0.10828, 0.05917
0.10922, 0.05932
0.11017, 0.05947
0.11111, 0.05961
0.11206, 0.05976
0.11301, 0.05991
0.11396, 0.06005
0.11491, 0.06020
0.11586, 0.06034
0.11682, 0.06049
0.11778, 0.06064
0.11874, 0.06078
0.11970, 0.06093
0.12067, 0.06108
0.12164, 0.06123
0.12260, 0.06137
0.12357, 0.06152
0.12455, 0.06167
0.12552, 0.06182
0.12650, 0.06197
0.12747, 0.06212
0.12845, 0.06227
0.12943, 0.06242
0.13041, 0.06257
0.13140, 0.06272
0.13238, 0.06287
0.13337, 0.06302
0.13436, 0.06318
0.13536, 0.06333
0.13635, 0.06349
0.13735, 0.06364
0.13836, 0.06380
0.13936, 0.06396
0.14037, 0.06411
0.14139, 0.06427
0.14240, 0.06443
0.14342, 0.06459
0.14444, 0.06475
0.14547, 0.06491
0.14650, 0.06508
0.14753, 0.06524
0.14856, 0.06540
0.14960, 0.06557
0.15064, 0.06573
0.15168, 0.06590
0.15273, 0.06607
0.15378, 0.06624
0.15483, 0.06641
0.15588, 0.06658
0.15694, 0.06675
0.15800, 0.06692
0.15907, 0.06709
0.16014, 0.06727
0.16121, 0.06744
0.16228, 0.06762
0.16336, 0.06779
0.16444, 0.06797
0.16552, 0.06815
0.16660, 0.06833
0.16769, 0.06851
0.16878, 0.06869
0.16988, 0.06888
0.17098, 0.06906
0.17208, 0.06925
0.17318, 0.06943
0.17429, 0.06962
0.17540, 0.06981
0.17651, 0.07000
0.17762, 0.07019
0.17874, 0.07038
0.17986, 0.07057
0.18099, 0.07076
0.18211, 0.07096
0.18324, 0.07115
0.18438, 0.07135
0.18551, 0.07155
0.18665, 0.07175
0.18779, 0.07195
0.18894, 0.07215
0.19008, 0.07236
0.19124, 0.07256
0.19239, 0.07277
0.19355, 0.07297
0.19471, 0.07318
0.19587, 0.07339
0.19705, 0.07360
0.19823, 0.07381
0.19941, 0.07403
0.20060, 0.07424
0.20179, 0.07446
0.20300, 0.07468
0.20420, 0.07490
0.20542, 0.07512
0.20664, 0.07534
0.20786, 0.07556
0.20909, 0.07578
0.21033, 0.07601
0.21157, 0.07623
0.21282, 0.07646
0.21407, 0.07669
0.21534, 0.07691
0.21660, 0.07714
0.21788, 0.07737
0.21915, 0.07760
0.22044, 0.07783
0.22173, 0.07806
0.22303, 0.07829
0.22433, 0.07852
0.22564, 0.07875
0.22696, 0.07898
0.22828, 0.07922
0.22961, 0.07945
0.23094, 0.07968
0.23228, 0.07991
0.23363, 0.08014
0.23498, 0.08037
0.23634, 0.08060
0.23771, 0.08083
0.23908, 0.08106
0.24046, 0.08129
0.24184, 0.08152
0.24323, 0.08174
0.24463, 0.08197
0.24604, 0.08219
0.24745, 0.08242
0.24886, 0.08264
0.25028, 0.08286
0.25171, 0.08308
0.25315, 0.08330
0.25459, 0.08351
0.25604, 0.08373
0.25750, 0.08394
0.25896, 0.08415
0.26042, 0.08436
0.26189, 0.08456
0.26336, 0.08477
0.26483, 0.08497
0.26631, 0.08516
0.26779, 0.08536
0.26927, 0.08555
0.27075, 0.08574
0.27223, 0.08593
0.27372, 0.08611
0.27521, 0.08629
0.27670, 0.08647
0.27819, 0.08665
0.27969, 0.08682
0.28119, 0.08700
0.28268, 0.08716
0.28419, 0.08733
0.28569, 0.08749
0.28719, 0.08765
0.28870, 0.08781
0.29021, 0.08797
0.29172, 0.08812
0.29324, 0.08827
0.29475, 0.08842
0.29627, 0.08856
0.29779, 0.08870
0.29931, 0.08884
0.30083, 0.08898
0.30235, 0.08911
0.30388, 0.08924
0.30541, 0.08937
0.30694, 0.08950
0.30847, 0.08962
0.31000, 0.08974
0.31153, 0.08986
0.31307, 0.08998
0.31461, 0.09009
0.31615, 0.09020
0.31769, 0.09031
0.31923, 0.09041
0.32077, 0.09051
0.32232, 0.09061
0.32386, 0.09071
0.32541, 0.09081
0.32696, 0.09090
0.32851, 0.09099
0.33007, 0.09107
0.33162, 0.09116
0.33318, 0.09124
0.33473, 0.09132
0.33629, 0.09139
0.33785, 0.09147
0.33941, 0.09154
0.34097, 0.09161
0.34254, 0.09167
0.34410, 0.09174
0.34567, 0.09180
0.34723, 0.09186
0.34880, 0.09191
0.35037, 0.09197
0.35194, 0.09202
0.35351, 0.09207
0.35509, 0.09211
0.35666, 0.09216
0.35823, 0.09220
0.35981, 0.09224
0.36139, 0.09227
0.36297, 0.09231
0.36454, 0.09234
0.36612, 0.09237
0.36771, 0.09239
0.36929, 0.09242
0.37087, 0.09244
0.37245, 0.09246
0.37404, 0.09247
0.37562, 0.09249
0.37721, 0.09250
0.37880, 0.09251
0.38038, 0.09252
0.38197, 0.09252
0.38356, 0.09253
0.38515, 0.09253
0.38674, 0.09252
0.38833, 0.09252
0.38993, 0.09251
0.39152, 0.09250
0.39311, 0.09249
0.39471, 0.09248
0.39630, 0.09246
0.39790, 0.09245
0.39949, 0.09243
0.40109, 0.09240
0.40269, 0.09238
0.40428, 0.09235
0.40588, 0.09232
0.40748, 0.09229
0.40908, 0.09226
0.41068, 0.09222
0.41228, 0.09218
0.41388, 0.09214
0.41548, 0.09210
0.41708, 0.09206
0.41868, 0.09201
0.42028, 0.09196
0.42189, 0.09191
0.42349, 0.09186
0.42509, 0.09181
0.42670, 0.09175
0.42830, 0.09169
0.42990, 0.09163
0.43151, 0.09157
0.43311, 0.09150
0.43471, 0.09144
0.43632, 0.09137
0.43792, 0.09130
0.43953, 0.09123
0.44113, 0.09115
0.44274, 0.09107
0.44434, 0.09100
0.44595, 0.09092
0.44755, 0.09083
0.44916, 0.09075
0.45077, 0.09067
0.45237, 0.09058
0.45398, 0.09049
0.45558, 0.09040
0.45719, 0.09030
0.45879, 0.09021
0.46040, 0.09011
0.46200, 0.09001
0.46361, 0.08991
0.46521, 0.08981
0.46682, 0.08971
0.46842, 0.08960
0.47003, 0.08950
0.47163, 0.08939
0.47324, 0.08928
0.47484, 0.08917
0.47644, 0.08905
0.47805, 0.08894
0.47965, 0.08882
0.48125, 0.08870
0.48286, 0.08858
0.48446, 0.08846
0.48606, 0.08834
0.48766, 0.08822
0.48926, 0.08809
0.49087, 0.08796
0.49247, 0.08783
0.49407, 0.08770
0.49567, 0.08757
0.49727, 0.08744
0.49887, 0.08730
0.50046, 0.08717
0.50206, 0.08703
0.50366, 0.08689
0.50526, 0.08675
0.50685, 0.08661
0.50845, 0.08647
0.51005, 0.08632
0.51164, 0.08618
0.51324, 0.08603
0.51483, 0.08588
0.51642, 0.08573
0.51802, 0.08558
0.51961, 0.08543
0.52120, 0.08528
0.52279, 0.08512
0.52438, 0.08497
0.52597, 0.08481
0.52756, 0.08466
0.52915, 0.08450
0.53074, 0.08434
0.53232, 0.08418
0.53391, 0.08401
0.53549, 0.08385
0.53708, 0.08369
0.53866, 0.08352
0.54025, 0.08335
0.54183, 0.08319
0.54341, 0.08302
0.54499, 0.08285
0.54657, 0.08268
0.54815, 0.08251
0.54973, 0.08234
0.55130, 0.08216
0.55288, 0.08199
0.55445, 0.08181
0.55603, 0.08164
0.55760, 0.08146
0.55917, 0.08128
0.56075, 0.08111
0.56232, 0.08093
0.56388, 0.08075
0.56545, 0.08057
0.56702, 0.08038
0.56859, 0.08020
0.57015, 0.08002
0.57172, 0.07983
0.57328, 0.07965
0.57484, 0.07946
0.57640, 0.07928
0.57796, 0.07909
0.57952, 0.07890
0.58108, 0.07872
0.58263, 0.07853
0.58419, 0.07834
0.58574, 0.07815
0.58730, 0.07796
0.58885, 0.07777
0.59040, 0.07758
0.59195, 0.07738
0.59350, 0.07719
0.59504, 0.07700
0.59659, 0.07681
0.59813, 0.07661
0.59968, 0.07642
0.60122, 0.07622
0.60276, 0.07603
0.60430, 0.07583
0.60583, 0.07563
0.60737, 0.07544
0.60890, 0.07524
0.61044, 0.07504
0.61197, 0.07485
0.61350, 0.07465
0.61503, 0.07445
0.61656, 0.07425
0.61808, 0.07405
0.61961, 0.07385
0.62113, 0.07365
0.62266, 0.07345
0.62418, 0.07325
0.62570, 0.07305
0.62721, 0.07285
0.62873, 0.07265
0.63024, 0.07245
0.63176, 0.07225
0.63327, 0.07205
0.63478, 0.07185
0.63629, 0.07164
0.63779, 0.07144
0.63930, 0.07124
0.64080, 0.07104
0.64230, 0.07084
0.64380, 0.07063
0.64530, 0.07043
0.64680, 0.07023
0.64829, 0.07003
0.64979, 0.06983
0.65128, 0.06962
0.65277, 0.06942
0.65426, 0.06922
0.65574, 0.06902
0.65723, 0.06881
0.65871, 0.06861
0.66019, 0.06841
0.66167, 0.06821
0.66315, 0.06800
0.66463, 0.06780
0.66610, 0.06760
0.66757, 0.06740
0.66905, 0.06720
0.67052, 0.06700
0.67199, 0.06679
0.67345, 0.06659
0.67492, 0.06639
0.67639, 0.06619
0.67786, 0.06599
0.67932, 0.06579
0.68079, 0.06558
0.68225, 0.06538
0.68372, 0.06518
0.68518, 0.06498
0.68664, 0.06477
0.68810, 0.06457
0.68956, 0.06437
0.69102, 0.06416
0.69248, 0.06396
0.69393, 0.06375
0.69539, 0.06355
0.69684, 0.06334
0.69830, 0.06313
0.69975, 0.06292
0.70120, 0.06272
0.70265, 0.06251
0.70410, 0.06230
0.70555, 0.06209
0.70700, 0.06188
0.70844, 0.06167
0.70988, 0.06145
0.71133, 0.06124
0.71277, 0.06103
0.71421, 0.06081
0.71564, 0.06059
0.71708, 0.06038
0.71852, 0.06016
0.71995, 0.05994
0.72138, 0.05972
0.72281, 0.05950
0.72424, 0.05928
0.72567, 0.05905
0.72709, 0.05883
0.72852, 0.05861
0.72994, 0.05838
0.73136, 0.05815
0.73278, 0.05792
0.73419, 0.05769
0.73561, 0.05746
0.73702, 0.05723
0.73843, 0.05699
0.73984, 0.05676
0.74125, 0.05652
0.74265, 0.05628
0.74406, 0.05604
0.74546, 0.05580
0.74686, 0.05556
0.74825, 0.05531
0.74965, 0.05507
0.75104, 0.05482
0.75243, 0.05457
0.75382, 0.05432
0.75520, 0.05407
0.75658, 0.05382
0.75795, 0.05357
0.75933, 0.05331
0.76070, 0.05305
0.76206, 0.05280
0.76342, 0.05254
0.76478, 0.05228
0.76613, 0.05202
0.76748, 0.05176
0.76883, 0.05150
0.77017, 0.05123
0.77151, 0.05097
0.77284, 0.05071
0.77417, 0.05044
0.77550, 0.05018
0.77682, 0.04991
0.77814, 0.04964
0.77946, 0.04938
0.78077, 0.04911
0.78208, 0.04884
0.78338, 0.04857
0.78468, 0.04831
0.78598, 0.04804
0.78727, 0.04777
0.78856, 0.04750
0.78985, 0.04723
0.79113, 0.04696
0.79241, 0.04669
0.79369, 0.04642
0.79496, 0.04615
0.79623, 0.04589
0.79749, 0.04562
0.79875, 0.04535
0.80001, 0.04508
0.80126, 0.04481
0.80251, 0.04454
0.80376, 0.04428
0.80500, 0.04401
0.80624, 0.04374
0.80747, 0.04348
0.80870, 0.04321
0.80993, 0.04294
0.81115, 0.04268
0.81237, 0.04242
0.81359, 0.04215
0.81480, 0.04189
0.81601, 0.04163
0.81722, 0.04136
0.81842, 0.04110
0.81962, 0.04084
0.82082, 0.04058
0.82201, 0.04032
0.82319, 0.04007
0.82438, 0.03981
0.82556, 0.03955
0.82674, 0.03930
0.82791, 0.03904
0.82908, 0.03879
0.83025, 0.03854
0.83141, 0.03829
0.83257, 0.03804
0.83372, 0.03779
0.83487, 0.03754
0.83602, 0.03729
0.83717, 0.03704
0.83831, 0.03680
0.83945, 0.03656
0.84058, 0.03631
0.84172, 0.03607
0.84285, 0.03583
0.84397, 0.03559
0.84510, 0.03535
0.84622, 0.03511
0.84733, 0.03488
0.84845, 0.03464
0.84956, 0.03441
0.85067, 0.03417
0.85177, 0.03394
0.85287, 0.03371
0.85397, 0.03348
0.85506, 0.03325
0.85615, 0.03302
0.85724, 0.03279
0.85833, 0.03257
0.85941, 0.03234
0.86049, 0.03212
0.86156, 0.03189
0.86263, 0.03167
0.86370, 0.03145
0.86476, 0.03123
0.86583, 0.03101
0.86688, 0.03079
0.86794, 0.03057
0.86899, 0.03035
0.87004, 0.03014
0.87108, 0.02992
0.87212, 0.02971
0.87316, 0.02949
0.87419, 0.02928
0.87522, 0.02907
0.87625, 0.02886
0.87727, 0.02865
0.87829, 0.02844
0.87930, 0.02823
0.88032, 0.02803
0.88133, 0.02782
0.88233, 0.02762
0.88333, 0.02741
0.88433, 0.02721
0.88532, 0.02701
0.88631, 0.02681
0.88730, 0.02661
0.88828, 0.02641
0.88926, 0.02621
0.89024, 0.02601
0.89121, 0.02581
0.89218, 0.02562
0.89315, 0.02542
0.89411, 0.02523
0.89506, 0.02504
0.89602, 0.02484
0.89697, 0.02465
0.89791, 0.02446
0.89886, 0.02427
0.89979, 0.02408
0.90073, 0.02389
0.90166, 0.02371
0.90259, 0.02352
0.90351, 0.02334
0.90443, 0.02315
0.90534, 0.02297
0.90625, 0.02279
0.90716, 0.02260
0.90807, 0.02242
0.90897, 0.02224
0.90986, 0.02206
0.91075, 0.02189
0.91164, 0.02171
0.91253, 0.02153
0.91341, 0.02136
0.91428, 0.02118
0.91515, 0.02101
0.91602, 0.02083
0.91689, 0.02066
0.91775, 0.02049
0.91860, 0.02032
0.91945, 0.02015
0.92030, 0.01998
0.92115, 0.01981
0.92199, 0.01965
0.92282, 0.01948
0.92365, 0.01931
0.92448, 0.01915
0.92531, 0.01899
0.92613, 0.01882
0.92694, 0.01866
0.92775, 0.01850
0.92856, 0.01834
0.92936, 0.01818
0.93016, 0.01802
0.93096, 0.01786
0.93175, 0.01771
0.93253, 0.01755
0.93331, 0.01739
0.93409, 0.01724
0.93487, 0.01709
0.93564, 0.01693
0.93640, 0.01678
0.93716, 0.01663
0.93792, 0.01648
0.93867, 0.01633
0.93942, 0.01618
0.94016, 0.01604
0.94090, 0.01589
0.94164, 0.01574
0.94237, 0.01560
0.94310, 0.01545
0.94382, 0.01531
0.94454, 0.01517
0.94525, 0.01503
0.94596, 0.01489
0.94667, 0.01475
0.94737, 0.01461
0.94807, 0.01447
0.94876, 0.01433
0.94945, 0.01420
0.95013, 0.01406
0.95081, 0.01392
0.95148, 0.01379
0.95215, 0.01366
0.95282, 0.01353
0.95348, 0.01339
0.95414, 0.01326
0.95479, 0.01313
0.95544, 0.01301
0.95608, 0.01288
0.95672, 0.01275
0.95736, 0.01263
0.95799, 0.01250
0.95861, 0.01238
0.95923, 0.01225
0.95985, 0.01213
0.96046, 0.01201
0.96107, 0.01189
0.96168, 0.01177
0.96227, 0.01165
0.96287, 0.01153
0.96346, 0.01141
0.96404, 0.01130
0.96463, 0.01118
0.96520, 0.01107
0.96577, 0.01095
0.96634, 0.01084
0.96690, 0.01073
0.96746, 0.01062
0.96802, 0.01051
0.96857, 0.01040
0.96911, 0.01029
0.96965, 0.01018
0.97018, 0.01007
0.97072, 0.00997
0.97124, 0.00986
0.97176, 0.00976
0.97228, 0.00966
0.97279, 0.00955
0.97330, 0.00945
0.97380, 0.00935
0.97430, 0.00925
0.97479, 0.00915
0.97528, 0.00906
0.97577, 0.00896
0.97625, 0.00886
0.97672, 0.00877
0.97719, 0.00867
0.97766, 0.00858
0.97812, 0.00849
0.97858, 0.00840
0.97903, 0.00831
0.97948, 0.00822
0.97992, 0.00813
0.98036, 0.00804
0.98079, 0.00795
0.98122, 0.00787
0.98164, 0.00778
0.98206, 0.00770
0.98247, 0.00762
0.98288, 0.00753
0.98329, 0.00745
0.98369, 0.00737
0.98408, 0.00729
0.98447, 0.00721
0.98486, 0.00714
0.98524, 0.00706
0.98562, 0.00699
0.98599, 0.00691
0.98635, 0.00684
0.98672, 0.00676
0.98707, 0.00669
0.98742, 0.00662
0.98777, 0.00655
0.98812, 0.00648
0.98845, 0.00641
0.98879, 0.00635
0.98911, 0.00628
0.98944, 0.00622
0.98976, 0.00615
0.99007, 0.00609
0.99038, 0.00603
0.99068, 0.00596
0.99098, 0.00590
0.99128, 0.00585
0.99157, 0.00579
0.99185, 0.00573
0.99213, 0.00567
0.99241, 0.00562
0.99268, 0.00556
0.99295, 0.00551
0.99321, 0.00546
0.99346, 0.00540
0.99372, 0.00535
0.99396, 0.00530
0.99420, 0.00525
0.99444, 0.00521
0.99467, 0.00516
0.99490, 0.00511
0.99512, 0.00507
0.99534, 0.00502
0.99555, 0.00498
0.99576, 0.00494
0.99596, 0.00490
0.99616, 0.00486
0.99635, 0.00482
0.99654, 0.00478
0.99673, 0.00474
0.99690, 0.00471
0.99708, 0.00467
0.99725, 0.00464
0.99741, 0.00461
0.99757, 0.00457
0.99772, 0.00454
0.99787, 0.00451
0.99802, 0.00448
0.99816, 0.00445
0.99829, 0.00443
0.99842, 0.00440
0.99855, 0.00438
0.99867, 0.00435
0.99878, 0.00433
0.99889, 0.00430
0.99900, 0.00428
0.99910, 0.00426
0.99919, 0.00424
0.99928, 0.00423
0.99937, 0.00421
0.99945, 0.00419
0.99953, 0.00418
0.99960, 0.00416
0.99966, 0.00415
0.99972, 0.00414
0.99978, 0.00412
0.99983, 0.00411
0.99988, 0.00410
0.99992, 0.00410
0.99996, 0.00409
0.99999, 0.00408
1.00002, 0.00408
1.00004, 0.00407
1.00006, 0.00407
1.00007, 0.00407
1.00010, 0.00406
1.00011, 0.00406

=== Lower Surface ===
0.00000, 0.01095
0.00002, 0.01067
0.00004, 0.01039
0.00007, 0.01011
0.00010, 0.00983
0.00014, 0.00956
0.00018, 0.00928
0.00023, 0.00901
0.00028, 0.00873
0.00034, 0.00846
0.00040, 0.00818
0.00047, 0.00791
0.00054, 0.00764
0.00062, 0.00737
0.00070, 0.00710
0.00079, 0.00683
0.00088, 0.00656
0.00098, 0.00629
0.00108, 0.00602
0.00118, 0.00575
0.00129, 0.00549
0.00141, 0.00522
0.00153, 0.00495
0.00165, 0.00469
0.00178, 0.00442
0.00191, 0.00416
0.00205, 0.00390
0.00220, 0.00363
0.00235, 0.00337
0.00250, 0.00311
0.00266, 0.00285
0.00282, 0.00259
0.00298, 0.00233
0.00316, 0.00207
0.00333, 0.00181
0.00351, 0.00156
0.00370, 0.00130
0.00389, 0.00104
0.00408, 0.00079
0.00428, 0.00053
0.00449, 0.00028
0.00470, 0.00002
0.00491, -0.00023
0.00513, -0.00048
0.00535, -0.00074
0.00558, -0.00099
0.00581, -0.00124
0.00604, -0.00149
0.00628, -0.00174
0.00653, -0.00199
0.00678, -0.00224
0.00703, -0.00249
0.00729, -0.00274
0.00756, -0.00298
0.00782, -0.00323
0.00810, -0.00348
0.00837, -0.00372
0.00865, -0.00397
0.00894, -0.00421
0.00923, -0.00446
0.00952, -0.00470
0.00982, -0.00495
0.01013, -0.00519
0.01044, -0.00543
0.01075, -0.00567
0.01107, -0.00591
0.01139, -0.00616
0.01171, -0.00640
0.01204, -0.00664
0.01238, -0.00688
0.01272, -0.00711
0.01306, -0.00735
0.01341, -0.00759
0.01376, -0.00783
0.01412, -0.00807
0.01448, -0.00830
0.01485, -0.00854
0.01522, -0.00878
0.01559, -0.00901
0.01597, -0.00925
0.01636, -0.00948
0.01674, -0.00972
0.01714, -0.00995
0.01753, -0.01018
0.01793, -0.01042
0.01834, -0.01065
0.01875, -0.01088
0.01916, -0.01111
0.01958, -0.01135
0.02000, -0.01158
0.02043, -0.01181
0.02086, -0.01204
0.02130, -0.01227
0.02174, -0.01250
0.02219, -0.01273
0.02264, -0.01296
0.02309, -0.01319
0.02355, -0.01341
0.02401, -0.01364
0.02448, -0.01387
0.02495, -0.01410
0.02542, -0.01432
0.02590, -0.01455
0.02639, -0.01478
0.02688, -0.01500
0.02737, -0.01523
0.02787, -0.01545
0.02837, -0.01568
0.02888, -0.01590
0.02939, -0.01613
0.02990, -0.01635
0.03042, -0.01658
0.03095, -0.01680
0.03147, -0.01702
0.03201, -0.01725
0.03254, -0.01747
0.03309, -0.01769
0.03363, -0.01791
0.03418, -0.01814
0.03474, -0.01836
0.03530, -0.01858
0.03586, -0.01880
0.03643, -0.01902
0.03700, -0.01924
0.03758, -0.01946
0.03816, -0.01968
0.03874, -0.01990
0.03934, -0.02012
0.03993, -0.02034
0.04053, -0.02056
0.04113, -0.02077
0.04174, -0.02099
0.04235, -0.02121
0.04297, -0.02143
0.04359, -0.02164
0.04422, -0.02186
0.04485, -0.02208
0.04549, -0.02229
0.04613, -0.02251
0.04677, -0.02272
0.04742, -0.02294
0.04807, -0.02315
0.04873, -0.02337
0.04940, -0.02358
0.05006, -0.02379
0.05073, -0.02401
0.05141, -0.02422
0.05209, -0.02443
0.05278, -0.02465
0.05347, -0.02486
0.05416, -0.02507
0.05486, -0.02528
0.05557, -0.02549
0.05628, -0.02570
0.05699, -0.02591
0.05771, -0.02612
0.05843, -0.02633
0.05916, -0.02654
0.05989, -0.02675
0.06063, -0.02695
0.06137, -0.02716
0.06212, -0.02737
0.06287, -0.02757
0.06362, -0.02778
0.06439, -0.02799
0.06515, -0.02819
0.06592, -0.02839
0.06670, -0.02860
0.06748, -0.02880
0.06826, -0.02900
0.06905, -0.02921
0.06985, -0.02941
0.07065, -0.02961
0.07145, -0.02981
0.07226, -0.03001
0.07308, -0.03021
0.07389, -0.03041
0.07472, -0.03060
0.07555, -0.03080
0.07638, -0.03100
0.07722, -0.03119
0.07806, -0.03139
0.07891, -0.03158
0.07977, -0.03177
0.08063, -0.03197
0.08149, -0.03216
0.08236, -0.03235
0.08323, -0.03254
0.08411, -0.03273
0.08500, -0.03292
0.08589, -0.03310
0.08678, -0.03329
0.08768, -0.03347
0.08859, -0.03366
0.08950, -0.03384
0.09041, -0.03402
0.09133, -0.03420
0.09226, -0.03438
0.09319, -0.03456
0.09413, -0.03474
0.09507, -0.03492
0.09601, -0.03509
0.09697, -0.03527
0.09792, -0.03544
0.09888, -0.03561
0.09985, -0.03578
0.10083, -0.03595
0.10180, -0.03612
0.10279, -0.03628
0.10378, -0.03645
0.10477, -0.03661
0.10577, -0.03677
0.10678, -0.03693
0.10779, -0.03709
0.10881, -0.03724
0.10983, -0.03740
0.11085, -0.03755
0.11189, -0.03770
0.11293, -0.03785
0.11397, -0.03800
0.11502, -0.03814
0.11607, -0.03828
0.11713, -0.03843
0.11820, -0.03857
0.11927, -0.03870
0.12035, -0.03884
0.12143, -0.03897
0.12252, -0.03910
0.12362, -0.03923
0.12471, -0.03935
0.12582, -0.03948
0.12693, -0.03960
0.12805, -0.03972
0.12917, -0.03983
0.13030, -0.03995
0.13143, -0.04006
0.13257, -0.04017
0.13372, -0.04027
0.13487, -0.04037
0.13603, -0.04047
0.13718, -0.04057
0.13835, -0.04066
0.13952, -0.04075
0.14069, -0.04084
0.14187, -0.04093
0.14305, -0.04101
0.14423, -0.04109
0.14542, -0.04116
0.14661, -0.04124
0.14781, -0.04131
0.14901, -0.04137
0.15021, -0.04144
0.15142, -0.04150
0.15263, -0.04156
0.15385, -0.04161
0.15507, -0.04166
0.15629, -0.04171
0.15752, -0.04176
0.15875, -0.04180
0.15998, -0.04184
0.16122, -0.04188
0.16246, -0.04191
0.16371, -0.04194
0.16496, -0.04196
0.16621, -0.04199
0.16747, -0.04201
0.16873, -0.04202
0.16999, -0.04204
0.17126, -0.04205
0.17253, -0.04205
0.17381, -0.04206
0.17509, -0.04206
0.17637, -0.04205
0.17765, -0.04205
0.17894, -0.04204
0.18023, -0.04202
0.18153, -0.04201
0.18283, -0.04199
0.18413, -0.04196
0.18544, -0.04194
0.18675, -0.04191
0.18806, -0.04187
0.18938, -0.04183
0.19070, -0.04179
0.19202, -0.04175
0.19334, -0.04170
0.19467, -0.04165
0.19601, -0.04160
0.19734, -0.04154
0.19868, -0.04148
0.20002, -0.04141
0.20137, -0.04134
0.20271, -0.04127
0.20407, -0.04119
0.20542, -0.04112
0.20678, -0.04103
0.20813, -0.04095
0.20949, -0.04086
0.21085, -0.04076
0.21221, -0.04067
0.21357, -0.04057
0.21493, -0.04047
0.21629, -0.04036
0.21765, -0.04026
0.21900, -0.04015
0.22036, -0.04004
0.22172, -0.03992
0.22308, -0.03980
0.22444, -0.03968
0.22579, -0.03956
0.22715, -0.03944
0.22851, -0.03931
0.22986, -0.03919
0.23122, -0.03906
0.23258, -0.03892
0.23393, -0.03879
0.23528, -0.03865
0.23664, -0.03852
0.23799, -0.03838
0.23934, -0.03824
0.24069, -0.03810
0.24204, -0.03796
0.24339, -0.03781
0.24474, -0.03767
0.24608, -0.03752
0.24743, -0.03738
0.24878, -0.03723
0.25012, -0.03708
0.25146, -0.03693
0.25280, -0.03678
0.25414, -0.03663
0.25548, -0.03649
0.25682, -0.03633
0.25816, -0.03618
0.25949, -0.03603
0.26082, -0.03588
0.26216, -0.03573
0.26349, -0.03558
0.26482, -0.03543
0.26614, -0.03528
0.26747, -0.03513
0.26879, -0.03499
0.27012, -0.03484
0.27144, -0.03469
0.27276, -0.03454
0.27407, -0.03440
0.27539, -0.03425
0.27671, -0.03411
0.27803, -0.03396
0.27936, -0.03382
0.28068, -0.03368
0.28201, -0.03354
0.28334, -0.03339
0.28467, -0.03325
0.28601, -0.03311
0.28734, -0.03297
0.28868, -0.03283
0.29002, -0.03269
0.29137, -0.03255
0.29271, -0.03242
0.29406, -0.03228
0.29541, -0.03214
0.29676, -0.03200
0.29812, -0.03187
0.29947, -0.03173
0.30083, -0.03160
0.30219, -0.03146
0.30355, -0.03133
0.30492, -0.03120
0.30628, -0.03106
0.30765, -0.03093
0.30902, -0.03080
0.31040, -0.03067
0.31177, -0.03054
0.31315, -0.03041
0.31453, -0.03028
0.31591, -0.03015
0.31729, -0.03002
0.31868, -0.02989
0.32006, -0.02977
0.32145, -0.02964
0.32284, -0.02951
0.32424, -0.02939
0.32563, -0.02926
0.32703, -0.02914
0.32843, -0.02902
0.32983, -0.02889
0.33123, -0.02877
0.33264, -0.02865
0.33404, -0.02853
0.33545, -0.02841
0.33686, -0.02829
0.33828, -0.02817
0.33969, -0.02805
0.34111, -0.02793
0.34252, -0.02782
0.34394, -0.02770
0.34537, -0.02758
0.34679, -0.02747
0.34822, -0.02735
0.34964, -0.02724
0.35107, -0.02713
0.35250, -0.02701
0.35393, -0.02690
0.35537, -0.02679
0.35681, -0.02668
0.35824, -0.02657
0.35968, -0.02646
0.36112, -0.02635
0.36257, -0.02624
0.36401, -0.02613
0.36546, -0.02603
0.36691, -0.02592
0.36836, -0.02581
0.36981, -0.02571
0.37126, -0.02560
0.37272, -0.02550
0.37417, -0.02539
0.37563, -0.02529
0.37709, -0.02519
0.37855, -0.02509
0.38001, -0.02499
0.38148, -0.02489
0.38295, -0.02479
0.38441, -0.02469
0.38588, -0.02459
0.38735, -0.02449
0.38883, -0.02439
0.39030, -0.02430
0.39177, -0.02420
0.39325, -0.02410
0.39473, -0.02401
0.39621, -0.02392
0.39769, -0.02382
0.39917, -0.02373
0.40066, -0.02364
0.40214, -0.02354
0.40363, -0.02345
0.40512, -0.02336
0.40661, -0.02327
0.40810, -0.02318
0.40959, -0.02309
0.41108, -0.02300
0.41258, -0.02292
0.41407, -0.02283
0.41557, -0.02274
0.41707, -0.02266
0.41857, -0.02257
0.42007, -0.02248
0.42157, -0.02240
0.42308, -0.02232
0.42458, -0.02223
0.42609, -0.02215
0.42759, -0.02207
0.42910, -0.02198
0.43061, -0.02190
0.43212, -0.02182
0.43364, -0.02174
0.43515, -0.02166
0.43666, -0.02158
0.43818, -0.02150
0.43969, -0.02143
0.44121, -0.02135
0.44273, -0.02127
0.44425, -0.02119
0.44577, -0.02112
0.44729, -0.02104
0.44881, -0.02097
0.45034, -0.02089
0.45186, -0.02082
0.45339, -0.02074
0.45491, -0.02067
0.45644, -0.02060
0.45797, -0.02053
0.45950, -0.02045
0.46103, -0.02038
0.46256, -0.02031
0.46409, -0.02024
0.46562, -0.02017
0.46716, -0.02010
0.46869, -0.02003
0.47022, -0.01996
0.47176, -0.01989
0.47330, -0.01982
0.47483, -0.01976
0.47637, -0.01969
0.47791, -0.01962
0.47945, -0.01955
0.48099, -0.01949
0.48253, -0.01942
0.48407, -0.01936
0.48561, -0.01929
0.48715, -0.01923
0.48870, -0.01916
0.49024, -0.01910
0.49178, -0.01903
0.49333, -0.01897
0.49487, -0.01891
0.49642, -0.01884
0.49796, -0.01878
0.49951, -0.01872
0.50106, -0.01866
0.50260, -0.01860
0.50415, -0.01853
0.50570, -0.01847
0.50725, -0.01841
0.50880, -0.01835
0.51035, -0.01829
0.51190, -0.01823
0.51345, -0.01817
0.51500, -0.01811
0.51655, -0.01805
0.51810, -0.01799
0.51965, -0.01793
0.52120, -0.01787
0.52275, -0.01782
0.52430, -0.01776
0.52586, -0.01770
0.52741, -0.01764
0.52896, -0.01758
0.53051, -0.01752
0.53207, -0.01747
0.53362, -0.01741
0.53517, -0.01735
0.53672, -0.01729
0.53828, -0.01724
0.53983, -0.01718
0.54138, -0.01712
0.54294, -0.01707
0.54449, -0.01701
0.54604, -0.01695
0.54759, -0.01690
0.54915, -0.01684
0.55070, -0.01678
0.55225, -0.01673
0.55381, -0.01667
0.55536, -0.01662
0.55691, -0.01656
0.55846, -0.01650
0.56001, -0.01645
0.56156, -0.01639
0.56312, -0.01634
0.56467, -0.01628
0.56622, -0.01622
0.56777, -0.01617
0.56932, -0.01611
0.57087, -0.01605
0.57242, -0.01600
0.57397, -0.01594
0.57552, -0.01589
0.57706, -0.01583
0.57861, -0.01577
0.58016, -0.01572
0.58171, -0.01566
0.58325, -0.01560
0.58480, -0.01555
0.58635, -0.01549
0.58789, -0.01543
0.58943, -0.01538
0.59098, -0.01532
0.59252, -0.01526
0.59407, -0.01520
0.59561, -0.01515
0.59715, -0.01509
0.59869, -0.01503
0.60023, -0.01497
0.60177, -0.01491
0.60331, -0.01486
0.60485, -0.01480
0.60638, -0.01474
0.60792, -0.01468
0.60946, -0.01462
0.61099, -0.01456
0.61253, -0.01450
0.61406, -0.01444
0.61559, -0.01438
0.61713, -0.01432
0.61866, -0.01426
0.62019, -0.01420
0.62172, -0.01414
0.62324, -0.01408
0.62477, -0.01401
0.62630, -0.01395
0.62782, -0.01389
0.62935, -0.01383
0.63087, -0.01376
0.63239, -0.01370
0.63391, -0.01364
0.63543, -0.01357
0.63695, -0.01351
0.63847, -0.01344
0.63999, -0.01338
0.64150, -0.01331
0.64302, -0.01325
0.64453, -0.01318
0.64604, -0.01312
0.64755, -0.01305
0.64906, -0.01298
0.65057, -0.01291
0.65208, -0.01285
0.65358, -0.01278
0.65509, -0.01271
0.65659, -0.01264
0.65809, -0.01257
0.65959, -0.01250
0.66109, -0.01243
0.66259, -0.01236
0.66408, -0.01229
0.66558, -0.01221
0.66707, -0.01214
0.66856, -0.01207
0.67004, -0.01200
0.67153, -0.01192
0.67301, -0.01185
0.67449, -0.01177
0.67596, -0.01170
0.67743, -0.01162
0.67890, -0.01155
0.68037, -0.01148
0.68184, -0.01140
0.68330, -0.01133
0.68476, -0.01125
0.68621, -0.01118
0.68767, -0.01110
0.68912, -0.01103
0.69056, -0.01095
0.69201, -0.01088
0.69345, -0.01080
0.69489, -0.01073
0.69633, -0.01065
0.69776, -0.01058
0.69919, -0.01051
0.70062, -0.01044
0.70205, -0.01036
0.70347, -0.01029
0.70489, -0.01022
0.70631, -0.01015
0.70773, -0.01008
0.70914, -0.01001
0.71055, -0.00994
0.71195, -0.00988
0.71336, -0.00981
0.71476, -0.00974
0.71616, -0.00968
0.71755, -0.00961
0.71895, -0.00955
0.72034, -0.00948
0.72173, -0.00942
0.72311, -0.00936
0.72449, -0.00930
0.72587, -0.00924
0.72725, -0.00918
0.72862, -0.00912
0.72999, -0.00907
0.73136, -0.00901
0.73273, -0.00896
0.73409, -0.00891
0.73545, -0.00885
0.73681, -0.00880
0.73816, -0.00875
0.73952, -0.00871
0.74087, -0.00866
0.74221, -0.00861
0.74356, -0.00857
0.74490, -0.00853
0.74623, -0.00849
0.74757, -0.00845
0.74891, -0.00841
0.75024, -0.00837
0.75157, -0.00833
0.75290, -0.00830
0.75423, -0.00827
0.75556, -0.00824
0.75688, -0.00821
0.75821, -0.00818
0.75953, -0.00815
0.76085, -0.00812
0.76217, -0.00810
0.76349, -0.00807
0.76481, -0.00805
0.76612, -0.00803
0.76744, -0.00800
0.76875, -0.00798
0.77006, -0.00796
0.77137, -0.00795
0.77268, -0.00793
0.77399, -0.00791
0.77529, -0.00789
0.77659, -0.00788
0.77789, -0.00786
0.77919, -0.00785
0.78049, -0.00783
0.78179, -0.00782
0.78308, -0.00781
0.78437, -0.00779
0.78566, -0.00778
0.78695, -0.00777
0.78823, -0.00776
0.78952, -0.00775
0.79080, -0.00773
0.79207, -0.00772
0.79335, -0.00771
0.79463, -0.00770
0.79590, -0.00769
0.79717, -0.00768
0.79844, -0.00767
0.79970, -0.00766
0.80096, -0.00765
0.80223, -0.00764
0.80348, -0.00763
0.80474, -0.00762
0.80599, -0.00761
0.80724, -0.00760
0.80849, -0.00759
0.80974, -0.00758
0.81098, -0.00757
0.81222, -0.00755
0.81346, -0.00754
0.81470, -0.00753
0.81593, -0.00752
0.81716, -0.00750
0.81839, -0.00749
0.81961, -0.00748
0.82083, -0.00746
0.82205, -0.00745
0.82327, -0.00743
0.82448, -0.00742
0.82569, -0.00740
0.82690, -0.00738
0.82811, -0.00736
0.82931, -0.00735
0.83051, -0.00733
0.83170, -0.00731
0.83290, -0.00729
0.83409, -0.00727
0.83527, -0.00724
0.83645, -0.00722
0.83763, -0.00720
0.83881, -0.00718
0.83998, -0.00715
0.84114, -0.00713
0.84231, -0.00710
0.84347, -0.00707
0.84463, -0.00705
0.84578, -0.00702
0.84693, -0.00699
0.84807, -0.00696
0.84921, -0.00693
0.85035, -0.00690
0.85149, -0.00687
0.85262, -0.00684
0.85374, -0.00681
0.85487, -0.00678
0.85599, -0.00674
0.85710, -0.00671
0.85822, -0.00668
0.85932, -0.00664
0.86043, -0.00661
0.86153, -0.00657
0.86263, -0.00654
0.86372, -0.00650
0.86481, -0.00647
0.86589, -0.00643
0.86698, -0.00639
0.86805, -0.00635
0.86913, -0.00632
0.87020, -0.00628
0.87126, -0.00624
0.87233, -0.00620
0.87339, -0.00616
0.87444, -0.00612
0.87549, -0.00608
0.87654, -0.00604
0.87758, -0.00600
0.87862, -0.00595
0.87966, -0.00591
0.88069, -0.00587
0.88171, -0.00583
0.88274, -0.00579
0.88376, -0.00574
0.88477, -0.00570
0.88578, -0.00566
0.88679, -0.00561
0.88780, -0.00557
0.88880, -0.00552
0.88979, -0.00548
0.89078, -0.00543
0.89177, -0.00539
0.89275, -0.00534
0.89373, -0.00530
0.89471, -0.00525
0.89568, -0.00521
0.89665, -0.00516
0.89761, -0.00511
0.89857, -0.00507
0.89952, -0.00502
0.90048, -0.00497
0.90142, -0.00493
0.90237, -0.00488
0.90330, -0.00483
0.90424, -0.00478
0.90517, -0.00474
0.90610, -0.00469
0.90702, -0.00464
0.90794, -0.00459
0.90885, -0.00455
0.90976, -0.00450
0.91066, -0.00445
0.91157, -0.00440
0.91246, -0.00435
0.91336, -0.00430
0.91424, -0.00426
0.91513, -0.00421
0.91601, -0.00416
0.91689, -0.00411
0.91776, -0.00406
0.91862, -0.00401
0.91949, -0.00396
0.92035, -0.00392
0.92120, -0.00387
0.92205, -0.00382
0.92290, -0.00377
0.92374, -0.00372
0.92458, -0.00367
0.92541, -0.00362
0.92624, -0.00357
0.92707, -0.00352
0.92789, -0.00348
0.92870, -0.00343
0.92951, -0.00338
0.93032, -0.00333
0.93112, -0.00328
0.93192, -0.00323
0.93272, -0.00318
0.93351, -0.00314
0.93429, -0.00309
0.93508, -0.00304
0.93585, -0.00299
0.93662, -0.00294
0.93739, -0.00290
0.93816, -0.00285
0.93892, -0.00280
0.93967, -0.00275
0.94042, -0.00270
0.94117, -0.00266
0.94191, -0.00261
0.94265, -0.00256
0.94338, -0.00251
0.94411, -0.00247
0.94483, -0.00242
0.94555, -0.00237
0.94626, -0.00233
0.94697, -0.00228
0.94768, -0.00223
0.94838, -0.00219
0.94908, -0.00214
0.94977, -0.00210
0.95046, -0.00205
0.95114, -0.00200
0.95182, -0.00196
0.95249, -0.00191
0.95316, -0.00187
0.95383, -0.00182
0.95449, -0.00178
0.95515, -0.00174
0.95580, -0.00169
0.95644, -0.00165
0.95709, -0.00160
0.95772, -0.00156
0.95836, -0.00152
0.95899, -0.00147
0.95961, -0.00143
0.96023, -0.00139
0.96084, -0.00134
0.96145, -0.00130
0.96206, -0.00126
0.96266, -0.00122
0.96326, -0.00118
0.96385, -0.00113
0.96444, -0.00109
0.96502, -0.00105
0.96560, -0.00101
0.96617, -0.00097
0.96674, -0.00093
0.96730, -0.00089
0.96786, -0.00085
0.96841, -0.00081
0.96896, -0.00077
0.96951, -0.00073
0.97005, -0.00069
0.97058, -0.00066
0.97111, -0.00062
0.97164, -0.00058
0.97216, -0.00054
0.97268, -0.00050
0.97319, -0.00047
0.97370, -0.00043
0.97420, -0.00039
0.97470, -0.00036
0.97519, -0.00032
0.97568, -0.00029
0.97616, -0.00025
0.97664, -0.00022
0.97712, -0.00018
0.97758, -0.00015
0.97805, -0.00011
0.97851, -0.00008
0.97896, -0.00004
0.97941, -0.00001
0.97986, 0.00002
0.98030, 0.00005
0.98074, 0.00009
0.98117, 0.00012
0.98159, 0.00015
0.98201, 0.00018
0.98243, 0.00021
0.98284, 0.00024
0.98325, 0.00027
0.98365, 0.00030
0.98405, 0.00033
0.98444, 0.00036
0.98483, 0.00039
0.98521, 0.00042
0.98559, 0.00045
0.98596, 0.00048
0.98633, 0.00051
0.98669, 0.00053
0.98705, 0.00056
0.98740, 0.00059
0.98775, 0.00061
0.98810, 0.00064
0.98844, 0.00066
0.98877, 0.00069
0.98910, 0.00072
0.98942, 0.00074
0.98974, 0.00076
0.99006, 0.00079
0.99037, 0.00081
0.99067, 0.00083
0.99097, 0.00086
0.99127, 0.00088
0.99156, 0.00090
0.99184, 0.00092
0.99212, 0.00095
0.99240, 0.00097
0.99267, 0.00099
0.99293, 0.00101
0.99320, 0.00103
0.99345, 0.00105
0.99370, 0.00107
0.99395, 0.00109
0.99419, 0.00110
0.99442, 0.00112
0.99466, 0.00114
0.99488, 0.00116
0.99510, 0.00117
0.99532, 0.00119
0.99553, 0.00121
0.99574, 0.00122
0.99594, 0.00124
0.99613, 0.00125
0.99633, 0.00127
0.99651, 0.00128
0.99669, 0.00130
0.99687, 0.00131
0.99704, 0.00132
0.99721, 0.00134
0.99737, 0.00135
0.99753, 0.00136
0.99768, 0.00137
0.99783, 0.00139
0.99797, 0.00140
0.99811, 0.00141
0.99824, 0.00142
0.99837, 0.00143
0.99849, 0.00144
0.99860, 0.00145
0.99872, 0.00145
0.99882, 0.00146
0.99893, 0.00147
0.99902, 0.00148
0.99912, 0.00149
0.99920, 0.00149
0.99928, 0.00150
0.99936, 0.00151
0.99943, 0.00151
0.99950, 0.00152
0.99956, 0.00152
0.99962, 0.00153
0.99967, 0.00153
0.99972, 0.00153
0.99976, 0.00154
0.99980, 0.00154
0.99983, 0.00154
0.99986, 0.00154
0.99988, 0.00155
0.99990, 0.00155
0.99991, 0.00155
0.99989, 0.00155
0.99989, 0.00155
