airfoil_points_974
1.000000 -0.006115
0.999748 -0.006067
0.998993 -0.005923
0.997736 -0.005683
0.995977 -0.005346
0.993719 -0.004914
0.990964 -0.004387
0.987715 -0.003763
0.983974 -0.003045
0.979746 -0.002231
0.975036 -0.001323
0.969846 -0.000322
0.964184 0.000773
0.958054 0.001959
0.951463 0.003237
0.944418 0.004604
0.936925 0.006059
0.928992 0.007601
0.920627 0.009226
0.911838 0.010932
0.902635 0.012717
0.893027 0.014578
0.883022 0.016510
0.872632 0.018510
0.861867 0.020572
0.850737 0.022693
0.839255 0.024867
0.827430 0.027086
0.815276 0.029324
0.802805 0.031548
0.790028 0.033721
0.776960 0.035800
0.763613 0.037743
0.750000 0.039503
0.736136 0.041058
0.722033 0.042446
0.707708 0.043710
0.693173 0.044903
0.678443 0.046084
0.663534 0.047319
0.648460 0.048642
0.633237 0.050040
0.617879 0.051497
0.602403 0.052999
0.586824 0.054527
0.571157 0.056064
0.555419 0.057591
0.539625 0.059090
0.523791 0.060541
0.507933 0.061925
0.492067 0.063225
0.476209 0.064421
0.460375 0.065495
0.444581 0.066431
0.428843 0.067212
0.413176 0.067822
0.397597 0.068248
0.382121 0.068476
0.366763 0.068495
0.351540 0.068295
0.336466 0.067866
0.321557 0.067202
0.306827 0.066295
0.292292 0.065144
0.277967 0.063745
0.263864 0.062097
0.250000 0.060203
0.236387 0.058110
0.223040 0.055891
0.209972 0.053616
0.197195 0.051351
0.184724 0.049160
0.172570 0.047067
0.160745 0.045054
0.149263 0.043104
0.138133 0.041202
0.127368 0.039332
0.116978 0.037483
0.106973 0.035634
0.097365 0.033766
0.088162 0.031863
0.079373 0.029915
0.071008 0.027910
0.063075 0.025845
0.055582 0.023714
0.048537 0.021516
0.041946 0.019251
0.035816 0.016920
0.030154 0.014527
0.024964 0.012075
0.020254 0.009568
0.016026 0.007012
0.012285 0.004411
0.009036 0.001770
0.006281 -0.000904
0.004023 -0.003608
0.002264 -0.006334
0.001007 -0.009074
0.000252 -0.011794
0.000000 -0.013868
0.000252 -0.017647
0.001007 -0.020342
0.002264 -0.023018
0.004023 -0.025646
0.006281 -0.028218
0.009036 -0.030733
0.012285 -0.033189
0.016026 -0.035587
0.020254 -0.037926
0.024964 -0.040205
0.030154 -0.042424
0.035816 -0.044580
0.041946 -0.046672
0.048537 -0.048695
0.055582 -0.050645
0.063075 -0.052516
0.071008 -0.054299
0.079373 -0.055986
0.088162 -0.057564
0.097365 -0.059021
0.106973 -0.060342
0.116978 -0.061508
0.127368 -0.062499
0.138133 -0.063295
0.149263 -0.063878
0.160745 -0.064235
0.172570 -0.064351
0.184724 -0.064210
0.197195 -0.063798
0.209972 -0.063097
0.223040 -0.062124
0.236387 -0.060929
0.250000 -0.059575
0.263864 -0.058139
0.277967 -0.056712
0.292292 -0.055358
0.306827 -0.054084
0.321557 -0.052888
0.336466 -0.051771
0.351540 -0.050728
0.366763 -0.049757
0.382121 -0.048851
0.397597 -0.048004
0.413176 -0.047208
0.428843 -0.046454
0.444581 -0.045733
0.460375 -0.045034
0.476209 -0.044347
0.492067 -0.043660
0.507933 -0.042962
0.523791 -0.042240
0.539625 -0.041484
0.555419 -0.040681
0.571157 -0.039821
0.586824 -0.038891
0.602403 -0.037883
0.617879 -0.036785
0.633237 -0.035588
0.648460 -0.034285
0.663534 -0.032867
0.678443 -0.031330
0.693173 -0.029706
0.707708 -0.028067
0.722033 -0.026480
0.736136 -0.025008
0.750000 -0.023712
0.763613 -0.022636
0.776960 -0.021757
0.790028 -0.021025
0.802805 -0.020398
0.815276 -0.019841
0.827430 -0.019319
0.839255 -0.018807
0.850737 -0.018291
0.861867 -0.017769
0.872632 -0.017243
0.883022 -0.016713
0.893027 -0.016180
0.902635 -0.015646
0.911838 -0.015113
0.920627 -0.014582
0.928992 -0.014056
0.936925 -0.013538
0.944418 -0.013031
0.951463 -0.012537
0.958054 -0.012060
0.964184 -0.011602
0.969846 -0.011167
0.975036 -0.010757
0.979746 -0.010377
0.983974 -0.010028
0.987715 -0.009713
0.990964 -0.009435
0.993719 -0.009196
0.995977 -0.008997
0.997736 -0.008841
0.998993 -0.008729
0.999748 -0.008661
1.000000 -0.008642
