airfoil_points_513
1.000000 0.024577
0.999748 0.024616
0.998993 0.024734
0.997736 0.024927
0.995977 0.025191
0.993719 0.025521
0.990964 0.025907
0.987715 0.026343
0.983974 0.026818
0.979746 0.027321
0.975036 0.027842
0.969846 0.028369
0.964184 0.028892
0.958054 0.029399
0.951463 0.029882
0.944418 0.030331
0.936925 0.030739
0.928992 0.031102
0.920627 0.031417
0.911838 0.031682
0.902635 0.031900
0.893027 0.032076
0.883022 0.032220
0.872632 0.032343
0.861867 0.032463
0.850737 0.032600
0.839255 0.032779
0.827430 0.033032
0.815276 0.033390
0.802805 0.033890
0.790028 0.034571
0.776960 0.035477
0.763613 0.036660
0.750000 0.038173
0.736136 0.040035
0.722033 0.042174
0.707708 0.044500
0.693173 0.046920
0.678443 0.049338
0.663534 0.051655
0.648460 0.053831
0.633237 0.055869
0.617879 0.057772
0.602403 0.059545
0.586824 0.061193
0.571157 0.062722
0.555419 0.064139
0.539625 0.065450
0.523791 0.066664
0.507933 0.067788
0.492067 0.068830
0.476209 0.069799
0.460375 0.070703
0.444581 0.071551
0.428843 0.072349
0.413176 0.073107
0.397597 0.073832
0.382121 0.074531
0.366763 0.075210
0.351540 0.075875
0.336466 0.076532
0.321557 0.077184
0.306827 0.077836
0.292292 0.078490
0.277967 0.079147
0.263864 0.079808
0.250000 0.080436
0.236387 0.080958
0.223040 0.081309
0.209972 0.081436
0.197195 0.081299
0.184724 0.080870
0.172570 0.080159
0.160745 0.079176
0.149263 0.077931
0.138133 0.076440
0.127368 0.074716
0.116978 0.072770
0.106973 0.070628
0.097365 0.068313
0.088162 0.065849
0.079373 0.063258
0.071008 0.060560
0.063075 0.057773
0.055582 0.054913
0.048537 0.051996
0.041946 0.049035
0.035816 0.046044
0.030154 0.043033
0.024964 0.040012
0.020254 0.036989
0.016026 0.033974
0.012285 0.030973
0.009036 0.027993
0.006281 0.025043
0.004023 0.022132
0.002264 0.019278
0.001007 0.016524
0.000252 0.014025
0.000000 0.012668
0.000252 0.006783
0.001007 0.004433
0.002264 0.001964
0.004023 -0.000462
0.006281 -0.002801
0.009036 -0.005038
0.012285 -0.007165
0.016026 -0.009179
0.020254 -0.011078
0.024964 -0.012859
0.030154 -0.014523
0.035816 -0.016071
0.041946 -0.017505
0.048537 -0.018826
0.055582 -0.020041
0.063075 -0.021155
0.071008 -0.022177
0.079373 -0.023116
0.088162 -0.023987
0.097365 -0.024803
0.106973 -0.025584
0.116978 -0.026353
0.127368 -0.027134
0.138133 -0.027956
0.149263 -0.028840
0.160745 -0.029796
0.172570 -0.030836
0.184724 -0.031973
0.197195 -0.033218
0.209972 -0.034564
0.223040 -0.035960
0.236387 -0.037349
0.250000 -0.038668
0.263864 -0.039852
0.277967 -0.040850
0.292292 -0.041657
0.306827 -0.042277
0.321557 -0.042713
0.336466 -0.042972
0.351540 -0.043063
0.366763 -0.042992
0.382121 -0.042771
0.397597 -0.042410
0.413176 -0.041921
0.428843 -0.041317
0.444581 -0.040612
0.460375 -0.039821
0.476209 -0.038957
0.492067 -0.038038
0.507933 -0.037078
0.523791 -0.036094
0.539625 -0.035102
0.555419 -0.034117
0.571157 -0.033156
0.586824 -0.032233
0.602403 -0.031362
0.617879 -0.030559
0.633237 -0.029834
0.648460 -0.029201
0.663534 -0.028670
0.678443 -0.028245
0.693173 -0.027862
0.707708 -0.027426
0.722033 -0.026858
0.736136 -0.026083
0.750000 -0.025042
0.763613 -0.023688
0.776960 -0.022040
0.790028 -0.020147
0.802805 -0.018054
0.815276 -0.015802
0.827430 -0.013434
0.839255 -0.010987
0.850737 -0.008498
0.861867 -0.006003
0.872632 -0.003535
0.883022 -0.001122
0.893027 0.001212
0.902635 0.003446
0.911838 0.005564
0.920627 0.007554
0.928992 0.009407
0.936925 0.011117
0.944418 0.012683
0.951463 0.014104
0.958054 0.015383
0.964184 0.016525
0.969846 0.017534
0.975036 0.018418
0.979746 0.019186
0.983974 0.019844
0.987715 0.020401
0.990964 0.020866
0.993719 0.021245
0.995977 0.021545
0.997736 0.021772
0.998993 0.021931
0.999748 0.022025
1.000000 0.022054
