=== Airfoil Parameters ===
m = 0.02
p = 0.4
t = 0.12

=== Control Points ===
0.00000, -0.05071, -0.05071
0.06667, -0.02796, -0.03407
0.13333, 0.00106, -0.01005
0.20000, 0.02554, 0.01054
0.26667, 0.03915, 0.02137
0.66667, 0.03636, 0.02031
0.75000, 0.02242, 0.00922
0.83333, 0.00590, -0.00367
0.91667, -0.00528, -0.01045
1.00000, -0.01181, -0.01181

=== Upper Surface ===
0.00000, -0.05071
-0.00008, -0.05045
-0.00012, -0.05017
-0.00017, -0.04989
-0.00022, -0.04962
-0.00026, -0.04934
-0.00030, -0.04906
-0.00033, -0.04879
-0.00036, -0.04851
-0.00038, -0.04823
-0.00040, -0.04795
-0.00041, -0.04767
-0.00042, -0.04739
-0.00043, -0.04710
-0.00042, -0.04682
-0.00042, -0.04654
-0.00041, -0.04625
-0.00039, -0.04597
-0.00037, -0.04568
-0.00034, -0.04539
-0.00031, -0.04510
-0.00028, -0.04482
-0.00024, -0.04453
-0.00019, -0.04424
-0.00015, -0.04395
-0.00009, -0.04365
-0.00003, -0.04336
0.00003, -0.04307
0.00010, -0.04277
0.00017, -0.04248
0.00025, -0.04218
0.00033, -0.04189
0.00042, -0.04159
0.00051, -0.04129
0.00060, -0.04099
0.00070, -0.04069
0.00081, -0.04039
0.00092, -0.04009
0.00103, -0.03979
0.00115, -0.03948
0.00127, -0.03918
0.00140, -0.03888
0.00153, -0.03857
0.00166, -0.03826
0.00181, -0.03796
0.00195, -0.03765
0.00210, -0.03734
0.00225, -0.03703
0.00241, -0.03672
0.00257, -0.03641
0.00274, -0.03609
0.00291, -0.03578
0.00309, -0.03546
0.00327, -0.03515
0.00345, -0.03483
0.00364, -0.03452
0.00383, -0.03420
0.00403, -0.03388
0.00423, -0.03356
0.00444, -0.03324
0.00465, -0.03292
0.00487, -0.03259
0.00508, -0.03227
0.00531, -0.03194
0.00554, -0.03162
0.00577, -0.03129
0.00600, -0.03096
0.00624, -0.03063
0.00649, -0.03030
0.00674, -0.02997
0.00699, -0.02964
0.00725, -0.02931
0.00751, -0.02897
0.00778, -0.02863
0.00805, -0.02830
0.00832, -0.02796
0.00860, -0.02762
0.00888, -0.02728
0.00917, -0.02694
0.00946, -0.02660
0.00976, -0.02625
0.01006, -0.02591
0.01036, -0.02556
0.01067, -0.02522
0.01098, -0.02487
0.01130, -0.02452
0.01162, -0.02417
0.01194, -0.02381
0.01227, -0.02346
0.01260, -0.02311
0.01294, -0.02275
0.01328, -0.02239
0.01363, -0.02203
0.01398, -0.02167
0.01433, -0.02131
0.01469, -0.02095
0.01505, -0.02059
0.01542, -0.02022
0.01579, -0.01985
0.01617, -0.01949
0.01655, -0.01912
0.01693, -0.01875
0.01732, -0.01837
0.01771, -0.01800
0.01811, -0.01762
0.01851, -0.01725
0.01891, -0.01687
0.01932, -0.01649
0.01973, -0.01611
0.02015, -0.01572
0.02057, -0.01534
0.02100, -0.01495
0.02143, -0.01457
0.02186, -0.01418
0.02230, -0.01379
0.02275, -0.01339
0.02319, -0.01300
0.02364, -0.01260
0.02410, -0.01221
0.02456, -0.01181
0.02503, -0.01141
0.02549, -0.01100
0.02597, -0.01060
0.02645, -0.01019
0.02693, -0.00979
0.02741, -0.00938
0.02790, -0.00897
0.02840, -0.00856
0.02890, -0.00814
0.02940, -0.00773
0.02991, -0.00731
0.03042, -0.00689
0.03094, -0.00647
0.03146, -0.00604
0.03199, -0.00562
0.03252, -0.00519
0.03305, -0.00476
0.03359, -0.00433
0.03413, -0.00390
0.03468, -0.00347
0.03523, -0.00303
0.03579, -0.00259
0.03635, -0.00215
0.03692, -0.00171
0.03749, -0.00127
0.03806, -0.00082
0.03864, -0.00037
0.03923, 0.00008
0.03982, 0.00053
0.04041, 0.00098
0.04101, 0.00144
0.04161, 0.00189
0.04222, 0.00235
0.04283, 0.00281
0.04345, 0.00328
0.04407, 0.00374
0.04469, 0.00421
0.04532, 0.00468
0.04596, 0.00515
0.04660, 0.00562
0.04724, 0.00610
0.04789, 0.00657
0.04855, 0.00705
0.04921, 0.00753
0.04987, 0.00802
0.05054, 0.00850
0.05121, 0.00899
0.05189, 0.00948
0.05257, 0.00997
0.05326, 0.01046
0.05395, 0.01096
0.05465, 0.01145
0.05535, 0.01195
0.05606, 0.01245
0.05677, 0.01296
0.05749, 0.01346
0.05821, 0.01397
0.05894, 0.01448
0.05967, 0.01499
0.06041, 0.01550
0.06115, 0.01602
0.06190, 0.01653
0.06265, 0.01705
0.06341, 0.01757
0.06417, 0.01810
0.06494, 0.01862
0.06571, 0.01915
0.06649, 0.01968
0.06727, 0.02021
0.06806, 0.02074
0.06885, 0.02127
0.06965, 0.02181
0.07046, 0.02235
0.07126, 0.02289
0.07208, 0.02343
0.07290, 0.02397
0.07372, 0.02452
0.07455, 0.02506
0.07539, 0.02561
0.07623, 0.02616
0.07707, 0.02671
0.07793, 0.02727
0.07878, 0.02782
0.07964, 0.02838
0.08051, 0.02894
0.08139, 0.02950
0.08226, 0.03006
0.08315, 0.03062
0.08404, 0.03119
0.08493, 0.03176
0.08583, 0.03232
0.08674, 0.03289
0.08765, 0.03346
0.08857, 0.03404
0.08949, 0.03461
0.09042, 0.03518
0.09135, 0.03576
0.09229, 0.03634
0.09324, 0.03692
0.09419, 0.03750
0.09515, 0.03808
0.09611, 0.03866
0.09708, 0.03924
0.09805, 0.03983
0.09903, 0.04041
0.10002, 0.04100
0.10101, 0.04159
0.10201, 0.04217
0.10301, 0.04276
0.10402, 0.04335
0.10503, 0.04394
0.10606, 0.04454
0.10708, 0.04513
0.10812, 0.04572
0.10916, 0.04631
0.11020, 0.04691
0.11125, 0.04750
0.11231, 0.04809
0.11338, 0.04869
0.11444, 0.04928
0.11552, 0.04988
0.11660, 0.05047
0.11769, 0.05107
0.11878, 0.05166
0.11988, 0.05226
0.12099, 0.05285
0.12210, 0.05345
0.12322, 0.05404
0.12434, 0.05464
0.12547, 0.05523
0.12661, 0.05582
0.12775, 0.05641
0.12890, 0.05701
0.13005, 0.05760
0.13121, 0.05819
0.13238, 0.05878
0.13355, 0.05937
0.13473, 0.05995
0.13592, 0.06054
0.13711, 0.06113
0.13831, 0.06171
0.13952, 0.06230
0.14073, 0.06288
0.14195, 0.06346
0.14317, 0.06404
0.14440, 0.06462
0.14564, 0.06519
0.14688, 0.06577
0.14813, 0.06634
0.14939, 0.06691
0.15065, 0.06748
0.15192, 0.06805
0.15320, 0.06861
0.15448, 0.06917
0.15577, 0.06973
0.15707, 0.07029
0.15838, 0.07085
0.15969, 0.07140
0.16100, 0.07195
0.16233, 0.07250
0.16366, 0.07304
0.16500, 0.07358
0.16635, 0.07412
0.16770, 0.07466
0.16906, 0.07519
0.17042, 0.07572
0.17180, 0.07624
0.17318, 0.07676
0.17457, 0.07728
0.17596, 0.07779
0.17736, 0.07830
0.17877, 0.07881
0.18019, 0.07931
0.18162, 0.07981
0.18305, 0.08030
0.18448, 0.08079
0.18592, 0.08127
0.18737, 0.08174
0.18882, 0.08221
0.19027, 0.08267
0.19172, 0.08313
0.19317, 0.08358
0.19462, 0.08403
0.19608, 0.08447
0.19754, 0.08490
0.19899, 0.08533
0.20045, 0.08575
0.20191, 0.08616
0.20338, 0.08657
0.20484, 0.08697
0.20630, 0.08737
0.20777, 0.08776
0.20924, 0.08815
0.21070, 0.08853
0.21217, 0.08891
0.21364, 0.08928
0.21511, 0.08964
0.21658, 0.09000
0.21805, 0.09036
0.21952, 0.09071
0.22099, 0.09105
0.22246, 0.09139
0.22393, 0.09173
0.22540, 0.09205
0.22688, 0.09238
0.22835, 0.09270
0.22982, 0.09301
0.23129, 0.09333
0.23276, 0.09363
0.23423, 0.09393
0.23570, 0.09423
0.23717, 0.09452
0.23864, 0.09481
0.24011, 0.09510
0.24158, 0.09538
0.24305, 0.09566
0.24452, 0.09593
0.24598, 0.09620
0.24745, 0.09646
0.24892, 0.09673
0.25038, 0.09698
0.25184, 0.09724
0.25331, 0.09749
0.25477, 0.09774
0.25623, 0.09798
0.25769, 0.09823
0.25915, 0.09847
0.26061, 0.09870
0.26208, 0.09894
0.26355, 0.09917
0.26501, 0.09940
0.26649, 0.09963
0.26796, 0.09985
0.26944, 0.10007
0.27092, 0.10029
0.27240, 0.10051
0.27389, 0.10073
0.27537, 0.10094
0.27686, 0.10115
0.27835, 0.10135
0.27985, 0.10156
0.28134, 0.10176
0.28284, 0.10196
0.28434, 0.10216
0.28584, 0.10235
0.28735, 0.10255
0.28886, 0.10274
0.29037, 0.10292
0.29188, 0.10311
0.29339, 0.10329
0.29491, 0.10347
0.29643, 0.10365
0.29795, 0.10382
0.29947, 0.10399
0.30099, 0.10416
0.30252, 0.10433
0.30405, 0.10449
0.30558, 0.10465
0.30711, 0.10481
0.30864, 0.10497
0.31018, 0.10512
0.31172, 0.10527
0.31326, 0.10542
0.31480, 0.10556
0.31634, 0.10571
0.31789, 0.10585
0.31943, 0.10598
0.32098, 0.10612
0.32253, 0.10625
0.32409, 0.10638
0.32564, 0.10651
0.32719, 0.10663
0.32875, 0.10675
0.33031, 0.10687
0.33187, 0.10699
0.33343, 0.10710
0.33500, 0.10721
0.33656, 0.10732
0.33813, 0.10743
0.33970, 0.10753
0.34127, 0.10763
0.34284, 0.10773
0.34442, 0.10782
0.34599, 0.10792
0.34757, 0.10801
0.34914, 0.10809
0.35072, 0.10818
0.35230, 0.10826
0.35389, 0.10834
0.35547, 0.10841
0.35705, 0.10849
0.35864, 0.10856
0.36023, 0.10863
0.36181, 0.10869
0.36340, 0.10875
0.36500, 0.10881
0.36659, 0.10887
0.36818, 0.10893
0.36978, 0.10898
0.37137, 0.10903
0.37297, 0.10907
0.37457, 0.10912
0.37616, 0.10916
0.37777, 0.10920
0.37937, 0.10923
0.38097, 0.10927
0.38257, 0.10930
0.38418, 0.10932
0.38578, 0.10935
0.38739, 0.10937
0.38899, 0.10939
0.39060, 0.10941
0.39221, 0.10942
0.39382, 0.10943
0.39543, 0.10944
0.39704, 0.10945
0.39866, 0.10945
0.40027, 0.10945
0.40188, 0.10945
0.40350, 0.10945
0.40511, 0.10944
0.40673, 0.10943
0.40835, 0.10942
0.40997, 0.10940
0.41158, 0.10939
0.41320, 0.10937
0.41482, 0.10934
0.41644, 0.10932
0.41806, 0.10929
0.41969, 0.10926
0.42131, 0.10923
0.42293, 0.10919
0.42455, 0.10915
0.42618, 0.10911
0.42780, 0.10907
0.42943, 0.10902
0.43105, 0.10897
0.43268, 0.10892
0.43430, 0.10886
0.43593, 0.10881
0.43756, 0.10875
0.43918, 0.10869
0.44081, 0.10862
0.44244, 0.10855
0.44407, 0.10848
0.44569, 0.10841
0.44732, 0.10834
0.44895, 0.10826
0.45058, 0.10818
0.45221, 0.10810
0.45384, 0.10801
0.45547, 0.10792
0.45710, 0.10783
0.45873, 0.10774
0.46036, 0.10765
0.46199, 0.10755
0.46362, 0.10745
0.46525, 0.10734
0.46688, 0.10724
0.46851, 0.10713
0.47014, 0.10702
0.47177, 0.10691
0.47340, 0.10679
0.47503, 0.10668
0.47666, 0.10656
0.47829, 0.10643
0.47992, 0.10631
0.48155, 0.10618
0.48318, 0.10605
0.48481, 0.10592
0.48644, 0.10579
0.48807, 0.10565
0.48970, 0.10551
0.49133, 0.10537
0.49296, 0.10522
0.49459, 0.10508
0.49622, 0.10493
0.49784, 0.10478
0.49947, 0.10463
0.50110, 0.10447
0.50273, 0.10431
0.50435, 0.10415
0.50598, 0.10399
0.50760, 0.10382
0.50923, 0.10366
0.51085, 0.10349
0.51248, 0.10331
0.51410, 0.10314
0.51573, 0.10296
0.51735, 0.10278
0.51897, 0.10260
0.52059, 0.10242
0.52222, 0.10224
0.52384, 0.10205
0.52546, 0.10186
0.52708, 0.10167
0.52870, 0.10147
0.53032, 0.10128
0.53193, 0.10108
0.53355, 0.10088
0.53517, 0.10067
0.53678, 0.10047
0.53840, 0.10026
0.54001, 0.10005
0.54163, 0.09984
0.54324, 0.09963
0.54485, 0.09941
0.54646, 0.09919
0.54807, 0.09897
0.54968, 0.09875
0.55129, 0.09853
0.55290, 0.09830
0.55451, 0.09807
0.55611, 0.09784
0.55772, 0.09761
0.55932, 0.09738
0.56093, 0.09714
0.56253, 0.09690
0.56413, 0.09666
0.56573, 0.09642
0.56733, 0.09618
0.56893, 0.09593
0.57053, 0.09568
0.57212, 0.09543
0.57372, 0.09518
0.57531, 0.09493
0.57690, 0.09467
0.57850, 0.09442
0.58009, 0.09416
0.58168, 0.09390
0.58327, 0.09363
0.58485, 0.09337
0.58644, 0.09310
0.58802, 0.09283
0.58961, 0.09256
0.59119, 0.09229
0.59277, 0.09202
0.59435, 0.09174
0.59593, 0.09147
0.59751, 0.09119
0.59908, 0.09091
0.60066, 0.09062
0.60223, 0.09034
0.60380, 0.09005
0.60538, 0.08977
0.60694, 0.08948
0.60851, 0.08918
0.61008, 0.08889
0.61164, 0.08860
0.61321, 0.08830
0.61477, 0.08800
0.61633, 0.08771
0.61789, 0.08740
0.61945, 0.08710
0.62100, 0.08680
0.62256, 0.08649
0.62411, 0.08619
0.62566, 0.08588
0.62721, 0.08557
0.62876, 0.08526
0.63031, 0.08494
0.63185, 0.08463
0.63340, 0.08431
0.63494, 0.08399
0.63648, 0.08368
0.63802, 0.08335
0.63955, 0.08303
0.64109, 0.08271
0.64262, 0.08238
0.64415, 0.08206
0.64568, 0.08173
0.64721, 0.08140
0.64874, 0.08107
0.65026, 0.08074
0.65178, 0.08041
0.65330, 0.08007
0.65482, 0.07974
0.65634, 0.07940
0.65785, 0.07906
0.65937, 0.07872
0.66088, 0.07838
0.66239, 0.07804
0.66390, 0.07770
0.66540, 0.07735
0.66691, 0.07701
0.66841, 0.07666
0.66991, 0.07631
0.67140, 0.07596
0.67290, 0.07561
0.67439, 0.07526
0.67589, 0.07491
0.67738, 0.07455
0.67887, 0.07420
0.68035, 0.07384
0.68184, 0.07349
0.68332, 0.07313
0.68480, 0.07277
0.68628, 0.07241
0.68776, 0.07204
0.68923, 0.07168
0.69070, 0.07132
0.69217, 0.07095
0.69364, 0.07059
0.69511, 0.07022
0.69658, 0.06985
0.69804, 0.06948
0.69950, 0.06911
0.70096, 0.06874
0.70241, 0.06836
0.70387, 0.06799
0.70532, 0.06761
0.70677, 0.06724
0.70822, 0.06686
0.70966, 0.06648
0.71111, 0.06610
0.71255, 0.06572
0.71399, 0.06534
0.71543, 0.06496
0.71686, 0.06457
0.71829, 0.06419
0.71972, 0.06380
0.72115, 0.06342
0.72257, 0.06303
0.72400, 0.06264
0.72542, 0.06225
0.72684, 0.06186
0.72825, 0.06147
0.72967, 0.06107
0.73108, 0.06068
0.73248, 0.06029
0.73389, 0.05989
0.73529, 0.05949
0.73670, 0.05910
0.73809, 0.05870
0.73949, 0.05830
0.74088, 0.05790
0.74227, 0.05750
0.74366, 0.05710
0.74505, 0.05669
0.74643, 0.05629
0.74781, 0.05588
0.74919, 0.05548
0.75057, 0.05507
0.75194, 0.05467
0.75331, 0.05426
0.75468, 0.05385
0.75604, 0.05344
0.75740, 0.05303
0.75876, 0.05262
0.76011, 0.05221
0.76146, 0.05180
0.76281, 0.05138
0.76415, 0.05097
0.76549, 0.05056
0.76682, 0.05015
0.76815, 0.04974
0.76948, 0.04932
0.77080, 0.04891
0.77211, 0.04850
0.77343, 0.04809
0.77474, 0.04768
0.77604, 0.04727
0.77735, 0.04685
0.77865, 0.04644
0.77994, 0.04603
0.78123, 0.04563
0.78252, 0.04522
0.78380, 0.04481
0.78508, 0.04440
0.78636, 0.04400
0.78763, 0.04359
0.78890, 0.04319
0.79016, 0.04278
0.79142, 0.04238
0.79268, 0.04198
0.79393, 0.04158
0.79518, 0.04118
0.79642, 0.04078
0.79767, 0.04038
0.79890, 0.03999
0.80014, 0.03959
0.80137, 0.03920
0.80260, 0.03881
0.80382, 0.03841
0.80504, 0.03803
0.80626, 0.03764
0.80747, 0.03725
0.80868, 0.03687
0.80988, 0.03649
0.81108, 0.03610
0.81228, 0.03572
0.81348, 0.03535
0.81467, 0.03497
0.81585, 0.03460
0.81704, 0.03422
0.81822, 0.03385
0.81939, 0.03349
0.82056, 0.03312
0.82173, 0.03275
0.82290, 0.03239
0.82406, 0.03203
0.82522, 0.03167
0.82637, 0.03132
0.82753, 0.03096
0.82867, 0.03061
0.82982, 0.03026
0.83096, 0.02991
0.83210, 0.02957
0.83323, 0.02922
0.83436, 0.02888
0.83549, 0.02854
0.83661, 0.02821
0.83773, 0.02787
0.83885, 0.02754
0.83996, 0.02721
0.84107, 0.02689
0.84218, 0.02656
0.84329, 0.02624
0.84439, 0.02592
0.84549, 0.02560
0.84659, 0.02528
0.84768, 0.02497
0.84877, 0.02465
0.84986, 0.02434
0.85095, 0.02404
0.85203, 0.02373
0.85311, 0.02342
0.85419, 0.02312
0.85526, 0.02282
0.85634, 0.02252
0.85740, 0.02223
0.85847, 0.02193
0.85953, 0.02164
0.86059, 0.02135
0.86165, 0.02106
0.86270, 0.02078
0.86375, 0.02049
0.86480, 0.02021
0.86584, 0.01993
0.86689, 0.01965
0.86792, 0.01937
0.86896, 0.01909
0.86999, 0.01882
0.87102, 0.01855
0.87205, 0.01828
0.87307, 0.01801
0.87409, 0.01774
0.87510, 0.01748
0.87612, 0.01722
0.87712, 0.01695
0.87813, 0.01669
0.87913, 0.01644
0.88013, 0.01618
0.88113, 0.01593
0.88212, 0.01567
0.88311, 0.01542
0.88410, 0.01517
0.88508, 0.01492
0.88606, 0.01468
0.88704, 0.01443
0.88801, 0.01419
0.88898, 0.01395
0.88994, 0.01371
0.89091, 0.01347
0.89187, 0.01323
0.89282, 0.01300
0.89377, 0.01276
0.89472, 0.01253
0.89567, 0.01230
0.89661, 0.01207
0.89754, 0.01184
0.89848, 0.01162
0.89941, 0.01139
0.90034, 0.01117
0.90126, 0.01095
0.90218, 0.01073
0.90310, 0.01051
0.90401, 0.01029
0.90492, 0.01007
0.90582, 0.00986
0.90672, 0.00964
0.90762, 0.00943
0.90851, 0.00922
0.90940, 0.00901
0.91029, 0.00881
0.91117, 0.00860
0.91205, 0.00839
0.91293, 0.00819
0.91380, 0.00799
0.91467, 0.00779
0.91553, 0.00759
0.91639, 0.00739
0.91725, 0.00719
0.91810, 0.00700
0.91895, 0.00680
0.91979, 0.00661
0.92063, 0.00642
0.92147, 0.00623
0.92230, 0.00604
0.92313, 0.00585
0.92395, 0.00566
0.92477, 0.00548
0.92559, 0.00529
0.92640, 0.00511
0.92721, 0.00493
0.92802, 0.00475
0.92882, 0.00457
0.92962, 0.00439
0.93041, 0.00421
0.93120, 0.00403
0.93198, 0.00386
0.93276, 0.00369
0.93354, 0.00351
0.93431, 0.00334
0.93508, 0.00317
0.93585, 0.00300
0.93661, 0.00284
0.93736, 0.00267
0.93811, 0.00251
0.93886, 0.00234
0.93961, 0.00218
0.94035, 0.00202
0.94108, 0.00186
0.94181, 0.00170
0.94254, 0.00154
0.94326, 0.00138
0.94398, 0.00122
0.94469, 0.00107
0.94540, 0.00092
0.94611, 0.00076
0.94681, 0.00061
0.94751, 0.00046
0.94820, 0.00031
0.94889, 0.00016
0.94958, 0.00001
0.95026, -0.00013
0.95093, -0.00028
0.95160, -0.00042
0.95227, -0.00056
0.95293, -0.00071
0.95359, -0.00085
0.95425, -0.00099
0.95490, -0.00113
0.95554, -0.00126
0.95618, -0.00140
0.95682, -0.00154
0.95745, -0.00167
0.95808, -0.00180
0.95870, -0.00194
0.95932, -0.00207
0.95994, -0.00220
0.96055, -0.00233
0.96115, -0.00245
0.96175, -0.00258
0.96235, -0.00271
0.96294, -0.00283
0.96353, -0.00296
0.96412, -0.00308
0.96469, -0.00320
0.96527, -0.00332
0.96584, -0.00344
0.96640, -0.00356
0.96697, -0.00368
0.96752, -0.00380
0.96807, -0.00391
0.96862, -0.00403
0.96916, -0.00414
0.96970, -0.00425
0.97024, -0.00437
0.97077, -0.00448
0.97129, -0.00459
0.97181, -0.00470
0.97233, -0.00480
0.97284, -0.00491
0.97334, -0.00502
0.97384, -0.00512
0.97434, -0.00522
0.97483, -0.00533
0.97532, -0.00543
0.97581, -0.00553
0.97628, -0.00563
0.97676, -0.00573
0.97723, -0.00583
0.97769, -0.00592
0.97815, -0.00602
0.97861, -0.00611
0.97906, -0.00621
0.97951, -0.00630
0.97995, -0.00639
0.98038, -0.00648
0.98082, -0.00657
0.98124, -0.00666
0.98167, -0.00675
0.98208, -0.00683
0.98250, -0.00692
0.98291, -0.00701
0.98331, -0.00709
0.98371, -0.00717
0.98410, -0.00725
0.98449, -0.00733
0.98488, -0.00741
0.98526, -0.00749
0.98563, -0.00757
0.98601, -0.00765
0.98637, -0.00772
0.98673, -0.00780
0.98709, -0.00787
0.98744, -0.00794
0.98779, -0.00802
0.98813, -0.00809
0.98847, -0.00816
0.98880, -0.00823
0.98913, -0.00829
0.98945, -0.00836
0.98977, -0.00843
0.99008, -0.00849
0.99039, -0.00855
0.99070, -0.00862
0.99100, -0.00868
0.99129, -0.00874
0.99158, -0.00880
0.99187, -0.00886
0.99215, -0.00892
0.99242, -0.00897
0.99269, -0.00903
0.99296, -0.00908
0.99322, -0.00914
0.99347, -0.00919
0.99372, -0.00924
0.99397, -0.00929
0.99421, -0.00934
0.99445, -0.00939
0.99468, -0.00944
0.99491, -0.00949
0.99513, -0.00953
0.99535, -0.00958
0.99556, -0.00962
0.99577, -0.00966
0.99597, -0.00971
0.99617, -0.00975
0.99636, -0.00979
0.99655, -0.00982
0.99673, -0.00986
0.99691, -0.00990
0.99708, -0.00994
0.99725, -0.00997
0.99742, -0.01000
0.99757, -0.01004
0.99773, -0.01007
0.99788, -0.01010
0.99802, -0.01013
0.99816, -0.01016
0.99830, -0.01019
0.99843, -0.01021
0.99855, -0.01024
0.99867, -0.01026
0.99879, -0.01029
0.99890, -0.01031
0.99900, -0.01033
0.99910, -0.01035
0.99920, -0.01037
0.99929, -0.01039
0.99937, -0.01041
0.99945, -0.01042
0.99953, -0.01044
0.99960, -0.01045
0.99967, -0.01047
0.99973, -0.01048
0.99978, -0.01049
0.99984, -0.01050
0.99988, -0.01051
0.99992, -0.01052
0.99996, -0.01053
0.99999, -0.01054
1.00002, -0.01054
1.00004, -0.01055
1.00006, -0.01055
1.00007, -0.01055
1.00011, -0.01055
1.00012, -0.01056

=== Lower Surface ===
0.00000, -0.05071
0.00009, -0.05098
0.00014, -0.05125
0.00022, -0.05152
0.00030, -0.05179
0.00039, -0.05206
0.00048, -0.05232
0.00058, -0.05258
0.00068, -0.05284
0.00078, -0.05310
0.00090, -0.05336
0.00101, -0.05362
0.00113, -0.05387
0.00126, -0.05412
0.00139, -0.05437
0.00153, -0.05462
0.00167, -0.05487
0.00182, -0.05512
0.00197, -0.05536
0.00213, -0.05560
0.00229, -0.05585
0.00246, -0.05608
0.00263, -0.05632
0.00281, -0.05656
0.00299, -0.05679
0.00318, -0.05703
0.00337, -0.05726
0.00357, -0.05749
0.00378, -0.05771
0.00399, -0.05794
0.00420, -0.05816
0.00442, -0.05838
0.00464, -0.05860
0.00487, -0.05882
0.00511, -0.05904
0.00535, -0.05925
0.00560, -0.05947
0.00585, -0.05968
0.00610, -0.05989
0.00636, -0.06009
0.00663, -0.06030
0.00690, -0.06050
0.00718, -0.06070
0.00746, -0.06090
0.00775, -0.06110
0.00805, -0.06130
0.00835, -0.06149
0.00865, -0.06168
0.00896, -0.06187
0.00927, -0.06206
0.00960, -0.06224
0.00992, -0.06243
0.01025, -0.06261
0.01059, -0.06278
0.01093, -0.06296
0.01128, -0.06314
0.01163, -0.06331
0.01199, -0.06348
0.01235, -0.06365
0.01272, -0.06381
0.01310, -0.06397
0.01348, -0.06414
0.01386, -0.06429
0.01425, -0.06445
0.01465, -0.06460
0.01505, -0.06476
0.01546, -0.06491
0.01587, -0.06505
0.01629, -0.06520
0.01671, -0.06534
0.01714, -0.06548
0.01757, -0.06562
0.01801, -0.06575
0.01846, -0.06588
0.01891, -0.06601
0.01936, -0.06614
0.01983, -0.06626
0.02029, -0.06639
0.02076, -0.06651
0.02124, -0.06662
0.02172, -0.06674
0.02221, -0.06685
0.02271, -0.06696
0.02320, -0.06706
0.02371, -0.06717
0.02422, -0.06727
0.02473, -0.06737
0.02525, -0.06746
0.02578, -0.06755
0.02631, -0.06764
0.02684, -0.06773
0.02739, -0.06781
0.02793, -0.06789
0.02848, -0.06797
0.02904, -0.06805
0.02960, -0.06812
0.03017, -0.06819
0.03074, -0.06825
0.03132, -0.06832
0.03191, -0.06838
0.03249, -0.06844
0.03309, -0.06849
0.03369, -0.06854
0.03429, -0.06859
0.03490, -0.06863
0.03551, -0.06868
0.03613, -0.06872
0.03676, -0.06875
0.03739, -0.06878
0.03802, -0.06881
0.03866, -0.06884
0.03931, -0.06886
0.03996, -0.06888
0.04061, -0.06890
0.04127, -0.06891
0.04194, -0.06892
0.04261, -0.06893
0.04328, -0.06893
0.04396, -0.06893
0.04465, -0.06893
0.04534, -0.06893
0.04603, -0.06892
0.04673, -0.06890
0.04743, -0.06889
0.04814, -0.06887
0.04886, -0.06884
0.04958, -0.06882
0.05030, -0.06879
0.05103, -0.06876
0.05176, -0.06872
0.05250, -0.06868
0.05324, -0.06864
0.05399, -0.06859
0.05474, -0.06854
0.05549, -0.06849
0.05626, -0.06843
0.05702, -0.06837
0.05779, -0.06831
0.05856, -0.06824
0.05934, -0.06817
0.06013, -0.06809
0.06091, -0.06802
0.06171, -0.06794
0.06250, -0.06785
0.06330, -0.06776
0.06411, -0.06767
0.06492, -0.06758
0.06573, -0.06748
0.06655, -0.06738
0.06737, -0.06727
0.06820, -0.06716
0.06903, -0.06705
0.06987, -0.06694
0.07071, -0.06682
0.07155, -0.06670
0.07240, -0.06657
0.07325, -0.06644
0.07410, -0.06631
0.07496, -0.06617
0.07583, -0.06603
0.07669, -0.06589
0.07756, -0.06575
0.07844, -0.06560
0.07932, -0.06544
0.08020, -0.06529
0.08109, -0.06513
0.08198, -0.06497
0.08287, -0.06480
0.08377, -0.06463
0.08467, -0.06446
0.08558, -0.06428
0.08649, -0.06410
0.08740, -0.06392
0.08831, -0.06374
0.08923, -0.06355
0.09016, -0.06335
0.09108, -0.06316
0.09201, -0.06296
0.09295, -0.06276
0.09388, -0.06256
0.09482, -0.06235
0.09577, -0.06214
0.09671, -0.06193
0.09766, -0.06171
0.09862, -0.06149
0.09957, -0.06127
0.10053, -0.06104
0.10150, -0.06082
0.10246, -0.06058
0.10343, -0.06035
0.10440, -0.06011
0.10538, -0.05988
0.10635, -0.05963
0.10734, -0.05939
0.10832, -0.05914
0.10931, -0.05889
0.11029, -0.05864
0.11129, -0.05839
0.11228, -0.05813
0.11328, -0.05787
0.11428, -0.05761
0.11528, -0.05734
0.11629, -0.05707
0.11729, -0.05680
0.11830, -0.05653
0.11932, -0.05626
0.12033, -0.05598
0.12135, -0.05571
0.12237, -0.05543
0.12339, -0.05514
0.12442, -0.05486
0.12544, -0.05457
0.12647, -0.05429
0.12751, -0.05400
0.12854, -0.05370
0.12957, -0.05341
0.13061, -0.05312
0.13165, -0.05282
0.13269, -0.05252
0.13374, -0.05222
0.13478, -0.05192
0.13583, -0.05162
0.13688, -0.05131
0.13793, -0.05101
0.13898, -0.05070
0.14004, -0.05039
0.14109, -0.05008
0.14215, -0.04977
0.14321, -0.04946
0.14427, -0.04915
0.14533, -0.04884
0.14640, -0.04853
0.14746, -0.04821
0.14853, -0.04790
0.14960, -0.04758
0.15066, -0.04726
0.15173, -0.04695
0.15281, -0.04663
0.15388, -0.04631
0.15495, -0.04599
0.15603, -0.04568
0.15710, -0.04536
0.15818, -0.04504
0.15926, -0.04472
0.16034, -0.04440
0.16142, -0.04408
0.16250, -0.04376
0.16359, -0.04344
0.16467, -0.04313
0.16575, -0.04281
0.16684, -0.04249
0.16793, -0.04217
0.16901, -0.04185
0.17010, -0.04154
0.17119, -0.04122
0.17228, -0.04091
0.17337, -0.04059
0.17446, -0.04028
0.17555, -0.03996
0.17665, -0.03965
0.17774, -0.03934
0.17883, -0.03903
0.17992, -0.03872
0.18102, -0.03841
0.18211, -0.03810
0.18320, -0.03780
0.18430, -0.03750
0.18539, -0.03719
0.18648, -0.03689
0.18758, -0.03659
0.18867, -0.03629
0.18977, -0.03600
0.19086, -0.03570
0.19195, -0.03541
0.19305, -0.03512
0.19414, -0.03483
0.19523, -0.03455
0.19632, -0.03426
0.19741, -0.03398
0.19850, -0.03370
0.19959, -0.03343
0.20068, -0.03315
0.20177, -0.03288
0.20286, -0.03261
0.20395, -0.03235
0.20503, -0.03208
0.20612, -0.03182
0.20720, -0.03156
0.20829, -0.03131
0.20937, -0.03106
0.21045, -0.03081
0.21153, -0.03057
0.21261, -0.03032
0.21369, -0.03009
0.21476, -0.02985
0.21584, -0.02962
0.21692, -0.02939
0.21800, -0.02916
0.21908, -0.02894
0.22017, -0.02871
0.22126, -0.02849
0.22236, -0.02827
0.22346, -0.02806
0.22456, -0.02784
0.22567, -0.02763
0.22679, -0.02742
0.22790, -0.02721
0.22903, -0.02700
0.23015, -0.02679
0.23128, -0.02659
0.23242, -0.02638
0.23356, -0.02618
0.23470, -0.02598
0.23585, -0.02578
0.23701, -0.02559
0.23817, -0.02539
0.23933, -0.02520
0.24050, -0.02501
0.24167, -0.02481
0.24285, -0.02462
0.24403, -0.02443
0.24522, -0.02425
0.24642, -0.02406
0.24761, -0.02387
0.24882, -0.02369
0.25003, -0.02351
0.25124, -0.02332
0.25246, -0.02314
0.25368, -0.02296
0.25491, -0.02278
0.25615, -0.02260
0.25739, -0.02242
0.25864, -0.02225
0.25989, -0.02207
0.26115, -0.02189
0.26241, -0.02172
0.26368, -0.02154
0.26495, -0.02137
0.26623, -0.02119
0.26751, -0.02102
0.26880, -0.02084
0.27010, -0.02067
0.27140, -0.02049
0.27271, -0.02032
0.27402, -0.02014
0.27534, -0.01997
0.27666, -0.01980
0.27799, -0.01962
0.27931, -0.01945
0.28064, -0.01928
0.28198, -0.01910
0.28331, -0.01893
0.28464, -0.01876
0.28598, -0.01859
0.28732, -0.01841
0.28866, -0.01824
0.29001, -0.01807
0.29135, -0.01790
0.29270, -0.01773
0.29405, -0.01756
0.29540, -0.01739
0.29675, -0.01723
0.29811, -0.01706
0.29946, -0.01689
0.30082, -0.01672
0.30218, -0.01656
0.30354, -0.01639
0.30491, -0.01623
0.30627, -0.01606
0.30764, -0.01590
0.30901, -0.01573
0.31038, -0.01557
0.31176, -0.01541
0.31313, -0.01524
0.31451, -0.01508
0.31589, -0.01492
0.31727, -0.01476
0.31865, -0.01460
0.32004, -0.01444
0.32142, -0.01428
0.32281, -0.01413
0.32420, -0.01397
0.32559, -0.01381
0.32698, -0.01365
0.32838, -0.01350
0.32977, -0.01334
0.33117, -0.01319
0.33257, -0.01304
0.33397, -0.01288
0.33537, -0.01273
0.33678, -0.01258
0.33818, -0.01243
0.33959, -0.01228
0.34100, -0.01213
0.34241, -0.01198
0.34382, -0.01183
0.34524, -0.01169
0.34665, -0.01154
0.34807, -0.01139
0.34949, -0.01125
0.35091, -0.01110
0.35233, -0.01096
0.35375, -0.01082
0.35518, -0.01068
0.35661, -0.01053
0.35803, -0.01039
0.35946, -0.01025
0.36089, -0.01012
0.36233, -0.00998
0.36376, -0.00984
0.36519, -0.00970
0.36663, -0.00957
0.36807, -0.00943
0.36951, -0.00930
0.37095, -0.00917
0.37239, -0.00903
0.37383, -0.00890
0.37528, -0.00877
0.37673, -0.00864
0.37817, -0.00851
0.37962, -0.00839
0.38107, -0.00826
0.38252, -0.00813
0.38398, -0.00801
0.38543, -0.00788
0.38689, -0.00776
0.38834, -0.00764
0.38980, -0.00752
0.39126, -0.00740
0.39272, -0.00728
0.39418, -0.00716
0.39564, -0.00704
0.39711, -0.00692
0.39857, -0.00681
0.40004, -0.00669
0.40151, -0.00658
0.40298, -0.00647
0.40445, -0.00635
0.40592, -0.00624
0.40739, -0.00613
0.40886, -0.00602
0.41034, -0.00591
0.41181, -0.00581
0.41329, -0.00570
0.41477, -0.00560
0.41625, -0.00549
0.41773, -0.00539
0.41921, -0.00529
0.42069, -0.00518
0.42217, -0.00508
0.42366, -0.00499
0.42514, -0.00489
0.42663, -0.00479
0.42811, -0.00469
0.42960, -0.00460
0.43109, -0.00451
0.43258, -0.00441
0.43407, -0.00432
0.43556, -0.00423
0.43705, -0.00414
0.43855, -0.00405
0.44004, -0.00396
0.44154, -0.00388
0.44303, -0.00379
0.44453, -0.00371
0.44602, -0.00362
0.44752, -0.00354
0.44902, -0.00346
0.45052, -0.00338
0.45202, -0.00330
0.45352, -0.00322
0.45503, -0.00315
0.45653, -0.00307
0.45803, -0.00299
0.45954, -0.00292
0.46104, -0.00285
0.46255, -0.00278
0.46405, -0.00271
0.46556, -0.00264
0.46707, -0.00257
0.46857, -0.00250
0.47008, -0.00244
0.47159, -0.00237
0.47310, -0.00231
0.47461, -0.00225
0.47612, -0.00218
0.47764, -0.00212
0.47915, -0.00207
0.48066, -0.00201
0.48217, -0.00195
0.48369, -0.00189
0.48520, -0.00184
0.48672, -0.00179
0.48823, -0.00173
0.48975, -0.00168
0.49126, -0.00163
0.49278, -0.00158
0.49429, -0.00154
0.49581, -0.00149
0.49733, -0.00144
0.49885, -0.00140
0.50036, -0.00136
0.50188, -0.00131
0.50340, -0.00127
0.50492, -0.00123
0.50644, -0.00119
0.50796, -0.00116
0.50948, -0.00112
0.51100, -0.00108
0.51252, -0.00105
0.51404, -0.00102
0.51556, -0.00099
0.51708, -0.00095
0.51860, -0.00092
0.52013, -0.00090
0.52165, -0.00087
0.52317, -0.00084
0.52469, -0.00082
0.52621, -0.00079
0.52773, -0.00077
0.52926, -0.00075
0.53078, -0.00073
0.53230, -0.00071
0.53382, -0.00069
0.53534, -0.00067
0.53687, -0.00066
0.53839, -0.00064
0.53991, -0.00063
0.54143, -0.00062
0.54295, -0.00061
0.54448, -0.00060
0.54600, -0.00059
0.54752, -0.00058
0.54904, -0.00057
0.55056, -0.00057
0.55208, -0.00056
0.55361, -0.00056
0.55513, -0.00056
0.55665, -0.00055
0.55817, -0.00055
0.55969, -0.00056
0.56121, -0.00056
0.56273, -0.00056
0.56425, -0.00056
0.56577, -0.00057
0.56729, -0.00058
0.56881, -0.00058
0.57032, -0.00059
0.57184, -0.00060
0.57336, -0.00061
0.57488, -0.00063
0.57639, -0.00064
0.57791, -0.00065
0.57943, -0.00067
0.58094, -0.00068
0.58246, -0.00070
0.58397, -0.00072
0.58549, -0.00074
0.58700, -0.00076
0.58851, -0.00078
0.59003, -0.00081
0.59154, -0.00083
0.59305, -0.00085
0.59456, -0.00088
0.59607, -0.00091
0.59758, -0.00094
0.59909, -0.00096
0.60060, -0.00099
0.60211, -0.00103
0.60362, -0.00106
0.60512, -0.00109
0.60663, -0.00113
0.60813, -0.00116
0.60964, -0.00120
0.61114, -0.00123
0.61265, -0.00127
0.61415, -0.00131
0.61565, -0.00135
0.61715, -0.00139
0.61865, -0.00144
0.62015, -0.00148
0.62165, -0.00153
0.62315, -0.00157
0.62464, -0.00162
0.62614, -0.00166
0.62763, -0.00171
0.62913, -0.00176
0.63062, -0.00181
0.63211, -0.00186
0.63360, -0.00192
0.63509, -0.00197
0.63658, -0.00202
0.63807, -0.00208
0.63955, -0.00213
0.64104, -0.00219
0.64253, -0.00225
0.64401, -0.00231
0.64549, -0.00237
0.64697, -0.00243
0.64845, -0.00249
0.64993, -0.00255
0.65141, -0.00262
0.65289, -0.00268
0.65436, -0.00275
0.65584, -0.00281
0.65731, -0.00288
0.65878, -0.00295
0.66025, -0.00301
0.66172, -0.00308
0.66319, -0.00315
0.66466, -0.00323
0.66612, -0.00330
0.66758, -0.00337
0.66905, -0.00344
0.67051, -0.00352
0.67196, -0.00360
0.67342, -0.00367
0.67488, -0.00375
0.67633, -0.00383
0.67778, -0.00391
0.67923, -0.00399
0.68068, -0.00407
0.68213, -0.00415
0.68357, -0.00423
0.68502, -0.00431
0.68646, -0.00440
0.68790, -0.00448
0.68934, -0.00457
0.69078, -0.00465
0.69221, -0.00474
0.69364, -0.00483
0.69508, -0.00492
0.69651, -0.00501
0.69793, -0.00510
0.69936, -0.00519
0.70078, -0.00529
0.70221, -0.00538
0.70363, -0.00547
0.70505, -0.00557
0.70646, -0.00567
0.70788, -0.00576
0.70929, -0.00586
0.71070, -0.00596
0.71211, -0.00606
0.71352, -0.00616
0.71492, -0.00626
0.71633, -0.00637
0.71773, -0.00647
0.71913, -0.00657
0.72052, -0.00668
0.72192, -0.00678
0.72331, -0.00689
0.72470, -0.00700
0.72609, -0.00711
0.72748, -0.00722
0.72887, -0.00733
0.73025, -0.00744
0.73163, -0.00755
0.73301, -0.00767
0.73438, -0.00778
0.73576, -0.00789
0.73713, -0.00801
0.73850, -0.00813
0.73987, -0.00824
0.74123, -0.00836
0.74260, -0.00848
0.74396, -0.00860
0.74532, -0.00872
0.74668, -0.00884
0.74804, -0.00897
0.74939, -0.00909
0.75075, -0.00922
0.75210, -0.00934
0.75345, -0.00947
0.75481, -0.00960
0.75616, -0.00972
0.75751, -0.00985
0.75886, -0.00998
0.76020, -0.01011
0.76155, -0.01024
0.76289, -0.01037
0.76424, -0.01050
0.76558, -0.01063
0.76692, -0.01076
0.76825, -0.01089
0.76959, -0.01102
0.77093, -0.01115
0.77226, -0.01128
0.77359, -0.01141
0.77492, -0.01154
0.77625, -0.01167
0.77758, -0.01180
0.77890, -0.01193
0.78022, -0.01206
0.78154, -0.01219
0.78286, -0.01231
0.78418, -0.01244
0.78549, -0.01257
0.78681, -0.01269
0.78812, -0.01282
0.78943, -0.01294
0.79073, -0.01307
0.79204, -0.01319
0.79334, -0.01331
0.79464, -0.01343
0.79594, -0.01355
0.79723, -0.01367
0.79852, -0.01379
0.79981, -0.01390
0.80110, -0.01402
0.80239, -0.01413
0.80367, -0.01425
0.80495, -0.01436
0.80623, -0.01447
0.80751, -0.01458
0.80878, -0.01469
0.81005, -0.01479
0.81132, -0.01490
0.81258, -0.01500
0.81385, -0.01510
0.81511, -0.01520
0.81636, -0.01530
0.81762, -0.01540
0.81887, -0.01549
0.82012, -0.01558
0.82136, -0.01567
0.82261, -0.01576
0.82385, -0.01585
0.82508, -0.01594
0.82632, -0.01602
0.82755, -0.01610
0.82877, -0.01618
0.83000, -0.01626
0.83122, -0.01634
0.83244, -0.01641
0.83365, -0.01648
0.83486, -0.01655
0.83606, -0.01662
0.83726, -0.01669
0.83846, -0.01675
0.83966, -0.01681
0.84084, -0.01687
0.84203, -0.01693
0.84321, -0.01699
0.84439, -0.01704
0.84556, -0.01710
0.84673, -0.01715
0.84790, -0.01720
0.84906, -0.01724
0.85022, -0.01729
0.85137, -0.01733
0.85252, -0.01738
0.85366, -0.01742
0.85480, -0.01745
0.85594, -0.01749
0.85707, -0.01753
0.85820, -0.01756
0.85933, -0.01759
0.86045, -0.01763
0.86157, -0.01766
0.86268, -0.01768
0.86379, -0.01771
0.86489, -0.01774
0.86599, -0.01776
0.86709, -0.01778
0.86818, -0.01780
0.86927, -0.01782
0.87035, -0.01784
0.87143, -0.01786
0.87251, -0.01788
0.87358, -0.01789
0.87465, -0.01790
0.87571, -0.01792
0.87677, -0.01793
0.87782, -0.01794
0.87887, -0.01795
0.87992, -0.01795
0.88096, -0.01796
0.88200, -0.01797
0.88304, -0.01797
0.88406, -0.01797
0.88509, -0.01798
0.88611, -0.01798
0.88713, -0.01798
0.88814, -0.01798
0.88915, -0.01797
0.89016, -0.01797
0.89116, -0.01797
0.89215, -0.01796
0.89314, -0.01796
0.89413, -0.01795
0.89511, -0.01794
0.89609, -0.01794
0.89707, -0.01793
0.89804, -0.01792
0.89900, -0.01791
0.89997, -0.01789
0.90092, -0.01788
0.90188, -0.01787
0.90283, -0.01786
0.90377, -0.01784
0.90471, -0.01783
0.90565, -0.01781
0.90658, -0.01779
0.90751, -0.01778
0.90843, -0.01776
0.90935, -0.01774
0.91026, -0.01772
0.91117, -0.01770
0.91208, -0.01768
0.91298, -0.01766
0.91388, -0.01764
0.91477, -0.01762
0.91566, -0.01759
0.91654, -0.01757
0.91742, -0.01755
0.91830, -0.01752
0.91917, -0.01750
0.92003, -0.01747
0.92090, -0.01745
0.92175, -0.01742
0.92261, -0.01739
0.92345, -0.01737
0.92430, -0.01734
0.92514, -0.01731
0.92597, -0.01728
0.92681, -0.01726
0.92763, -0.01723
0.92845, -0.01720
0.92927, -0.01717
0.93008, -0.01714
0.93089, -0.01711
0.93170, -0.01708
0.93250, -0.01705
0.93329, -0.01702
0.93408, -0.01698
0.93487, -0.01695
0.93565, -0.01692
0.93643, -0.01689
0.93720, -0.01686
0.93797, -0.01682
0.93873, -0.01679
0.93949, -0.01676
0.94025, -0.01673
0.94100, -0.01669
0.94174, -0.01666
0.94249, -0.01662
0.94322, -0.01659
0.94395, -0.01656
0.94468, -0.01652
0.94541, -0.01649
0.94612, -0.01645
0.94684, -0.01642
0.94755, -0.01638
0.94825, -0.01635
0.94895, -0.01632
0.94965, -0.01628
0.95034, -0.01625
0.95102, -0.01621
0.95171, -0.01618
0.95238, -0.01614
0.95306, -0.01610
0.95372, -0.01607
0.95439, -0.01603
0.95505, -0.01600
0.95570, -0.01596
0.95635, -0.01593
0.95699, -0.01589
0.95763, -0.01586
0.95827, -0.01582
0.95890, -0.01579
0.95953, -0.01575
0.96015, -0.01572
0.96077, -0.01568
0.96138, -0.01565
0.96199, -0.01561
0.96259, -0.01558
0.96319, -0.01554
0.96378, -0.01551
0.96437, -0.01547
0.96495, -0.01544
0.96553, -0.01540
0.96611, -0.01537
0.96668, -0.01534
0.96724, -0.01530
0.96780, -0.01527
0.96836, -0.01523
0.96891, -0.01520
0.96946, -0.01517
0.97000, -0.01513
0.97053, -0.01510
0.97107, -0.01507
0.97159, -0.01503
0.97212, -0.01500
0.97264, -0.01497
0.97315, -0.01493
0.97366, -0.01490
0.97416, -0.01487
0.97466, -0.01484
0.97515, -0.01480
0.97564, -0.01477
0.97613, -0.01474
0.97661, -0.01471
0.97708, -0.01468
0.97755, -0.01465
0.97802, -0.01462
0.97848, -0.01459
0.97893, -0.01456
0.97938, -0.01453
0.97983, -0.01450
0.98027, -0.01447
0.98071, -0.01444
0.98114, -0.01441
0.98157, -0.01438
0.98199, -0.01435
0.98241, -0.01432
0.98282, -0.01430
0.98323, -0.01427
0.98363, -0.01424
0.98403, -0.01421
0.98442, -0.01419
0.98481, -0.01416
0.98519, -0.01413
0.98557, -0.01411
0.98594, -0.01408
0.98631, -0.01405
0.98668, -0.01403
0.98704, -0.01400
0.98739, -0.01398
0.98774, -0.01395
0.98808, -0.01393
0.98842, -0.01391
0.98876, -0.01388
0.98909, -0.01386
0.98941, -0.01384
0.98973, -0.01381
0.99005, -0.01379
0.99036, -0.01377
0.99066, -0.01375
0.99096, -0.01373
0.99126, -0.01370
0.99155, -0.01368
0.99183, -0.01366
0.99211, -0.01364
0.99239, -0.01362
0.99266, -0.01360
0.99293, -0.01358
0.99319, -0.01357
0.99344, -0.01355
0.99369, -0.01353
0.99394, -0.01351
0.99418, -0.01349
0.99442, -0.01348
0.99465, -0.01346
0.99487, -0.01344
0.99510, -0.01343
0.99531, -0.01341
0.99552, -0.01339
0.99573, -0.01338
0.99593, -0.01336
0.99613, -0.01335
0.99632, -0.01334
0.99651, -0.01332
0.99669, -0.01331
0.99687, -0.01330
0.99704, -0.01328
0.99720, -0.01327
0.99737, -0.01326
0.99752, -0.01325
0.99768, -0.01324
0.99782, -0.01322
0.99796, -0.01321
0.99810, -0.01320
0.99823, -0.01319
0.99836, -0.01318
0.99848, -0.01318
0.99860, -0.01317
0.99871, -0.01316
0.99882, -0.01315
0.99892, -0.01314
0.99902, -0.01314
0.99911, -0.01313
0.99920, -0.01312
0.99928, -0.01312
0.99936, -0.01311
0.99943, -0.01310
0.99950, -0.01310
0.99956, -0.01310
0.99962, -0.01309
0.99967, -0.01309
0.99972, -0.01308
0.99976, -0.01308
0.99980, -0.01308
0.99983, -0.01307
0.99986, -0.01307
0.99988, -0.01307
0.99990, -0.01307
0.99991, -0.01307
0.99989, -0.01307
0.99988, -0.01307
