=== Airfoil Parameters ===
m = 0.02
p = 0.4
t = 0.12

=== Control Points ===
0.00000, 0.03063, 0.03063
0.06667, 0.04055, 0.03444
0.13333, 0.04665, 0.03553
0.20000, 0.04192, 0.02692
0.26667, 0.02964, 0.01186
0.66667, 0.01966, 0.00361
0.75000, 0.01938, 0.00619
0.83333, 0.01795, 0.00838
0.91667, 0.00869, 0.00352
1.00000, -0.00246, -0.00246

=== Upper Surface ===
0.00000, 0.03063
-0.00005, 0.03090
-0.00007, 0.03118
-0.00009, 0.03146
-0.00011, 0.03174
-0.00012, 0.03202
-0.00013, 0.03230
-0.00013, 0.03258
-0.00013, 0.03286
-0.00013, 0.03314
-0.00012, 0.03342
-0.00010, 0.03370
-0.00008, 0.03398
-0.00006, 0.03426
-0.00003, 0.03454
0.00001, 0.03482
0.00005, 0.03511
0.00009, 0.03539
0.00014, 0.03567
0.00020, 0.03595
0.00026, 0.03624
0.00032, 0.03652
0.00039, 0.03680
0.00047, 0.03709
0.00055, 0.03737
0.00063, 0.03766
0.00072, 0.03794
0.00081, 0.03823
0.00091, 0.03851
0.00102, 0.03880
0.00112, 0.03908
0.00124, 0.03937
0.00136, 0.03965
0.00148, 0.03994
0.00161, 0.04023
0.00174, 0.04051
0.00188, 0.04080
0.00202, 0.04109
0.00217, 0.04138
0.00232, 0.04166
0.00248, 0.04195
0.00264, 0.04224
0.00280, 0.04253
0.00298, 0.04282
0.00315, 0.04311
0.00333, 0.04340
0.00352, 0.04369
0.00371, 0.04398
0.00390, 0.04427
0.00410, 0.04456
0.00431, 0.04485
0.00452, 0.04514
0.00473, 0.04544
0.00495, 0.04573
0.00518, 0.04602
0.00540, 0.04631
0.00564, 0.04660
0.00588, 0.04690
0.00612, 0.04719
0.00637, 0.04749
0.00662, 0.04778
0.00688, 0.04807
0.00714, 0.04837
0.00741, 0.04866
0.00768, 0.04896
0.00795, 0.04925
0.00824, 0.04955
0.00852, 0.04984
0.00881, 0.05014
0.00911, 0.05044
0.00941, 0.05073
0.00971, 0.05103
0.01002, 0.05133
0.01034, 0.05163
0.01066, 0.05192
0.01098, 0.05222
0.01131, 0.05252
0.01164, 0.05282
0.01198, 0.05312
0.01232, 0.05342
0.01267, 0.05372
0.01302, 0.05402
0.01338, 0.05432
0.01374, 0.05462
0.01411, 0.05492
0.01448, 0.05522
0.01486, 0.05552
0.01524, 0.05582
0.01562, 0.05613
0.01602, 0.05643
0.01641, 0.05673
0.01681, 0.05703
0.01722, 0.05734
0.01763, 0.05764
0.01804, 0.05794
0.01846, 0.05825
0.01888, 0.05855
0.01931, 0.05886
0.01975, 0.05916
0.02019, 0.05947
0.02063, 0.05977
0.02108, 0.06008
0.02153, 0.06038
0.02199, 0.06069
0.02245, 0.06099
0.02292, 0.06130
0.02339, 0.06161
0.02387, 0.06192
0.02435, 0.06222
0.02484, 0.06253
0.02533, 0.06284
0.02583, 0.06315
0.02633, 0.06345
0.02684, 0.06376
0.02735, 0.06407
0.02786, 0.06438
0.02838, 0.06469
0.02891, 0.06500
0.02944, 0.06531
0.02998, 0.06562
0.03052, 0.06593
0.03107, 0.06624
0.03162, 0.06655
0.03217, 0.06686
0.03273, 0.06717
0.03330, 0.06748
0.03387, 0.06779
0.03445, 0.06810
0.03503, 0.06841
0.03561, 0.06872
0.03620, 0.06903
0.03680, 0.06934
0.03740, 0.06965
0.03801, 0.06997
0.03862, 0.07028
0.03924, 0.07059
0.03986, 0.07090
0.04048, 0.07121
0.04111, 0.07152
0.04175, 0.07183
0.04239, 0.07215
0.04304, 0.07246
0.04369, 0.07277
0.04435, 0.07308
0.04501, 0.07339
0.04568, 0.07370
0.04635, 0.07401
0.04703, 0.07432
0.04772, 0.07463
0.04841, 0.07494
0.04910, 0.07526
0.04980, 0.07557
0.05050, 0.07588
0.05121, 0.07619
0.05193, 0.07650
0.05265, 0.07680
0.05338, 0.07711
0.05411, 0.07742
0.05484, 0.07773
0.05559, 0.07804
0.05633, 0.07835
0.05709, 0.07865
0.05785, 0.07896
0.05861, 0.07927
0.05938, 0.07957
0.06015, 0.07988
0.06093, 0.08018
0.06172, 0.08049
0.06251, 0.08079
0.06331, 0.08110
0.06411, 0.08140
0.06492, 0.08170
0.06573, 0.08200
0.06655, 0.08230
0.06738, 0.08260
0.06821, 0.08290
0.06904, 0.08320
0.06989, 0.08350
0.07073, 0.08380
0.07159, 0.08409
0.07245, 0.08439
0.07331, 0.08468
0.07418, 0.08497
0.07506, 0.08526
0.07594, 0.08556
0.07683, 0.08585
0.07772, 0.08613
0.07862, 0.08642
0.07953, 0.08671
0.08044, 0.08699
0.08136, 0.08728
0.08228, 0.08756
0.08321, 0.08784
0.08415, 0.08812
0.08509, 0.08840
0.08604, 0.08867
0.08699, 0.08895
0.08795, 0.08922
0.08892, 0.08949
0.08989, 0.08976
0.09087, 0.09003
0.09185, 0.09030
0.09284, 0.09056
0.09384, 0.09082
0.09484, 0.09108
0.09585, 0.09134
0.09687, 0.09160
0.09789, 0.09185
0.09891, 0.09210
0.09995, 0.09235
0.10099, 0.09260
0.10204, 0.09285
0.10309, 0.09309
0.10415, 0.09333
0.10521, 0.09356
0.10629, 0.09380
0.10737, 0.09403
0.10845, 0.09426
0.10954, 0.09449
0.11064, 0.09471
0.11175, 0.09493
0.11286, 0.09514
0.11397, 0.09536
0.11510, 0.09557
0.11623, 0.09578
0.11737, 0.09598
0.11851, 0.09618
0.11966, 0.09638
0.12082, 0.09657
0.12198, 0.09676
0.12315, 0.09694
0.12433, 0.09713
0.12552, 0.09730
0.12671, 0.09748
0.12790, 0.09765
0.12911, 0.09781
0.13032, 0.09797
0.13154, 0.09813
0.13276, 0.09828
0.13399, 0.09843
0.13522, 0.09857
0.13646, 0.09871
0.13771, 0.09884
0.13895, 0.09897
0.14020, 0.09909
0.14146, 0.09921
0.14272, 0.09932
0.14398, 0.09943
0.14525, 0.09953
0.14652, 0.09963
0.14780, 0.09973
0.14907, 0.09981
0.15036, 0.09990
0.15165, 0.09998
0.15294, 0.10005
0.15423, 0.10012
0.15553, 0.10018
0.15683, 0.10024
0.15814, 0.10030
0.15945, 0.10035
0.16076, 0.10039
0.16208, 0.10043
0.16340, 0.10046
0.16472, 0.10049
0.16605, 0.10051
0.16738, 0.10053
0.16872, 0.10054
0.17006, 0.10055
0.17140, 0.10055
0.17274, 0.10055
0.17409, 0.10054
0.17544, 0.10053
0.17680, 0.10051
0.17815, 0.10049
0.17951, 0.10046
0.18088, 0.10042
0.18225, 0.10038
0.18362, 0.10034
0.18499, 0.10029
0.18637, 0.10023
0.18774, 0.10017
0.18913, 0.10011
0.19051, 0.10004
0.19190, 0.09996
0.19329, 0.09988
0.19468, 0.09979
0.19608, 0.09970
0.19748, 0.09960
0.19888, 0.09950
0.20028, 0.09939
0.20169, 0.09928
0.20310, 0.09916
0.20451, 0.09904
0.20593, 0.09891
0.20734, 0.09877
0.20876, 0.09863
0.21018, 0.09849
0.21160, 0.09834
0.21301, 0.09819
0.21443, 0.09803
0.21584, 0.09787
0.21726, 0.09770
0.21867, 0.09753
0.22007, 0.09736
0.22148, 0.09718
0.22289, 0.09700
0.22429, 0.09682
0.22569, 0.09663
0.22709, 0.09644
0.22849, 0.09625
0.22988, 0.09605
0.23128, 0.09585
0.23267, 0.09565
0.23406, 0.09545
0.23544, 0.09524
0.23683, 0.09504
0.23821, 0.09483
0.23959, 0.09461
0.24096, 0.09440
0.24234, 0.09418
0.24371, 0.09397
0.24508, 0.09375
0.24644, 0.09353
0.24781, 0.09331
0.24917, 0.09309
0.25053, 0.09287
0.25188, 0.09265
0.25323, 0.09242
0.25458, 0.09220
0.25593, 0.09198
0.25727, 0.09175
0.25861, 0.09153
0.25994, 0.09131
0.26128, 0.09109
0.26260, 0.09086
0.26393, 0.09064
0.26525, 0.09042
0.26657, 0.09020
0.26789, 0.08998
0.26920, 0.08977
0.27050, 0.08955
0.27181, 0.08934
0.27311, 0.08912
0.27440, 0.08891
0.27570, 0.08870
0.27699, 0.08850
0.27827, 0.08829
0.27956, 0.08809
0.28085, 0.08788
0.28215, 0.08768
0.28344, 0.08748
0.28474, 0.08728
0.28604, 0.08708
0.28734, 0.08688
0.28865, 0.08669
0.28995, 0.08649
0.29126, 0.08630
0.29257, 0.08610
0.29389, 0.08591
0.29520, 0.08572
0.29652, 0.08553
0.29784, 0.08534
0.29916, 0.08515
0.30049, 0.08496
0.30181, 0.08478
0.30314, 0.08459
0.30447, 0.08441
0.30581, 0.08423
0.30714, 0.08405
0.30848, 0.08387
0.30982, 0.08369
0.31116, 0.08351
0.31251, 0.08333
0.31385, 0.08316
0.31520, 0.08298
0.31655, 0.08281
0.31791, 0.08264
0.31926, 0.08247
0.32062, 0.08229
0.32198, 0.08213
0.32334, 0.08196
0.32470, 0.08179
0.32607, 0.08163
0.32744, 0.08146
0.32881, 0.08130
0.33018, 0.08114
0.33155, 0.08097
0.33293, 0.08081
0.33431, 0.08066
0.33569, 0.08050
0.33707, 0.08034
0.33846, 0.08019
0.33985, 0.08003
0.34123, 0.07988
0.34263, 0.07972
0.34402, 0.07957
0.34541, 0.07942
0.34681, 0.07927
0.34821, 0.07913
0.34961, 0.07898
0.35102, 0.07883
0.35242, 0.07869
0.35383, 0.07855
0.35524, 0.07840
0.35665, 0.07826
0.35806, 0.07812
0.35948, 0.07798
0.36090, 0.07785
0.36231, 0.07771
0.36374, 0.07757
0.36516, 0.07744
0.36658, 0.07730
0.36801, 0.07717
0.36944, 0.07704
0.37087, 0.07691
0.37230, 0.07678
0.37374, 0.07665
0.37518, 0.07652
0.37661, 0.07640
0.37805, 0.07627
0.37950, 0.07615
0.38094, 0.07602
0.38239, 0.07590
0.38383, 0.07578
0.38528, 0.07566
0.38674, 0.07554
0.38819, 0.07542
0.38964, 0.07530
0.39110, 0.07519
0.39256, 0.07507
0.39402, 0.07496
0.39548, 0.07484
0.39694, 0.07473
0.39841, 0.07462
0.39988, 0.07451
0.40134, 0.07440
0.40282, 0.07429
0.40429, 0.07418
0.40576, 0.07407
0.40724, 0.07397
0.40871, 0.07386
0.41019, 0.07376
0.41167, 0.07365
0.41315, 0.07355
0.41464, 0.07345
0.41612, 0.07335
0.41761, 0.07325
0.41910, 0.07315
0.42059, 0.07305
0.42208, 0.07295
0.42357, 0.07285
0.42507, 0.07276
0.42656, 0.07266
0.42806, 0.07257
0.42956, 0.07247
0.43106, 0.07238
0.43256, 0.07229
0.43406, 0.07220
0.43557, 0.07211
0.43707, 0.07202
0.43858, 0.07193
0.44009, 0.07184
0.44160, 0.07175
0.44311, 0.07166
0.44462, 0.07158
0.44613, 0.07149
0.44765, 0.07140
0.44916, 0.07132
0.45068, 0.07123
0.45220, 0.07115
0.45372, 0.07107
0.45524, 0.07099
0.45676, 0.07090
0.45829, 0.07082
0.45981, 0.07074
0.46134, 0.07066
0.46286, 0.07058
0.46439, 0.07050
0.46592, 0.07042
0.46745, 0.07035
0.46898, 0.07027
0.47051, 0.07019
0.47205, 0.07011
0.47358, 0.07004
0.47512, 0.06996
0.47665, 0.06989
0.47819, 0.06981
0.47973, 0.06974
0.48127, 0.06966
0.48281, 0.06959
0.48435, 0.06951
0.48589, 0.06944
0.48743, 0.06937
0.48898, 0.06930
0.49052, 0.06922
0.49207, 0.06915
0.49361, 0.06908
0.49516, 0.06901
0.49670, 0.06894
0.49825, 0.06887
0.49980, 0.06880
0.50135, 0.06872
0.50290, 0.06865
0.50445, 0.06858
0.50600, 0.06851
0.50756, 0.06844
0.50911, 0.06837
0.51066, 0.06830
0.51222, 0.06824
0.51377, 0.06817
0.51533, 0.06810
0.51688, 0.06803
0.51844, 0.06796
0.51999, 0.06789
0.52155, 0.06782
0.52311, 0.06775
0.52466, 0.06768
0.52622, 0.06761
0.52778, 0.06754
0.52934, 0.06747
0.53090, 0.06740
0.53246, 0.06734
0.53402, 0.06727
0.53558, 0.06720
0.53714, 0.06713
0.53870, 0.06706
0.54026, 0.06699
0.54182, 0.06692
0.54338, 0.06685
0.54495, 0.06678
0.54651, 0.06671
0.54807, 0.06663
0.54963, 0.06656
0.55119, 0.06649
0.55275, 0.06642
0.55432, 0.06635
0.55588, 0.06628
0.55744, 0.06620
0.55900, 0.06613
0.56056, 0.06606
0.56213, 0.06598
0.56369, 0.06591
0.56525, 0.06584
0.56681, 0.06576
0.56837, 0.06569
0.56994, 0.06561
0.57150, 0.06553
0.57306, 0.06546
0.57462, 0.06538
0.57618, 0.06530
0.57774, 0.06523
0.57930, 0.06515
0.58086, 0.06507
0.58242, 0.06499
0.58398, 0.06491
0.58554, 0.06483
0.58710, 0.06475
0.58865, 0.06467
0.59021, 0.06458
0.59177, 0.06450
0.59333, 0.06442
0.59488, 0.06433
0.59644, 0.06425
0.59799, 0.06416
0.59955, 0.06408
0.60110, 0.06399
0.60265, 0.06390
0.60421, 0.06381
0.60576, 0.06372
0.60731, 0.06363
0.60886, 0.06354
0.61041, 0.06345
0.61196, 0.06336
0.61351, 0.06327
0.61506, 0.06317
0.61661, 0.06308
0.61815, 0.06298
0.61970, 0.06289
0.62124, 0.06279
0.62279, 0.06269
0.62433, 0.06259
0.62587, 0.06249
0.62742, 0.06239
0.62896, 0.06229
0.63050, 0.06219
0.63203, 0.06208
0.63357, 0.06198
0.63511, 0.06187
0.63664, 0.06176
0.63818, 0.06166
0.63971, 0.06155
0.64124, 0.06144
0.64278, 0.06133
0.64431, 0.06122
0.64583, 0.06110
0.64736, 0.06099
0.64889, 0.06087
0.65041, 0.06076
0.65194, 0.06064
0.65346, 0.06052
0.65498, 0.06040
0.65650, 0.06028
0.65802, 0.06016
0.65954, 0.06004
0.66105, 0.05991
0.66257, 0.05979
0.66408, 0.05966
0.66559, 0.05953
0.66710, 0.05941
0.66861, 0.05928
0.67012, 0.05914
0.67162, 0.05901
0.67312, 0.05888
0.67462, 0.05874
0.67611, 0.05861
0.67760, 0.05847
0.67909, 0.05834
0.68058, 0.05820
0.68206, 0.05806
0.68354, 0.05792
0.68502, 0.05778
0.68650, 0.05764
0.68797, 0.05749
0.68944, 0.05735
0.69091, 0.05721
0.69237, 0.05706
0.69384, 0.05692
0.69530, 0.05677
0.69675, 0.05663
0.69821, 0.05648
0.69966, 0.05633
0.70111, 0.05619
0.70255, 0.05604
0.70400, 0.05589
0.70544, 0.05574
0.70687, 0.05559
0.70831, 0.05544
0.70974, 0.05529
0.71117, 0.05515
0.71260, 0.05500
0.71402, 0.05485
0.71544, 0.05470
0.71686, 0.05455
0.71827, 0.05440
0.71969, 0.05425
0.72110, 0.05410
0.72250, 0.05395
0.72391, 0.05380
0.72531, 0.05365
0.72671, 0.05350
0.72810, 0.05335
0.72950, 0.05320
0.73089, 0.05305
0.73227, 0.05290
0.73366, 0.05275
0.73504, 0.05260
0.73642, 0.05245
0.73780, 0.05230
0.73917, 0.05215
0.74054, 0.05201
0.74191, 0.05186
0.74327, 0.05171
0.74463, 0.05157
0.74599, 0.05142
0.74735, 0.05128
0.74870, 0.05113
0.75006, 0.05099
0.75140, 0.05084
0.75275, 0.05070
0.75410, 0.05056
0.75544, 0.05041
0.75679, 0.05027
0.75813, 0.05013
0.75947, 0.04999
0.76081, 0.04985
0.76215, 0.04970
0.76349, 0.04956
0.76483, 0.04942
0.76617, 0.04928
0.76750, 0.04914
0.76883, 0.04900
0.77016, 0.04885
0.77149, 0.04871
0.77282, 0.04857
0.77415, 0.04843
0.77547, 0.04828
0.77680, 0.04814
0.77812, 0.04799
0.77944, 0.04785
0.78075, 0.04770
0.78207, 0.04755
0.78339, 0.04741
0.78470, 0.04726
0.78601, 0.04711
0.78732, 0.04696
0.78862, 0.04681
0.78993, 0.04666
0.79123, 0.04651
0.79253, 0.04635
0.79383, 0.04620
0.79512, 0.04604
0.79642, 0.04589
0.79771, 0.04573
0.79900, 0.04557
0.80028, 0.04541
0.80157, 0.04525
0.80285, 0.04508
0.80413, 0.04492
0.80541, 0.04475
0.80668, 0.04459
0.80795, 0.04442
0.80922, 0.04425
0.81049, 0.04407
0.81175, 0.04390
0.81301, 0.04373
0.81427, 0.04355
0.81553, 0.04337
0.81678, 0.04319
0.81803, 0.04301
0.81928, 0.04283
0.82053, 0.04264
0.82177, 0.04245
0.82301, 0.04227
0.82424, 0.04208
0.82548, 0.04188
0.82671, 0.04169
0.82793, 0.04149
0.82916, 0.04129
0.83038, 0.04109
0.83160, 0.04089
0.83281, 0.04069
0.83402, 0.04048
0.83523, 0.04027
0.83643, 0.04006
0.83763, 0.03985
0.83883, 0.03964
0.84002, 0.03942
0.84120, 0.03921
0.84239, 0.03899
0.84356, 0.03877
0.84474, 0.03855
0.84590, 0.03832
0.84707, 0.03810
0.84823, 0.03787
0.84938, 0.03764
0.85053, 0.03742
0.85168, 0.03719
0.85282, 0.03695
0.85396, 0.03672
0.85509, 0.03649
0.85622, 0.03625
0.85734, 0.03602
0.85846, 0.03578
0.85958, 0.03554
0.86069, 0.03530
0.86180, 0.03507
0.86290, 0.03483
0.86400, 0.03458
0.86509, 0.03434
0.86618, 0.03410
0.86727, 0.03386
0.86835, 0.03361
0.86942, 0.03337
0.87050, 0.03312
0.87156, 0.03288
0.87263, 0.03263
0.87368, 0.03239
0.87474, 0.03214
0.87579, 0.03189
0.87684, 0.03165
0.87788, 0.03140
0.87892, 0.03115
0.87995, 0.03090
0.88098, 0.03065
0.88200, 0.03040
0.88302, 0.03016
0.88404, 0.02991
0.88505, 0.02966
0.88606, 0.02941
0.88706, 0.02916
0.88806, 0.02891
0.88905, 0.02866
0.89004, 0.02842
0.89103, 0.02817
0.89201, 0.02792
0.89299, 0.02767
0.89396, 0.02742
0.89493, 0.02718
0.89589, 0.02693
0.89685, 0.02668
0.89781, 0.02643
0.89876, 0.02619
0.89971, 0.02594
0.90065, 0.02570
0.90159, 0.02545
0.90253, 0.02521
0.90346, 0.02496
0.90438, 0.02472
0.90530, 0.02447
0.90622, 0.02423
0.90713, 0.02399
0.90804, 0.02375
0.90895, 0.02351
0.90985, 0.02326
0.91074, 0.02302
0.91164, 0.02279
0.91252, 0.02255
0.91341, 0.02231
0.91429, 0.02207
0.91516, 0.02184
0.91603, 0.02160
0.91690, 0.02136
0.91776, 0.02113
0.91862, 0.02090
0.91947, 0.02066
0.92032, 0.02043
0.92116, 0.02020
0.92200, 0.01997
0.92284, 0.01974
0.92367, 0.01951
0.92450, 0.01929
0.92532, 0.01906
0.92614, 0.01884
0.92696, 0.01861
0.92777, 0.01839
0.92857, 0.01816
0.92938, 0.01794
0.93017, 0.01772
0.93097, 0.01750
0.93175, 0.01728
0.93254, 0.01707
0.93332, 0.01685
0.93410, 0.01664
0.93487, 0.01642
0.93563, 0.01621
0.93640, 0.01600
0.93716, 0.01579
0.93791, 0.01558
0.93866, 0.01537
0.93941, 0.01516
0.94015, 0.01495
0.94088, 0.01475
0.94162, 0.01454
0.94235, 0.01434
0.94307, 0.01414
0.94379, 0.01394
0.94450, 0.01374
0.94521, 0.01354
0.94592, 0.01335
0.94662, 0.01315
0.94732, 0.01296
0.94801, 0.01276
0.94870, 0.01257
0.94939, 0.01238
0.95007, 0.01219
0.95074, 0.01200
0.95142, 0.01182
0.95208, 0.01163
0.95275, 0.01145
0.95340, 0.01127
0.95406, 0.01108
0.95471, 0.01090
0.95535, 0.01073
0.95599, 0.01055
0.95663, 0.01037
0.95726, 0.01020
0.95789, 0.01002
0.95851, 0.00985
0.95913, 0.00968
0.95974, 0.00951
0.96035, 0.00934
0.96096, 0.00917
0.96156, 0.00901
0.96215, 0.00884
0.96275, 0.00868
0.96333, 0.00852
0.96392, 0.00836
0.96449, 0.00820
0.96507, 0.00804
0.96564, 0.00789
0.96620, 0.00773
0.96676, 0.00758
0.96732, 0.00743
0.96787, 0.00728
0.96842, 0.00713
0.96896, 0.00698
0.96950, 0.00683
0.97003, 0.00669
0.97056, 0.00654
0.97108, 0.00640
0.97160, 0.00626
0.97212, 0.00612
0.97263, 0.00598
0.97313, 0.00584
0.97363, 0.00571
0.97413, 0.00557
0.97462, 0.00544
0.97511, 0.00531
0.97559, 0.00518
0.97607, 0.00505
0.97655, 0.00492
0.97702, 0.00480
0.97748, 0.00467
0.97794, 0.00455
0.97840, 0.00443
0.97885, 0.00431
0.97930, 0.00419
0.97974, 0.00407
0.98017, 0.00395
0.98061, 0.00384
0.98103, 0.00372
0.98146, 0.00361
0.98188, 0.00350
0.98229, 0.00339
0.98270, 0.00328
0.98310, 0.00318
0.98350, 0.00307
0.98390, 0.00297
0.98429, 0.00286
0.98468, 0.00276
0.98506, 0.00266
0.98544, 0.00256
0.98581, 0.00246
0.98617, 0.00237
0.98654, 0.00227
0.98690, 0.00218
0.98725, 0.00209
0.98760, 0.00200
0.98794, 0.00191
0.98828, 0.00182
0.98861, 0.00173
0.98894, 0.00165
0.98927, 0.00156
0.98959, 0.00148
0.98991, 0.00140
0.99022, 0.00132
0.99052, 0.00124
0.99082, 0.00116
0.99112, 0.00108
0.99141, 0.00101
0.99170, 0.00093
0.99198, 0.00086
0.99226, 0.00079
0.99253, 0.00072
0.99280, 0.00065
0.99306, 0.00058
0.99332, 0.00052
0.99358, 0.00045
0.99383, 0.00039
0.99407, 0.00033
0.99431, 0.00026
0.99454, 0.00020
0.99477, 0.00015
0.99500, 0.00009
0.99522, 0.00003
0.99543, -0.00002
0.99564, -0.00008
0.99585, -0.00013
0.99605, -0.00018
0.99625, -0.00023
0.99644, -0.00028
0.99663, -0.00032
0.99681, -0.00037
0.99699, -0.00042
0.99716, -0.00046
0.99732, -0.00050
0.99749, -0.00054
0.99764, -0.00058
0.99780, -0.00062
0.99795, -0.00066
0.99809, -0.00069
0.99823, -0.00073
0.99836, -0.00076
0.99849, -0.00079
0.99861, -0.00083
0.99873, -0.00085
0.99885, -0.00088
0.99896, -0.00091
0.99906, -0.00094
0.99916, -0.00096
0.99925, -0.00099
0.99934, -0.00101
0.99943, -0.00103
0.99951, -0.00105
0.99959, -0.00107
0.99966, -0.00109
0.99972, -0.00110
0.99978, -0.00112
0.99984, -0.00113
0.99989, -0.00114
0.99994, -0.00116
0.99998, -0.00117
1.00001, -0.00118
1.00005, -0.00118
1.00007, -0.00119
1.00009, -0.00120
1.00011, -0.00120
1.00013, -0.00120
1.00017, -0.00121
1.00019, -0.00121

=== Lower Surface ===
0.00000, 0.03063
0.00005, 0.03035
0.00009, 0.03007
0.00013, 0.02980
0.00019, 0.02953
0.00024, 0.02925
0.00031, 0.02898
0.00038, 0.02871
0.00045, 0.02844
0.00053, 0.02817
0.00061, 0.02790
0.00070, 0.02764
0.00079, 0.02737
0.00089, 0.02710
0.00100, 0.02684
0.00110, 0.02658
0.00122, 0.02632
0.00134, 0.02606
0.00146, 0.02580
0.00159, 0.02554
0.00172, 0.02528
0.00186, 0.02503
0.00200, 0.02477
0.00215, 0.02452
0.00230, 0.02426
0.00246, 0.02401
0.00262, 0.02376
0.00279, 0.02351
0.00296, 0.02326
0.00314, 0.02301
0.00332, 0.02277
0.00351, 0.02252
0.00370, 0.02228
0.00390, 0.02203
0.00410, 0.02179
0.00431, 0.02155
0.00452, 0.02131
0.00474, 0.02107
0.00496, 0.02084
0.00519, 0.02060
0.00543, 0.02036
0.00566, 0.02013
0.00591, 0.01990
0.00615, 0.01967
0.00641, 0.01944
0.00666, 0.01921
0.00693, 0.01898
0.00719, 0.01875
0.00747, 0.01852
0.00775, 0.01830
0.00803, 0.01808
0.00832, 0.01785
0.00861, 0.01763
0.00891, 0.01741
0.00921, 0.01719
0.00952, 0.01698
0.00983, 0.01676
0.01015, 0.01655
0.01047, 0.01633
0.01080, 0.01612
0.01113, 0.01591
0.01147, 0.01570
0.01181, 0.01549
0.01216, 0.01528
0.01251, 0.01508
0.01286, 0.01487
0.01323, 0.01467
0.01359, 0.01447
0.01397, 0.01426
0.01434, 0.01406
0.01472, 0.01387
0.01511, 0.01367
0.01550, 0.01347
0.01590, 0.01328
0.01630, 0.01308
0.01671, 0.01289
0.01712, 0.01270
0.01753, 0.01251
0.01795, 0.01232
0.01838, 0.01214
0.01881, 0.01195
0.01924, 0.01177
0.01968, 0.01158
0.02013, 0.01140
0.02058, 0.01122
0.02103, 0.01104
0.02149, 0.01087
0.02195, 0.01069
0.02242, 0.01052
0.02290, 0.01034
0.02337, 0.01017
0.02386, 0.01000
0.02434, 0.00983
0.02484, 0.00966
0.02533, 0.00950
0.02583, 0.00933
0.02634, 0.00917
0.02685, 0.00900
0.02737, 0.00884
0.02789, 0.00868
0.02841, 0.00853
0.02894, 0.00837
0.02947, 0.00821
0.03001, 0.00806
0.03056, 0.00791
0.03110, 0.00775
0.03165, 0.00760
0.03221, 0.00746
0.03277, 0.00731
0.03334, 0.00716
0.03391, 0.00702
0.03448, 0.00687
0.03506, 0.00673
0.03564, 0.00659
0.03623, 0.00645
0.03682, 0.00631
0.03742, 0.00618
0.03802, 0.00604
0.03862, 0.00591
0.03923, 0.00578
0.03984, 0.00564
0.04046, 0.00551
0.04108, 0.00539
0.04171, 0.00526
0.04234, 0.00513
0.04297, 0.00501
0.04361, 0.00488
0.04425, 0.00476
0.04490, 0.00464
0.04555, 0.00452
0.04620, 0.00440
0.04686, 0.00429
0.04752, 0.00417
0.04819, 0.00406
0.04886, 0.00394
0.04954, 0.00383
0.05021, 0.00372
0.05090, 0.00361
0.05158, 0.00350
0.05227, 0.00339
0.05297, 0.00329
0.05366, 0.00318
0.05437, 0.00308
0.05507, 0.00298
0.05578, 0.00287
0.05649, 0.00277
0.05721, 0.00267
0.05793, 0.00258
0.05865, 0.00248
0.05938, 0.00238
0.06011, 0.00229
0.06084, 0.00219
0.06158, 0.00210
0.06232, 0.00201
0.06307, 0.00192
0.06381, 0.00183
0.06456, 0.00174
0.06532, 0.00165
0.06608, 0.00156
0.06684, 0.00147
0.06760, 0.00139
0.06837, 0.00130
0.06914, 0.00122
0.06991, 0.00113
0.07069, 0.00105
0.07147, 0.00097
0.07226, 0.00089
0.07304, 0.00081
0.07383, 0.00073
0.07462, 0.00065
0.07542, 0.00057
0.07622, 0.00049
0.07702, 0.00041
0.07782, 0.00034
0.07863, 0.00026
0.07944, 0.00019
0.08025, 0.00011
0.08107, 0.00004
0.08188, -0.00004
0.08271, -0.00011
0.08353, -0.00019
0.08435, -0.00026
0.08518, -0.00033
0.08601, -0.00041
0.08685, -0.00048
0.08768, -0.00055
0.08852, -0.00062
0.08936, -0.00069
0.09020, -0.00077
0.09105, -0.00084
0.09190, -0.00091
0.09275, -0.00098
0.09360, -0.00105
0.09445, -0.00112
0.09531, -0.00120
0.09617, -0.00127
0.09703, -0.00134
0.09789, -0.00141
0.09875, -0.00148
0.09962, -0.00156
0.10049, -0.00163
0.10136, -0.00170
0.10223, -0.00178
0.10310, -0.00185
0.10398, -0.00192
0.10485, -0.00200
0.10573, -0.00207
0.10661, -0.00215
0.10749, -0.00223
0.10838, -0.00230
0.10926, -0.00238
0.11015, -0.00246
0.11103, -0.00254
0.11192, -0.00262
0.11281, -0.00270
0.11371, -0.00278
0.11460, -0.00286
0.11549, -0.00294
0.11639, -0.00303
0.11728, -0.00311
0.11818, -0.00320
0.11908, -0.00329
0.11998, -0.00338
0.12088, -0.00347
0.12178, -0.00356
0.12269, -0.00365
0.12359, -0.00374
0.12449, -0.00384
0.12540, -0.00393
0.12631, -0.00403
0.12721, -0.00413
0.12812, -0.00423
0.12903, -0.00433
0.12994, -0.00444
0.13085, -0.00454
0.13176, -0.00465
0.13267, -0.00476
0.13358, -0.00487
0.13449, -0.00498
0.13541, -0.00510
0.13632, -0.00521
0.13724, -0.00533
0.13817, -0.00545
0.13909, -0.00557
0.14002, -0.00570
0.14095, -0.00582
0.14189, -0.00595
0.14282, -0.00608
0.14376, -0.00621
0.14471, -0.00634
0.14565, -0.00648
0.14660, -0.00661
0.14756, -0.00675
0.14851, -0.00690
0.14947, -0.00704
0.15043, -0.00718
0.15140, -0.00733
0.15236, -0.00748
0.15334, -0.00763
0.15431, -0.00779
0.15529, -0.00794
0.15627, -0.00810
0.15725, -0.00826
0.15824, -0.00842
0.15923, -0.00859
0.16022, -0.00875
0.16122, -0.00892
0.16222, -0.00909
0.16322, -0.00927
0.16423, -0.00944
0.16524, -0.00962
0.16625, -0.00980
0.16726, -0.00998
0.16828, -0.01017
0.16931, -0.01036
0.17033, -0.01055
0.17136, -0.01074
0.17239, -0.01093
0.17343, -0.01113
0.17447, -0.01133
0.17551, -0.01153
0.17656, -0.01173
0.17761, -0.01194
0.17866, -0.01215
0.17971, -0.01236
0.18077, -0.01257
0.18184, -0.01279
0.18290, -0.01300
0.18397, -0.01322
0.18505, -0.01345
0.18612, -0.01367
0.18720, -0.01390
0.18829, -0.01413
0.18937, -0.01437
0.19046, -0.01460
0.19156, -0.01484
0.19266, -0.01508
0.19377, -0.01532
0.19488, -0.01557
0.19601, -0.01582
0.19713, -0.01607
0.19827, -0.01633
0.19942, -0.01659
0.20057, -0.01685
0.20173, -0.01711
0.20289, -0.01738
0.20407, -0.01765
0.20525, -0.01792
0.20644, -0.01820
0.20764, -0.01847
0.20884, -0.01875
0.21005, -0.01903
0.21127, -0.01932
0.21250, -0.01960
0.21374, -0.01989
0.21498, -0.02018
0.21623, -0.02047
0.21749, -0.02076
0.21876, -0.02105
0.22003, -0.02135
0.22131, -0.02165
0.22260, -0.02194
0.22390, -0.02224
0.22521, -0.02254
0.22652, -0.02284
0.22785, -0.02315
0.22918, -0.02345
0.23052, -0.02375
0.23187, -0.02406
0.23322, -0.02436
0.23458, -0.02467
0.23596, -0.02497
0.23734, -0.02528
0.23872, -0.02558
0.24012, -0.02588
0.24153, -0.02619
0.24294, -0.02649
0.24436, -0.02679
0.24579, -0.02709
0.24723, -0.02739
0.24868, -0.02769
0.25014, -0.02799
0.25160, -0.02829
0.25307, -0.02858
0.25456, -0.02887
0.25604, -0.02916
0.25754, -0.02945
0.25904, -0.02973
0.26054, -0.03001
0.26204, -0.03029
0.26355, -0.03056
0.26506, -0.03083
0.26657, -0.03110
0.26808, -0.03136
0.26959, -0.03162
0.27111, -0.03188
0.27263, -0.03213
0.27415, -0.03238
0.27567, -0.03263
0.27720, -0.03287
0.27873, -0.03311
0.28025, -0.03335
0.28179, -0.03358
0.28332, -0.03381
0.28485, -0.03403
0.28639, -0.03425
0.28793, -0.03447
0.28947, -0.03469
0.29101, -0.03490
0.29255, -0.03511
0.29410, -0.03531
0.29565, -0.03551
0.29720, -0.03571
0.29875, -0.03590
0.30030, -0.03610
0.30185, -0.03628
0.30341, -0.03647
0.30497, -0.03665
0.30653, -0.03683
0.30809, -0.03700
0.30965, -0.03717
0.31121, -0.03734
0.31278, -0.03750
0.31434, -0.03766
0.31591, -0.03782
0.31748, -0.03797
0.31905, -0.03812
0.32062, -0.03827
0.32219, -0.03841
0.32377, -0.03855
0.32534, -0.03869
0.32692, -0.03883
0.32850, -0.03896
0.33008, -0.03908
0.33166, -0.03921
0.33324, -0.03933
0.33482, -0.03945
0.33641, -0.03956
0.33799, -0.03967
0.33958, -0.03978
0.34116, -0.03988
0.34275, -0.03999
0.34434, -0.04008
0.34593, -0.04018
0.34752, -0.04027
0.34911, -0.04036
0.35071, -0.04045
0.35230, -0.04053
0.35390, -0.04061
0.35549, -0.04069
0.35709, -0.04076
0.35869, -0.04083
0.36028, -0.04090
0.36188, -0.04096
0.36348, -0.04102
0.36508, -0.04108
0.36668, -0.04114
0.36828, -0.04119
0.36989, -0.04124
0.37149, -0.04128
0.37309, -0.04133
0.37470, -0.04137
0.37630, -0.04141
0.37791, -0.04144
0.37951, -0.04147
0.38112, -0.04150
0.38273, -0.04153
0.38433, -0.04155
0.38594, -0.04157
0.38755, -0.04159
0.38916, -0.04161
0.39077, -0.04162
0.39238, -0.04163
0.39399, -0.04164
0.39560, -0.04164
0.39721, -0.04164
0.39882, -0.04164
0.40043, -0.04164
0.40204, -0.04163
0.40365, -0.04162
0.40526, -0.04161
0.40688, -0.04160
0.40849, -0.04158
0.41010, -0.04156
0.41171, -0.04154
0.41333, -0.04152
0.41494, -0.04149
0.41655, -0.04146
0.41817, -0.04143
0.41978, -0.04140
0.42139, -0.04136
0.42301, -0.04132
0.42462, -0.04128
0.42623, -0.04124
0.42785, -0.04119
0.42946, -0.04114
0.43107, -0.04109
0.43269, -0.04104
0.43430, -0.04099
0.43591, -0.04093
0.43752, -0.04087
0.43914, -0.04081
0.44075, -0.04075
0.44236, -0.04068
0.44397, -0.04061
0.44559, -0.04054
0.44720, -0.04047
0.44881, -0.04040
0.45042, -0.04032
0.45203, -0.04025
0.45364, -0.04017
0.45525, -0.04008
0.45686, -0.04000
0.45847, -0.03992
0.46008, -0.03983
0.46169, -0.03974
0.46330, -0.03965
0.46491, -0.03955
0.46652, -0.03946
0.46813, -0.03936
0.46973, -0.03927
0.47134, -0.03917
0.47295, -0.03906
0.47455, -0.03896
0.47616, -0.03886
0.47776, -0.03875
0.47937, -0.03864
0.48097, -0.03853
0.48258, -0.03842
0.48418, -0.03831
0.48578, -0.03819
0.48738, -0.03808
0.48898, -0.03796
0.49058, -0.03784
0.49218, -0.03772
0.49378, -0.03760
0.49538, -0.03747
0.49698, -0.03735
0.49858, -0.03722
0.50017, -0.03710
0.50177, -0.03697
0.50337, -0.03684
0.50496, -0.03671
0.50655, -0.03657
0.50815, -0.03644
0.50974, -0.03631
0.51133, -0.03617
0.51292, -0.03603
0.51451, -0.03589
0.51610, -0.03576
0.51769, -0.03561
0.51928, -0.03547
0.52086, -0.03533
0.52245, -0.03519
0.52403, -0.03504
0.52562, -0.03490
0.52720, -0.03475
0.52878, -0.03460
0.53036, -0.03446
0.53194, -0.03431
0.53352, -0.03416
0.53510, -0.03401
0.53668, -0.03385
0.53825, -0.03370
0.53983, -0.03355
0.54140, -0.03339
0.54298, -0.03324
0.54455, -0.03308
0.54612, -0.03293
0.54769, -0.03277
0.54926, -0.03261
0.55083, -0.03246
0.55240, -0.03230
0.55396, -0.03214
0.55553, -0.03198
0.55709, -0.03182
0.55865, -0.03166
0.56021, -0.03150
0.56177, -0.03134
0.56333, -0.03117
0.56489, -0.03101
0.56645, -0.03085
0.56800, -0.03069
0.56956, -0.03052
0.57111, -0.03036
0.57266, -0.03019
0.57421, -0.03003
0.57576, -0.02986
0.57731, -0.02970
0.57886, -0.02953
0.58040, -0.02937
0.58195, -0.02920
0.58349, -0.02904
0.58503, -0.02887
0.58657, -0.02871
0.58811, -0.02854
0.58965, -0.02837
0.59119, -0.02821
0.59272, -0.02804
0.59425, -0.02787
0.59579, -0.02771
0.59732, -0.02754
0.59885, -0.02737
0.60037, -0.02721
0.60190, -0.02704
0.60343, -0.02688
0.60495, -0.02671
0.60647, -0.02654
0.60799, -0.02638
0.60951, -0.02621
0.61103, -0.02605
0.61255, -0.02588
0.61406, -0.02572
0.61557, -0.02555
0.61709, -0.02539
0.61860, -0.02522
0.62010, -0.02506
0.62161, -0.02490
0.62312, -0.02473
0.62462, -0.02457
0.62612, -0.02441
0.62762, -0.02425
0.62912, -0.02408
0.63062, -0.02392
0.63212, -0.02376
0.63361, -0.02360
0.63511, -0.02344
0.63660, -0.02328
0.63809, -0.02312
0.63957, -0.02297
0.64106, -0.02281
0.64254, -0.02265
0.64403, -0.02249
0.64551, -0.02234
0.64699, -0.02218
0.64847, -0.02203
0.64994, -0.02187
0.65142, -0.02172
0.65289, -0.02157
0.65436, -0.02142
0.65583, -0.02126
0.65730, -0.02111
0.65876, -0.02096
0.66023, -0.02082
0.66169, -0.02067
0.66315, -0.02052
0.66461, -0.02037
0.66606, -0.02023
0.66752, -0.02008
0.66897, -0.01994
0.67043, -0.01979
0.67188, -0.01965
0.67333, -0.01951
0.67478, -0.01937
0.67623, -0.01923
0.67768, -0.01909
0.67913, -0.01895
0.68058, -0.01881
0.68202, -0.01867
0.68347, -0.01853
0.68491, -0.01839
0.68636, -0.01826
0.68780, -0.01812
0.68924, -0.01799
0.69068, -0.01785
0.69212, -0.01771
0.69356, -0.01758
0.69500, -0.01745
0.69644, -0.01731
0.69787, -0.01718
0.69931, -0.01704
0.70074, -0.01691
0.70217, -0.01678
0.70360, -0.01665
0.70503, -0.01651
0.70646, -0.01638
0.70789, -0.01625
0.70931, -0.01612
0.71074, -0.01598
0.71216, -0.01585
0.71358, -0.01572
0.71500, -0.01559
0.71642, -0.01546
0.71783, -0.01532
0.71925, -0.01519
0.72066, -0.01506
0.72208, -0.01493
0.72349, -0.01479
0.72489, -0.01466
0.72630, -0.01453
0.72771, -0.01439
0.72911, -0.01426
0.73051, -0.01413
0.73191, -0.01399
0.73331, -0.01386
0.73471, -0.01372
0.73610, -0.01359
0.73750, -0.01345
0.73889, -0.01332
0.74028, -0.01318
0.74166, -0.01305
0.74305, -0.01291
0.74443, -0.01277
0.74581, -0.01263
0.74719, -0.01250
0.74857, -0.01236
0.74994, -0.01222
0.75132, -0.01208
0.75268, -0.01194
0.75405, -0.01180
0.75541, -0.01166
0.75677, -0.01152
0.75812, -0.01138
0.75947, -0.01123
0.76081, -0.01109
0.76215, -0.01095
0.76349, -0.01081
0.76482, -0.01067
0.76615, -0.01053
0.76748, -0.01039
0.76880, -0.01025
0.77012, -0.01010
0.77143, -0.00996
0.77274, -0.00983
0.77405, -0.00969
0.77535, -0.00955
0.77665, -0.00941
0.77794, -0.00927
0.77923, -0.00914
0.78052, -0.00900
0.78181, -0.00886
0.78309, -0.00873
0.78436, -0.00860
0.78563, -0.00846
0.78690, -0.00833
0.78817, -0.00820
0.78943, -0.00807
0.79069, -0.00794
0.79194, -0.00782
0.79319, -0.00769
0.79444, -0.00757
0.79569, -0.00744
0.79693, -0.00732
0.79816, -0.00720
0.79939, -0.00708
0.80062, -0.00696
0.80185, -0.00685
0.80307, -0.00673
0.80429, -0.00662
0.80551, -0.00651
0.80672, -0.00640
0.80793, -0.00629
0.80913, -0.00618
0.81033, -0.00608
0.81153, -0.00598
0.81272, -0.00587
0.81391, -0.00577
0.81510, -0.00568
0.81628, -0.00558
0.81746, -0.00549
0.81864, -0.00539
0.81981, -0.00530
0.82098, -0.00522
0.82215, -0.00513
0.82331, -0.00505
0.82447, -0.00496
0.82563, -0.00488
0.82678, -0.00481
0.82793, -0.00473
0.82908, -0.00466
0.83022, -0.00459
0.83136, -0.00452
0.83250, -0.00445
0.83363, -0.00438
0.83476, -0.00432
0.83589, -0.00426
0.83702, -0.00420
0.83814, -0.00415
0.83927, -0.00409
0.84039, -0.00404
0.84151, -0.00399
0.84262, -0.00394
0.84373, -0.00390
0.84485, -0.00385
0.84595, -0.00381
0.84706, -0.00377
0.84816, -0.00373
0.84926, -0.00370
0.85036, -0.00366
0.85146, -0.00363
0.85255, -0.00360
0.85364, -0.00357
0.85473, -0.00354
0.85582, -0.00351
0.85690, -0.00348
0.85798, -0.00346
0.85906, -0.00344
0.86013, -0.00342
0.86120, -0.00340
0.86227, -0.00338
0.86334, -0.00336
0.86440, -0.00334
0.86546, -0.00333
0.86652, -0.00332
0.86757, -0.00330
0.86862, -0.00329
0.86967, -0.00328
0.87072, -0.00327
0.87176, -0.00326
0.87280, -0.00326
0.87383, -0.00325
0.87487, -0.00325
0.87589, -0.00324
0.87692, -0.00324
0.87794, -0.00324
0.87896, -0.00323
0.87998, -0.00323
0.88100, -0.00323
0.88201, -0.00323
0.88301, -0.00324
0.88402, -0.00324
0.88502, -0.00324
0.88601, -0.00324
0.88701, -0.00325
0.88800, -0.00325
0.88898, -0.00326
0.88997, -0.00326
0.89095, -0.00327
0.89192, -0.00328
0.89290, -0.00329
0.89387, -0.00329
0.89483, -0.00330
0.89579, -0.00331
0.89675, -0.00332
0.89771, -0.00333
0.89866, -0.00334
0.89961, -0.00335
0.90055, -0.00336
0.90149, -0.00337
0.90243, -0.00338
0.90336, -0.00340
0.90429, -0.00341
0.90521, -0.00342
0.90613, -0.00343
0.90705, -0.00345
0.90797, -0.00346
0.90888, -0.00347
0.90978, -0.00349
0.91069, -0.00350
0.91158, -0.00351
0.91248, -0.00353
0.91337, -0.00354
0.91426, -0.00355
0.91514, -0.00357
0.91602, -0.00358
0.91689, -0.00359
0.91776, -0.00361
0.91863, -0.00362
0.91949, -0.00364
0.92035, -0.00365
0.92121, -0.00366
0.92206, -0.00368
0.92290, -0.00369
0.92375, -0.00371
0.92459, -0.00372
0.92542, -0.00373
0.92625, -0.00375
0.92708, -0.00376
0.92790, -0.00377
0.92871, -0.00379
0.92953, -0.00380
0.93034, -0.00381
0.93114, -0.00383
0.93194, -0.00384
0.93274, -0.00385
0.93353, -0.00386
0.93432, -0.00388
0.93510, -0.00389
0.93588, -0.00390
0.93666, -0.00391
0.93743, -0.00392
0.93820, -0.00394
0.93896, -0.00395
0.93972, -0.00396
0.94047, -0.00397
0.94122, -0.00398
0.94196, -0.00399
0.94270, -0.00400
0.94344, -0.00401
0.94417, -0.00402
0.94490, -0.00403
0.94562, -0.00404
0.94634, -0.00405
0.94705, -0.00405
0.94776, -0.00406
0.94846, -0.00407
0.94916, -0.00408
0.94986, -0.00409
0.95055, -0.00409
0.95124, -0.00410
0.95192, -0.00411
0.95260, -0.00411
0.95327, -0.00412
0.95394, -0.00413
0.95460, -0.00413
0.95526, -0.00414
0.95591, -0.00414
0.95656, -0.00415
0.95721, -0.00415
0.95785, -0.00416
0.95849, -0.00416
0.95912, -0.00416
0.95974, -0.00417
0.96037, -0.00417
0.96098, -0.00417
0.96160, -0.00418
0.96220, -0.00418
0.96281, -0.00418
0.96341, -0.00418
0.96400, -0.00418
0.96459, -0.00419
0.96517, -0.00419
0.96575, -0.00419
0.96633, -0.00419
0.96690, -0.00419
0.96747, -0.00419
0.96803, -0.00419
0.96858, -0.00419
0.96913, -0.00419
0.96968, -0.00419
0.97022, -0.00419
0.97076, -0.00419
0.97129, -0.00419
0.97182, -0.00418
0.97234, -0.00418
0.97286, -0.00418
0.97337, -0.00418
0.97388, -0.00418
0.97439, -0.00417
0.97489, -0.00417
0.97538, -0.00417
0.97587, -0.00416
0.97635, -0.00416
0.97683, -0.00416
0.97731, -0.00415
0.97778, -0.00415
0.97824, -0.00415
0.97870, -0.00414
0.97916, -0.00414
0.97961, -0.00413
0.98005, -0.00413
0.98049, -0.00412
0.98093, -0.00412
0.98136, -0.00411
0.98179, -0.00411
0.98221, -0.00410
0.98262, -0.00410
0.98304, -0.00409
0.98344, -0.00409
0.98384, -0.00408
0.98424, -0.00408
0.98463, -0.00407
0.98502, -0.00407
0.98540, -0.00406
0.98578, -0.00405
0.98615, -0.00405
0.98652, -0.00404
0.98688, -0.00403
0.98724, -0.00403
0.98759, -0.00402
0.98794, -0.00402
0.98828, -0.00401
0.98862, -0.00400
0.98895, -0.00400
0.98928, -0.00399
0.98960, -0.00398
0.98992, -0.00398
0.99023, -0.00397
0.99054, -0.00396
0.99084, -0.00396
0.99114, -0.00395
0.99143, -0.00394
0.99172, -0.00394
0.99200, -0.00393
0.99228, -0.00392
0.99255, -0.00392
0.99282, -0.00391
0.99308, -0.00391
0.99334, -0.00390
0.99359, -0.00389
0.99384, -0.00389
0.99409, -0.00388
0.99432, -0.00387
0.99456, -0.00387
0.99478, -0.00386
0.99501, -0.00386
0.99523, -0.00385
0.99544, -0.00384
0.99565, -0.00384
0.99585, -0.00383
0.99605, -0.00383
0.99624, -0.00382
0.99643, -0.00382
0.99661, -0.00381
0.99679, -0.00381
0.99696, -0.00380
0.99713, -0.00380
0.99730, -0.00379
0.99745, -0.00379
0.99761, -0.00378
0.99776, -0.00378
0.99790, -0.00377
0.99804, -0.00377
0.99817, -0.00377
0.99830, -0.00376
0.99842, -0.00376
0.99854, -0.00375
0.99865, -0.00375
0.99876, -0.00375
0.99886, -0.00374
0.99896, -0.00374
0.99905, -0.00374
0.99914, -0.00373
0.99922, -0.00373
0.99930, -0.00373
0.99937, -0.00373
0.99944, -0.00372
0.99951, -0.00372
0.99956, -0.00372
0.99962, -0.00372
0.99966, -0.00372
0.99971, -0.00372
0.99974, -0.00371
0.99978, -0.00371
0.99980, -0.00371
0.99983, -0.00371
0.99984, -0.00371
0.99985, -0.00371
0.99982, -0.00371
0.99981, -0.00370
