=== Airfoil Parameters ===
m = 0.02
p = 0.4
t = 0.12

=== Control Points ===
0.00000, -0.01640, -0.01640
0.06667, -0.00718, -0.01329
0.13333, 0.00254, -0.00857
0.20000, 0.01136, -0.00364
0.26667, 0.01880, 0.00102
0.66667, 0.02037, 0.00432
0.75000, 0.01759, 0.00440
0.83333, 0.01035, 0.00079
0.91667, 0.00061, -0.00456
1.00000, -0.00843, -0.00843

=== Upper Surface ===
0.00000, -0.01640
-0.00004, -0.01613
-0.00006, -0.01585
-0.00008, -0.01557
-0.00010, -0.01529
-0.00011, -0.01501
-0.00012, -0.01473
-0.00012, -0.01445
-0.00012, -0.01417
-0.00011, -0.01389
-0.00010, -0.01361
-0.00008, -0.01333
-0.00006, -0.01305
-0.00003, -0.01277
-0.00000, -0.01249
0.00004, -0.01221
0.00008, -0.01192
0.00013, -0.01164
0.00018, -0.01136
0.00024, -0.01108
0.00030, -0.01080
0.00036, -0.01051
0.00044, -0.01023
0.00051, -0.00995
0.00059, -0.00966
0.00068, -0.00938
0.00077, -0.00909
0.00087, -0.00881
0.00097, -0.00853
0.00108, -0.00824
0.00119, -0.00796
0.00130, -0.00767
0.00143, -0.00739
0.00155, -0.00710
0.00168, -0.00681
0.00182, -0.00653
0.00196, -0.00624
0.00211, -0.00596
0.00226, -0.00567
0.00241, -0.00538
0.00257, -0.00510
0.00274, -0.00481
0.00291, -0.00452
0.00308, -0.00423
0.00326, -0.00394
0.00345, -0.00366
0.00364, -0.00337
0.00383, -0.00308
0.00403, -0.00279
0.00423, -0.00250
0.00444, -0.00221
0.00466, -0.00192
0.00488, -0.00163
0.00510, -0.00134
0.00533, -0.00105
0.00556, -0.00076
0.00580, -0.00047
0.00604, -0.00018
0.00629, 0.00011
0.00654, 0.00040
0.00680, 0.00069
0.00706, 0.00098
0.00733, 0.00127
0.00760, 0.00157
0.00788, 0.00186
0.00816, 0.00215
0.00845, 0.00244
0.00874, 0.00274
0.00903, 0.00303
0.00933, 0.00332
0.00964, 0.00362
0.00995, 0.00391
0.01027, 0.00420
0.01058, 0.00450
0.01091, 0.00479
0.01124, 0.00508
0.01157, 0.00538
0.01191, 0.00567
0.01226, 0.00597
0.01260, 0.00626
0.01296, 0.00656
0.01332, 0.00685
0.01368, 0.00715
0.01405, 0.00744
0.01442, 0.00774
0.01480, 0.00804
0.01518, 0.00833
0.01556, 0.00863
0.01596, 0.00893
0.01635, 0.00922
0.01675, 0.00952
0.01716, 0.00982
0.01757, 0.01011
0.01798, 0.01041
0.01840, 0.01071
0.01883, 0.01101
0.01925, 0.01130
0.01969, 0.01160
0.02013, 0.01190
0.02057, 0.01220
0.02102, 0.01250
0.02147, 0.01280
0.02193, 0.01309
0.02239, 0.01339
0.02286, 0.01369
0.02333, 0.01399
0.02380, 0.01429
0.02428, 0.01459
0.02477, 0.01489
0.02526, 0.01519
0.02575, 0.01549
0.02625, 0.01579
0.02676, 0.01609
0.02726, 0.01639
0.02778, 0.01669
0.02830, 0.01699
0.02882, 0.01729
0.02934, 0.01759
0.02988, 0.01789
0.03041, 0.01820
0.03095, 0.01850
0.03150, 0.01880
0.03205, 0.01910
0.03260, 0.01940
0.03316, 0.01970
0.03373, 0.02000
0.03430, 0.02031
0.03487, 0.02061
0.03545, 0.02091
0.03603, 0.02121
0.03662, 0.02151
0.03721, 0.02182
0.03781, 0.02212
0.03841, 0.02242
0.03901, 0.02272
0.03962, 0.02303
0.04024, 0.02333
0.04086, 0.02363
0.04148, 0.02394
0.04211, 0.02424
0.04274, 0.02454
0.04338, 0.02485
0.04402, 0.02515
0.04467, 0.02545
0.04532, 0.02576
0.04597, 0.02606
0.04663, 0.02636
0.04730, 0.02667
0.04797, 0.02697
0.04864, 0.02727
0.04932, 0.02758
0.05000, 0.02788
0.05069, 0.02818
0.05138, 0.02849
0.05208, 0.02879
0.05278, 0.02909
0.05349, 0.02940
0.05420, 0.02970
0.05491, 0.03000
0.05563, 0.03031
0.05635, 0.03061
0.05708, 0.03092
0.05781, 0.03122
0.05855, 0.03152
0.05929, 0.03183
0.06004, 0.03213
0.06079, 0.03243
0.06154, 0.03274
0.06230, 0.03304
0.06307, 0.03334
0.06384, 0.03365
0.06461, 0.03395
0.06539, 0.03425
0.06617, 0.03456
0.06696, 0.03486
0.06775, 0.03516
0.06854, 0.03546
0.06934, 0.03577
0.07015, 0.03607
0.07095, 0.03637
0.07177, 0.03667
0.07259, 0.03697
0.07341, 0.03728
0.07423, 0.03758
0.07506, 0.03788
0.07590, 0.03818
0.07674, 0.03848
0.07758, 0.03878
0.07843, 0.03909
0.07929, 0.03939
0.08014, 0.03969
0.08100, 0.03999
0.08187, 0.04029
0.08274, 0.04059
0.08362, 0.04089
0.08450, 0.04119
0.08538, 0.04149
0.08627, 0.04178
0.08716, 0.04208
0.08806, 0.04238
0.08896, 0.04268
0.08987, 0.04298
0.09078, 0.04328
0.09169, 0.04357
0.09261, 0.04387
0.09353, 0.04417
0.09446, 0.04446
0.09539, 0.04476
0.09633, 0.04506
0.09727, 0.04535
0.09821, 0.04565
0.09916, 0.04594
0.10012, 0.04624
0.10108, 0.04653
0.10204, 0.04682
0.10301, 0.04712
0.10398, 0.04741
0.10495, 0.04770
0.10593, 0.04799
0.10692, 0.04828
0.10790, 0.04857
0.10890, 0.04887
0.10989, 0.04916
0.11090, 0.04944
0.11190, 0.04973
0.11291, 0.05002
0.11393, 0.05031
0.11494, 0.05060
0.11597, 0.05088
0.11699, 0.05117
0.11802, 0.05146
0.11906, 0.05174
0.12010, 0.05203
0.12114, 0.05231
0.12219, 0.05259
0.12324, 0.05287
0.12430, 0.05316
0.12536, 0.05344
0.12643, 0.05372
0.12750, 0.05400
0.12857, 0.05428
0.12965, 0.05456
0.13073, 0.05483
0.13181, 0.05511
0.13290, 0.05539
0.13399, 0.05566
0.13509, 0.05594
0.13619, 0.05621
0.13729, 0.05648
0.13840, 0.05675
0.13951, 0.05703
0.14062, 0.05730
0.14174, 0.05757
0.14286, 0.05783
0.14398, 0.05810
0.14511, 0.05837
0.14625, 0.05864
0.14738, 0.05890
0.14852, 0.05917
0.14966, 0.05943
0.15081, 0.05969
0.15196, 0.05995
0.15311, 0.06022
0.15427, 0.06048
0.15543, 0.06073
0.15660, 0.06099
0.15776, 0.06125
0.15893, 0.06151
0.16011, 0.06176
0.16129, 0.06202
0.16247, 0.06227
0.16365, 0.06253
0.16484, 0.06278
0.16603, 0.06303
0.16723, 0.06328
0.16843, 0.06353
0.16963, 0.06378
0.17083, 0.06403
0.17204, 0.06427
0.17325, 0.06452
0.17447, 0.06476
0.17569, 0.06501
0.17691, 0.06525
0.17813, 0.06549
0.17936, 0.06574
0.18059, 0.06598
0.18183, 0.06621
0.18306, 0.06645
0.18430, 0.06669
0.18555, 0.06693
0.18679, 0.06716
0.18804, 0.06740
0.18930, 0.06763
0.19055, 0.06786
0.19181, 0.06810
0.19308, 0.06833
0.19434, 0.06856
0.19561, 0.06879
0.19689, 0.06901
0.19817, 0.06924
0.19945, 0.06947
0.20073, 0.06969
0.20202, 0.06992
0.20331, 0.07014
0.20461, 0.07036
0.20591, 0.07058
0.20722, 0.07080
0.20853, 0.07102
0.20984, 0.07124
0.21115, 0.07146
0.21247, 0.07167
0.21380, 0.07189
0.21512, 0.07210
0.21646, 0.07231
0.21779, 0.07252
0.21913, 0.07273
0.22047, 0.07294
0.22182, 0.07314
0.22317, 0.07335
0.22452, 0.07355
0.22588, 0.07376
0.22724, 0.07396
0.22860, 0.07416
0.22997, 0.07435
0.23134, 0.07455
0.23272, 0.07475
0.23410, 0.07494
0.23548, 0.07513
0.23687, 0.07532
0.23826, 0.07551
0.23965, 0.07570
0.24105, 0.07588
0.24245, 0.07607
0.24386, 0.07625
0.24527, 0.07643
0.24668, 0.07661
0.24809, 0.07678
0.24951, 0.07696
0.25094, 0.07713
0.25236, 0.07730
0.25379, 0.07747
0.25523, 0.07763
0.25666, 0.07780
0.25810, 0.07796
0.25955, 0.07812
0.26099, 0.07828
0.26244, 0.07843
0.26390, 0.07859
0.26535, 0.07874
0.26681, 0.07889
0.26827, 0.07904
0.26973, 0.07918
0.27119, 0.07932
0.27266, 0.07946
0.27413, 0.07960
0.27560, 0.07974
0.27707, 0.07987
0.27855, 0.08000
0.28002, 0.08013
0.28150, 0.08026
0.28298, 0.08038
0.28446, 0.08050
0.28595, 0.08062
0.28744, 0.08074
0.28892, 0.08085
0.29042, 0.08097
0.29191, 0.08108
0.29340, 0.08119
0.29490, 0.08129
0.29640, 0.08140
0.29790, 0.08150
0.29940, 0.08160
0.30090, 0.08169
0.30241, 0.08179
0.30392, 0.08188
0.30542, 0.08197
0.30694, 0.08206
0.30845, 0.08215
0.30996, 0.08223
0.31148, 0.08231
0.31300, 0.08239
0.31451, 0.08247
0.31604, 0.08254
0.31756, 0.08261
0.31908, 0.08268
0.32061, 0.08275
0.32213, 0.08282
0.32366, 0.08288
0.32519, 0.08294
0.32672, 0.08300
0.32826, 0.08306
0.32979, 0.08312
0.33133, 0.08317
0.33287, 0.08322
0.33440, 0.08327
0.33594, 0.08331
0.33749, 0.08336
0.33903, 0.08340
0.34057, 0.08344
0.34212, 0.08348
0.34366, 0.08351
0.34521, 0.08355
0.34676, 0.08358
0.34831, 0.08361
0.34986, 0.08363
0.35142, 0.08366
0.35297, 0.08368
0.35453, 0.08370
0.35608, 0.08372
0.35764, 0.08374
0.35920, 0.08375
0.36076, 0.08377
0.36232, 0.08378
0.36388, 0.08379
0.36544, 0.08379
0.36701, 0.08380
0.36857, 0.08380
0.37014, 0.08380
0.37170, 0.08380
0.37327, 0.08380
0.37484, 0.08379
0.37641, 0.08378
0.37798, 0.08377
0.37955, 0.08376
0.38112, 0.08375
0.38270, 0.08373
0.38427, 0.08372
0.38585, 0.08370
0.38742, 0.08368
0.38900, 0.08365
0.39057, 0.08363
0.39215, 0.08360
0.39373, 0.08357
0.39531, 0.08354
0.39689, 0.08351
0.39847, 0.08348
0.40005, 0.08344
0.40163, 0.08340
0.40321, 0.08336
0.40480, 0.08332
0.40638, 0.08328
0.40797, 0.08323
0.40955, 0.08319
0.41113, 0.08314
0.41272, 0.08309
0.41431, 0.08303
0.41589, 0.08298
0.41748, 0.08293
0.41907, 0.08287
0.42066, 0.08281
0.42224, 0.08275
0.42383, 0.08269
0.42542, 0.08262
0.42701, 0.08256
0.42860, 0.08249
0.43019, 0.08242
0.43178, 0.08235
0.43337, 0.08228
0.43496, 0.08220
0.43655, 0.08213
0.43815, 0.08205
0.43974, 0.08197
0.44133, 0.08189
0.44292, 0.08181
0.44451, 0.08173
0.44611, 0.08164
0.44770, 0.08156
0.44929, 0.08147
0.45089, 0.08138
0.45248, 0.08129
0.45407, 0.08120
0.45566, 0.08110
0.45726, 0.08101
0.45885, 0.08091
0.46044, 0.08081
0.46204, 0.08071
0.46363, 0.08061
0.46522, 0.08051
0.46682, 0.08041
0.46841, 0.08030
0.47000, 0.08020
0.47160, 0.08009
0.47319, 0.07998
0.47478, 0.07987
0.47638, 0.07976
0.47797, 0.07965
0.47956, 0.07953
0.48115, 0.07942
0.48275, 0.07930
0.48434, 0.07918
0.48593, 0.07906
0.48752, 0.07894
0.48911, 0.07882
0.49070, 0.07870
0.49229, 0.07858
0.49388, 0.07845
0.49547, 0.07833
0.49706, 0.07820
0.49865, 0.07807
0.50024, 0.07794
0.50183, 0.07781
0.50342, 0.07768
0.50501, 0.07755
0.50659, 0.07741
0.50818, 0.07728
0.50977, 0.07714
0.51135, 0.07701
0.51294, 0.07687
0.51452, 0.07673
0.51611, 0.07659
0.51769, 0.07645
0.51928, 0.07631
0.52086, 0.07617
0.52244, 0.07602
0.52402, 0.07588
0.52561, 0.07573
0.52719, 0.07559
0.52877, 0.07544
0.53035, 0.07529
0.53193, 0.07515
0.53350, 0.07500
0.53508, 0.07485
0.53666, 0.07470
0.53824, 0.07454
0.53981, 0.07439
0.54139, 0.07424
0.54296, 0.07408
0.54453, 0.07393
0.54611, 0.07377
0.54768, 0.07362
0.54925, 0.07346
0.55082, 0.07330
0.55239, 0.07314
0.55396, 0.07298
0.55552, 0.07283
0.55709, 0.07267
0.55866, 0.07250
0.56022, 0.07234
0.56179, 0.07218
0.56335, 0.07202
0.56491, 0.07185
0.56647, 0.07169
0.56804, 0.07153
0.56960, 0.07136
0.57115, 0.07120
0.57271, 0.07103
0.57427, 0.07086
0.57582, 0.07070
0.57738, 0.07053
0.57893, 0.07036
0.58048, 0.07019
0.58204, 0.07003
0.58359, 0.06986
0.58514, 0.06969
0.58668, 0.06952
0.58823, 0.06935
0.58978, 0.06918
0.59132, 0.06901
0.59287, 0.06883
0.59441, 0.06866
0.59595, 0.06849
0.59749, 0.06832
0.59903, 0.06815
0.60057, 0.06797
0.60210, 0.06780
0.60364, 0.06763
0.60517, 0.06745
0.60670, 0.06728
0.60823, 0.06710
0.60977, 0.06693
0.61129, 0.06676
0.61282, 0.06658
0.61435, 0.06641
0.61587, 0.06623
0.61740, 0.06606
0.61892, 0.06588
0.62044, 0.06571
0.62196, 0.06553
0.62348, 0.06535
0.62499, 0.06518
0.62651, 0.06500
0.62802, 0.06483
0.62953, 0.06465
0.63104, 0.06448
0.63255, 0.06430
0.63406, 0.06412
0.63557, 0.06395
0.63707, 0.06377
0.63857, 0.06359
0.64008, 0.06342
0.64158, 0.06324
0.64307, 0.06307
0.64457, 0.06289
0.64607, 0.06271
0.64756, 0.06254
0.64905, 0.06236
0.65054, 0.06219
0.65203, 0.06201
0.65352, 0.06184
0.65500, 0.06166
0.65649, 0.06149
0.65797, 0.06131
0.65945, 0.06114
0.66093, 0.06096
0.66241, 0.06079
0.66388, 0.06061
0.66535, 0.06044
0.66683, 0.06026
0.66830, 0.06009
0.66977, 0.05992
0.67124, 0.05974
0.67270, 0.05957
0.67417, 0.05940
0.67564, 0.05922
0.67711, 0.05905
0.67857, 0.05887
0.68004, 0.05870
0.68150, 0.05853
0.68297, 0.05835
0.68443, 0.05818
0.68589, 0.05801
0.68735, 0.05783
0.68881, 0.05766
0.69027, 0.05748
0.69173, 0.05730
0.69319, 0.05713
0.69465, 0.05695
0.69610, 0.05677
0.69756, 0.05660
0.69901, 0.05642
0.70046, 0.05624
0.70192, 0.05606
0.70337, 0.05588
0.70482, 0.05570
0.70626, 0.05552
0.70771, 0.05534
0.70916, 0.05515
0.71060, 0.05497
0.71204, 0.05478
0.71349, 0.05460
0.71493, 0.05441
0.71636, 0.05422
0.71780, 0.05404
0.71924, 0.05385
0.72067, 0.05366
0.72210, 0.05346
0.72354, 0.05327
0.72497, 0.05308
0.72639, 0.05288
0.72782, 0.05269
0.72925, 0.05249
0.73067, 0.05229
0.73209, 0.05209
0.73351, 0.05189
0.73493, 0.05169
0.73634, 0.05148
0.73776, 0.05128
0.73917, 0.05107
0.74058, 0.05086
0.74199, 0.05065
0.74339, 0.05044
0.74480, 0.05023
0.74620, 0.05002
0.74760, 0.04980
0.74900, 0.04958
0.75040, 0.04937
0.75179, 0.04915
0.75318, 0.04892
0.75457, 0.04870
0.75595, 0.04848
0.75733, 0.04825
0.75871, 0.04802
0.76009, 0.04779
0.76146, 0.04756
0.76283, 0.04733
0.76419, 0.04710
0.76555, 0.04686
0.76691, 0.04663
0.76827, 0.04639
0.76962, 0.04615
0.77096, 0.04591
0.77231, 0.04567
0.77365, 0.04543
0.77499, 0.04519
0.77632, 0.04495
0.77765, 0.04470
0.77898, 0.04446
0.78030, 0.04421
0.78163, 0.04396
0.78294, 0.04372
0.78426, 0.04347
0.78557, 0.04322
0.78687, 0.04297
0.78818, 0.04271
0.78948, 0.04246
0.79077, 0.04221
0.79207, 0.04196
0.79336, 0.04170
0.79464, 0.04145
0.79593, 0.04119
0.79721, 0.04094
0.79848, 0.04068
0.79976, 0.04042
0.80102, 0.04016
0.80229, 0.03991
0.80355, 0.03965
0.80481, 0.03939
0.80607, 0.03913
0.80732, 0.03887
0.80857, 0.03861
0.80981, 0.03835
0.81105, 0.03809
0.81229, 0.03782
0.81352, 0.03756
0.81475, 0.03730
0.81598, 0.03704
0.81720, 0.03678
0.81842, 0.03651
0.81964, 0.03625
0.82085, 0.03599
0.82206, 0.03573
0.82327, 0.03546
0.82447, 0.03520
0.82567, 0.03494
0.82686, 0.03467
0.82806, 0.03441
0.82924, 0.03415
0.83043, 0.03388
0.83161, 0.03362
0.83279, 0.03336
0.83396, 0.03309
0.83513, 0.03283
0.83629, 0.03257
0.83746, 0.03230
0.83862, 0.03204
0.83977, 0.03178
0.84092, 0.03152
0.84207, 0.03125
0.84322, 0.03099
0.84436, 0.03073
0.84550, 0.03047
0.84663, 0.03021
0.84776, 0.02995
0.84889, 0.02969
0.85001, 0.02943
0.85113, 0.02917
0.85224, 0.02891
0.85336, 0.02865
0.85446, 0.02839
0.85557, 0.02813
0.85667, 0.02787
0.85777, 0.02761
0.85886, 0.02736
0.85995, 0.02710
0.86104, 0.02684
0.86212, 0.02658
0.86320, 0.02633
0.86427, 0.02607
0.86535, 0.02582
0.86641, 0.02556
0.86748, 0.02531
0.86854, 0.02506
0.86959, 0.02480
0.87065, 0.02455
0.87169, 0.02430
0.87274, 0.02405
0.87378, 0.02380
0.87482, 0.02355
0.87585, 0.02330
0.87688, 0.02305
0.87791, 0.02280
0.87893, 0.02255
0.87995, 0.02231
0.88096, 0.02206
0.88197, 0.02182
0.88298, 0.02157
0.88398, 0.02133
0.88498, 0.02108
0.88598, 0.02084
0.88697, 0.02060
0.88796, 0.02036
0.88894, 0.02012
0.88992, 0.01988
0.89090, 0.01964
0.89187, 0.01940
0.89284, 0.01916
0.89380, 0.01892
0.89476, 0.01869
0.89572, 0.01845
0.89667, 0.01822
0.89762, 0.01799
0.89857, 0.01775
0.89951, 0.01752
0.90044, 0.01729
0.90138, 0.01706
0.90230, 0.01683
0.90323, 0.01660
0.90415, 0.01637
0.90507, 0.01615
0.90598, 0.01592
0.90689, 0.01570
0.90779, 0.01547
0.90869, 0.01525
0.90959, 0.01503
0.91048, 0.01480
0.91137, 0.01458
0.91226, 0.01436
0.91314, 0.01414
0.91401, 0.01393
0.91489, 0.01371
0.91575, 0.01349
0.91662, 0.01328
0.91748, 0.01307
0.91833, 0.01285
0.91919, 0.01264
0.92003, 0.01243
0.92088, 0.01222
0.92172, 0.01201
0.92255, 0.01180
0.92339, 0.01160
0.92421, 0.01139
0.92504, 0.01118
0.92585, 0.01098
0.92667, 0.01078
0.92748, 0.01058
0.92829, 0.01037
0.92909, 0.01018
0.92989, 0.00998
0.93068, 0.00978
0.93147, 0.00958
0.93226, 0.00939
0.93304, 0.00919
0.93382, 0.00900
0.93459, 0.00881
0.93536, 0.00861
0.93612, 0.00842
0.93688, 0.00823
0.93764, 0.00805
0.93839, 0.00786
0.93914, 0.00767
0.93988, 0.00749
0.94062, 0.00731
0.94135, 0.00712
0.94208, 0.00694
0.94281, 0.00676
0.94353, 0.00658
0.94425, 0.00640
0.94496, 0.00623
0.94567, 0.00605
0.94638, 0.00587
0.94708, 0.00570
0.94777, 0.00553
0.94846, 0.00536
0.94915, 0.00519
0.94983, 0.00502
0.95051, 0.00485
0.95119, 0.00468
0.95186, 0.00452
0.95252, 0.00435
0.95318, 0.00419
0.95384, 0.00403
0.95449, 0.00386
0.95514, 0.00370
0.95578, 0.00355
0.95642, 0.00339
0.95706, 0.00323
0.95769, 0.00308
0.95831, 0.00292
0.95893, 0.00277
0.95955, 0.00262
0.96016, 0.00247
0.96077, 0.00232
0.96137, 0.00217
0.96197, 0.00202
0.96257, 0.00187
0.96316, 0.00173
0.96374, 0.00158
0.96432, 0.00144
0.96490, 0.00130
0.96547, 0.00116
0.96604, 0.00102
0.96660, 0.00088
0.96716, 0.00075
0.96771, 0.00061
0.96826, 0.00048
0.96881, 0.00034
0.96935, 0.00021
0.96989, 0.00008
0.97042, -0.00005
0.97094, -0.00018
0.97147, -0.00031
0.97198, -0.00043
0.97250, -0.00056
0.97300, -0.00068
0.97351, -0.00080
0.97401, -0.00093
0.97450, -0.00105
0.97499, -0.00117
0.97548, -0.00128
0.97596, -0.00140
0.97644, -0.00152
0.97691, -0.00163
0.97737, -0.00174
0.97784, -0.00186
0.97829, -0.00197
0.97875, -0.00208
0.97920, -0.00219
0.97964, -0.00229
0.98008, -0.00240
0.98051, -0.00250
0.98094, -0.00261
0.98137, -0.00271
0.98179, -0.00281
0.98221, -0.00291
0.98262, -0.00301
0.98302, -0.00311
0.98343, -0.00321
0.98382, -0.00330
0.98422, -0.00340
0.98460, -0.00349
0.98499, -0.00358
0.98536, -0.00367
0.98574, -0.00376
0.98611, -0.00385
0.98647, -0.00394
0.98683, -0.00402
0.98719, -0.00411
0.98754, -0.00419
0.98788, -0.00428
0.98822, -0.00436
0.98856, -0.00444
0.98889, -0.00452
0.98922, -0.00459
0.98954, -0.00467
0.98985, -0.00475
0.99017, -0.00482
0.99047, -0.00490
0.99078, -0.00497
0.99107, -0.00504
0.99137, -0.00511
0.99165, -0.00518
0.99194, -0.00524
0.99222, -0.00531
0.99249, -0.00538
0.99276, -0.00544
0.99302, -0.00550
0.99328, -0.00556
0.99354, -0.00562
0.99379, -0.00568
0.99403, -0.00574
0.99427, -0.00580
0.99451, -0.00585
0.99474, -0.00591
0.99497, -0.00596
0.99519, -0.00602
0.99540, -0.00607
0.99561, -0.00612
0.99582, -0.00617
0.99602, -0.00621
0.99622, -0.00626
0.99641, -0.00631
0.99660, -0.00635
0.99678, -0.00639
0.99696, -0.00643
0.99713, -0.00648
0.99730, -0.00651
0.99746, -0.00655
0.99762, -0.00659
0.99777, -0.00663
0.99792, -0.00666
0.99807, -0.00670
0.99820, -0.00673
0.99834, -0.00676
0.99847, -0.00679
0.99859, -0.00682
0.99871, -0.00685
0.99883, -0.00687
0.99894, -0.00690
0.99904, -0.00693
0.99914, -0.00695
0.99924, -0.00697
0.99933, -0.00699
0.99941, -0.00701
0.99949, -0.00703
0.99957, -0.00705
0.99964, -0.00707
0.99970, -0.00708
0.99976, -0.00710
0.99982, -0.00711
0.99987, -0.00712
0.99992, -0.00713
0.99996, -0.00714
1.00000, -0.00715
1.00003, -0.00716
1.00005, -0.00716
1.00008, -0.00717
1.00009, -0.00717
1.00011, -0.00718
1.00015, -0.00718
1.00016, -0.00718

=== Lower Surface ===
0.00000, -0.01640
0.00005, -0.01668
0.00008, -0.01696
0.00013, -0.01723
0.00018, -0.01751
0.00024, -0.01778
0.00030, -0.01805
0.00036, -0.01832
0.00044, -0.01859
0.00051, -0.01886
0.00059, -0.01913
0.00068, -0.01940
0.00077, -0.01967
0.00087, -0.01993
0.00097, -0.02020
0.00108, -0.02046
0.00119, -0.02072
0.00130, -0.02098
0.00142, -0.02124
0.00155, -0.02150
0.00168, -0.02176
0.00182, -0.02202
0.00196, -0.02227
0.00210, -0.02253
0.00225, -0.02278
0.00241, -0.02304
0.00257, -0.02329
0.00273, -0.02354
0.00290, -0.02379
0.00308, -0.02404
0.00326, -0.02429
0.00344, -0.02453
0.00363, -0.02478
0.00383, -0.02502
0.00403, -0.02527
0.00423, -0.02551
0.00444, -0.02575
0.00466, -0.02599
0.00488, -0.02623
0.00510, -0.02647
0.00533, -0.02671
0.00556, -0.02695
0.00580, -0.02718
0.00605, -0.02742
0.00630, -0.02765
0.00655, -0.02788
0.00681, -0.02811
0.00707, -0.02834
0.00734, -0.02857
0.00761, -0.02880
0.00789, -0.02902
0.00818, -0.02925
0.00846, -0.02947
0.00876, -0.02970
0.00906, -0.02992
0.00936, -0.03014
0.00967, -0.03036
0.00998, -0.03058
0.01030, -0.03080
0.01062, -0.03101
0.01095, -0.03123
0.01128, -0.03144
0.01162, -0.03165
0.01196, -0.03187
0.01231, -0.03208
0.01266, -0.03229
0.01302, -0.03250
0.01338, -0.03270
0.01374, -0.03291
0.01412, -0.03311
0.01449, -0.03332
0.01487, -0.03352
0.01526, -0.03372
0.01565, -0.03392
0.01605, -0.03412
0.01645, -0.03432
0.01685, -0.03451
0.01726, -0.03471
0.01768, -0.03490
0.01810, -0.03510
0.01852, -0.03529
0.01895, -0.03548
0.01939, -0.03567
0.01982, -0.03586
0.02027, -0.03604
0.02072, -0.03623
0.02117, -0.03641
0.02163, -0.03660
0.02209, -0.03678
0.02256, -0.03696
0.02303, -0.03714
0.02351, -0.03732
0.02399, -0.03749
0.02448, -0.03767
0.02497, -0.03784
0.02547, -0.03802
0.02597, -0.03819
0.02648, -0.03836
0.02699, -0.03853
0.02750, -0.03870
0.02802, -0.03886
0.02855, -0.03903
0.02908, -0.03919
0.02961, -0.03935
0.03015, -0.03951
0.03069, -0.03967
0.03124, -0.03983
0.03180, -0.03999
0.03235, -0.04015
0.03292, -0.04030
0.03348, -0.04045
0.03406, -0.04061
0.03463, -0.04076
0.03521, -0.04091
0.03580, -0.04105
0.03639, -0.04120
0.03698, -0.04135
0.03758, -0.04149
0.03819, -0.04163
0.03880, -0.04177
0.03941, -0.04191
0.04003, -0.04205
0.04065, -0.04219
0.04128, -0.04233
0.04191, -0.04246
0.04254, -0.04259
0.04318, -0.04272
0.04383, -0.04285
0.04448, -0.04298
0.04513, -0.04311
0.04579, -0.04324
0.04645, -0.04336
0.04712, -0.04348
0.04779, -0.04361
0.04847, -0.04373
0.04915, -0.04384
0.04984, -0.04396
0.05052, -0.04408
0.05122, -0.04419
0.05192, -0.04431
0.05262, -0.04442
0.05333, -0.04453
0.05404, -0.04464
0.05476, -0.04474
0.05548, -0.04485
0.05620, -0.04496
0.05693, -0.04506
0.05766, -0.04516
0.05840, -0.04526
0.05914, -0.04536
0.05989, -0.04546
0.06064, -0.04555
0.06139, -0.04565
0.06215, -0.04574
0.06292, -0.04583
0.06368, -0.04592
0.06445, -0.04601
0.06523, -0.04610
0.06601, -0.04619
0.06679, -0.04627
0.06758, -0.04635
0.06838, -0.04643
0.06917, -0.04651
0.06997, -0.04659
0.07078, -0.04667
0.07159, -0.04675
0.07240, -0.04682
0.07322, -0.04689
0.07404, -0.04696
0.07486, -0.04703
0.07569, -0.04710
0.07653, -0.04717
0.07736, -0.04724
0.07821, -0.04730
0.07905, -0.04736
0.07990, -0.04742
0.08075, -0.04748
0.08161, -0.04754
0.08247, -0.04760
0.08334, -0.04766
0.08421, -0.04771
0.08508, -0.04776
0.08596, -0.04781
0.08684, -0.04786
0.08772, -0.04791
0.08861, -0.04796
0.08950, -0.04801
0.09040, -0.04805
0.09130, -0.04809
0.09220, -0.04813
0.09311, -0.04817
0.09402, -0.04821
0.09494, -0.04825
0.09586, -0.04829
0.09678, -0.04832
0.09771, -0.04835
0.09864, -0.04839
0.09957, -0.04842
0.10051, -0.04844
0.10145, -0.04847
0.10239, -0.04850
0.10334, -0.04852
0.10429, -0.04855
0.10525, -0.04857
0.10621, -0.04859
0.10717, -0.04861
0.10814, -0.04863
0.10911, -0.04864
0.11008, -0.04866
0.11105, -0.04867
0.11203, -0.04869
0.11302, -0.04870
0.11401, -0.04871
0.11500, -0.04872
0.11599, -0.04873
0.11699, -0.04873
0.11799, -0.04874
0.11899, -0.04874
0.12000, -0.04874
0.12101, -0.04875
0.12202, -0.04875
0.12304, -0.04874
0.12406, -0.04874
0.12509, -0.04874
0.12611, -0.04873
0.12714, -0.04873
0.12818, -0.04872
0.12921, -0.04871
0.13025, -0.04870
0.13130, -0.04869
0.13234, -0.04868
0.13339, -0.04867
0.13445, -0.04866
0.13550, -0.04864
0.13656, -0.04862
0.13762, -0.04861
0.13869, -0.04859
0.13975, -0.04857
0.14083, -0.04855
0.14190, -0.04853
0.14298, -0.04850
0.14406, -0.04848
0.14514, -0.04845
0.14623, -0.04843
0.14732, -0.04840
0.14842, -0.04837
0.14952, -0.04834
0.15062, -0.04831
0.15172, -0.04828
0.15283, -0.04825
0.15394, -0.04821
0.15506, -0.04818
0.15618, -0.04814
0.15730, -0.04811
0.15842, -0.04807
0.15955, -0.04803
0.16068, -0.04799
0.16182, -0.04795
0.16295, -0.04790
0.16409, -0.04786
0.16524, -0.04781
0.16639, -0.04777
0.16754, -0.04772
0.16869, -0.04767
0.16985, -0.04762
0.17101, -0.04757
0.17217, -0.04752
0.17334, -0.04747
0.17451, -0.04742
0.17568, -0.04736
0.17686, -0.04731
0.17804, -0.04725
0.17922, -0.04719
0.18040, -0.04713
0.18159, -0.04707
0.18278, -0.04701
0.18398, -0.04695
0.18518, -0.04689
0.18638, -0.04682
0.18758, -0.04676
0.18879, -0.04669
0.19000, -0.04662
0.19121, -0.04655
0.19243, -0.04648
0.19364, -0.04641
0.19487, -0.04634
0.19609, -0.04627
0.19732, -0.04619
0.19855, -0.04612
0.19978, -0.04604
0.20102, -0.04597
0.20226, -0.04589
0.20350, -0.04581
0.20475, -0.04573
0.20599, -0.04565
0.20724, -0.04557
0.20850, -0.04548
0.20975, -0.04540
0.21101, -0.04531
0.21227, -0.04523
0.21353, -0.04514
0.21479, -0.04505
0.21606, -0.04496
0.21733, -0.04487
0.21860, -0.04478
0.21987, -0.04469
0.22114, -0.04460
0.22241, -0.04451
0.22369, -0.04442
0.22497, -0.04432
0.22625, -0.04423
0.22753, -0.04413
0.22882, -0.04404
0.23010, -0.04394
0.23139, -0.04385
0.23268, -0.04375
0.23397, -0.04365
0.23526, -0.04355
0.23655, -0.04346
0.23785, -0.04336
0.23914, -0.04326
0.24044, -0.04316
0.24174, -0.04306
0.24305, -0.04296
0.24435, -0.04286
0.24565, -0.04276
0.24696, -0.04265
0.24827, -0.04255
0.24958, -0.04245
0.25089, -0.04235
0.25220, -0.04225
0.25351, -0.04215
0.25483, -0.04204
0.25614, -0.04194
0.25746, -0.04184
0.25878, -0.04174
0.26010, -0.04163
0.26142, -0.04153
0.26274, -0.04143
0.26407, -0.04133
0.26539, -0.04123
0.26672, -0.04112
0.26805, -0.04102
0.26937, -0.04092
0.27070, -0.04082
0.27204, -0.04072
0.27337, -0.04062
0.27470, -0.04052
0.27604, -0.04042
0.27738, -0.04032
0.27872, -0.04022
0.28007, -0.04012
0.28141, -0.04002
0.28276, -0.03992
0.28411, -0.03982
0.28546, -0.03972
0.28682, -0.03962
0.28818, -0.03952
0.28954, -0.03942
0.29090, -0.03932
0.29226, -0.03923
0.29363, -0.03913
0.29500, -0.03903
0.29637, -0.03893
0.29774, -0.03884
0.29912, -0.03874
0.30049, -0.03864
0.30187, -0.03855
0.30325, -0.03845
0.30464, -0.03835
0.30602, -0.03826
0.30741, -0.03816
0.30880, -0.03807
0.31019, -0.03797
0.31159, -0.03788
0.31298, -0.03779
0.31438, -0.03769
0.31578, -0.03760
0.31718, -0.03750
0.31859, -0.03741
0.31999, -0.03732
0.32140, -0.03722
0.32281, -0.03713
0.32422, -0.03704
0.32564, -0.03695
0.32705, -0.03686
0.32847, -0.03676
0.32989, -0.03667
0.33131, -0.03658
0.33273, -0.03649
0.33416, -0.03640
0.33559, -0.03631
0.33702, -0.03622
0.33845, -0.03613
0.33988, -0.03604
0.34131, -0.03595
0.34275, -0.03587
0.34419, -0.03578
0.34563, -0.03569
0.34707, -0.03560
0.34851, -0.03551
0.34996, -0.03543
0.35141, -0.03534
0.35286, -0.03525
0.35431, -0.03517
0.35576, -0.03508
0.35721, -0.03500
0.35867, -0.03491
0.36013, -0.03482
0.36159, -0.03474
0.36305, -0.03466
0.36451, -0.03457
0.36598, -0.03449
0.36744, -0.03440
0.36891, -0.03432
0.37038, -0.03424
0.37185, -0.03415
0.37332, -0.03407
0.37480, -0.03399
0.37627, -0.03391
0.37775, -0.03382
0.37923, -0.03374
0.38071, -0.03366
0.38219, -0.03358
0.38367, -0.03350
0.38516, -0.03342
0.38664, -0.03334
0.38813, -0.03326
0.38962, -0.03318
0.39111, -0.03310
0.39260, -0.03302
0.39410, -0.03294
0.39559, -0.03286
0.39709, -0.03278
0.39858, -0.03271
0.40008, -0.03263
0.40158, -0.03255
0.40308, -0.03247
0.40459, -0.03239
0.40609, -0.03232
0.40760, -0.03224
0.40910, -0.03216
0.41061, -0.03209
0.41212, -0.03201
0.41363, -0.03194
0.41514, -0.03186
0.41666, -0.03179
0.41817, -0.03171
0.41969, -0.03163
0.42120, -0.03156
0.42272, -0.03149
0.42424, -0.03141
0.42576, -0.03134
0.42728, -0.03126
0.42880, -0.03119
0.43032, -0.03112
0.43185, -0.03104
0.43337, -0.03097
0.43490, -0.03090
0.43643, -0.03082
0.43796, -0.03075
0.43949, -0.03068
0.44102, -0.03061
0.44255, -0.03053
0.44408, -0.03046
0.44561, -0.03039
0.44715, -0.03032
0.44868, -0.03025
0.45022, -0.03018
0.45175, -0.03011
0.45329, -0.03003
0.45483, -0.02996
0.45637, -0.02989
0.45791, -0.02982
0.45945, -0.02975
0.46099, -0.02968
0.46253, -0.02961
0.46408, -0.02954
0.46562, -0.02947
0.46717, -0.02940
0.46871, -0.02933
0.47026, -0.02926
0.47180, -0.02919
0.47335, -0.02912
0.47490, -0.02905
0.47645, -0.02898
0.47800, -0.02891
0.47955, -0.02884
0.48110, -0.02878
0.48265, -0.02871
0.48420, -0.02864
0.48575, -0.02857
0.48731, -0.02850
0.48886, -0.02843
0.49041, -0.02836
0.49197, -0.02829
0.49352, -0.02822
0.49508, -0.02816
0.49663, -0.02809
0.49819, -0.02802
0.49974, -0.02795
0.50130, -0.02788
0.50286, -0.02781
0.50441, -0.02774
0.50597, -0.02767
0.50753, -0.02760
0.50909, -0.02754
0.51064, -0.02747
0.51220, -0.02740
0.51376, -0.02733
0.51532, -0.02726
0.51688, -0.02719
0.51844, -0.02712
0.52000, -0.02705
0.52156, -0.02698
0.52312, -0.02691
0.52468, -0.02684
0.52624, -0.02677
0.52780, -0.02671
0.52936, -0.02664
0.53092, -0.02657
0.53248, -0.02650
0.53404, -0.02643
0.53560, -0.02636
0.53716, -0.02629
0.53872, -0.02621
0.54028, -0.02614
0.54184, -0.02607
0.54340, -0.02600
0.54496, -0.02593
0.54652, -0.02586
0.54808, -0.02579
0.54964, -0.02572
0.55120, -0.02565
0.55276, -0.02557
0.55431, -0.02550
0.55587, -0.02543
0.55743, -0.02536
0.55899, -0.02528
0.56055, -0.02521
0.56210, -0.02514
0.56366, -0.02507
0.56522, -0.02499
0.56677, -0.02492
0.56833, -0.02484
0.56989, -0.02477
0.57144, -0.02470
0.57300, -0.02462
0.57455, -0.02455
0.57610, -0.02447
0.57766, -0.02440
0.57921, -0.02432
0.58076, -0.02424
0.58232, -0.02417
0.58387, -0.02409
0.58542, -0.02401
0.58697, -0.02394
0.58852, -0.02386
0.59007, -0.02378
0.59161, -0.02370
0.59316, -0.02362
0.59471, -0.02355
0.59626, -0.02347
0.59780, -0.02339
0.59935, -0.02331
0.60089, -0.02323
0.60243, -0.02315
0.60398, -0.02307
0.60552, -0.02298
0.60706, -0.02290
0.60860, -0.02282
0.61014, -0.02274
0.61168, -0.02265
0.61321, -0.02257
0.61475, -0.02249
0.61629, -0.02240
0.61782, -0.02232
0.61935, -0.02223
0.62089, -0.02215
0.62242, -0.02206
0.62395, -0.02198
0.62548, -0.02189
0.62701, -0.02180
0.62854, -0.02172
0.63006, -0.02163
0.63159, -0.02154
0.63311, -0.02145
0.63463, -0.02136
0.63616, -0.02127
0.63768, -0.02118
0.63920, -0.02109
0.64072, -0.02100
0.64223, -0.02091
0.64375, -0.02082
0.64526, -0.02072
0.64678, -0.02063
0.64829, -0.02054
0.64980, -0.02044
0.65131, -0.02035
0.65282, -0.02025
0.65432, -0.02016
0.65583, -0.02006
0.65733, -0.01996
0.65884, -0.01987
0.66034, -0.01977
0.66184, -0.01967
0.66333, -0.01957
0.66483, -0.01947
0.66632, -0.01937
0.66782, -0.01927
0.66931, -0.01917
0.67079, -0.01907
0.67228, -0.01897
0.67376, -0.01887
0.67524, -0.01876
0.67671, -0.01866
0.67818, -0.01856
0.67965, -0.01845
0.68112, -0.01835
0.68258, -0.01825
0.68404, -0.01814
0.68550, -0.01804
0.68696, -0.01794
0.68841, -0.01783
0.68986, -0.01773
0.69131, -0.01763
0.69275, -0.01752
0.69419, -0.01742
0.69563, -0.01732
0.69707, -0.01721
0.69850, -0.01711
0.69993, -0.01701
0.70136, -0.01691
0.70278, -0.01681
0.70420, -0.01671
0.70562, -0.01661
0.70704, -0.01651
0.70845, -0.01641
0.70986, -0.01631
0.71127, -0.01622
0.71267, -0.01612
0.71408, -0.01602
0.71547, -0.01593
0.71687, -0.01583
0.71826, -0.01574
0.71965, -0.01565
0.72104, -0.01556
0.72243, -0.01546
0.72381, -0.01537
0.72519, -0.01529
0.72657, -0.01520
0.72794, -0.01511
0.72931, -0.01503
0.73068, -0.01494
0.73204, -0.01486
0.73341, -0.01478
0.73477, -0.01470
0.73612, -0.01462
0.73748, -0.01454
0.73883, -0.01446
0.74018, -0.01438
0.74152, -0.01431
0.74287, -0.01424
0.74421, -0.01417
0.74554, -0.01410
0.74688, -0.01403
0.74821, -0.01396
0.74954, -0.01389
0.75087, -0.01383
0.75219, -0.01377
0.75352, -0.01371
0.75484, -0.01365
0.75616, -0.01359
0.75748, -0.01353
0.75880, -0.01347
0.76012, -0.01342
0.76143, -0.01337
0.76274, -0.01332
0.76405, -0.01327
0.76536, -0.01322
0.76667, -0.01317
0.76797, -0.01312
0.76927, -0.01308
0.77057, -0.01304
0.77187, -0.01299
0.77317, -0.01295
0.77446, -0.01291
0.77576, -0.01287
0.77705, -0.01284
0.77833, -0.01280
0.77962, -0.01276
0.78090, -0.01273
0.78219, -0.01269
0.78346, -0.01266
0.78474, -0.01263
0.78602, -0.01260
0.78729, -0.01257
0.78856, -0.01254
0.78983, -0.01251
0.79109, -0.01249
0.79236, -0.01246
0.79362, -0.01243
0.79488, -0.01241
0.79613, -0.01239
0.79739, -0.01236
0.79864, -0.01234
0.79989, -0.01232
0.80113, -0.01230
0.80238, -0.01228
0.80362, -0.01226
0.80486, -0.01224
0.80610, -0.01222
0.80733, -0.01221
0.80856, -0.01219
0.80979, -0.01217
0.81102, -0.01216
0.81224, -0.01214
0.81346, -0.01213
0.81468, -0.01212
0.81589, -0.01210
0.81710, -0.01209
0.81831, -0.01208
0.81952, -0.01207
0.82072, -0.01206
0.82193, -0.01205
0.82312, -0.01204
0.82432, -0.01203
0.82551, -0.01202
0.82670, -0.01201
0.82789, -0.01200
0.82907, -0.01199
0.83025, -0.01198
0.83143, -0.01198
0.83261, -0.01197
0.83378, -0.01196
0.83495, -0.01196
0.83611, -0.01195
0.83728, -0.01194
0.83844, -0.01194
0.83959, -0.01193
0.84075, -0.01193
0.84190, -0.01192
0.84304, -0.01192
0.84419, -0.01191
0.84533, -0.01191
0.84646, -0.01190
0.84760, -0.01190
0.84873, -0.01190
0.84986, -0.01189
0.85098, -0.01189
0.85210, -0.01189
0.85322, -0.01188
0.85433, -0.01188
0.85544, -0.01188
0.85655, -0.01187
0.85766, -0.01187
0.85876, -0.01187
0.85985, -0.01187
0.86095, -0.01186
0.86204, -0.01186
0.86313, -0.01186
0.86421, -0.01186
0.86529, -0.01185
0.86637, -0.01185
0.86744, -0.01185
0.86851, -0.01185
0.86957, -0.01185
0.87064, -0.01184
0.87170, -0.01184
0.87275, -0.01184
0.87380, -0.01184
0.87485, -0.01184
0.87589, -0.01183
0.87693, -0.01183
0.87797, -0.01183
0.87900, -0.01183
0.88003, -0.01183
0.88106, -0.01182
0.88208, -0.01182
0.88310, -0.01182
0.88412, -0.01182
0.88513, -0.01182
0.88613, -0.01181
0.88714, -0.01181
0.88814, -0.01181
0.88913, -0.01180
0.89013, -0.01180
0.89111, -0.01180
0.89210, -0.01180
0.89308, -0.01179
0.89405, -0.01179
0.89503, -0.01179
0.89600, -0.01178
0.89696, -0.01178
0.89792, -0.01178
0.89888, -0.01177
0.89983, -0.01177
0.90078, -0.01177
0.90173, -0.01176
0.90267, -0.01176
0.90361, -0.01175
0.90454, -0.01175
0.90547, -0.01174
0.90639, -0.01174
0.90731, -0.01173
0.90823, -0.01173
0.90914, -0.01172
0.91005, -0.01172
0.91096, -0.01171
0.91186, -0.01171
0.91276, -0.01170
0.91365, -0.01170
0.91454, -0.01169
0.91542, -0.01168
0.91630, -0.01168
0.91718, -0.01167
0.91805, -0.01167
0.91892, -0.01166
0.91978, -0.01165
0.92064, -0.01164
0.92149, -0.01164
0.92234, -0.01163
0.92319, -0.01162
0.92403, -0.01161
0.92487, -0.01161
0.92571, -0.01160
0.92654, -0.01159
0.92736, -0.01158
0.92818, -0.01157
0.92900, -0.01156
0.92981, -0.01156
0.93062, -0.01155
0.93142, -0.01154
0.93222, -0.01153
0.93302, -0.01152
0.93381, -0.01151
0.93459, -0.01150
0.93538, -0.01149
0.93615, -0.01148
0.93693, -0.01147
0.93770, -0.01146
0.93846, -0.01145
0.93922, -0.01144
0.93998, -0.01143
0.94073, -0.01142
0.94147, -0.01140
0.94222, -0.01139
0.94295, -0.01138
0.94369, -0.01137
0.94442, -0.01136
0.94514, -0.01135
0.94586, -0.01133
0.94658, -0.01132
0.94729, -0.01131
0.94799, -0.01130
0.94870, -0.01128
0.94939, -0.01127
0.95009, -0.01126
0.95077, -0.01125
0.95146, -0.01123
0.95214, -0.01122
0.95281, -0.01121
0.95348, -0.01119
0.95415, -0.01118
0.95481, -0.01117
0.95546, -0.01115
0.95612, -0.01114
0.95676, -0.01113
0.95740, -0.01111
0.95804, -0.01110
0.95868, -0.01108
0.95930, -0.01107
0.95993, -0.01105
0.96055, -0.01104
0.96116, -0.01103
0.96177, -0.01101
0.96238, -0.01100
0.96298, -0.01098
0.96357, -0.01097
0.96417, -0.01095
0.96475, -0.01094
0.96533, -0.01092
0.96591, -0.01091
0.96648, -0.01089
0.96705, -0.01088
0.96761, -0.01086
0.96817, -0.01085
0.96873, -0.01083
0.96928, -0.01082
0.96982, -0.01080
0.97036, -0.01079
0.97089, -0.01077
0.97142, -0.01076
0.97195, -0.01074
0.97247, -0.01073
0.97299, -0.01071
0.97350, -0.01069
0.97400, -0.01068
0.97450, -0.01066
0.97500, -0.01065
0.97549, -0.01063
0.97598, -0.01062
0.97646, -0.01060
0.97694, -0.01059
0.97741, -0.01057
0.97788, -0.01056
0.97834, -0.01054
0.97880, -0.01053
0.97925, -0.01051
0.97970, -0.01050
0.98014, -0.01048
0.98058, -0.01047
0.98102, -0.01045
0.98145, -0.01044
0.98187, -0.01042
0.98229, -0.01041
0.98270, -0.01039
0.98311, -0.01038
0.98352, -0.01036
0.98392, -0.01035
0.98431, -0.01034
0.98470, -0.01032
0.98509, -0.01031
0.98547, -0.01029
0.98584, -0.01028
0.98621, -0.01026
0.98658, -0.01025
0.98694, -0.01024
0.98730, -0.01022
0.98765, -0.01021
0.98799, -0.01020
0.98833, -0.01018
0.98867, -0.01017
0.98900, -0.01016
0.98933, -0.01014
0.98965, -0.01013
0.98997, -0.01012
0.99028, -0.01011
0.99058, -0.01009
0.99089, -0.01008
0.99118, -0.01007
0.99147, -0.01006
0.99176, -0.01005
0.99204, -0.01003
0.99232, -0.01002
0.99259, -0.01001
0.99286, -0.01000
0.99312, -0.00999
0.99338, -0.00998
0.99363, -0.00997
0.99388, -0.00996
0.99412, -0.00995
0.99436, -0.00994
0.99459, -0.00993
0.99482, -0.00992
0.99504, -0.00991
0.99526, -0.00990
0.99547, -0.00989
0.99568, -0.00988
0.99588, -0.00987
0.99608, -0.00986
0.99627, -0.00985
0.99646, -0.00984
0.99664, -0.00984
0.99682, -0.00983
0.99699, -0.00982
0.99716, -0.00981
0.99732, -0.00981
0.99748, -0.00980
0.99763, -0.00979
0.99778, -0.00978
0.99792, -0.00978
0.99806, -0.00977
0.99819, -0.00977
0.99832, -0.00976
0.99844, -0.00975
0.99856, -0.00975
0.99867, -0.00974
0.99878, -0.00974
0.99888, -0.00973
0.99898, -0.00973
0.99907, -0.00973
0.99916, -0.00972
0.99924, -0.00972
0.99932, -0.00971
0.99939, -0.00971
0.99946, -0.00971
0.99952, -0.00970
0.99958, -0.00970
0.99963, -0.00970
0.99968, -0.00970
0.99972, -0.00970
0.99976, -0.00969
0.99979, -0.00969
0.99982, -0.00969
0.99984, -0.00969
0.99986, -0.00969
0.99987, -0.00969
0.99984, -0.00968
0.99984, -0.00968
