=== Airfoil Parameters ===
m = 0.02
p = 0.4
t = 0.12

=== Control Points ===
0.00000, 0.01297, 0.01297
0.06667, 0.01669, 0.01058
0.13333, 0.01599, 0.00488
0.20000, 0.01318, -0.00182
0.26667, 0.01310, -0.00467
0.66667, 0.01490, -0.00115
0.75000, 0.02003, 0.00683
0.83333, 0.02497, 0.01540
0.91667, 0.02683, 0.02166
1.00000, 0.02463, 0.02463

=== Upper Surface ===
0.00000, 0.01297
-0.00003, 0.01325
-0.00004, 0.01353
-0.00006, 0.01381
-0.00006, 0.01409
-0.00007, 0.01437
-0.00007, 0.01465
-0.00006, 0.01493
-0.00005, 0.01521
-0.00003, 0.01549
-0.00001, 0.01577
0.00001, 0.01605
0.00005, 0.01633
0.00008, 0.01661
0.00012, 0.01689
0.00017, 0.01717
0.00022, 0.01745
0.00028, 0.01773
0.00034, 0.01801
0.00041, 0.01829
0.00048, 0.01857
0.00056, 0.01885
0.00064, 0.01913
0.00072, 0.01941
0.00082, 0.01969
0.00091, 0.01997
0.00102, 0.02025
0.00112, 0.02053
0.00124, 0.02082
0.00135, 0.02110
0.00148, 0.02138
0.00160, 0.02166
0.00174, 0.02194
0.00187, 0.02222
0.00202, 0.02250
0.00217, 0.02278
0.00232, 0.02306
0.00248, 0.02334
0.00264, 0.02363
0.00281, 0.02391
0.00298, 0.02419
0.00316, 0.02447
0.00335, 0.02475
0.00354, 0.02503
0.00373, 0.02531
0.00393, 0.02559
0.00413, 0.02587
0.00434, 0.02615
0.00456, 0.02644
0.00478, 0.02672
0.00500, 0.02700
0.00523, 0.02728
0.00547, 0.02756
0.00571, 0.02784
0.00596, 0.02812
0.00621, 0.02840
0.00646, 0.02868
0.00672, 0.02896
0.00699, 0.02924
0.00726, 0.02952
0.00754, 0.02980
0.00782, 0.03008
0.00811, 0.03036
0.00840, 0.03064
0.00870, 0.03092
0.00900, 0.03119
0.00931, 0.03147
0.00962, 0.03175
0.00994, 0.03203
0.01026, 0.03231
0.01059, 0.03259
0.01092, 0.03286
0.01126, 0.03314
0.01161, 0.03342
0.01196, 0.03370
0.01231, 0.03397
0.01267, 0.03425
0.01303, 0.03453
0.01340, 0.03480
0.01378, 0.03508
0.01416, 0.03535
0.01454, 0.03563
0.01493, 0.03590
0.01533, 0.03618
0.01573, 0.03645
0.01614, 0.03672
0.01655, 0.03700
0.01696, 0.03727
0.01738, 0.03754
0.01781, 0.03782
0.01824, 0.03809
0.01868, 0.03836
0.01912, 0.03863
0.01957, 0.03890
0.02002, 0.03917
0.02048, 0.03944
0.02094, 0.03971
0.02141, 0.03998
0.02188, 0.04025
0.02236, 0.04051
0.02284, 0.04078
0.02333, 0.04105
0.02382, 0.04131
0.02432, 0.04158
0.02482, 0.04184
0.02533, 0.04211
0.02584, 0.04237
0.02636, 0.04264
0.02689, 0.04290
0.02742, 0.04316
0.02795, 0.04342
0.02849, 0.04368
0.02903, 0.04395
0.02958, 0.04420
0.03014, 0.04446
0.03069, 0.04472
0.03126, 0.04498
0.03183, 0.04524
0.03240, 0.04549
0.03298, 0.04575
0.03357, 0.04600
0.03416, 0.04626
0.03475, 0.04651
0.03535, 0.04676
0.03595, 0.04702
0.03656, 0.04727
0.03718, 0.04752
0.03780, 0.04777
0.03842, 0.04802
0.03905, 0.04826
0.03969, 0.04851
0.04033, 0.04876
0.04097, 0.04900
0.04162, 0.04925
0.04227, 0.04949
0.04293, 0.04973
0.04360, 0.04997
0.04427, 0.05021
0.04494, 0.05045
0.04562, 0.05069
0.04630, 0.05093
0.04699, 0.05117
0.04769, 0.05140
0.04839, 0.05164
0.04909, 0.05187
0.04980, 0.05210
0.05051, 0.05234
0.05123, 0.05257
0.05195, 0.05280
0.05268, 0.05302
0.05341, 0.05325
0.05415, 0.05348
0.05489, 0.05370
0.05564, 0.05393
0.05639, 0.05415
0.05715, 0.05437
0.05791, 0.05459
0.05868, 0.05481
0.05945, 0.05503
0.06022, 0.05525
0.06101, 0.05546
0.06179, 0.05568
0.06258, 0.05589
0.06338, 0.05610
0.06418, 0.05631
0.06498, 0.05652
0.06579, 0.05673
0.06660, 0.05694
0.06742, 0.05714
0.06824, 0.05735
0.06907, 0.05755
0.06990, 0.05775
0.07074, 0.05795
0.07158, 0.05815
0.07243, 0.05835
0.07328, 0.05854
0.07413, 0.05874
0.07499, 0.05893
0.07586, 0.05912
0.07673, 0.05931
0.07760, 0.05950
0.07848, 0.05969
0.07936, 0.05987
0.08025, 0.06006
0.08114, 0.06024
0.08204, 0.06042
0.08294, 0.06060
0.08384, 0.06078
0.08475, 0.06095
0.08567, 0.06113
0.08659, 0.06130
0.08751, 0.06147
0.08844, 0.06164
0.08937, 0.06181
0.09030, 0.06198
0.09124, 0.06215
0.09219, 0.06231
0.09314, 0.06247
0.09409, 0.06263
0.09505, 0.06279
0.09601, 0.06295
0.09698, 0.06310
0.09795, 0.06326
0.09892, 0.06341
0.09990, 0.06356
0.10089, 0.06371
0.10187, 0.06385
0.10287, 0.06400
0.10386, 0.06414
0.10486, 0.06428
0.10587, 0.06442
0.10687, 0.06456
0.10789, 0.06470
0.10890, 0.06483
0.10992, 0.06496
0.11095, 0.06510
0.11198, 0.06522
0.11301, 0.06535
0.11405, 0.06548
0.11509, 0.06560
0.11614, 0.06572
0.11718, 0.06584
0.11824, 0.06596
0.11930, 0.06607
0.12036, 0.06619
0.12142, 0.06630
0.12249, 0.06641
0.12356, 0.06652
0.12464, 0.06662
0.12572, 0.06673
0.12681, 0.06683
0.12789, 0.06693
0.12899, 0.06703
0.13008, 0.06713
0.13118, 0.06722
0.13229, 0.06731
0.13339, 0.06740
0.13450, 0.06749
0.13562, 0.06758
0.13674, 0.06766
0.13786, 0.06775
0.13898, 0.06783
0.14010, 0.06791
0.14123, 0.06798
0.14236, 0.06806
0.14349, 0.06813
0.14462, 0.06821
0.14575, 0.06828
0.14689, 0.06834
0.14802, 0.06841
0.14916, 0.06848
0.15030, 0.06854
0.15145, 0.06860
0.15259, 0.06867
0.15374, 0.06873
0.15488, 0.06878
0.15603, 0.06884
0.15718, 0.06890
0.15833, 0.06895
0.15949, 0.06900
0.16064, 0.06906
0.16180, 0.06911
0.16295, 0.06916
0.16411, 0.06921
0.16527, 0.06926
0.16643, 0.06930
0.16759, 0.06935
0.16875, 0.06939
0.16992, 0.06944
0.17108, 0.06948
0.17225, 0.06953
0.17341, 0.06957
0.17458, 0.06961
0.17575, 0.06965
0.17692, 0.06969
0.17809, 0.06973
0.17926, 0.06977
0.18043, 0.06981
0.18160, 0.06985
0.18277, 0.06989
0.18394, 0.06993
0.18511, 0.06997
0.18629, 0.07001
0.18746, 0.07005
0.18863, 0.07009
0.18981, 0.07013
0.19098, 0.07017
0.19216, 0.07021
0.19333, 0.07025
0.19451, 0.07029
0.19568, 0.07033
0.19686, 0.07037
0.19803, 0.07041
0.19920, 0.07045
0.20038, 0.07050
0.20156, 0.07054
0.20274, 0.07059
0.20392, 0.07063
0.20510, 0.07068
0.20630, 0.07072
0.20749, 0.07077
0.20869, 0.07081
0.20990, 0.07086
0.21110, 0.07091
0.21232, 0.07096
0.21354, 0.07101
0.21476, 0.07106
0.21599, 0.07110
0.21722, 0.07115
0.21846, 0.07120
0.21970, 0.07125
0.22094, 0.07130
0.22219, 0.07136
0.22345, 0.07141
0.22471, 0.07146
0.22597, 0.07151
0.22724, 0.07156
0.22852, 0.07161
0.22980, 0.07166
0.23108, 0.07171
0.23237, 0.07176
0.23366, 0.07181
0.23496, 0.07186
0.23626, 0.07191
0.23757, 0.07196
0.23888, 0.07201
0.24020, 0.07206
0.24152, 0.07211
0.24284, 0.07216
0.24417, 0.07220
0.24551, 0.07225
0.24685, 0.07230
0.24819, 0.07234
0.24954, 0.07239
0.25090, 0.07243
0.25226, 0.07248
0.25362, 0.07252
0.25499, 0.07256
0.25637, 0.07260
0.25775, 0.07264
0.25913, 0.07268
0.26052, 0.07272
0.26191, 0.07275
0.26331, 0.07279
0.26471, 0.07282
0.26612, 0.07286
0.26753, 0.07289
0.26894, 0.07292
0.27036, 0.07295
0.27178, 0.07297
0.27320, 0.07300
0.27462, 0.07302
0.27604, 0.07304
0.27747, 0.07307
0.27890, 0.07309
0.28033, 0.07310
0.28176, 0.07312
0.28320, 0.07314
0.28463, 0.07315
0.28607, 0.07316
0.28751, 0.07317
0.28895, 0.07318
0.29040, 0.07319
0.29184, 0.07320
0.29329, 0.07321
0.29474, 0.07321
0.29619, 0.07321
0.29765, 0.07322
0.29910, 0.07322
0.30056, 0.07322
0.30202, 0.07321
0.30348, 0.07321
0.30494, 0.07321
0.30640, 0.07320
0.30787, 0.07319
0.30934, 0.07318
0.31081, 0.07317
0.31228, 0.07316
0.31375, 0.07315
0.31522, 0.07314
0.31670, 0.07312
0.31818, 0.07310
0.31965, 0.07309
0.32113, 0.07307
0.32262, 0.07305
0.32410, 0.07303
0.32558, 0.07300
0.32707, 0.07298
0.32856, 0.07296
0.33005, 0.07293
0.33154, 0.07290
0.33303, 0.07287
0.33452, 0.07284
0.33602, 0.07281
0.33752, 0.07278
0.33901, 0.07275
0.34051, 0.07271
0.34201, 0.07268
0.34352, 0.07264
0.34502, 0.07260
0.34652, 0.07257
0.34803, 0.07253
0.34954, 0.07248
0.35105, 0.07244
0.35255, 0.07240
0.35407, 0.07235
0.35558, 0.07231
0.35709, 0.07226
0.35860, 0.07221
0.36012, 0.07217
0.36164, 0.07212
0.36315, 0.07207
0.36467, 0.07201
0.36619, 0.07196
0.36771, 0.07191
0.36924, 0.07185
0.37076, 0.07180
0.37228, 0.07174
0.37381, 0.07168
0.37534, 0.07162
0.37686, 0.07157
0.37839, 0.07150
0.37992, 0.07144
0.38145, 0.07138
0.38298, 0.07132
0.38451, 0.07125
0.38605, 0.07119
0.38758, 0.07112
0.38911, 0.07106
0.39065, 0.07099
0.39219, 0.07092
0.39372, 0.07085
0.39526, 0.07078
0.39680, 0.07071
0.39834, 0.07064
0.39988, 0.07057
0.40142, 0.07049
0.40296, 0.07042
0.40450, 0.07034
0.40605, 0.07027
0.40759, 0.07019
0.40914, 0.07011
0.41068, 0.07003
0.41223, 0.06996
0.41377, 0.06988
0.41532, 0.06980
0.41687, 0.06972
0.41842, 0.06963
0.41996, 0.06955
0.42151, 0.06947
0.42306, 0.06939
0.42461, 0.06930
0.42617, 0.06922
0.42772, 0.06913
0.42927, 0.06904
0.43082, 0.06896
0.43237, 0.06887
0.43393, 0.06878
0.43548, 0.06869
0.43703, 0.06860
0.43859, 0.06852
0.44014, 0.06842
0.44170, 0.06833
0.44325, 0.06824
0.44481, 0.06815
0.44637, 0.06806
0.44792, 0.06797
0.44948, 0.06787
0.45104, 0.06778
0.45259, 0.06769
0.45415, 0.06759
0.45571, 0.06750
0.45727, 0.06740
0.45882, 0.06730
0.46038, 0.06721
0.46194, 0.06711
0.46350, 0.06701
0.46506, 0.06692
0.46662, 0.06682
0.46818, 0.06672
0.46974, 0.06662
0.47130, 0.06652
0.47286, 0.06642
0.47441, 0.06632
0.47597, 0.06622
0.47753, 0.06612
0.47909, 0.06602
0.48065, 0.06592
0.48221, 0.06582
0.48377, 0.06572
0.48533, 0.06562
0.48689, 0.06552
0.48845, 0.06541
0.49001, 0.06531
0.49157, 0.06521
0.49313, 0.06511
0.49469, 0.06500
0.49625, 0.06490
0.49780, 0.06480
0.49936, 0.06470
0.50092, 0.06459
0.50248, 0.06449
0.50404, 0.06438
0.50559, 0.06428
0.50715, 0.06418
0.50871, 0.06407
0.51027, 0.06397
0.51182, 0.06386
0.51338, 0.06376
0.51494, 0.06366
0.51649, 0.06355
0.51805, 0.06345
0.51960, 0.06334
0.52116, 0.06324
0.52271, 0.06313
0.52427, 0.06303
0.52582, 0.06293
0.52737, 0.06282
0.52893, 0.06272
0.53048, 0.06261
0.53203, 0.06251
0.53358, 0.06241
0.53513, 0.06230
0.53668, 0.06220
0.53823, 0.06209
0.53978, 0.06199
0.54133, 0.06189
0.54288, 0.06178
0.54443, 0.06168
0.54598, 0.06158
0.54752, 0.06147
0.54907, 0.06137
0.55062, 0.06127
0.55216, 0.06117
0.55371, 0.06106
0.55525, 0.06096
0.55679, 0.06086
0.55834, 0.06076
0.55988, 0.06066
0.56142, 0.06056
0.56296, 0.06045
0.56450, 0.06035
0.56604, 0.06025
0.56758, 0.06015
0.56911, 0.06005
0.57065, 0.05995
0.57219, 0.05986
0.57372, 0.05976
0.57526, 0.05966
0.57679, 0.05956
0.57832, 0.05946
0.57985, 0.05936
0.58138, 0.05927
0.58291, 0.05917
0.58444, 0.05907
0.58597, 0.05898
0.58750, 0.05888
0.58903, 0.05879
0.59055, 0.05869
0.59208, 0.05860
0.59360, 0.05850
0.59512, 0.05841
0.59664, 0.05832
0.59816, 0.05822
0.59968, 0.05813
0.60120, 0.05804
0.60272, 0.05795
0.60424, 0.05786
0.60575, 0.05777
0.60727, 0.05768
0.60878, 0.05759
0.61029, 0.05750
0.61180, 0.05741
0.61331, 0.05732
0.61482, 0.05723
0.61633, 0.05715
0.61783, 0.05706
0.61934, 0.05698
0.62084, 0.05689
0.62235, 0.05681
0.62385, 0.05672
0.62535, 0.05664
0.62685, 0.05656
0.62835, 0.05647
0.62984, 0.05639
0.63134, 0.05631
0.63283, 0.05623
0.63432, 0.05615
0.63582, 0.05607
0.63731, 0.05599
0.63879, 0.05592
0.64028, 0.05584
0.64177, 0.05576
0.64325, 0.05569
0.64474, 0.05561
0.64622, 0.05554
0.64770, 0.05546
0.64918, 0.05539
0.65065, 0.05532
0.65213, 0.05524
0.65361, 0.05517
0.65508, 0.05510
0.65655, 0.05503
0.65802, 0.05496
0.65949, 0.05489
0.66096, 0.05483
0.66242, 0.05476
0.66389, 0.05469
0.66535, 0.05463
0.66681, 0.05456
0.66827, 0.05450
0.66973, 0.05444
0.67119, 0.05437
0.67265, 0.05431
0.67410, 0.05425
0.67556, 0.05419
0.67701, 0.05413
0.67847, 0.05407
0.67992, 0.05401
0.68137, 0.05395
0.68282, 0.05390
0.68427, 0.05384
0.68571, 0.05378
0.68716, 0.05373
0.68861, 0.05367
0.69005, 0.05362
0.69149, 0.05356
0.69293, 0.05351
0.69437, 0.05345
0.69581, 0.05340
0.69725, 0.05335
0.69868, 0.05329
0.70012, 0.05324
0.70155, 0.05319
0.70298, 0.05314
0.70441, 0.05309
0.70584, 0.05304
0.70727, 0.05299
0.70869, 0.05294
0.71011, 0.05289
0.71154, 0.05284
0.71296, 0.05279
0.71438, 0.05274
0.71579, 0.05269
0.71721, 0.05264
0.71862, 0.05259
0.72003, 0.05254
0.72144, 0.05249
0.72285, 0.05244
0.72426, 0.05239
0.72567, 0.05234
0.72707, 0.05229
0.72847, 0.05225
0.72987, 0.05220
0.73127, 0.05215
0.73266, 0.05210
0.73406, 0.05205
0.73545, 0.05200
0.73684, 0.05195
0.73823, 0.05190
0.73961, 0.05185
0.74100, 0.05181
0.74238, 0.05176
0.74376, 0.05171
0.74513, 0.05166
0.74651, 0.05161
0.74788, 0.05156
0.74925, 0.05151
0.75062, 0.05146
0.75199, 0.05141
0.75336, 0.05136
0.75472, 0.05131
0.75608, 0.05125
0.75744, 0.05120
0.75879, 0.05115
0.76014, 0.05110
0.76150, 0.05105
0.76284, 0.05099
0.76419, 0.05094
0.76553, 0.05089
0.76688, 0.05084
0.76822, 0.05078
0.76955, 0.05073
0.77089, 0.05067
0.77222, 0.05062
0.77355, 0.05056
0.77487, 0.05051
0.77620, 0.05045
0.77752, 0.05039
0.77884, 0.05034
0.78016, 0.05028
0.78147, 0.05022
0.78278, 0.05016
0.78409, 0.05010
0.78540, 0.05004
0.78670, 0.04998
0.78800, 0.04992
0.78930, 0.04986
0.79059, 0.04980
0.79188, 0.04974
0.79317, 0.04968
0.79446, 0.04962
0.79574, 0.04955
0.79703, 0.04949
0.79830, 0.04942
0.79958, 0.04936
0.80085, 0.04929
0.80212, 0.04923
0.80339, 0.04916
0.80465, 0.04909
0.80591, 0.04902
0.80717, 0.04896
0.80843, 0.04889
0.80968, 0.04882
0.81093, 0.04875
0.81217, 0.04868
0.81341, 0.04860
0.81465, 0.04853
0.81589, 0.04846
0.81712, 0.04839
0.81835, 0.04831
0.81958, 0.04824
0.82081, 0.04816
0.82203, 0.04809
0.82324, 0.04801
0.82446, 0.04793
0.82567, 0.04785
0.82688, 0.04778
0.82808, 0.04770
0.82928, 0.04762
0.83048, 0.04754
0.83168, 0.04745
0.83287, 0.04737
0.83406, 0.04729
0.83524, 0.04721
0.83642, 0.04712
0.83760, 0.04704
0.83878, 0.04695
0.83995, 0.04687
0.84111, 0.04678
0.84228, 0.04669
0.84344, 0.04661
0.84459, 0.04652
0.84574, 0.04643
0.84689, 0.04634
0.84804, 0.04625
0.84918, 0.04616
0.85032, 0.04607
0.85145, 0.04598
0.85259, 0.04588
0.85371, 0.04579
0.85484, 0.04570
0.85596, 0.04560
0.85707, 0.04551
0.85818, 0.04541
0.85929, 0.04532
0.86040, 0.04522
0.86150, 0.04513
0.86260, 0.04503
0.86369, 0.04493
0.86478, 0.04483
0.86587, 0.04474
0.86695, 0.04464
0.86803, 0.04454
0.86910, 0.04444
0.87017, 0.04434
0.87124, 0.04424
0.87230, 0.04414
0.87336, 0.04403
0.87442, 0.04393
0.87547, 0.04383
0.87652, 0.04373
0.87756, 0.04362
0.87860, 0.04352
0.87964, 0.04342
0.88067, 0.04331
0.88170, 0.04321
0.88272, 0.04310
0.88374, 0.04300
0.88476, 0.04289
0.88577, 0.04279
0.88678, 0.04268
0.88778, 0.04258
0.88878, 0.04247
0.88978, 0.04236
0.89077, 0.04226
0.89176, 0.04215
0.89274, 0.04204
0.89372, 0.04193
0.89470, 0.04183
0.89567, 0.04172
0.89664, 0.04161
0.89761, 0.04150
0.89857, 0.04139
0.89952, 0.04128
0.90047, 0.04117
0.90142, 0.04106
0.90236, 0.04095
0.90330, 0.04084
0.90424, 0.04073
0.90517, 0.04062
0.90610, 0.04051
0.90702, 0.04040
0.90794, 0.04029
0.90885, 0.04018
0.90976, 0.04007
0.91067, 0.03996
0.91157, 0.03985
0.91247, 0.03974
0.91336, 0.03963
0.91425, 0.03952
0.91513, 0.03941
0.91602, 0.03929
0.91689, 0.03918
0.91776, 0.03907
0.91863, 0.03896
0.91950, 0.03885
0.92035, 0.03874
0.92121, 0.03863
0.92206, 0.03852
0.92291, 0.03840
0.92375, 0.03829
0.92459, 0.03818
0.92542, 0.03807
0.92625, 0.03796
0.92707, 0.03785
0.92790, 0.03774
0.92871, 0.03763
0.92952, 0.03752
0.93033, 0.03741
0.93113, 0.03730
0.93193, 0.03718
0.93273, 0.03707
0.93352, 0.03696
0.93430, 0.03685
0.93508, 0.03674
0.93586, 0.03663
0.93663, 0.03652
0.93740, 0.03642
0.93816, 0.03631
0.93892, 0.03620
0.93968, 0.03609
0.94043, 0.03598
0.94117, 0.03587
0.94191, 0.03576
0.94265, 0.03566
0.94338, 0.03555
0.94411, 0.03544
0.94483, 0.03533
0.94555, 0.03523
0.94627, 0.03512
0.94698, 0.03501
0.94768, 0.03491
0.94838, 0.03480
0.94908, 0.03469
0.94977, 0.03459
0.95046, 0.03448
0.95114, 0.03438
0.95182, 0.03428
0.95249, 0.03417
0.95316, 0.03407
0.95383, 0.03397
0.95449, 0.03386
0.95514, 0.03376
0.95579, 0.03366
0.95644, 0.03356
0.95708, 0.03345
0.95772, 0.03335
0.95835, 0.03325
0.95898, 0.03315
0.95960, 0.03305
0.96022, 0.03295
0.96083, 0.03285
0.96144, 0.03276
0.96205, 0.03266
0.96265, 0.03256
0.96324, 0.03246
0.96383, 0.03237
0.96442, 0.03227
0.96500, 0.03218
0.96558, 0.03208
0.96615, 0.03199
0.96672, 0.03189
0.96728, 0.03180
0.96784, 0.03171
0.96839, 0.03161
0.96894, 0.03152
0.96949, 0.03143
0.97003, 0.03134
0.97056, 0.03125
0.97109, 0.03116
0.97162, 0.03107
0.97214, 0.03098
0.97265, 0.03089
0.97316, 0.03080
0.97367, 0.03072
0.97417, 0.03063
0.97467, 0.03055
0.97516, 0.03046
0.97565, 0.03038
0.97613, 0.03029
0.97661, 0.03021
0.97709, 0.03013
0.97755, 0.03005
0.97802, 0.02996
0.97848, 0.02988
0.97893, 0.02980
0.97938, 0.02972
0.97983, 0.02965
0.98027, 0.02957
0.98070, 0.02949
0.98113, 0.02941
0.98156, 0.02934
0.98198, 0.02926
0.98240, 0.02919
0.98281, 0.02911
0.98321, 0.02904
0.98362, 0.02897
0.98401, 0.02890
0.98441, 0.02883
0.98479, 0.02876
0.98518, 0.02869
0.98555, 0.02862
0.98593, 0.02855
0.98630, 0.02848
0.98666, 0.02842
0.98702, 0.02835
0.98737, 0.02829
0.98772, 0.02822
0.98807, 0.02816
0.98841, 0.02810
0.98874, 0.02804
0.98907, 0.02798
0.98939, 0.02791
0.98971, 0.02786
0.99003, 0.02780
0.99034, 0.02774
0.99065, 0.02768
0.99095, 0.02763
0.99124, 0.02757
0.99153, 0.02752
0.99182, 0.02746
0.99210, 0.02741
0.99238, 0.02736
0.99265, 0.02731
0.99292, 0.02726
0.99318, 0.02721
0.99344, 0.02716
0.99369, 0.02711
0.99393, 0.02707
0.99418, 0.02702
0.99441, 0.02698
0.99465, 0.02693
0.99488, 0.02689
0.99510, 0.02685
0.99532, 0.02681
0.99553, 0.02676
0.99574, 0.02673
0.99594, 0.02669
0.99614, 0.02665
0.99633, 0.02661
0.99652, 0.02658
0.99671, 0.02654
0.99689, 0.02651
0.99706, 0.02647
0.99723, 0.02644
0.99739, 0.02641
0.99755, 0.02638
0.99771, 0.02635
0.99786, 0.02632
0.99800, 0.02629
0.99814, 0.02627
0.99828, 0.02624
0.99841, 0.02621
0.99853, 0.02619
0.99865, 0.02617
0.99877, 0.02614
0.99888, 0.02612
0.99898, 0.02610
0.99908, 0.02608
0.99918, 0.02606
0.99927, 0.02605
0.99936, 0.02603
0.99944, 0.02602
0.99951, 0.02600
0.99958, 0.02599
0.99965, 0.02597
0.99971, 0.02596
0.99977, 0.02595
0.99982, 0.02594
0.99987, 0.02593
0.99991, 0.02592
0.99995, 0.02592
0.99998, 0.02591
1.00000, 0.02591
1.00003, 0.02590
1.00004, 0.02590
1.00006, 0.02590
1.00009, 0.02589
1.00009, 0.02589

=== Lower Surface ===
0.00000, 0.01297
0.00004, 0.01270
0.00006, 0.01242
0.00010, 0.01214
0.00014, 0.01187
0.00019, 0.01159
0.00025, 0.01132
0.00030, 0.01104
0.00037, 0.01077
0.00043, 0.01050
0.00051, 0.01023
0.00058, 0.00996
0.00067, 0.00969
0.00075, 0.00942
0.00085, 0.00915
0.00094, 0.00889
0.00104, 0.00862
0.00115, 0.00835
0.00126, 0.00809
0.00138, 0.00783
0.00150, 0.00756
0.00162, 0.00730
0.00176, 0.00704
0.00189, 0.00678
0.00203, 0.00652
0.00218, 0.00626
0.00233, 0.00601
0.00248, 0.00575
0.00264, 0.00549
0.00280, 0.00524
0.00297, 0.00498
0.00314, 0.00473
0.00332, 0.00448
0.00351, 0.00423
0.00369, 0.00397
0.00389, 0.00372
0.00408, 0.00347
0.00428, 0.00323
0.00449, 0.00298
0.00470, 0.00273
0.00492, 0.00248
0.00514, 0.00224
0.00536, 0.00199
0.00559, 0.00175
0.00583, 0.00151
0.00607, 0.00126
0.00631, 0.00102
0.00656, 0.00078
0.00681, 0.00054
0.00707, 0.00030
0.00733, 0.00006
0.00760, -0.00017
0.00787, -0.00041
0.00815, -0.00065
0.00843, -0.00088
0.00871, -0.00112
0.00900, -0.00135
0.00930, -0.00158
0.00960, -0.00182
0.00990, -0.00205
0.01021, -0.00228
0.01052, -0.00251
0.01084, -0.00274
0.01116, -0.00297
0.01149, -0.00319
0.01182, -0.00342
0.01215, -0.00365
0.01249, -0.00387
0.01284, -0.00410
0.01319, -0.00432
0.01354, -0.00455
0.01390, -0.00477
0.01426, -0.00499
0.01463, -0.00521
0.01500, -0.00543
0.01537, -0.00565
0.01576, -0.00587
0.01614, -0.00609
0.01653, -0.00631
0.01692, -0.00653
0.01732, -0.00674
0.01772, -0.00696
0.01813, -0.00718
0.01854, -0.00739
0.01896, -0.00760
0.01938, -0.00782
0.01980, -0.00803
0.02023, -0.00824
0.02066, -0.00845
0.02110, -0.00867
0.02154, -0.00888
0.02199, -0.00909
0.02244, -0.00929
0.02289, -0.00950
0.02335, -0.00971
0.02382, -0.00992
0.02429, -0.01012
0.02476, -0.01033
0.02523, -0.01053
0.02572, -0.01074
0.02620, -0.01094
0.02669, -0.01115
0.02718, -0.01135
0.02768, -0.01155
0.02818, -0.01175
0.02869, -0.01196
0.02920, -0.01216
0.02972, -0.01236
0.03024, -0.01256
0.03076, -0.01275
0.03129, -0.01295
0.03182, -0.01315
0.03236, -0.01335
0.03290, -0.01355
0.03344, -0.01374
0.03399, -0.01394
0.03454, -0.01413
0.03510, -0.01433
0.03566, -0.01452
0.03623, -0.01472
0.03680, -0.01491
0.03737, -0.01510
0.03795, -0.01529
0.03853, -0.01549
0.03912, -0.01568
0.03971, -0.01587
0.04030, -0.01606
0.04090, -0.01625
0.04150, -0.01644
0.04211, -0.01663
0.04272, -0.01682
0.04334, -0.01700
0.04396, -0.01719
0.04458, -0.01738
0.04521, -0.01757
0.04584, -0.01775
0.04647, -0.01794
0.04711, -0.01813
0.04776, -0.01831
0.04840, -0.01850
0.04906, -0.01868
0.04971, -0.01886
0.05037, -0.01905
0.05104, -0.01923
0.05170, -0.01941
0.05238, -0.01960
0.05305, -0.01978
0.05373, -0.01996
0.05441, -0.02014
0.05510, -0.02032
0.05579, -0.02050
0.05649, -0.02068
0.05719, -0.02086
0.05789, -0.02104
0.05860, -0.02122
0.05931, -0.02140
0.06003, -0.02158
0.06075, -0.02176
0.06147, -0.02194
0.06220, -0.02212
0.06293, -0.02229
0.06367, -0.02247
0.06441, -0.02265
0.06515, -0.02283
0.06590, -0.02300
0.06665, -0.02318
0.06740, -0.02335
0.06816, -0.02353
0.06892, -0.02371
0.06969, -0.02388
0.07046, -0.02406
0.07123, -0.02423
0.07201, -0.02440
0.07279, -0.02458
0.07358, -0.02475
0.07437, -0.02493
0.07516, -0.02510
0.07596, -0.02527
0.07676, -0.02545
0.07756, -0.02562
0.07837, -0.02579
0.07919, -0.02597
0.08000, -0.02614
0.08082, -0.02631
0.08165, -0.02648
0.08247, -0.02665
0.08331, -0.02683
0.08414, -0.02700
0.08498, -0.02717
0.08582, -0.02734
0.08667, -0.02751
0.08752, -0.02768
0.08837, -0.02785
0.08923, -0.02802
0.09009, -0.02819
0.09096, -0.02836
0.09183, -0.02853
0.09270, -0.02870
0.09358, -0.02887
0.09446, -0.02904
0.09534, -0.02921
0.09623, -0.02938
0.09712, -0.02955
0.09802, -0.02972
0.09891, -0.02989
0.09982, -0.03006
0.10072, -0.03023
0.10163, -0.03040
0.10255, -0.03057
0.10346, -0.03074
0.10438, -0.03091
0.10531, -0.03107
0.10624, -0.03124
0.10717, -0.03141
0.10810, -0.03158
0.10904, -0.03175
0.10999, -0.03192
0.11093, -0.03209
0.11188, -0.03225
0.11284, -0.03242
0.11379, -0.03259
0.11475, -0.03276
0.11572, -0.03293
0.11669, -0.03310
0.11766, -0.03326
0.11863, -0.03343
0.11961, -0.03360
0.12059, -0.03377
0.12158, -0.03394
0.12257, -0.03410
0.12356, -0.03427
0.12456, -0.03444
0.12556, -0.03461
0.12656, -0.03478
0.12757, -0.03495
0.12858, -0.03511
0.12959, -0.03528
0.13061, -0.03545
0.13163, -0.03562
0.13266, -0.03579
0.13369, -0.03596
0.13473, -0.03612
0.13577, -0.03629
0.13682, -0.03646
0.13787, -0.03663
0.13892, -0.03680
0.13999, -0.03697
0.14105, -0.03713
0.14213, -0.03730
0.14320, -0.03747
0.14429, -0.03764
0.14537, -0.03780
0.14647, -0.03797
0.14757, -0.03814
0.14867, -0.03830
0.14978, -0.03847
0.15089, -0.03863
0.15201, -0.03880
0.15314, -0.03896
0.15427, -0.03912
0.15541, -0.03929
0.15655, -0.03945
0.15770, -0.03961
0.15885, -0.03977
0.16001, -0.03993
0.16117, -0.04009
0.16234, -0.04025
0.16352, -0.04041
0.16470, -0.04056
0.16589, -0.04072
0.16708, -0.04087
0.16828, -0.04102
0.16948, -0.04118
0.17069, -0.04133
0.17190, -0.04148
0.17312, -0.04162
0.17435, -0.04177
0.17558, -0.04192
0.17682, -0.04206
0.17806, -0.04220
0.17931, -0.04234
0.18057, -0.04248
0.18183, -0.04262
0.18310, -0.04275
0.18437, -0.04288
0.18565, -0.04301
0.18693, -0.04314
0.18823, -0.04327
0.18952, -0.04339
0.19082, -0.04352
0.19213, -0.04363
0.19345, -0.04375
0.19477, -0.04387
0.19610, -0.04398
0.19743, -0.04409
0.19877, -0.04419
0.20011, -0.04430
0.20145, -0.04440
0.20279, -0.04450
0.20414, -0.04459
0.20549, -0.04468
0.20684, -0.04477
0.20819, -0.04486
0.20954, -0.04494
0.21089, -0.04503
0.21224, -0.04510
0.21360, -0.04518
0.21495, -0.04525
0.21631, -0.04532
0.21767, -0.04539
0.21903, -0.04546
0.22039, -0.04552
0.22175, -0.04559
0.22311, -0.04565
0.22447, -0.04570
0.22583, -0.04576
0.22720, -0.04581
0.22856, -0.04586
0.22992, -0.04591
0.23129, -0.04596
0.23266, -0.04600
0.23402, -0.04604
0.23539, -0.04609
0.23676, -0.04613
0.23813, -0.04616
0.23949, -0.04620
0.24086, -0.04623
0.24223, -0.04627
0.24360, -0.04630
0.24497, -0.04633
0.24634, -0.04636
0.24771, -0.04638
0.24908, -0.04641
0.25046, -0.04643
0.25183, -0.04646
0.25320, -0.04648
0.25457, -0.04650
0.25594, -0.04652
0.25731, -0.04654
0.25868, -0.04656
0.26005, -0.04657
0.26142, -0.04659
0.26280, -0.04661
0.26417, -0.04662
0.26554, -0.04664
0.26691, -0.04665
0.26828, -0.04666
0.26966, -0.04667
0.27103, -0.04669
0.27241, -0.04670
0.27379, -0.04671
0.27518, -0.04672
0.27656, -0.04673
0.27795, -0.04674
0.27934, -0.04675
0.28073, -0.04676
0.28213, -0.04677
0.28353, -0.04677
0.28493, -0.04678
0.28633, -0.04679
0.28773, -0.04679
0.28914, -0.04680
0.29055, -0.04680
0.29196, -0.04681
0.29337, -0.04681
0.29479, -0.04681
0.29621, -0.04681
0.29763, -0.04682
0.29905, -0.04682
0.30048, -0.04682
0.30190, -0.04682
0.30333, -0.04682
0.30476, -0.04682
0.30620, -0.04682
0.30763, -0.04681
0.30907, -0.04681
0.31051, -0.04681
0.31195, -0.04680
0.31340, -0.04680
0.31484, -0.04680
0.31629, -0.04679
0.31774, -0.04678
0.31919, -0.04678
0.32064, -0.04677
0.32210, -0.04676
0.32356, -0.04675
0.32502, -0.04675
0.32648, -0.04674
0.32794, -0.04673
0.32941, -0.04672
0.33088, -0.04670
0.33235, -0.04669
0.33382, -0.04668
0.33529, -0.04667
0.33677, -0.04665
0.33824, -0.04664
0.33972, -0.04662
0.34120, -0.04661
0.34269, -0.04659
0.34417, -0.04658
0.34566, -0.04656
0.34714, -0.04654
0.34863, -0.04652
0.35012, -0.04650
0.35162, -0.04648
0.35311, -0.04646
0.35461, -0.04644
0.35611, -0.04642
0.35761, -0.04640
0.35911, -0.04637
0.36061, -0.04635
0.36211, -0.04633
0.36362, -0.04630
0.36513, -0.04628
0.36664, -0.04625
0.36815, -0.04622
0.36966, -0.04620
0.37118, -0.04617
0.37269, -0.04614
0.37421, -0.04611
0.37573, -0.04608
0.37725, -0.04605
0.37877, -0.04602
0.38029, -0.04598
0.38182, -0.04595
0.38334, -0.04592
0.38487, -0.04588
0.38640, -0.04585
0.38793, -0.04581
0.38946, -0.04578
0.39099, -0.04574
0.39252, -0.04570
0.39406, -0.04566
0.39560, -0.04562
0.39713, -0.04558
0.39867, -0.04554
0.40021, -0.04550
0.40175, -0.04546
0.40330, -0.04542
0.40484, -0.04537
0.40639, -0.04533
0.40793, -0.04528
0.40948, -0.04524
0.41103, -0.04519
0.41258, -0.04514
0.41413, -0.04510
0.41568, -0.04505
0.41723, -0.04500
0.41879, -0.04495
0.42034, -0.04490
0.42190, -0.04484
0.42346, -0.04479
0.42501, -0.04474
0.42657, -0.04468
0.42813, -0.04463
0.42969, -0.04457
0.43126, -0.04452
0.43282, -0.04446
0.43438, -0.04440
0.43595, -0.04434
0.43751, -0.04428
0.43908, -0.04422
0.44065, -0.04416
0.44222, -0.04410
0.44378, -0.04404
0.44535, -0.04397
0.44692, -0.04391
0.44849, -0.04384
0.45007, -0.04377
0.45164, -0.04371
0.45321, -0.04364
0.45479, -0.04357
0.45636, -0.04350
0.45794, -0.04343
0.45951, -0.04336
0.46109, -0.04329
0.46267, -0.04321
0.46424, -0.04314
0.46582, -0.04306
0.46740, -0.04299
0.46898, -0.04291
0.47056, -0.04283
0.47214, -0.04276
0.47372, -0.04268
0.47530, -0.04260
0.47688, -0.04252
0.47847, -0.04243
0.48005, -0.04235
0.48163, -0.04227
0.48321, -0.04218
0.48480, -0.04210
0.48638, -0.04201
0.48797, -0.04192
0.48955, -0.04183
0.49114, -0.04174
0.49272, -0.04165
0.49431, -0.04156
0.49589, -0.04147
0.49748, -0.04138
0.49907, -0.04128
0.50065, -0.04119
0.50224, -0.04109
0.50382, -0.04100
0.50541, -0.04090
0.50700, -0.04080
0.50859, -0.04070
0.51017, -0.04060
0.51176, -0.04050
0.51335, -0.04039
0.51493, -0.04029
0.51652, -0.04019
0.51811, -0.04008
0.51970, -0.03997
0.52128, -0.03987
0.52287, -0.03976
0.52446, -0.03965
0.52604, -0.03954
0.52763, -0.03943
0.52922, -0.03931
0.53080, -0.03920
0.53239, -0.03908
0.53398, -0.03897
0.53556, -0.03885
0.53715, -0.03873
0.53874, -0.03862
0.54032, -0.03850
0.54191, -0.03837
0.54349, -0.03825
0.54507, -0.03813
0.54666, -0.03801
0.54824, -0.03788
0.54983, -0.03776
0.55141, -0.03763
0.55299, -0.03750
0.55457, -0.03737
0.55616, -0.03724
0.55774, -0.03711
0.55932, -0.03698
0.56090, -0.03684
0.56248, -0.03671
0.56406, -0.03657
0.56564, -0.03644
0.56722, -0.03630
0.56879, -0.03616
0.57037, -0.03602
0.57195, -0.03588
0.57352, -0.03574
0.57510, -0.03559
0.57667, -0.03545
0.57825, -0.03530
0.57982, -0.03516
0.58139, -0.03501
0.58297, -0.03486
0.58454, -0.03471
0.58611, -0.03456
0.58768, -0.03441
0.58925, -0.03426
0.59081, -0.03410
0.59238, -0.03395
0.59395, -0.03379
0.59551, -0.03363
0.59708, -0.03348
0.59864, -0.03332
0.60020, -0.03316
0.60176, -0.03299
0.60332, -0.03283
0.60488, -0.03267
0.60644, -0.03250
0.60800, -0.03233
0.60956, -0.03217
0.61111, -0.03200
0.61267, -0.03183
0.61422, -0.03166
0.61577, -0.03149
0.61732, -0.03131
0.61887, -0.03114
0.62042, -0.03096
0.62197, -0.03079
0.62352, -0.03061
0.62506, -0.03043
0.62661, -0.03025
0.62815, -0.03007
0.62969, -0.02989
0.63123, -0.02971
0.63277, -0.02952
0.63431, -0.02934
0.63585, -0.02915
0.63738, -0.02896
0.63891, -0.02877
0.64045, -0.02858
0.64198, -0.02839
0.64351, -0.02820
0.64504, -0.02801
0.64656, -0.02781
0.64809, -0.02762
0.64961, -0.02742
0.65113, -0.02722
0.65265, -0.02702
0.65417, -0.02682
0.65569, -0.02662
0.65721, -0.02642
0.65872, -0.02622
0.66023, -0.02601
0.66174, -0.02581
0.66325, -0.02560
0.66476, -0.02539
0.66627, -0.02518
0.66777, -0.02497
0.66927, -0.02476
0.67077, -0.02455
0.67227, -0.02434
0.67377, -0.02412
0.67526, -0.02391
0.67675, -0.02369
0.67824, -0.02347
0.67973, -0.02326
0.68121, -0.02304
0.68269, -0.02282
0.68417, -0.02260
0.68565, -0.02238
0.68712, -0.02215
0.68859, -0.02193
0.69006, -0.02171
0.69152, -0.02148
0.69299, -0.02126
0.69445, -0.02103
0.69591, -0.02081
0.69736, -0.02058
0.69882, -0.02035
0.70027, -0.02012
0.70172, -0.01990
0.70316, -0.01967
0.70461, -0.01944
0.70605, -0.01921
0.70749, -0.01898
0.70892, -0.01875
0.71036, -0.01851
0.71179, -0.01828
0.71321, -0.01805
0.71464, -0.01782
0.71606, -0.01759
0.71748, -0.01735
0.71890, -0.01712
0.72032, -0.01689
0.72173, -0.01665
0.72314, -0.01642
0.72454, -0.01619
0.72595, -0.01595
0.72735, -0.01572
0.72875, -0.01548
0.73015, -0.01525
0.73154, -0.01502
0.73293, -0.01478
0.73432, -0.01455
0.73570, -0.01431
0.73709, -0.01408
0.73847, -0.01384
0.73984, -0.01361
0.74122, -0.01337
0.74259, -0.01314
0.74396, -0.01291
0.74533, -0.01267
0.74669, -0.01244
0.74805, -0.01221
0.74941, -0.01197
0.75076, -0.01174
0.75212, -0.01151
0.75347, -0.01127
0.75481, -0.01104
0.75616, -0.01081
0.75750, -0.01058
0.75884, -0.01035
0.76017, -0.01011
0.76151, -0.00988
0.76284, -0.00965
0.76416, -0.00942
0.76549, -0.00919
0.76681, -0.00896
0.76813, -0.00874
0.76944, -0.00851
0.77075, -0.00828
0.77206, -0.00805
0.77337, -0.00782
0.77468, -0.00760
0.77598, -0.00737
0.77727, -0.00715
0.77857, -0.00692
0.77986, -0.00670
0.78115, -0.00647
0.78244, -0.00625
0.78372, -0.00603
0.78500, -0.00581
0.78628, -0.00559
0.78755, -0.00536
0.78883, -0.00514
0.79009, -0.00493
0.79136, -0.00471
0.79262, -0.00449
0.79388, -0.00427
0.79514, -0.00406
0.79639, -0.00384
0.79764, -0.00363
0.79889, -0.00341
0.80013, -0.00320
0.80137, -0.00298
0.80261, -0.00277
0.80385, -0.00256
0.80508, -0.00235
0.80631, -0.00214
0.80753, -0.00193
0.80876, -0.00173
0.80998, -0.00152
0.81119, -0.00131
0.81241, -0.00111
0.81362, -0.00090
0.81482, -0.00070
0.81603, -0.00050
0.81723, -0.00030
0.81843, -0.00010
0.81962, 0.00010
0.82081, 0.00030
0.82200, 0.00050
0.82319, 0.00070
0.82437, 0.00089
0.82555, 0.00109
0.82672, 0.00128
0.82789, 0.00147
0.82906, 0.00167
0.83023, 0.00186
0.83139, 0.00205
0.83255, 0.00223
0.83371, 0.00242
0.83486, 0.00261
0.83601, 0.00279
0.83715, 0.00298
0.83830, 0.00316
0.83944, 0.00335
0.84057, 0.00353
0.84171, 0.00371
0.84284, 0.00389
0.84397, 0.00407
0.84509, 0.00424
0.84621, 0.00442
0.84733, 0.00460
0.84844, 0.00477
0.84955, 0.00494
0.85066, 0.00512
0.85177, 0.00529
0.85287, 0.00546
0.85397, 0.00563
0.85506, 0.00580
0.85615, 0.00596
0.85724, 0.00613
0.85832, 0.00629
0.85941, 0.00646
0.86048, 0.00662
0.86156, 0.00678
0.86263, 0.00695
0.86370, 0.00711
0.86476, 0.00727
0.86582, 0.00742
0.86688, 0.00758
0.86793, 0.00774
0.86898, 0.00789
0.87003, 0.00805
0.87108, 0.00820
0.87212, 0.00835
0.87315, 0.00851
0.87419, 0.00866
0.87521, 0.00881
0.87624, 0.00896
0.87726, 0.00910
0.87828, 0.00925
0.87930, 0.00940
0.88031, 0.00954
0.88132, 0.00968
0.88232, 0.00983
0.88332, 0.00997
0.88432, 0.01011
0.88531, 0.01025
0.88630, 0.01039
0.88729, 0.01053
0.88827, 0.01067
0.88925, 0.01080
0.89023, 0.01094
0.89120, 0.01107
0.89217, 0.01121
0.89313, 0.01134
0.89409, 0.01147
0.89505, 0.01160
0.89600, 0.01173
0.89695, 0.01186
0.89790, 0.01199
0.89884, 0.01212
0.89978, 0.01224
0.90071, 0.01237
0.90164, 0.01249
0.90257, 0.01261
0.90349, 0.01274
0.90441, 0.01286
0.90532, 0.01298
0.90624, 0.01310
0.90714, 0.01322
0.90805, 0.01334
0.90895, 0.01346
0.90984, 0.01357
0.91073, 0.01369
0.91162, 0.01380
0.91250, 0.01392
0.91338, 0.01403
0.91426, 0.01414
0.91513, 0.01425
0.91600, 0.01436
0.91686, 0.01447
0.91772, 0.01458
0.91858, 0.01469
0.91943, 0.01480
0.92028, 0.01490
0.92112, 0.01501
0.92196, 0.01511
0.92280, 0.01522
0.92363, 0.01532
0.92446, 0.01542
0.92528, 0.01552
0.92610, 0.01563
0.92692, 0.01572
0.92773, 0.01582
0.92854, 0.01592
0.92934, 0.01602
0.93014, 0.01612
0.93093, 0.01621
0.93172, 0.01631
0.93251, 0.01640
0.93329, 0.01649
0.93407, 0.01659
0.93485, 0.01668
0.93562, 0.01677
0.93638, 0.01686
0.93714, 0.01695
0.93790, 0.01704
0.93865, 0.01713
0.93940, 0.01721
0.94015, 0.01730
0.94089, 0.01739
0.94162, 0.01747
0.94235, 0.01756
0.94308, 0.01764
0.94381, 0.01772
0.94452, 0.01780
0.94524, 0.01788
0.94595, 0.01797
0.94666, 0.01805
0.94736, 0.01812
0.94805, 0.01820
0.94875, 0.01828
0.94944, 0.01836
0.95012, 0.01843
0.95080, 0.01851
0.95148, 0.01858
0.95215, 0.01866
0.95281, 0.01873
0.95348, 0.01880
0.95413, 0.01888
0.95479, 0.01895
0.95544, 0.01902
0.95608, 0.01909
0.95672, 0.01916
0.95736, 0.01923
0.95799, 0.01929
0.95861, 0.01936
0.95924, 0.01943
0.95985, 0.01949
0.96047, 0.01956
0.96108, 0.01962
0.96168, 0.01969
0.96228, 0.01975
0.96288, 0.01981
0.96347, 0.01988
0.96405, 0.01994
0.96464, 0.02000
0.96521, 0.02006
0.96579, 0.02012
0.96635, 0.02018
0.96692, 0.02024
0.96748, 0.02029
0.96803, 0.02035
0.96858, 0.02041
0.96913, 0.02046
0.96967, 0.02052
0.97020, 0.02057
0.97073, 0.02063
0.97126, 0.02068
0.97178, 0.02073
0.97230, 0.02078
0.97281, 0.02084
0.97332, 0.02089
0.97383, 0.02094
0.97432, 0.02099
0.97482, 0.02104
0.97531, 0.02108
0.97579, 0.02113
0.97627, 0.02118
0.97675, 0.02123
0.97722, 0.02127
0.97769, 0.02132
0.97815, 0.02136
0.97861, 0.02141
0.97906, 0.02145
0.97950, 0.02150
0.97995, 0.02154
0.98039, 0.02158
0.98082, 0.02162
0.98125, 0.02166
0.98167, 0.02171
0.98209, 0.02175
0.98250, 0.02179
0.98291, 0.02182
0.98332, 0.02186
0.98372, 0.02190
0.98411, 0.02194
0.98450, 0.02198
0.98489, 0.02201
0.98527, 0.02205
0.98565, 0.02208
0.98602, 0.02212
0.98638, 0.02215
0.98675, 0.02219
0.98710, 0.02222
0.98746, 0.02225
0.98780, 0.02229
0.98815, 0.02232
0.98848, 0.02235
0.98882, 0.02238
0.98914, 0.02241
0.98947, 0.02244
0.98978, 0.02247
0.99010, 0.02250
0.99041, 0.02253
0.99071, 0.02255
0.99101, 0.02258
0.99130, 0.02261
0.99159, 0.02263
0.99188, 0.02266
0.99216, 0.02269
0.99243, 0.02271
0.99270, 0.02273
0.99296, 0.02276
0.99322, 0.02278
0.99348, 0.02280
0.99373, 0.02283
0.99397, 0.02285
0.99421, 0.02287
0.99445, 0.02289
0.99468, 0.02291
0.99491, 0.02293
0.99513, 0.02295
0.99534, 0.02297
0.99555, 0.02299
0.99576, 0.02301
0.99596, 0.02303
0.99615, 0.02304
0.99635, 0.02306
0.99653, 0.02308
0.99671, 0.02309
0.99689, 0.02311
0.99706, 0.02312
0.99723, 0.02314
0.99739, 0.02315
0.99754, 0.02317
0.99770, 0.02318
0.99784, 0.02319
0.99798, 0.02321
0.99812, 0.02322
0.99825, 0.02323
0.99838, 0.02324
0.99850, 0.02325
0.99862, 0.02326
0.99873, 0.02327
0.99884, 0.02328
0.99894, 0.02329
0.99904, 0.02330
0.99913, 0.02331
0.99921, 0.02331
0.99930, 0.02332
0.99937, 0.02333
0.99945, 0.02333
0.99951, 0.02334
0.99958, 0.02335
0.99963, 0.02335
0.99968, 0.02336
0.99973, 0.02336
0.99977, 0.02336
0.99981, 0.02337
0.99984, 0.02337
0.99987, 0.02337
0.99989, 0.02337
0.99991, 0.02337
0.99992, 0.02338
0.99991, 0.02338
0.99991, 0.02338
