=== Airfoil Parameters ===
m = 0.02
p = 0.4
t = 0.12

=== Control Points ===
0.00000, -0.03783, -0.03783
0.06667, -0.02481, -0.03092
0.13333, -0.01064, -0.02175
0.20000, -0.00065, -0.01565
0.26667, 0.00264, -0.01513
0.66667, -0.00110, -0.01715
0.75000, -0.00196, -0.01515
0.83333, -0.00010, -0.00967
0.91667, -0.00366, -0.00883
1.00000, -0.01307, -0.01307

=== Upper Surface ===
0.00000, -0.03783
-0.00006, -0.03756
-0.00008, -0.03728
-0.00011, -0.03700
-0.00014, -0.03672
-0.00016, -0.03645
-0.00017, -0.03617
-0.00019, -0.03589
-0.00019, -0.03561
-0.00019, -0.03533
-0.00019, -0.03505
-0.00018, -0.03477
-0.00017, -0.03449
-0.00015, -0.03420
-0.00013, -0.03392
-0.00010, -0.03364
-0.00007, -0.03336
-0.00003, -0.03307
0.00001, -0.03279
0.00006, -0.03250
0.00011, -0.03222
0.00017, -0.03194
0.00023, -0.03165
0.00030, -0.03136
0.00037, -0.03108
0.00045, -0.03079
0.00053, -0.03050
0.00061, -0.03022
0.00071, -0.02993
0.00080, -0.02964
0.00090, -0.02935
0.00101, -0.02906
0.00112, -0.02877
0.00123, -0.02848
0.00135, -0.02819
0.00148, -0.02790
0.00161, -0.02761
0.00174, -0.02732
0.00188, -0.02703
0.00203, -0.02674
0.00218, -0.02644
0.00233, -0.02615
0.00249, -0.02586
0.00265, -0.02556
0.00282, -0.02527
0.00299, -0.02497
0.00317, -0.02468
0.00335, -0.02438
0.00354, -0.02409
0.00373, -0.02379
0.00393, -0.02350
0.00413, -0.02320
0.00433, -0.02290
0.00454, -0.02260
0.00476, -0.02230
0.00498, -0.02200
0.00520, -0.02171
0.00543, -0.02141
0.00567, -0.02110
0.00591, -0.02080
0.00615, -0.02050
0.00640, -0.02020
0.00665, -0.01990
0.00691, -0.01960
0.00717, -0.01929
0.00744, -0.01899
0.00771, -0.01869
0.00798, -0.01838
0.00826, -0.01808
0.00855, -0.01777
0.00884, -0.01747
0.00913, -0.01716
0.00943, -0.01685
0.00973, -0.01655
0.01004, -0.01624
0.01036, -0.01593
0.01067, -0.01562
0.01100, -0.01531
0.01132, -0.01500
0.01165, -0.01469
0.01199, -0.01438
0.01233, -0.01407
0.01268, -0.01376
0.01303, -0.01345
0.01338, -0.01314
0.01374, -0.01282
0.01410, -0.01251
0.01447, -0.01219
0.01484, -0.01188
0.01522, -0.01157
0.01560, -0.01125
0.01599, -0.01093
0.01638, -0.01062
0.01678, -0.01030
0.01718, -0.00998
0.01758, -0.00966
0.01799, -0.00935
0.01840, -0.00903
0.01882, -0.00871
0.01925, -0.00839
0.01967, -0.00807
0.02011, -0.00774
0.02054, -0.00742
0.02098, -0.00710
0.02143, -0.00678
0.02188, -0.00645
0.02233, -0.00613
0.02279, -0.00580
0.02326, -0.00548
0.02373, -0.00515
0.02420, -0.00483
0.02468, -0.00450
0.02516, -0.00417
0.02565, -0.00385
0.02614, -0.00352
0.02664, -0.00319
0.02714, -0.00286
0.02764, -0.00253
0.02815, -0.00220
0.02867, -0.00187
0.02919, -0.00153
0.02971, -0.00120
0.03024, -0.00087
0.03077, -0.00054
0.03131, -0.00020
0.03185, 0.00013
0.03240, 0.00047
0.03295, 0.00080
0.03351, 0.00114
0.03407, 0.00148
0.03463, 0.00181
0.03520, 0.00215
0.03578, 0.00249
0.03635, 0.00283
0.03694, 0.00317
0.03753, 0.00351
0.03812, 0.00385
0.03872, 0.00419
0.03932, 0.00453
0.03993, 0.00487
0.04054, 0.00522
0.04115, 0.00556
0.04177, 0.00590
0.04240, 0.00625
0.04303, 0.00659
0.04366, 0.00694
0.04430, 0.00729
0.04495, 0.00763
0.04559, 0.00798
0.04625, 0.00833
0.04691, 0.00868
0.04757, 0.00902
0.04824, 0.00937
0.04891, 0.00972
0.04958, 0.01007
0.05027, 0.01042
0.05095, 0.01077
0.05164, 0.01113
0.05234, 0.01148
0.05304, 0.01183
0.05374, 0.01218
0.05445, 0.01254
0.05517, 0.01289
0.05589, 0.01324
0.05661, 0.01360
0.05734, 0.01395
0.05807, 0.01431
0.05881, 0.01467
0.05955, 0.01502
0.06030, 0.01538
0.06105, 0.01574
0.06181, 0.01609
0.06257, 0.01645
0.06334, 0.01681
0.06411, 0.01717
0.06489, 0.01753
0.06567, 0.01789
0.06646, 0.01825
0.06725, 0.01861
0.06804, 0.01897
0.06884, 0.01933
0.06965, 0.01969
0.07046, 0.02005
0.07128, 0.02041
0.07210, 0.02077
0.07292, 0.02113
0.07375, 0.02149
0.07459, 0.02186
0.07543, 0.02222
0.07627, 0.02258
0.07712, 0.02294
0.07797, 0.02331
0.07883, 0.02367
0.07970, 0.02403
0.08057, 0.02439
0.08144, 0.02476
0.08232, 0.02512
0.08321, 0.02548
0.08409, 0.02585
0.08499, 0.02621
0.08589, 0.02657
0.08679, 0.02694
0.08770, 0.02730
0.08862, 0.02766
0.08953, 0.02802
0.09046, 0.02839
0.09139, 0.02875
0.09232, 0.02911
0.09326, 0.02947
0.09421, 0.02984
0.09516, 0.03020
0.09611, 0.03056
0.09707, 0.03092
0.09803, 0.03128
0.09900, 0.03164
0.09998, 0.03200
0.10096, 0.03236
0.10195, 0.03272
0.10294, 0.03308
0.10393, 0.03344
0.10493, 0.03380
0.10594, 0.03415
0.10695, 0.03451
0.10796, 0.03487
0.10899, 0.03522
0.11001, 0.03558
0.11104, 0.03593
0.11208, 0.03628
0.11312, 0.03664
0.11417, 0.03699
0.11522, 0.03734
0.11628, 0.03769
0.11734, 0.03804
0.11841, 0.03839
0.11949, 0.03874
0.12057, 0.03908
0.12165, 0.03943
0.12274, 0.03977
0.12383, 0.04012
0.12493, 0.04046
0.12604, 0.04080
0.12715, 0.04114
0.12826, 0.04148
0.12938, 0.04182
0.13051, 0.04215
0.13164, 0.04249
0.13278, 0.04282
0.13392, 0.04315
0.13506, 0.04348
0.13621, 0.04381
0.13737, 0.04414
0.13853, 0.04446
0.13970, 0.04479
0.14087, 0.04511
0.14204, 0.04543
0.14323, 0.04575
0.14441, 0.04607
0.14561, 0.04638
0.14680, 0.04669
0.14800, 0.04701
0.14921, 0.04731
0.15042, 0.04762
0.15164, 0.04793
0.15287, 0.04823
0.15409, 0.04853
0.15533, 0.04883
0.15656, 0.04912
0.15781, 0.04942
0.15906, 0.04971
0.16031, 0.05000
0.16157, 0.05029
0.16283, 0.05057
0.16410, 0.05085
0.16538, 0.05113
0.16666, 0.05141
0.16794, 0.05168
0.16923, 0.05195
0.17053, 0.05222
0.17183, 0.05248
0.17313, 0.05275
0.17444, 0.05300
0.17576, 0.05326
0.17708, 0.05351
0.17841, 0.05376
0.17974, 0.05401
0.18108, 0.05425
0.18242, 0.05449
0.18376, 0.05473
0.18512, 0.05496
0.18647, 0.05519
0.18784, 0.05542
0.18920, 0.05564
0.19058, 0.05586
0.19195, 0.05607
0.19334, 0.05628
0.19472, 0.05649
0.19611, 0.05669
0.19750, 0.05689
0.19890, 0.05709
0.20029, 0.05728
0.20169, 0.05746
0.20309, 0.05765
0.20449, 0.05782
0.20589, 0.05800
0.20729, 0.05817
0.20869, 0.05834
0.21010, 0.05850
0.21150, 0.05866
0.21291, 0.05881
0.21431, 0.05896
0.21572, 0.05911
0.21713, 0.05925
0.21854, 0.05939
0.21995, 0.05953
0.22136, 0.05966
0.22277, 0.05979
0.22418, 0.05992
0.22559, 0.06004
0.22700, 0.06016
0.22842, 0.06028
0.22983, 0.06039
0.23124, 0.06050
0.23266, 0.06061
0.23407, 0.06071
0.23549, 0.06081
0.23690, 0.06091
0.23832, 0.06101
0.23973, 0.06110
0.24115, 0.06119
0.24256, 0.06128
0.24398, 0.06136
0.24539, 0.06145
0.24681, 0.06153
0.24822, 0.06160
0.24964, 0.06168
0.25105, 0.06175
0.25247, 0.06182
0.25388, 0.06189
0.25530, 0.06196
0.25671, 0.06203
0.25812, 0.06209
0.25954, 0.06215
0.26095, 0.06221
0.26236, 0.06227
0.26377, 0.06232
0.26519, 0.06238
0.26660, 0.06243
0.26801, 0.06248
0.26943, 0.06253
0.27085, 0.06258
0.27227, 0.06263
0.27369, 0.06268
0.27511, 0.06272
0.27654, 0.06277
0.27797, 0.06281
0.27940, 0.06285
0.28084, 0.06289
0.28227, 0.06292
0.28371, 0.06296
0.28515, 0.06300
0.28659, 0.06303
0.28804, 0.06306
0.28948, 0.06309
0.29093, 0.06312
0.29238, 0.06315
0.29383, 0.06318
0.29529, 0.06320
0.29675, 0.06323
0.29820, 0.06325
0.29966, 0.06327
0.30113, 0.06329
0.30259, 0.06331
0.30406, 0.06332
0.30552, 0.06334
0.30699, 0.06335
0.30847, 0.06337
0.30994, 0.06338
0.31141, 0.06339
0.31289, 0.06340
0.31437, 0.06340
0.31585, 0.06341
0.31733, 0.06341
0.31882, 0.06342
0.32030, 0.06342
0.32179, 0.06342
0.32328, 0.06342
0.32477, 0.06342
0.32626, 0.06341
0.32776, 0.06341
0.32925, 0.06340
0.33075, 0.06339
0.33225, 0.06339
0.33375, 0.06338
0.33525, 0.06336
0.33676, 0.06335
0.33826, 0.06334
0.33977, 0.06332
0.34128, 0.06330
0.34279, 0.06329
0.34430, 0.06327
0.34581, 0.06325
0.34732, 0.06322
0.34884, 0.06320
0.35036, 0.06318
0.35187, 0.06315
0.35339, 0.06312
0.35492, 0.06309
0.35644, 0.06307
0.35796, 0.06303
0.35949, 0.06300
0.36101, 0.06297
0.36254, 0.06293
0.36407, 0.06290
0.36560, 0.06286
0.36713, 0.06282
0.36866, 0.06278
0.37020, 0.06274
0.37173, 0.06270
0.37327, 0.06266
0.37481, 0.06261
0.37634, 0.06256
0.37788, 0.06252
0.37942, 0.06247
0.38097, 0.06242
0.38251, 0.06237
0.38405, 0.06232
0.38560, 0.06226
0.38714, 0.06221
0.38869, 0.06215
0.39024, 0.06210
0.39179, 0.06204
0.39334, 0.06198
0.39489, 0.06192
0.39644, 0.06186
0.39799, 0.06180
0.39955, 0.06173
0.40110, 0.06167
0.40266, 0.06160
0.40421, 0.06153
0.40577, 0.06147
0.40733, 0.06140
0.40889, 0.06133
0.41045, 0.06125
0.41201, 0.06118
0.41357, 0.06111
0.41513, 0.06103
0.41669, 0.06096
0.41825, 0.06088
0.41982, 0.06080
0.42138, 0.06072
0.42295, 0.06064
0.42451, 0.06056
0.42608, 0.06048
0.42765, 0.06039
0.42921, 0.06031
0.43078, 0.06022
0.43235, 0.06014
0.43392, 0.06005
0.43549, 0.05996
0.43706, 0.05987
0.43863, 0.05978
0.44020, 0.05969
0.44177, 0.05960
0.44335, 0.05950
0.44492, 0.05941
0.44649, 0.05931
0.44807, 0.05922
0.44964, 0.05912
0.45121, 0.05902
0.45279, 0.05892
0.45436, 0.05882
0.45594, 0.05872
0.45752, 0.05862
0.45909, 0.05851
0.46067, 0.05841
0.46224, 0.05830
0.46382, 0.05820
0.46540, 0.05809
0.46698, 0.05798
0.46855, 0.05787
0.47013, 0.05776
0.47171, 0.05765
0.47329, 0.05754
0.47486, 0.05743
0.47644, 0.05731
0.47802, 0.05720
0.47960, 0.05708
0.48118, 0.05697
0.48276, 0.05685
0.48434, 0.05673
0.48591, 0.05662
0.48749, 0.05650
0.48907, 0.05638
0.49065, 0.05626
0.49223, 0.05613
0.49381, 0.05601
0.49539, 0.05589
0.49696, 0.05576
0.49854, 0.05564
0.50012, 0.05551
0.50170, 0.05539
0.50328, 0.05526
0.50486, 0.05513
0.50643, 0.05500
0.50801, 0.05487
0.50959, 0.05474
0.51117, 0.05461
0.51274, 0.05448
0.51432, 0.05435
0.51590, 0.05422
0.51747, 0.05408
0.51905, 0.05395
0.52062, 0.05381
0.52220, 0.05368
0.52377, 0.05354
0.52535, 0.05340
0.52692, 0.05327
0.52850, 0.05313
0.53007, 0.05299
0.53164, 0.05285
0.53322, 0.05271
0.53479, 0.05257
0.53636, 0.05243
0.53793, 0.05228
0.53950, 0.05214
0.54107, 0.05200
0.54264, 0.05185
0.54421, 0.05171
0.54578, 0.05156
0.54735, 0.05142
0.54892, 0.05127
0.55048, 0.05112
0.55205, 0.05098
0.55362, 0.05083
0.55518, 0.05068
0.55675, 0.05053
0.55831, 0.05038
0.55987, 0.05023
0.56144, 0.05008
0.56300, 0.04993
0.56456, 0.04978
0.56612, 0.04962
0.56768, 0.04947
0.56924, 0.04932
0.57080, 0.04916
0.57235, 0.04901
0.57391, 0.04886
0.57546, 0.04870
0.57702, 0.04854
0.57857, 0.04839
0.58013, 0.04823
0.58168, 0.04808
0.58323, 0.04792
0.58478, 0.04776
0.58633, 0.04760
0.58788, 0.04744
0.58943, 0.04728
0.59097, 0.04713
0.59252, 0.04697
0.59406, 0.04681
0.59561, 0.04665
0.59715, 0.04648
0.59869, 0.04632
0.60023, 0.04616
0.60177, 0.04600
0.60331, 0.04584
0.60485, 0.04567
0.60638, 0.04551
0.60792, 0.04535
0.60945, 0.04518
0.61098, 0.04502
0.61252, 0.04486
0.61405, 0.04469
0.61557, 0.04453
0.61710, 0.04436
0.61863, 0.04420
0.62015, 0.04403
0.62168, 0.04387
0.62320, 0.04370
0.62472, 0.04353
0.62624, 0.04337
0.62776, 0.04320
0.62928, 0.04303
0.63080, 0.04286
0.63231, 0.04270
0.63383, 0.04253
0.63534, 0.04236
0.63685, 0.04219
0.63836, 0.04202
0.63987, 0.04186
0.64137, 0.04169
0.64288, 0.04152
0.64438, 0.04135
0.64588, 0.04118
0.64738, 0.04101
0.64888, 0.04084
0.65038, 0.04067
0.65188, 0.04050
0.65337, 0.04033
0.65486, 0.04016
0.65636, 0.03999
0.65785, 0.03982
0.65933, 0.03965
0.66082, 0.03948
0.66230, 0.03931
0.66379, 0.03913
0.66527, 0.03896
0.66675, 0.03879
0.66823, 0.03862
0.66970, 0.03845
0.67118, 0.03828
0.67265, 0.03811
0.67411, 0.03794
0.67558, 0.03776
0.67704, 0.03759
0.67850, 0.03742
0.67996, 0.03725
0.68142, 0.03708
0.68287, 0.03691
0.68432, 0.03674
0.68577, 0.03657
0.68721, 0.03640
0.68865, 0.03623
0.69009, 0.03607
0.69153, 0.03590
0.69297, 0.03573
0.69440, 0.03556
0.69583, 0.03540
0.69726, 0.03523
0.69868, 0.03507
0.70010, 0.03490
0.70152, 0.03474
0.70294, 0.03457
0.70435, 0.03441
0.70576, 0.03425
0.70717, 0.03409
0.70858, 0.03393
0.70998, 0.03377
0.71138, 0.03361
0.71278, 0.03346
0.71418, 0.03330
0.71557, 0.03314
0.71696, 0.03299
0.71835, 0.03284
0.71973, 0.03268
0.72112, 0.03253
0.72250, 0.03238
0.72387, 0.03223
0.72525, 0.03208
0.72662, 0.03194
0.72799, 0.03179
0.72936, 0.03165
0.73072, 0.03150
0.73208, 0.03136
0.73344, 0.03122
0.73480, 0.03108
0.73615, 0.03094
0.73751, 0.03081
0.73885, 0.03067
0.74020, 0.03054
0.74154, 0.03041
0.74288, 0.03028
0.74422, 0.03015
0.74556, 0.03002
0.74689, 0.02989
0.74822, 0.02977
0.74955, 0.02964
0.75087, 0.02952
0.75220, 0.02940
0.75352, 0.02928
0.75485, 0.02916
0.75617, 0.02905
0.75749, 0.02893
0.75881, 0.02882
0.76013, 0.02870
0.76145, 0.02859
0.76277, 0.02848
0.76409, 0.02837
0.76540, 0.02826
0.76672, 0.02816
0.76803, 0.02805
0.76935, 0.02794
0.77066, 0.02784
0.77197, 0.02773
0.77328, 0.02763
0.77458, 0.02752
0.77589, 0.02742
0.77720, 0.02732
0.77850, 0.02721
0.77980, 0.02711
0.78110, 0.02701
0.78240, 0.02691
0.78370, 0.02681
0.78499, 0.02670
0.78629, 0.02660
0.78758, 0.02650
0.78887, 0.02640
0.79016, 0.02630
0.79144, 0.02619
0.79273, 0.02609
0.79401, 0.02599
0.79529, 0.02589
0.79657, 0.02578
0.79785, 0.02568
0.79912, 0.02557
0.80039, 0.02547
0.80166, 0.02536
0.80293, 0.02526
0.80420, 0.02515
0.80546, 0.02504
0.80672, 0.02494
0.80798, 0.02483
0.80924, 0.02472
0.81050, 0.02461
0.81175, 0.02450
0.81300, 0.02438
0.81425, 0.02427
0.81549, 0.02416
0.81673, 0.02404
0.81797, 0.02392
0.81921, 0.02381
0.82044, 0.02369
0.82168, 0.02357
0.82290, 0.02345
0.82413, 0.02333
0.82535, 0.02320
0.82658, 0.02308
0.82779, 0.02295
0.82901, 0.02283
0.83022, 0.02270
0.83143, 0.02257
0.83264, 0.02244
0.83384, 0.02230
0.83504, 0.02217
0.83623, 0.02203
0.83743, 0.02190
0.83861, 0.02176
0.83980, 0.02162
0.84098, 0.02148
0.84215, 0.02133
0.84333, 0.02119
0.84449, 0.02104
0.84566, 0.02090
0.84682, 0.02075
0.84798, 0.02060
0.84913, 0.02045
0.85028, 0.02030
0.85142, 0.02015
0.85256, 0.01999
0.85370, 0.01984
0.85483, 0.01968
0.85596, 0.01953
0.85708, 0.01937
0.85820, 0.01921
0.85932, 0.01905
0.86043, 0.01889
0.86154, 0.01873
0.86265, 0.01857
0.86375, 0.01840
0.86484, 0.01824
0.86594, 0.01807
0.86702, 0.01791
0.86811, 0.01774
0.86919, 0.01757
0.87026, 0.01740
0.87134, 0.01724
0.87240, 0.01707
0.87347, 0.01690
0.87453, 0.01672
0.87558, 0.01655
0.87664, 0.01638
0.87768, 0.01621
0.87873, 0.01603
0.87977, 0.01586
0.88080, 0.01568
0.88183, 0.01551
0.88286, 0.01533
0.88388, 0.01516
0.88490, 0.01498
0.88591, 0.01480
0.88692, 0.01463
0.88793, 0.01445
0.88893, 0.01427
0.88993, 0.01409
0.89092, 0.01391
0.89191, 0.01373
0.89290, 0.01355
0.89388, 0.01337
0.89486, 0.01319
0.89583, 0.01301
0.89680, 0.01283
0.89776, 0.01265
0.89872, 0.01247
0.89968, 0.01228
0.90063, 0.01210
0.90158, 0.01192
0.90252, 0.01174
0.90346, 0.01156
0.90439, 0.01137
0.90532, 0.01119
0.90625, 0.01101
0.90717, 0.01082
0.90809, 0.01064
0.90900, 0.01046
0.90991, 0.01028
0.91081, 0.01009
0.91171, 0.00991
0.91261, 0.00973
0.91350, 0.00954
0.91439, 0.00936
0.91527, 0.00918
0.91615, 0.00900
0.91703, 0.00881
0.91790, 0.00863
0.91876, 0.00845
0.91962, 0.00827
0.92048, 0.00808
0.92133, 0.00790
0.92218, 0.00772
0.92303, 0.00754
0.92387, 0.00736
0.92470, 0.00718
0.92553, 0.00700
0.92636, 0.00682
0.92718, 0.00664
0.92800, 0.00646
0.92881, 0.00628
0.92962, 0.00610
0.93043, 0.00592
0.93123, 0.00574
0.93202, 0.00556
0.93281, 0.00538
0.93360, 0.00521
0.93438, 0.00503
0.93516, 0.00485
0.93594, 0.00468
0.93670, 0.00450
0.93747, 0.00432
0.93823, 0.00415
0.93899, 0.00398
0.93974, 0.00380
0.94049, 0.00363
0.94123, 0.00345
0.94197, 0.00328
0.94270, 0.00311
0.94343, 0.00294
0.94415, 0.00277
0.94487, 0.00260
0.94559, 0.00243
0.94630, 0.00226
0.94701, 0.00209
0.94771, 0.00192
0.94841, 0.00176
0.94910, 0.00159
0.94979, 0.00142
0.95048, 0.00126
0.95115, 0.00109
0.95183, 0.00093
0.95250, 0.00077
0.95317, 0.00060
0.95383, 0.00044
0.95449, 0.00028
0.95514, 0.00012
0.95579, -0.00004
0.95643, -0.00020
0.95707, -0.00036
0.95770, -0.00051
0.95833, -0.00067
0.95896, -0.00083
0.95958, -0.00098
0.96020, -0.00114
0.96081, -0.00129
0.96141, -0.00144
0.96202, -0.00159
0.96261, -0.00175
0.96321, -0.00190
0.96380, -0.00204
0.96438, -0.00219
0.96496, -0.00234
0.96553, -0.00249
0.96610, -0.00263
0.96667, -0.00278
0.96723, -0.00292
0.96779, -0.00306
0.96834, -0.00321
0.96889, -0.00335
0.96943, -0.00349
0.96997, -0.00363
0.97050, -0.00376
0.97103, -0.00390
0.97155, -0.00404
0.97207, -0.00417
0.97258, -0.00431
0.97309, -0.00444
0.97360, -0.00457
0.97410, -0.00470
0.97460, -0.00483
0.97509, -0.00496
0.97557, -0.00509
0.97606, -0.00522
0.97653, -0.00535
0.97701, -0.00547
0.97747, -0.00559
0.97794, -0.00572
0.97839, -0.00584
0.97885, -0.00596
0.97930, -0.00608
0.97974, -0.00620
0.98018, -0.00632
0.98062, -0.00643
0.98105, -0.00655
0.98147, -0.00666
0.98189, -0.00677
0.98231, -0.00689
0.98272, -0.00700
0.98313, -0.00711
0.98353, -0.00722
0.98392, -0.00732
0.98432, -0.00743
0.98470, -0.00753
0.98509, -0.00764
0.98547, -0.00774
0.98584, -0.00784
0.98621, -0.00794
0.98657, -0.00804
0.98693, -0.00814
0.98728, -0.00824
0.98763, -0.00833
0.98798, -0.00843
0.98832, -0.00852
0.98865, -0.00861
0.98899, -0.00870
0.98931, -0.00879
0.98963, -0.00888
0.98995, -0.00897
0.99026, -0.00905
0.99057, -0.00914
0.99087, -0.00922
0.99117, -0.00930
0.99146, -0.00938
0.99174, -0.00946
0.99203, -0.00954
0.99231, -0.00962
0.99258, -0.00969
0.99285, -0.00977
0.99311, -0.00984
0.99337, -0.00991
0.99362, -0.00998
0.99387, -0.01005
0.99412, -0.01012
0.99436, -0.01019
0.99459, -0.01025
0.99482, -0.01032
0.99505, -0.01038
0.99527, -0.01044
0.99548, -0.01050
0.99569, -0.01056
0.99590, -0.01062
0.99610, -0.01067
0.99629, -0.01073
0.99649, -0.01078
0.99667, -0.01083
0.99685, -0.01088
0.99703, -0.01093
0.99720, -0.01098
0.99737, -0.01103
0.99753, -0.01107
0.99769, -0.01112
0.99784, -0.01116
0.99799, -0.01120
0.99813, -0.01124
0.99827, -0.01128
0.99840, -0.01132
0.99853, -0.01136
0.99866, -0.01139
0.99878, -0.01142
0.99889, -0.01146
0.99900, -0.01149
0.99910, -0.01152
0.99920, -0.01154
0.99930, -0.01157
0.99939, -0.01160
0.99947, -0.01162
0.99955, -0.01164
0.99963, -0.01166
0.99970, -0.01168
0.99976, -0.01170
0.99982, -0.01172
0.99988, -0.01173
0.99993, -0.01175
0.99998, -0.01176
1.00002, -0.01177
1.00005, -0.01178
1.00009, -0.01179
1.00011, -0.01180
1.00013, -0.01181
1.00015, -0.01181
1.00017, -0.01182
1.00023, -0.01183
1.00025, -0.01183

=== Lower Surface ===
0.00000, -0.03783
0.00006, -0.03811
0.00010, -0.03838
0.00015, -0.03866
0.00022, -0.03893
0.00028, -0.03920
0.00035, -0.03947
0.00043, -0.03974
0.00051, -0.04001
0.00059, -0.04028
0.00069, -0.04054
0.00078, -0.04081
0.00088, -0.04107
0.00099, -0.04133
0.00110, -0.04159
0.00121, -0.04185
0.00133, -0.04211
0.00146, -0.04237
0.00159, -0.04262
0.00173, -0.04288
0.00187, -0.04313
0.00201, -0.04338
0.00216, -0.04364
0.00232, -0.04389
0.00248, -0.04413
0.00264, -0.04438
0.00281, -0.04463
0.00299, -0.04487
0.00317, -0.04512
0.00335, -0.04536
0.00354, -0.04560
0.00374, -0.04584
0.00394, -0.04608
0.00415, -0.04632
0.00436, -0.04655
0.00457, -0.04679
0.00479, -0.04702
0.00502, -0.04725
0.00525, -0.04748
0.00548, -0.04771
0.00572, -0.04794
0.00597, -0.04817
0.00622, -0.04840
0.00648, -0.04862
0.00674, -0.04884
0.00700, -0.04907
0.00727, -0.04929
0.00755, -0.04950
0.00783, -0.04972
0.00812, -0.04994
0.00841, -0.05015
0.00871, -0.05037
0.00901, -0.05058
0.00931, -0.05079
0.00962, -0.05100
0.00994, -0.05121
0.01026, -0.05141
0.01059, -0.05162
0.01092, -0.05182
0.01126, -0.05202
0.01160, -0.05223
0.01195, -0.05243
0.01230, -0.05262
0.01265, -0.05282
0.01302, -0.05301
0.01338, -0.05321
0.01376, -0.05340
0.01413, -0.05359
0.01451, -0.05378
0.01490, -0.05397
0.01529, -0.05415
0.01569, -0.05434
0.01609, -0.05452
0.01650, -0.05470
0.01691, -0.05488
0.01733, -0.05506
0.01775, -0.05524
0.01818, -0.05541
0.01861, -0.05558
0.01905, -0.05576
0.01949, -0.05593
0.01994, -0.05609
0.02039, -0.05626
0.02085, -0.05643
0.02131, -0.05659
0.02177, -0.05675
0.02225, -0.05691
0.02272, -0.05707
0.02320, -0.05723
0.02369, -0.05739
0.02418, -0.05754
0.02468, -0.05769
0.02518, -0.05784
0.02569, -0.05799
0.02620, -0.05814
0.02671, -0.05828
0.02724, -0.05843
0.02776, -0.05857
0.02829, -0.05871
0.02883, -0.05885
0.02937, -0.05898
0.02991, -0.05912
0.03046, -0.05925
0.03102, -0.05938
0.03158, -0.05951
0.03214, -0.05964
0.03271, -0.05977
0.03329, -0.05989
0.03386, -0.06001
0.03445, -0.06014
0.03504, -0.06025
0.03563, -0.06037
0.03623, -0.06049
0.03683, -0.06060
0.03744, -0.06071
0.03805, -0.06082
0.03866, -0.06093
0.03928, -0.06104
0.03991, -0.06114
0.04054, -0.06124
0.04118, -0.06134
0.04182, -0.06144
0.04246, -0.06154
0.04311, -0.06164
0.04376, -0.06173
0.04442, -0.06182
0.04508, -0.06191
0.04575, -0.06200
0.04642, -0.06208
0.04710, -0.06217
0.04778, -0.06225
0.04846, -0.06233
0.04915, -0.06241
0.04984, -0.06248
0.05054, -0.06256
0.05125, -0.06263
0.05195, -0.06270
0.05266, -0.06277
0.05338, -0.06284
0.05410, -0.06290
0.05482, -0.06297
0.05555, -0.06303
0.05629, -0.06309
0.05702, -0.06314
0.05776, -0.06320
0.05851, -0.06325
0.05926, -0.06331
0.06001, -0.06336
0.06077, -0.06340
0.06153, -0.06345
0.06230, -0.06349
0.06307, -0.06354
0.06385, -0.06358
0.06463, -0.06362
0.06541, -0.06365
0.06620, -0.06369
0.06699, -0.06372
0.06778, -0.06375
0.06858, -0.06378
0.06938, -0.06381
0.07019, -0.06384
0.07100, -0.06386
0.07182, -0.06388
0.07264, -0.06390
0.07346, -0.06392
0.07429, -0.06394
0.07512, -0.06396
0.07595, -0.06397
0.07679, -0.06398
0.07763, -0.06399
0.07848, -0.06400
0.07932, -0.06400
0.08018, -0.06401
0.08103, -0.06401
0.08189, -0.06401
0.08276, -0.06401
0.08363, -0.06401
0.08450, -0.06401
0.08537, -0.06400
0.08625, -0.06399
0.08713, -0.06399
0.08802, -0.06398
0.08890, -0.06396
0.08980, -0.06395
0.09069, -0.06393
0.09159, -0.06392
0.09249, -0.06390
0.09340, -0.06388
0.09431, -0.06386
0.09522, -0.06383
0.09614, -0.06381
0.09705, -0.06378
0.09798, -0.06376
0.09890, -0.06373
0.09983, -0.06370
0.10076, -0.06367
0.10170, -0.06363
0.10263, -0.06360
0.10357, -0.06356
0.10452, -0.06353
0.10546, -0.06349
0.10641, -0.06345
0.10737, -0.06341
0.10832, -0.06336
0.10928, -0.06332
0.11024, -0.06328
0.11121, -0.06323
0.11218, -0.06318
0.11315, -0.06313
0.11412, -0.06309
0.11509, -0.06303
0.11607, -0.06298
0.11705, -0.06293
0.11804, -0.06288
0.11902, -0.06282
0.12001, -0.06277
0.12100, -0.06271
0.12200, -0.06265
0.12300, -0.06259
0.12399, -0.06254
0.12500, -0.06248
0.12600, -0.06241
0.12701, -0.06235
0.12802, -0.06229
0.12903, -0.06223
0.13004, -0.06216
0.13106, -0.06210
0.13208, -0.06203
0.13310, -0.06197
0.13412, -0.06190
0.13514, -0.06183
0.13617, -0.06177
0.13720, -0.06170
0.13823, -0.06163
0.13927, -0.06156
0.14030, -0.06149
0.14134, -0.06142
0.14238, -0.06135
0.14342, -0.06128
0.14446, -0.06121
0.14551, -0.06114
0.14656, -0.06107
0.14761, -0.06100
0.14866, -0.06093
0.14971, -0.06086
0.15077, -0.06078
0.15183, -0.06071
0.15289, -0.06064
0.15395, -0.06057
0.15501, -0.06050
0.15608, -0.06042
0.15715, -0.06035
0.15822, -0.06028
0.15929, -0.06021
0.16036, -0.06014
0.16144, -0.06007
0.16251, -0.06000
0.16359, -0.05992
0.16467, -0.05985
0.16575, -0.05978
0.16684, -0.05971
0.16792, -0.05964
0.16901, -0.05958
0.17010, -0.05951
0.17119, -0.05944
0.17228, -0.05937
0.17337, -0.05930
0.17446, -0.05924
0.17556, -0.05917
0.17666, -0.05911
0.17776, -0.05904
0.17886, -0.05898
0.17996, -0.05891
0.18106, -0.05885
0.18216, -0.05879
0.18327, -0.05873
0.18437, -0.05867
0.18548, -0.05861
0.18659, -0.05855
0.18770, -0.05850
0.18881, -0.05844
0.18992, -0.05839
0.19104, -0.05833
0.19215, -0.05828
0.19327, -0.05823
0.19438, -0.05818
0.19550, -0.05813
0.19662, -0.05809
0.19774, -0.05804
0.19886, -0.05800
0.19998, -0.05795
0.20110, -0.05791
0.20222, -0.05787
0.20335, -0.05783
0.20447, -0.05780
0.20560, -0.05776
0.20673, -0.05773
0.20786, -0.05769
0.20900, -0.05766
0.21014, -0.05763
0.21129, -0.05760
0.21244, -0.05758
0.21359, -0.05755
0.21475, -0.05753
0.21592, -0.05750
0.21709, -0.05748
0.21826, -0.05746
0.21944, -0.05744
0.22062, -0.05742
0.22181, -0.05740
0.22300, -0.05738
0.22420, -0.05736
0.22540, -0.05735
0.22661, -0.05733
0.22782, -0.05732
0.22904, -0.05731
0.23026, -0.05729
0.23149, -0.05728
0.23272, -0.05727
0.23395, -0.05726
0.23519, -0.05725
0.23644, -0.05724
0.23769, -0.05723
0.23894, -0.05723
0.24021, -0.05722
0.24147, -0.05721
0.24274, -0.05720
0.24402, -0.05720
0.24530, -0.05719
0.24658, -0.05719
0.24787, -0.05718
0.24917, -0.05718
0.25047, -0.05717
0.25178, -0.05717
0.25309, -0.05716
0.25440, -0.05716
0.25572, -0.05715
0.25705, -0.05715
0.25838, -0.05714
0.25972, -0.05714
0.26106, -0.05713
0.26241, -0.05713
0.26376, -0.05712
0.26512, -0.05711
0.26648, -0.05711
0.26784, -0.05710
0.26921, -0.05709
0.27059, -0.05708
0.27196, -0.05707
0.27334, -0.05706
0.27472, -0.05705
0.27611, -0.05704
0.27749, -0.05703
0.27888, -0.05702
0.28027, -0.05701
0.28166, -0.05699
0.28305, -0.05698
0.28445, -0.05696
0.28585, -0.05695
0.28725, -0.05693
0.28865, -0.05692
0.29006, -0.05690
0.29146, -0.05689
0.29287, -0.05687
0.29428, -0.05685
0.29570, -0.05683
0.29711, -0.05681
0.29853, -0.05679
0.29995, -0.05677
0.30137, -0.05675
0.30279, -0.05673
0.30422, -0.05671
0.30565, -0.05669
0.30708, -0.05667
0.30851, -0.05664
0.30994, -0.05662
0.31138, -0.05660
0.31281, -0.05657
0.31425, -0.05655
0.31569, -0.05652
0.31714, -0.05650
0.31858, -0.05647
0.32003, -0.05644
0.32148, -0.05642
0.32293, -0.05639
0.32438, -0.05636
0.32583, -0.05633
0.32729, -0.05630
0.32875, -0.05627
0.33021, -0.05624
0.33167, -0.05621
0.33313, -0.05618
0.33459, -0.05615
0.33606, -0.05612
0.33753, -0.05608
0.33900, -0.05605
0.34047, -0.05602
0.34194, -0.05598
0.34342, -0.05595
0.34489, -0.05591
0.34637, -0.05588
0.34785, -0.05584
0.34933, -0.05581
0.35081, -0.05577
0.35230, -0.05573
0.35378, -0.05570
0.35527, -0.05566
0.35676, -0.05562
0.35825, -0.05558
0.35974, -0.05554
0.36123, -0.05550
0.36273, -0.05546
0.36422, -0.05542
0.36572, -0.05538
0.36722, -0.05534
0.36872, -0.05530
0.37022, -0.05526
0.37173, -0.05521
0.37323, -0.05517
0.37474, -0.05513
0.37625, -0.05508
0.37775, -0.05504
0.37926, -0.05500
0.38077, -0.05495
0.38229, -0.05491
0.38380, -0.05486
0.38532, -0.05481
0.38683, -0.05477
0.38835, -0.05472
0.38987, -0.05467
0.39139, -0.05463
0.39291, -0.05458
0.39443, -0.05453
0.39596, -0.05448
0.39748, -0.05443
0.39901, -0.05438
0.40053, -0.05433
0.40206, -0.05428
0.40359, -0.05423
0.40512, -0.05418
0.40665, -0.05413
0.40818, -0.05407
0.40972, -0.05402
0.41125, -0.05397
0.41279, -0.05392
0.41432, -0.05386
0.41586, -0.05381
0.41740, -0.05375
0.41894, -0.05370
0.42048, -0.05364
0.42202, -0.05359
0.42356, -0.05353
0.42510, -0.05348
0.42664, -0.05342
0.42819, -0.05336
0.42973, -0.05331
0.43128, -0.05325
0.43283, -0.05319
0.43437, -0.05313
0.43592, -0.05307
0.43747, -0.05302
0.43902, -0.05296
0.44057, -0.05290
0.44212, -0.05284
0.44367, -0.05278
0.44523, -0.05272
0.44678, -0.05265
0.44833, -0.05259
0.44989, -0.05253
0.45144, -0.05247
0.45300, -0.05241
0.45456, -0.05234
0.45611, -0.05228
0.45767, -0.05222
0.45923, -0.05215
0.46079, -0.05209
0.46234, -0.05202
0.46390, -0.05196
0.46546, -0.05189
0.46702, -0.05183
0.46859, -0.05176
0.47015, -0.05170
0.47171, -0.05163
0.47327, -0.05156
0.47483, -0.05150
0.47640, -0.05143
0.47796, -0.05136
0.47952, -0.05129
0.48109, -0.05122
0.48265, -0.05116
0.48422, -0.05109
0.48578, -0.05102
0.48735, -0.05095
0.48891, -0.05088
0.49048, -0.05081
0.49204, -0.05074
0.49361, -0.05067
0.49517, -0.05059
0.49674, -0.05052
0.49831, -0.05045
0.49987, -0.05038
0.50144, -0.05031
0.50301, -0.05023
0.50457, -0.05016
0.50614, -0.05009
0.50771, -0.05001
0.50927, -0.04994
0.51084, -0.04986
0.51241, -0.04979
0.51397, -0.04971
0.51554, -0.04964
0.51711, -0.04956
0.51868, -0.04949
0.52024, -0.04941
0.52181, -0.04933
0.52338, -0.04926
0.52494, -0.04918
0.52651, -0.04910
0.52807, -0.04902
0.52964, -0.04895
0.53121, -0.04887
0.53277, -0.04879
0.53434, -0.04871
0.53590, -0.04863
0.53747, -0.04855
0.53903, -0.04847
0.54060, -0.04839
0.54216, -0.04831
0.54372, -0.04823
0.54529, -0.04815
0.54685, -0.04807
0.54841, -0.04798
0.54998, -0.04790
0.55154, -0.04782
0.55310, -0.04774
0.55466, -0.04765
0.55622, -0.04757
0.55778, -0.04749
0.55934, -0.04740
0.56090, -0.04732
0.56246, -0.04724
0.56402, -0.04715
0.56558, -0.04707
0.56713, -0.04698
0.56869, -0.04690
0.57025, -0.04681
0.57180, -0.04672
0.57336, -0.04664
0.57491, -0.04655
0.57646, -0.04646
0.57802, -0.04638
0.57957, -0.04629
0.58112, -0.04620
0.58267, -0.04611
0.58422, -0.04602
0.58577, -0.04594
0.58732, -0.04585
0.58887, -0.04576
0.59041, -0.04567
0.59196, -0.04558
0.59350, -0.04549
0.59505, -0.04540
0.59659, -0.04531
0.59814, -0.04522
0.59968, -0.04512
0.60122, -0.04503
0.60276, -0.04494
0.60430, -0.04485
0.60584, -0.04476
0.60737, -0.04466
0.60891, -0.04457
0.61044, -0.04448
0.61198, -0.04439
0.61351, -0.04429
0.61504, -0.04420
0.61657, -0.04410
0.61810, -0.04401
0.61963, -0.04391
0.62116, -0.04382
0.62269, -0.04372
0.62421, -0.04363
0.62574, -0.04353
0.62726, -0.04344
0.62878, -0.04334
0.63030, -0.04324
0.63182, -0.04315
0.63334, -0.04305
0.63486, -0.04295
0.63637, -0.04285
0.63789, -0.04276
0.63940, -0.04266
0.64091, -0.04256
0.64242, -0.04246
0.64393, -0.04236
0.64544, -0.04226
0.64695, -0.04216
0.64845, -0.04206
0.64995, -0.04196
0.65146, -0.04186
0.65296, -0.04176
0.65446, -0.04166
0.65595, -0.04156
0.65745, -0.04146
0.65894, -0.04136
0.66044, -0.04126
0.66193, -0.04115
0.66342, -0.04105
0.66491, -0.04095
0.66639, -0.04085
0.66788, -0.04074
0.66937, -0.04064
0.67085, -0.04054
0.67233, -0.04043
0.67382, -0.04033
0.67530, -0.04022
0.67678, -0.04012
0.67826, -0.04001
0.67974, -0.03990
0.68122, -0.03980
0.68269, -0.03969
0.68417, -0.03958
0.68564, -0.03947
0.68712, -0.03937
0.68859, -0.03926
0.69006, -0.03915
0.69153, -0.03903
0.69300, -0.03892
0.69447, -0.03881
0.69594, -0.03870
0.69740, -0.03858
0.69886, -0.03847
0.70033, -0.03835
0.70179, -0.03823
0.70325, -0.03812
0.70471, -0.03800
0.70616, -0.03788
0.70762, -0.03776
0.70907, -0.03764
0.71052, -0.03751
0.71197, -0.03739
0.71342, -0.03726
0.71487, -0.03714
0.71632, -0.03701
0.71776, -0.03688
0.71920, -0.03675
0.72064, -0.03662
0.72208, -0.03649
0.72352, -0.03636
0.72495, -0.03622
0.72639, -0.03609
0.72782, -0.03595
0.72925, -0.03581
0.73068, -0.03567
0.73210, -0.03553
0.73353, -0.03539
0.73495, -0.03524
0.73637, -0.03510
0.73779, -0.03495
0.73920, -0.03480
0.74062, -0.03465
0.74203, -0.03450
0.74344, -0.03435
0.74485, -0.03419
0.74625, -0.03404
0.74765, -0.03388
0.74905, -0.03372
0.75045, -0.03356
0.75185, -0.03339
0.75324, -0.03323
0.75462, -0.03307
0.75601, -0.03290
0.75738, -0.03273
0.75876, -0.03256
0.76013, -0.03239
0.76149, -0.03222
0.76285, -0.03205
0.76421, -0.03187
0.76556, -0.03170
0.76691, -0.03152
0.76826, -0.03135
0.76960, -0.03117
0.77093, -0.03099
0.77227, -0.03082
0.77359, -0.03064
0.77492, -0.03046
0.77624, -0.03028
0.77755, -0.03010
0.77887, -0.02992
0.78017, -0.02974
0.78148, -0.02956
0.78278, -0.02939
0.78407, -0.02921
0.78536, -0.02903
0.78665, -0.02885
0.78793, -0.02867
0.78921, -0.02849
0.79049, -0.02831
0.79176, -0.02813
0.79303, -0.02796
0.79429, -0.02778
0.79555, -0.02760
0.79681, -0.02743
0.79806, -0.02725
0.79931, -0.02708
0.80056, -0.02690
0.80180, -0.02673
0.80303, -0.02656
0.80427, -0.02639
0.80550, -0.02622
0.80672, -0.02605
0.80794, -0.02588
0.80916, -0.02571
0.81038, -0.02555
0.81159, -0.02538
0.81279, -0.02522
0.81400, -0.02505
0.81520, -0.02489
0.81639, -0.02473
0.81758, -0.02457
0.81877, -0.02442
0.81996, -0.02426
0.82114, -0.02410
0.82232, -0.02395
0.82349, -0.02380
0.82466, -0.02365
0.82583, -0.02350
0.82699, -0.02335
0.82815, -0.02321
0.82930, -0.02306
0.83045, -0.02292
0.83160, -0.02278
0.83275, -0.02264
0.83389, -0.02250
0.83503, -0.02237
0.83616, -0.02224
0.83729, -0.02210
0.83842, -0.02197
0.83955, -0.02185
0.84068, -0.02172
0.84180, -0.02159
0.84292, -0.02147
0.84403, -0.02135
0.84514, -0.02123
0.84625, -0.02111
0.84736, -0.02099
0.84846, -0.02088
0.84957, -0.02076
0.85066, -0.02065
0.85176, -0.02054
0.85285, -0.02043
0.85394, -0.02033
0.85503, -0.02022
0.85611, -0.02011
0.85719, -0.02001
0.85827, -0.01991
0.85934, -0.01981
0.86041, -0.01971
0.86148, -0.01961
0.86255, -0.01952
0.86361, -0.01942
0.86467, -0.01933
0.86572, -0.01924
0.86677, -0.01915
0.86782, -0.01906
0.86887, -0.01897
0.86991, -0.01888
0.87095, -0.01880
0.87199, -0.01871
0.87302, -0.01863
0.87405, -0.01855
0.87507, -0.01847
0.87610, -0.01839
0.87712, -0.01831
0.87813, -0.01823
0.87915, -0.01816
0.88015, -0.01808
0.88116, -0.01801
0.88216, -0.01794
0.88316, -0.01787
0.88416, -0.01780
0.88515, -0.01773
0.88614, -0.01766
0.88712, -0.01759
0.88811, -0.01753
0.88908, -0.01746
0.89006, -0.01740
0.89103, -0.01734
0.89200, -0.01728
0.89296, -0.01722
0.89392, -0.01716
0.89488, -0.01710
0.89583, -0.01704
0.89678, -0.01698
0.89773, -0.01693
0.89867, -0.01687
0.89961, -0.01682
0.90054, -0.01677
0.90147, -0.01671
0.90240, -0.01666
0.90333, -0.01661
0.90425, -0.01656
0.90516, -0.01652
0.90607, -0.01647
0.90698, -0.01642
0.90789, -0.01637
0.90879, -0.01633
0.90969, -0.01628
0.91058, -0.01624
0.91147, -0.01620
0.91236, -0.01616
0.91324, -0.01611
0.91412, -0.01607
0.91499, -0.01603
0.91586, -0.01599
0.91673, -0.01596
0.91759, -0.01592
0.91845, -0.01588
0.91930, -0.01585
0.92015, -0.01581
0.92100, -0.01577
0.92184, -0.01574
0.92268, -0.01571
0.92351, -0.01567
0.92435, -0.01564
0.92517, -0.01561
0.92599, -0.01558
0.92681, -0.01555
0.92763, -0.01552
0.92844, -0.01549
0.92924, -0.01546
0.93005, -0.01543
0.93084, -0.01540
0.93164, -0.01538
0.93243, -0.01535
0.93321, -0.01532
0.93399, -0.01530
0.93477, -0.01527
0.93554, -0.01525
0.93631, -0.01522
0.93708, -0.01520
0.93784, -0.01518
0.93859, -0.01515
0.93935, -0.01513
0.94009, -0.01511
0.94084, -0.01509
0.94158, -0.01507
0.94231, -0.01505
0.94304, -0.01503
0.94377, -0.01501
0.94449, -0.01499
0.94521, -0.01497
0.94592, -0.01495
0.94663, -0.01494
0.94734, -0.01492
0.94804, -0.01490
0.94873, -0.01488
0.94942, -0.01487
0.95011, -0.01485
0.95079, -0.01484
0.95147, -0.01482
0.95215, -0.01481
0.95282, -0.01479
0.95348, -0.01478
0.95414, -0.01476
0.95480, -0.01475
0.95545, -0.01474
0.95610, -0.01473
0.95674, -0.01471
0.95738, -0.01470
0.95801, -0.01469
0.95864, -0.01468
0.95927, -0.01467
0.95989, -0.01465
0.96050, -0.01464
0.96111, -0.01463
0.96172, -0.01462
0.96232, -0.01461
0.96292, -0.01460
0.96351, -0.01459
0.96410, -0.01459
0.96469, -0.01458
0.96527, -0.01457
0.96584, -0.01456
0.96641, -0.01455
0.96698, -0.01454
0.96754, -0.01453
0.96809, -0.01453
0.96865, -0.01452
0.96919, -0.01451
0.96974, -0.01451
0.97027, -0.01450
0.97081, -0.01449
0.97134, -0.01449
0.97186, -0.01448
0.97238, -0.01447
0.97289, -0.01447
0.97340, -0.01446
0.97391, -0.01446
0.97441, -0.01445
0.97490, -0.01445
0.97539, -0.01444
0.97588, -0.01444
0.97636, -0.01443
0.97684, -0.01443
0.97731, -0.01442
0.97778, -0.01442
0.97824, -0.01441
0.97870, -0.01441
0.97915, -0.01441
0.97960, -0.01440
0.98004, -0.01440
0.98048, -0.01439
0.98091, -0.01439
0.98134, -0.01439
0.98177, -0.01438
0.98219, -0.01438
0.98260, -0.01438
0.98301, -0.01438
0.98342, -0.01437
0.98382, -0.01437
0.98421, -0.01437
0.98460, -0.01437
0.98499, -0.01436
0.98537, -0.01436
0.98574, -0.01436
0.98611, -0.01436
0.98648, -0.01435
0.98684, -0.01435
0.98720, -0.01435
0.98755, -0.01435
0.98790, -0.01435
0.98824, -0.01435
0.98857, -0.01434
0.98891, -0.01434
0.98923, -0.01434
0.98956, -0.01434
0.98987, -0.01434
0.99018, -0.01434
0.99049, -0.01434
0.99079, -0.01433
0.99109, -0.01433
0.99138, -0.01433
0.99167, -0.01433
0.99196, -0.01433
0.99223, -0.01433
0.99251, -0.01433
0.99277, -0.01433
0.99304, -0.01433
0.99329, -0.01433
0.99355, -0.01432
0.99380, -0.01432
0.99404, -0.01432
0.99428, -0.01432
0.99451, -0.01432
0.99474, -0.01432
0.99496, -0.01432
0.99518, -0.01432
0.99539, -0.01432
0.99560, -0.01432
0.99580, -0.01432
0.99600, -0.01432
0.99620, -0.01432
0.99638, -0.01432
0.99657, -0.01432
0.99675, -0.01432
0.99692, -0.01432
0.99709, -0.01432
0.99725, -0.01432
0.99741, -0.01432
0.99756, -0.01432
0.99771, -0.01432
0.99785, -0.01432
0.99799, -0.01432
0.99813, -0.01432
0.99825, -0.01432
0.99838, -0.01432
0.99850, -0.01432
0.99861, -0.01432
0.99872, -0.01432
0.99882, -0.01431
0.99892, -0.01431
0.99901, -0.01431
0.99910, -0.01431
0.99918, -0.01431
0.99926, -0.01431
0.99933, -0.01431
0.99940, -0.01431
0.99946, -0.01431
0.99952, -0.01431
0.99958, -0.01431
0.99962, -0.01431
0.99967, -0.01431
0.99970, -0.01431
0.99974, -0.01431
0.99976, -0.01431
0.99979, -0.01431
0.99980, -0.01431
0.99981, -0.01431
0.99977, -0.01431
0.99975, -0.01430
