=== Airfoil Parameters ===
m = 0.02
p = 0.4
t = 0.12

=== Control Points ===
0.00000, -0.00601, -0.00601
0.06667, 0.00057, -0.00554
0.13333, 0.00535, -0.00576
0.20000, 0.00835, -0.00665
0.26667, 0.01009, -0.00769
0.66667, 0.00805, -0.00800
0.75000, 0.00827, -0.00492
0.83333, 0.01228, 0.00271
0.91667, 0.01651, 0.01134
1.00000, 0.01642, 0.01642

=== Upper Surface ===
0.00000, -0.00601
-0.00004, -0.00574
-0.00005, -0.00546
-0.00007, -0.00518
-0.00008, -0.00490
-0.00009, -0.00462
-0.00010, -0.00434
-0.00010, -0.00406
-0.00009, -0.00378
-0.00008, -0.00350
-0.00006, -0.00322
-0.00004, -0.00294
-0.00001, -0.00266
0.00002, -0.00238
0.00005, -0.00210
0.00010, -0.00182
0.00014, -0.00154
0.00019, -0.00126
0.00025, -0.00097
0.00031, -0.00069
0.00038, -0.00041
0.00045, -0.00013
0.00052, 0.00015
0.00061, 0.00044
0.00069, 0.00072
0.00078, 0.00100
0.00088, 0.00128
0.00098, 0.00157
0.00109, 0.00185
0.00120, 0.00213
0.00132, 0.00242
0.00144, 0.00270
0.00156, 0.00298
0.00170, 0.00327
0.00183, 0.00355
0.00197, 0.00383
0.00212, 0.00412
0.00227, 0.00440
0.00243, 0.00469
0.00259, 0.00497
0.00276, 0.00525
0.00293, 0.00554
0.00311, 0.00582
0.00329, 0.00611
0.00347, 0.00639
0.00367, 0.00668
0.00386, 0.00696
0.00406, 0.00725
0.00427, 0.00753
0.00448, 0.00782
0.00470, 0.00811
0.00492, 0.00839
0.00515, 0.00868
0.00538, 0.00896
0.00562, 0.00925
0.00586, 0.00953
0.00610, 0.00982
0.00636, 0.01011
0.00661, 0.01039
0.00687, 0.01068
0.00714, 0.01096
0.00741, 0.01125
0.00769, 0.01154
0.00797, 0.01182
0.00826, 0.01211
0.00855, 0.01239
0.00885, 0.01268
0.00915, 0.01297
0.00945, 0.01325
0.00977, 0.01354
0.01008, 0.01383
0.01040, 0.01411
0.01073, 0.01440
0.01106, 0.01469
0.01140, 0.01497
0.01174, 0.01526
0.01209, 0.01554
0.01244, 0.01583
0.01279, 0.01612
0.01315, 0.01640
0.01352, 0.01669
0.01389, 0.01698
0.01427, 0.01726
0.01465, 0.01755
0.01504, 0.01783
0.01543, 0.01812
0.01582, 0.01840
0.01622, 0.01869
0.01663, 0.01898
0.01704, 0.01926
0.01746, 0.01955
0.01788, 0.01983
0.01830, 0.02012
0.01873, 0.02040
0.01917, 0.02069
0.01961, 0.02097
0.02005, 0.02126
0.02050, 0.02154
0.02096, 0.02183
0.02142, 0.02211
0.02188, 0.02239
0.02235, 0.02268
0.02283, 0.02296
0.02331, 0.02325
0.02379, 0.02353
0.02428, 0.02381
0.02477, 0.02409
0.02527, 0.02438
0.02578, 0.02466
0.02629, 0.02494
0.02680, 0.02523
0.02732, 0.02551
0.02784, 0.02579
0.02837, 0.02607
0.02890, 0.02635
0.02944, 0.02663
0.02998, 0.02691
0.03053, 0.02719
0.03108, 0.02747
0.03164, 0.02775
0.03220, 0.02803
0.03277, 0.02831
0.03334, 0.02859
0.03392, 0.02887
0.03450, 0.02915
0.03509, 0.02943
0.03568, 0.02971
0.03627, 0.02998
0.03687, 0.03026
0.03748, 0.03054
0.03809, 0.03081
0.03870, 0.03109
0.03932, 0.03137
0.03995, 0.03164
0.04058, 0.03192
0.04121, 0.03219
0.04185, 0.03246
0.04249, 0.03274
0.04314, 0.03301
0.04379, 0.03329
0.04445, 0.03356
0.04511, 0.03383
0.04578, 0.03410
0.04645, 0.03437
0.04713, 0.03464
0.04781, 0.03491
0.04849, 0.03518
0.04918, 0.03545
0.04988, 0.03572
0.05058, 0.03599
0.05128, 0.03626
0.05199, 0.03653
0.05270, 0.03679
0.05342, 0.03706
0.05415, 0.03732
0.05487, 0.03759
0.05561, 0.03785
0.05634, 0.03812
0.05708, 0.03838
0.05783, 0.03865
0.05858, 0.03891
0.05934, 0.03917
0.06010, 0.03943
0.06086, 0.03969
0.06163, 0.03995
0.06240, 0.04021
0.06318, 0.04047
0.06396, 0.04073
0.06475, 0.04099
0.06554, 0.04124
0.06634, 0.04150
0.06714, 0.04175
0.06794, 0.04201
0.06875, 0.04226
0.06957, 0.04252
0.07039, 0.04277
0.07121, 0.04302
0.07204, 0.04327
0.07287, 0.04352
0.07371, 0.04377
0.07455, 0.04402
0.07539, 0.04427
0.07624, 0.04452
0.07710, 0.04477
0.07796, 0.04501
0.07882, 0.04526
0.07969, 0.04550
0.08056, 0.04575
0.08144, 0.04599
0.08232, 0.04623
0.08320, 0.04647
0.08409, 0.04671
0.08499, 0.04695
0.08589, 0.04719
0.08679, 0.04743
0.08770, 0.04767
0.08861, 0.04790
0.08952, 0.04814
0.09044, 0.04837
0.09137, 0.04861
0.09230, 0.04884
0.09323, 0.04907
0.09417, 0.04930
0.09511, 0.04953
0.09605, 0.04976
0.09700, 0.04999
0.09796, 0.05021
0.09891, 0.05044
0.09988, 0.05067
0.10084, 0.05089
0.10181, 0.05111
0.10279, 0.05133
0.10377, 0.05156
0.10475, 0.05178
0.10574, 0.05199
0.10673, 0.05221
0.10773, 0.05243
0.10873, 0.05265
0.10973, 0.05286
0.11074, 0.05307
0.11175, 0.05329
0.11277, 0.05350
0.11379, 0.05371
0.11481, 0.05392
0.11584, 0.05413
0.11688, 0.05433
0.11791, 0.05454
0.11895, 0.05474
0.12000, 0.05495
0.12105, 0.05515
0.12210, 0.05535
0.12316, 0.05555
0.12422, 0.05575
0.12528, 0.05595
0.12635, 0.05615
0.12742, 0.05634
0.12850, 0.05654
0.12958, 0.05673
0.13067, 0.05692
0.13175, 0.05711
0.13285, 0.05730
0.13394, 0.05749
0.13504, 0.05768
0.13614, 0.05786
0.13725, 0.05805
0.13836, 0.05823
0.13948, 0.05841
0.14059, 0.05859
0.14171, 0.05877
0.14284, 0.05895
0.14397, 0.05913
0.14510, 0.05930
0.14623, 0.05947
0.14737, 0.05965
0.14852, 0.05982
0.14966, 0.05999
0.15081, 0.06016
0.15196, 0.06033
0.15312, 0.06049
0.15428, 0.06066
0.15544, 0.06082
0.15661, 0.06098
0.15778, 0.06114
0.15895, 0.06130
0.16013, 0.06146
0.16131, 0.06162
0.16249, 0.06178
0.16368, 0.06193
0.16487, 0.06208
0.16606, 0.06223
0.16726, 0.06238
0.16846, 0.06253
0.16966, 0.06268
0.17087, 0.06283
0.17208, 0.06297
0.17329, 0.06312
0.17451, 0.06326
0.17573, 0.06340
0.17695, 0.06354
0.17818, 0.06368
0.17940, 0.06381
0.18064, 0.06395
0.18187, 0.06408
0.18311, 0.06422
0.18435, 0.06435
0.18559, 0.06448
0.18684, 0.06461
0.18809, 0.06474
0.18934, 0.06486
0.19060, 0.06499
0.19186, 0.06511
0.19312, 0.06523
0.19438, 0.06535
0.19565, 0.06547
0.19692, 0.06559
0.19820, 0.06571
0.19947, 0.06582
0.20075, 0.06594
0.20203, 0.06605
0.20332, 0.06616
0.20461, 0.06627
0.20590, 0.06638
0.20719, 0.06649
0.20849, 0.06659
0.20979, 0.06670
0.21109, 0.06680
0.21240, 0.06691
0.21371, 0.06701
0.21502, 0.06711
0.21633, 0.06720
0.21765, 0.06730
0.21897, 0.06740
0.22029, 0.06749
0.22162, 0.06758
0.22295, 0.06767
0.22428, 0.06776
0.22561, 0.06785
0.22695, 0.06794
0.22829, 0.06803
0.22963, 0.06811
0.23097, 0.06819
0.23232, 0.06828
0.23367, 0.06836
0.23502, 0.06843
0.23638, 0.06851
0.23773, 0.06859
0.23910, 0.06866
0.24046, 0.06874
0.24182, 0.06881
0.24319, 0.06888
0.24456, 0.06895
0.24593, 0.06902
0.24731, 0.06909
0.24869, 0.06915
0.25007, 0.06922
0.25145, 0.06928
0.25284, 0.06934
0.25422, 0.06940
0.25561, 0.06946
0.25700, 0.06952
0.25840, 0.06957
0.25980, 0.06963
0.26120, 0.06968
0.26260, 0.06973
0.26400, 0.06978
0.26541, 0.06983
0.26682, 0.06988
0.26823, 0.06993
0.26964, 0.06997
0.27106, 0.07002
0.27247, 0.07006
0.27389, 0.07010
0.27531, 0.07014
0.27674, 0.07018
0.27817, 0.07022
0.27959, 0.07025
0.28102, 0.07029
0.28246, 0.07032
0.28389, 0.07035
0.28533, 0.07038
0.28677, 0.07041
0.28821, 0.07044
0.28965, 0.07047
0.29110, 0.07049
0.29254, 0.07051
0.29399, 0.07054
0.29544, 0.07056
0.29690, 0.07058
0.29835, 0.07060
0.29981, 0.07061
0.30127, 0.07063
0.30273, 0.07065
0.30419, 0.07066
0.30566, 0.07067
0.30712, 0.07068
0.30859, 0.07069
0.31006, 0.07070
0.31153, 0.07071
0.31301, 0.07071
0.31448, 0.07072
0.31596, 0.07072
0.31744, 0.07072
0.31892, 0.07072
0.32040, 0.07072
0.32189, 0.07072
0.32337, 0.07072
0.32486, 0.07071
0.32635, 0.07071
0.32784, 0.07070
0.32933, 0.07069
0.33083, 0.07068
0.33232, 0.07067
0.33382, 0.07066
0.33532, 0.07065
0.33682, 0.07063
0.33832, 0.07062
0.33982, 0.07060
0.34133, 0.07058
0.34283, 0.07056
0.34434, 0.07054
0.34585, 0.07052
0.34736, 0.07050
0.34887, 0.07047
0.35039, 0.07045
0.35190, 0.07042
0.35342, 0.07039
0.35494, 0.07036
0.35645, 0.07033
0.35797, 0.07030
0.35950, 0.07027
0.36102, 0.07024
0.36254, 0.07020
0.36407, 0.07016
0.36560, 0.07013
0.36712, 0.07009
0.36865, 0.07005
0.37018, 0.07001
0.37171, 0.06997
0.37325, 0.06992
0.37478, 0.06988
0.37632, 0.06984
0.37785, 0.06979
0.37939, 0.06974
0.38093, 0.06969
0.38247, 0.06964
0.38401, 0.06959
0.38555, 0.06954
0.38709, 0.06949
0.38863, 0.06943
0.39018, 0.06938
0.39172, 0.06932
0.39327, 0.06926
0.39482, 0.06921
0.39637, 0.06915
0.39792, 0.06909
0.39947, 0.06902
0.40102, 0.06896
0.40257, 0.06890
0.40412, 0.06883
0.40567, 0.06877
0.40723, 0.06870
0.40878, 0.06863
0.41034, 0.06857
0.41190, 0.06850
0.41345, 0.06842
0.41501, 0.06835
0.41657, 0.06828
0.41813, 0.06821
0.41969, 0.06813
0.42125, 0.06806
0.42281, 0.06798
0.42438, 0.06790
0.42594, 0.06782
0.42750, 0.06774
0.42907, 0.06766
0.43063, 0.06758
0.43220, 0.06750
0.43376, 0.06742
0.43533, 0.06733
0.43690, 0.06725
0.43846, 0.06716
0.44003, 0.06707
0.44160, 0.06698
0.44317, 0.06690
0.44474, 0.06681
0.44631, 0.06672
0.44788, 0.06662
0.44945, 0.06653
0.45102, 0.06644
0.45259, 0.06634
0.45416, 0.06625
0.45574, 0.06615
0.45731, 0.06606
0.45888, 0.06596
0.46045, 0.06586
0.46203, 0.06576
0.46360, 0.06566
0.46518, 0.06556
0.46675, 0.06546
0.46832, 0.06536
0.46990, 0.06525
0.47147, 0.06515
0.47305, 0.06505
0.47462, 0.06494
0.47620, 0.06483
0.47777, 0.06473
0.47935, 0.06462
0.48092, 0.06451
0.48250, 0.06440
0.48408, 0.06429
0.48565, 0.06418
0.48723, 0.06407
0.48880, 0.06396
0.49038, 0.06384
0.49195, 0.06373
0.49353, 0.06362
0.49511, 0.06350
0.49668, 0.06339
0.49826, 0.06327
0.49983, 0.06315
0.50141, 0.06303
0.50298, 0.06292
0.50456, 0.06280
0.50613, 0.06268
0.50771, 0.06256
0.50928, 0.06244
0.51086, 0.06231
0.51243, 0.06219
0.51400, 0.06207
0.51558, 0.06195
0.51715, 0.06182
0.51872, 0.06170
0.52030, 0.06157
0.52187, 0.06145
0.52344, 0.06132
0.52501, 0.06119
0.52659, 0.06107
0.52816, 0.06094
0.52973, 0.06081
0.53130, 0.06068
0.53287, 0.06055
0.53444, 0.06042
0.53601, 0.06029
0.53758, 0.06016
0.53914, 0.06003
0.54071, 0.05990
0.54228, 0.05976
0.54385, 0.05963
0.54541, 0.05950
0.54698, 0.05936
0.54854, 0.05923
0.55011, 0.05909
0.55167, 0.05896
0.55323, 0.05882
0.55480, 0.05868
0.55636, 0.05855
0.55792, 0.05841
0.55948, 0.05827
0.56104, 0.05813
0.56260, 0.05800
0.56416, 0.05786
0.56572, 0.05772
0.56728, 0.05758
0.56883, 0.05744
0.57039, 0.05730
0.57194, 0.05716
0.57350, 0.05701
0.57505, 0.05687
0.57660, 0.05673
0.57816, 0.05659
0.57971, 0.05645
0.58126, 0.05630
0.58281, 0.05616
0.58436, 0.05602
0.58590, 0.05587
0.58745, 0.05573
0.58899, 0.05558
0.59054, 0.05544
0.59208, 0.05529
0.59363, 0.05515
0.59517, 0.05500
0.59671, 0.05486
0.59825, 0.05471
0.59979, 0.05456
0.60132, 0.05442
0.60286, 0.05427
0.60440, 0.05412
0.60593, 0.05397
0.60746, 0.05383
0.60900, 0.05368
0.61053, 0.05353
0.61206, 0.05338
0.61359, 0.05323
0.61511, 0.05308
0.61664, 0.05293
0.61816, 0.05279
0.61969, 0.05264
0.62121, 0.05249
0.62273, 0.05234
0.62425, 0.05219
0.62577, 0.05204
0.62729, 0.05189
0.62880, 0.05174
0.63032, 0.05158
0.63183, 0.05143
0.63335, 0.05128
0.63486, 0.05113
0.63637, 0.05098
0.63787, 0.05083
0.63938, 0.05068
0.64089, 0.05053
0.64239, 0.05038
0.64389, 0.05022
0.64539, 0.05007
0.64689, 0.04992
0.64839, 0.04977
0.64989, 0.04962
0.65138, 0.04946
0.65287, 0.04931
0.65437, 0.04916
0.65586, 0.04901
0.65735, 0.04885
0.65883, 0.04870
0.66032, 0.04855
0.66180, 0.04840
0.66328, 0.04825
0.66476, 0.04809
0.66624, 0.04794
0.66772, 0.04779
0.66920, 0.04764
0.67067, 0.04748
0.67214, 0.04733
0.67361, 0.04718
0.67507, 0.04703
0.67653, 0.04687
0.67799, 0.04672
0.67945, 0.04657
0.68091, 0.04642
0.68236, 0.04627
0.68381, 0.04612
0.68526, 0.04597
0.68671, 0.04582
0.68815, 0.04567
0.68959, 0.04552
0.69103, 0.04537
0.69247, 0.04522
0.69390, 0.04508
0.69533, 0.04493
0.69676, 0.04478
0.69818, 0.04464
0.69961, 0.04449
0.70103, 0.04435
0.70245, 0.04420
0.70387, 0.04406
0.70528, 0.04392
0.70669, 0.04377
0.70810, 0.04363
0.70951, 0.04349
0.71091, 0.04335
0.71231, 0.04321
0.71371, 0.04308
0.71511, 0.04294
0.71650, 0.04280
0.71789, 0.04267
0.71928, 0.04253
0.72067, 0.04240
0.72205, 0.04227
0.72343, 0.04214
0.72481, 0.04201
0.72618, 0.04188
0.72756, 0.04175
0.72893, 0.04162
0.73030, 0.04150
0.73166, 0.04137
0.73303, 0.04125
0.73439, 0.04113
0.73575, 0.04101
0.73710, 0.04089
0.73845, 0.04077
0.73980, 0.04065
0.74115, 0.04053
0.74250, 0.04042
0.74384, 0.04030
0.74518, 0.04019
0.74652, 0.04008
0.74785, 0.03997
0.74918, 0.03986
0.75051, 0.03976
0.75184, 0.03965
0.75317, 0.03955
0.75450, 0.03945
0.75582, 0.03934
0.75714, 0.03924
0.75846, 0.03914
0.75978, 0.03905
0.76110, 0.03895
0.76241, 0.03886
0.76373, 0.03876
0.76504, 0.03867
0.76635, 0.03858
0.76765, 0.03849
0.76896, 0.03840
0.77027, 0.03831
0.77157, 0.03822
0.77287, 0.03813
0.77417, 0.03805
0.77546, 0.03796
0.77676, 0.03788
0.77805, 0.03780
0.77934, 0.03771
0.78063, 0.03763
0.78191, 0.03755
0.78320, 0.03747
0.78448, 0.03739
0.78576, 0.03731
0.78703, 0.03724
0.78831, 0.03716
0.78958, 0.03708
0.79085, 0.03701
0.79212, 0.03693
0.79339, 0.03686
0.79465, 0.03679
0.79591, 0.03671
0.79717, 0.03664
0.79843, 0.03657
0.79968, 0.03650
0.80093, 0.03642
0.80218, 0.03635
0.80343, 0.03628
0.80467, 0.03621
0.80591, 0.03614
0.80715, 0.03607
0.80839, 0.03601
0.80962, 0.03594
0.81085, 0.03587
0.81208, 0.03580
0.81331, 0.03573
0.81453, 0.03567
0.81575, 0.03560
0.81697, 0.03553
0.81818, 0.03547
0.81939, 0.03540
0.82060, 0.03533
0.82181, 0.03527
0.82301, 0.03520
0.82421, 0.03514
0.82541, 0.03507
0.82661, 0.03500
0.82780, 0.03494
0.82899, 0.03487
0.83017, 0.03481
0.83136, 0.03474
0.83254, 0.03468
0.83371, 0.03461
0.83489, 0.03455
0.83606, 0.03448
0.83723, 0.03442
0.83839, 0.03435
0.83955, 0.03429
0.84071, 0.03422
0.84187, 0.03415
0.84302, 0.03409
0.84417, 0.03402
0.84531, 0.03396
0.84645, 0.03389
0.84759, 0.03383
0.84873, 0.03376
0.84986, 0.03369
0.85099, 0.03363
0.85211, 0.03356
0.85323, 0.03349
0.85435, 0.03343
0.85547, 0.03336
0.85658, 0.03329
0.85769, 0.03323
0.85879, 0.03316
0.85989, 0.03309
0.86099, 0.03302
0.86209, 0.03296
0.86318, 0.03289
0.86426, 0.03282
0.86535, 0.03275
0.86643, 0.03268
0.86750, 0.03261
0.86858, 0.03254
0.86965, 0.03248
0.87071, 0.03241
0.87178, 0.03234
0.87283, 0.03227
0.87389, 0.03220
0.87494, 0.03213
0.87599, 0.03205
0.87703, 0.03198
0.87807, 0.03191
0.87911, 0.03184
0.88014, 0.03177
0.88117, 0.03170
0.88219, 0.03163
0.88321, 0.03155
0.88423, 0.03148
0.88524, 0.03141
0.88625, 0.03133
0.88726, 0.03126
0.88826, 0.03119
0.88926, 0.03111
0.89025, 0.03104
0.89124, 0.03096
0.89223, 0.03089
0.89321, 0.03082
0.89419, 0.03074
0.89517, 0.03066
0.89614, 0.03059
0.89710, 0.03051
0.89807, 0.03044
0.89903, 0.03036
0.89998, 0.03028
0.90093, 0.03021
0.90188, 0.03013
0.90282, 0.03005
0.90376, 0.02997
0.90469, 0.02990
0.90562, 0.02982
0.90655, 0.02974
0.90747, 0.02966
0.90839, 0.02958
0.90930, 0.02950
0.91021, 0.02942
0.91112, 0.02934
0.91202, 0.02926
0.91292, 0.02918
0.91381, 0.02910
0.91470, 0.02902
0.91559, 0.02894
0.91647, 0.02886
0.91734, 0.02878
0.91821, 0.02870
0.91908, 0.02862
0.91995, 0.02854
0.92081, 0.02845
0.92166, 0.02837
0.92251, 0.02829
0.92336, 0.02821
0.92420, 0.02812
0.92504, 0.02804
0.92587, 0.02796
0.92670, 0.02788
0.92753, 0.02779
0.92835, 0.02771
0.92916, 0.02763
0.92998, 0.02754
0.93078, 0.02746
0.93159, 0.02737
0.93239, 0.02729
0.93318, 0.02721
0.93397, 0.02712
0.93476, 0.02704
0.93554, 0.02695
0.93631, 0.02687
0.93709, 0.02678
0.93785, 0.02670
0.93862, 0.02662
0.93938, 0.02653
0.94013, 0.02645
0.94088, 0.02636
0.94163, 0.02628
0.94237, 0.02619
0.94310, 0.02611
0.94384, 0.02602
0.94456, 0.02594
0.94529, 0.02585
0.94601, 0.02577
0.94672, 0.02568
0.94743, 0.02560
0.94813, 0.02551
0.94883, 0.02543
0.94953, 0.02534
0.95022, 0.02526
0.95091, 0.02518
0.95159, 0.02509
0.95227, 0.02501
0.95294, 0.02492
0.95361, 0.02484
0.95427, 0.02475
0.95493, 0.02467
0.95559, 0.02459
0.95624, 0.02450
0.95688, 0.02442
0.95752, 0.02434
0.95816, 0.02425
0.95879, 0.02417
0.95942, 0.02409
0.96004, 0.02400
0.96066, 0.02392
0.96127, 0.02384
0.96188, 0.02376
0.96248, 0.02368
0.96308, 0.02359
0.96368, 0.02351
0.96426, 0.02343
0.96485, 0.02335
0.96543, 0.02327
0.96600, 0.02319
0.96658, 0.02311
0.96714, 0.02303
0.96770, 0.02295
0.96826, 0.02287
0.96881, 0.02279
0.96936, 0.02271
0.96990, 0.02264
0.97044, 0.02256
0.97097, 0.02248
0.97150, 0.02240
0.97202, 0.02233
0.97254, 0.02225
0.97306, 0.02217
0.97356, 0.02210
0.97407, 0.02202
0.97457, 0.02195
0.97506, 0.02187
0.97555, 0.02180
0.97604, 0.02172
0.97652, 0.02165
0.97700, 0.02158
0.97747, 0.02151
0.97793, 0.02143
0.97839, 0.02136
0.97885, 0.02129
0.97930, 0.02122
0.97975, 0.02115
0.98019, 0.02108
0.98063, 0.02101
0.98106, 0.02094
0.98149, 0.02087
0.98191, 0.02081
0.98233, 0.02074
0.98274, 0.02067
0.98315, 0.02061
0.98356, 0.02054
0.98395, 0.02048
0.98435, 0.02041
0.98474, 0.02035
0.98512, 0.02029
0.98550, 0.02023
0.98588, 0.02016
0.98625, 0.02010
0.98661, 0.02004
0.98697, 0.01998
0.98733, 0.01992
0.98768, 0.01986
0.98802, 0.01981
0.98836, 0.01975
0.98870, 0.01969
0.98903, 0.01964
0.98935, 0.01958
0.98968, 0.01953
0.98999, 0.01947
0.99030, 0.01942
0.99061, 0.01937
0.99091, 0.01931
0.99121, 0.01926
0.99150, 0.01921
0.99179, 0.01916
0.99207, 0.01911
0.99235, 0.01907
0.99262, 0.01902
0.99289, 0.01897
0.99315, 0.01893
0.99341, 0.01888
0.99366, 0.01884
0.99391, 0.01879
0.99415, 0.01875
0.99439, 0.01871
0.99462, 0.01867
0.99485, 0.01863
0.99508, 0.01859
0.99529, 0.01855
0.99551, 0.01851
0.99572, 0.01847
0.99592, 0.01843
0.99612, 0.01840
0.99631, 0.01836
0.99650, 0.01833
0.99669, 0.01830
0.99687, 0.01826
0.99704, 0.01823
0.99721, 0.01820
0.99738, 0.01817
0.99754, 0.01814
0.99769, 0.01812
0.99784, 0.01809
0.99799, 0.01806
0.99813, 0.01804
0.99826, 0.01801
0.99839, 0.01799
0.99852, 0.01797
0.99864, 0.01794
0.99875, 0.01792
0.99886, 0.01790
0.99897, 0.01788
0.99907, 0.01786
0.99917, 0.01785
0.99926, 0.01783
0.99934, 0.01781
0.99943, 0.01780
0.99950, 0.01778
0.99957, 0.01777
0.99964, 0.01776
0.99970, 0.01775
0.99976, 0.01774
0.99981, 0.01773
0.99986, 0.01772
0.99990, 0.01771
0.99993, 0.01770
0.99997, 0.01770
0.99999, 0.01769
1.00002, 0.01769
1.00003, 0.01769
1.00005, 0.01768
1.00007, 0.01768
1.00008, 0.01768

=== Lower Surface ===
0.00000, -0.00601
0.00004, -0.00629
0.00007, -0.00657
0.00012, -0.00684
0.00016, -0.00712
0.00022, -0.00739
0.00027, -0.00767
0.00034, -0.00794
0.00041, -0.00821
0.00048, -0.00848
0.00056, -0.00875
0.00064, -0.00902
0.00073, -0.00929
0.00082, -0.00955
0.00092, -0.00982
0.00102, -0.01008
0.00112, -0.01035
0.00124, -0.01061
0.00135, -0.01087
0.00147, -0.01113
0.00160, -0.01139
0.00173, -0.01165
0.00187, -0.01191
0.00201, -0.01217
0.00215, -0.01243
0.00230, -0.01268
0.00246, -0.01294
0.00262, -0.01319
0.00279, -0.01344
0.00296, -0.01370
0.00313, -0.01395
0.00331, -0.01420
0.00349, -0.01445
0.00368, -0.01469
0.00388, -0.01494
0.00408, -0.01519
0.00428, -0.01543
0.00449, -0.01568
0.00470, -0.01592
0.00492, -0.01616
0.00514, -0.01640
0.00537, -0.01664
0.00560, -0.01688
0.00584, -0.01712
0.00608, -0.01736
0.00633, -0.01760
0.00658, -0.01783
0.00684, -0.01807
0.00710, -0.01830
0.00737, -0.01854
0.00764, -0.01877
0.00791, -0.01900
0.00819, -0.01923
0.00848, -0.01946
0.00877, -0.01969
0.00906, -0.01991
0.00936, -0.02014
0.00967, -0.02037
0.00998, -0.02059
0.01029, -0.02081
0.01061, -0.02104
0.01093, -0.02126
0.01126, -0.02148
0.01159, -0.02170
0.01193, -0.02192
0.01227, -0.02214
0.01262, -0.02235
0.01297, -0.02257
0.01332, -0.02278
0.01368, -0.02300
0.01405, -0.02321
0.01442, -0.02342
0.01479, -0.02364
0.01517, -0.02385
0.01556, -0.02406
0.01595, -0.02426
0.01634, -0.02447
0.01674, -0.02468
0.01714, -0.02488
0.01755, -0.02509
0.01796, -0.02529
0.01837, -0.02550
0.01880, -0.02570
0.01922, -0.02590
0.01965, -0.02610
0.02009, -0.02630
0.02053, -0.02650
0.02097, -0.02669
0.02142, -0.02689
0.02187, -0.02708
0.02233, -0.02728
0.02279, -0.02747
0.02326, -0.02766
0.02373, -0.02786
0.02421, -0.02805
0.02469, -0.02824
0.02517, -0.02843
0.02566, -0.02861
0.02616, -0.02880
0.02665, -0.02899
0.02716, -0.02917
0.02767, -0.02935
0.02818, -0.02954
0.02869, -0.02972
0.02922, -0.02990
0.02974, -0.03008
0.03027, -0.03026
0.03081, -0.03044
0.03135, -0.03062
0.03189, -0.03079
0.03244, -0.03097
0.03299, -0.03114
0.03355, -0.03132
0.03411, -0.03149
0.03467, -0.03166
0.03524, -0.03183
0.03582, -0.03200
0.03640, -0.03217
0.03698, -0.03234
0.03757, -0.03251
0.03816, -0.03267
0.03876, -0.03284
0.03936, -0.03300
0.03996, -0.03317
0.04057, -0.03333
0.04119, -0.03349
0.04180, -0.03365
0.04243, -0.03381
0.04305, -0.03397
0.04368, -0.03413
0.04432, -0.03429
0.04496, -0.03444
0.04560, -0.03460
0.04625, -0.03475
0.04691, -0.03491
0.04756, -0.03506
0.04822, -0.03521
0.04889, -0.03536
0.04956, -0.03551
0.05023, -0.03566
0.05091, -0.03581
0.05159, -0.03595
0.05228, -0.03610
0.05297, -0.03624
0.05367, -0.03639
0.05437, -0.03653
0.05507, -0.03668
0.05578, -0.03682
0.05649, -0.03696
0.05721, -0.03710
0.05793, -0.03724
0.05865, -0.03737
0.05938, -0.03751
0.06011, -0.03765
0.06085, -0.03778
0.06159, -0.03792
0.06233, -0.03805
0.06308, -0.03818
0.06384, -0.03832
0.06459, -0.03845
0.06536, -0.03858
0.06612, -0.03871
0.06689, -0.03883
0.06766, -0.03896
0.06844, -0.03909
0.06922, -0.03921
0.07001, -0.03934
0.07080, -0.03946
0.07159, -0.03958
0.07239, -0.03971
0.07319, -0.03983
0.07400, -0.03995
0.07481, -0.04007
0.07562, -0.04019
0.07644, -0.04031
0.07726, -0.04042
0.07809, -0.04054
0.07891, -0.04065
0.07975, -0.04077
0.08059, -0.04088
0.08143, -0.04099
0.08227, -0.04111
0.08312, -0.04122
0.08397, -0.04133
0.08483, -0.04144
0.08569, -0.04155
0.08656, -0.04165
0.08742, -0.04176
0.08830, -0.04187
0.08917, -0.04197
0.09005, -0.04208
0.09094, -0.04218
0.09182, -0.04228
0.09271, -0.04238
0.09361, -0.04249
0.09451, -0.04259
0.09541, -0.04269
0.09632, -0.04279
0.09723, -0.04288
0.09814, -0.04298
0.09906, -0.04308
0.09998, -0.04317
0.10090, -0.04327
0.10183, -0.04336
0.10276, -0.04345
0.10370, -0.04355
0.10464, -0.04364
0.10558, -0.04373
0.10653, -0.04382
0.10748, -0.04391
0.10844, -0.04400
0.10939, -0.04409
0.11035, -0.04417
0.11132, -0.04426
0.11229, -0.04435
0.11326, -0.04443
0.11424, -0.04451
0.11522, -0.04460
0.11620, -0.04468
0.11718, -0.04476
0.11817, -0.04484
0.11917, -0.04492
0.12017, -0.04500
0.12117, -0.04508
0.12217, -0.04516
0.12318, -0.04524
0.12419, -0.04532
0.12520, -0.04539
0.12622, -0.04547
0.12724, -0.04554
0.12827, -0.04562
0.12930, -0.04569
0.13033, -0.04576
0.13136, -0.04583
0.13240, -0.04591
0.13344, -0.04598
0.13449, -0.04605
0.13554, -0.04612
0.13659, -0.04618
0.13764, -0.04625
0.13870, -0.04632
0.13976, -0.04639
0.14083, -0.04645
0.14190, -0.04652
0.14297, -0.04658
0.14405, -0.04665
0.14513, -0.04671
0.14621, -0.04677
0.14730, -0.04683
0.14839, -0.04690
0.14948, -0.04696
0.15058, -0.04702
0.15168, -0.04708
0.15278, -0.04713
0.15389, -0.04719
0.15500, -0.04725
0.15612, -0.04731
0.15723, -0.04736
0.15835, -0.04742
0.15948, -0.04747
0.16061, -0.04753
0.16174, -0.04758
0.16287, -0.04763
0.16401, -0.04768
0.16515, -0.04774
0.16629, -0.04779
0.16744, -0.04784
0.16859, -0.04789
0.16975, -0.04793
0.17090, -0.04798
0.17206, -0.04803
0.17323, -0.04808
0.17440, -0.04812
0.17557, -0.04817
0.17674, -0.04821
0.17792, -0.04826
0.17910, -0.04830
0.18028, -0.04834
0.18147, -0.04838
0.18266, -0.04843
0.18385, -0.04847
0.18505, -0.04851
0.18625, -0.04855
0.18745, -0.04858
0.18866, -0.04862
0.18986, -0.04866
0.19108, -0.04870
0.19229, -0.04873
0.19351, -0.04877
0.19473, -0.04880
0.19596, -0.04884
0.19718, -0.04887
0.19842, -0.04890
0.19965, -0.04893
0.20089, -0.04896
0.20213, -0.04899
0.20337, -0.04902
0.20462, -0.04905
0.20586, -0.04908
0.20712, -0.04911
0.20837, -0.04913
0.20963, -0.04916
0.21089, -0.04919
0.21215, -0.04921
0.21342, -0.04924
0.21469, -0.04926
0.21596, -0.04928
0.21723, -0.04930
0.21851, -0.04933
0.21979, -0.04935
0.22107, -0.04937
0.22236, -0.04939
0.22365, -0.04940
0.22494, -0.04942
0.22623, -0.04944
0.22753, -0.04946
0.22883, -0.04947
0.23013, -0.04949
0.23143, -0.04950
0.23274, -0.04952
0.23405, -0.04953
0.23536, -0.04954
0.23668, -0.04955
0.23800, -0.04957
0.23932, -0.04958
0.24064, -0.04959
0.24196, -0.04960
0.24329, -0.04961
0.24462, -0.04961
0.24596, -0.04962
0.24729, -0.04963
0.24863, -0.04963
0.24997, -0.04964
0.25131, -0.04964
0.25266, -0.04965
0.25401, -0.04965
0.25536, -0.04966
0.25671, -0.04966
0.25807, -0.04966
0.25942, -0.04966
0.26078, -0.04966
0.26215, -0.04966
0.26351, -0.04966
0.26488, -0.04966
0.26625, -0.04966
0.26762, -0.04965
0.26900, -0.04965
0.27037, -0.04965
0.27175, -0.04964
0.27313, -0.04964
0.27452, -0.04963
0.27590, -0.04963
0.27729, -0.04962
0.27868, -0.04961
0.28007, -0.04960
0.28147, -0.04960
0.28287, -0.04959
0.28427, -0.04958
0.28567, -0.04957
0.28707, -0.04955
0.28848, -0.04954
0.28989, -0.04953
0.29130, -0.04952
0.29271, -0.04950
0.29412, -0.04949
0.29554, -0.04948
0.29696, -0.04946
0.29838, -0.04944
0.29980, -0.04943
0.30123, -0.04941
0.30265, -0.04939
0.30408, -0.04938
0.30551, -0.04936
0.30694, -0.04934
0.30838, -0.04932
0.30982, -0.04930
0.31125, -0.04928
0.31269, -0.04925
0.31414, -0.04923
0.31558, -0.04921
0.31703, -0.04919
0.31848, -0.04916
0.31993, -0.04914
0.32138, -0.04911
0.32283, -0.04909
0.32429, -0.04906
0.32574, -0.04904
0.32720, -0.04901
0.32866, -0.04898
0.33013, -0.04895
0.33159, -0.04892
0.33306, -0.04889
0.33452, -0.04886
0.33599, -0.04883
0.33747, -0.04880
0.33894, -0.04877
0.34041, -0.04874
0.34189, -0.04871
0.34337, -0.04867
0.34485, -0.04864
0.34633, -0.04861
0.34781, -0.04857
0.34930, -0.04854
0.35078, -0.04850
0.35227, -0.04846
0.35376, -0.04843
0.35525, -0.04839
0.35674, -0.04835
0.35824, -0.04831
0.35973, -0.04828
0.36123, -0.04824
0.36273, -0.04820
0.36423, -0.04816
0.36573, -0.04811
0.36723, -0.04807
0.36873, -0.04803
0.37024, -0.04799
0.37175, -0.04795
0.37325, -0.04790
0.37476, -0.04786
0.37627, -0.04781
0.37779, -0.04777
0.37930, -0.04772
0.38081, -0.04768
0.38233, -0.04763
0.38385, -0.04758
0.38537, -0.04754
0.38689, -0.04749
0.38841, -0.04744
0.38993, -0.04739
0.39145, -0.04734
0.39298, -0.04729
0.39450, -0.04724
0.39603, -0.04719
0.39756, -0.04714
0.39909, -0.04709
0.40062, -0.04704
0.40215, -0.04698
0.40368, -0.04693
0.40521, -0.04688
0.40675, -0.04682
0.40829, -0.04677
0.40982, -0.04671
0.41136, -0.04666
0.41290, -0.04660
0.41444, -0.04654
0.41598, -0.04649
0.41752, -0.04643
0.41906, -0.04637
0.42061, -0.04631
0.42215, -0.04625
0.42369, -0.04619
0.42524, -0.04614
0.42679, -0.04607
0.42833, -0.04601
0.42988, -0.04595
0.43143, -0.04589
0.43298, -0.04583
0.43453, -0.04577
0.43609, -0.04570
0.43764, -0.04564
0.43919, -0.04558
0.44074, -0.04551
0.44230, -0.04545
0.44385, -0.04538
0.44541, -0.04532
0.44697, -0.04525
0.44852, -0.04518
0.45008, -0.04512
0.45164, -0.04505
0.45320, -0.04498
0.45476, -0.04491
0.45632, -0.04484
0.45788, -0.04477
0.45944, -0.04470
0.46100, -0.04463
0.46256, -0.04456
0.46413, -0.04449
0.46569, -0.04442
0.46725, -0.04435
0.46882, -0.04428
0.47038, -0.04420
0.47195, -0.04413
0.47351, -0.04406
0.47508, -0.04398
0.47664, -0.04391
0.47821, -0.04383
0.47978, -0.04376
0.48134, -0.04368
0.48291, -0.04361
0.48448, -0.04353
0.48605, -0.04345
0.48761, -0.04337
0.48918, -0.04330
0.49075, -0.04322
0.49232, -0.04314
0.49389, -0.04306
0.49546, -0.04298
0.49703, -0.04290
0.49860, -0.04282
0.50017, -0.04274
0.50173, -0.04266
0.50330, -0.04258
0.50487, -0.04249
0.50644, -0.04241
0.50801, -0.04233
0.50958, -0.04225
0.51115, -0.04216
0.51272, -0.04208
0.51429, -0.04199
0.51586, -0.04191
0.51743, -0.04182
0.51900, -0.04174
0.52057, -0.04165
0.52214, -0.04156
0.52371, -0.04148
0.52528, -0.04139
0.52685, -0.04130
0.52842, -0.04121
0.52999, -0.04112
0.53155, -0.04104
0.53312, -0.04095
0.53469, -0.04086
0.53626, -0.04077
0.53783, -0.04067
0.53939, -0.04058
0.54096, -0.04049
0.54253, -0.04040
0.54409, -0.04031
0.54566, -0.04022
0.54722, -0.04012
0.54879, -0.04003
0.55035, -0.03993
0.55192, -0.03984
0.55348, -0.03975
0.55505, -0.03965
0.55661, -0.03956
0.55817, -0.03946
0.55973, -0.03936
0.56130, -0.03927
0.56286, -0.03917
0.56442, -0.03907
0.56598, -0.03897
0.56754, -0.03888
0.56910, -0.03878
0.57065, -0.03868
0.57221, -0.03858
0.57377, -0.03848
0.57532, -0.03838
0.57688, -0.03828
0.57844, -0.03818
0.57999, -0.03808
0.58154, -0.03797
0.58310, -0.03787
0.58465, -0.03777
0.58620, -0.03767
0.58775, -0.03756
0.58930, -0.03746
0.59085, -0.03736
0.59240, -0.03725
0.59394, -0.03715
0.59549, -0.03704
0.59704, -0.03694
0.59858, -0.03683
0.60012, -0.03672
0.60167, -0.03662
0.60321, -0.03651
0.60475, -0.03640
0.60629, -0.03630
0.60783, -0.03619
0.60937, -0.03608
0.61090, -0.03597
0.61244, -0.03586
0.61397, -0.03575
0.61551, -0.03564
0.61704, -0.03553
0.61857, -0.03542
0.62010, -0.03531
0.62163, -0.03520
0.62316, -0.03509
0.62469, -0.03498
0.62621, -0.03486
0.62774, -0.03475
0.62926, -0.03464
0.63078, -0.03452
0.63230, -0.03441
0.63382, -0.03430
0.63534, -0.03418
0.63686, -0.03407
0.63837, -0.03395
0.63989, -0.03383
0.64140, -0.03372
0.64291, -0.03360
0.64442, -0.03349
0.64593, -0.03337
0.64744, -0.03325
0.64894, -0.03313
0.65045, -0.03302
0.65195, -0.03290
0.65345, -0.03278
0.65495, -0.03266
0.65645, -0.03254
0.65795, -0.03242
0.65945, -0.03230
0.66094, -0.03218
0.66243, -0.03206
0.66392, -0.03194
0.66541, -0.03182
0.66690, -0.03170
0.66839, -0.03157
0.66987, -0.03145
0.67136, -0.03133
0.67284, -0.03120
0.67433, -0.03108
0.67581, -0.03096
0.67729, -0.03083
0.67877, -0.03071
0.68025, -0.03058
0.68172, -0.03045
0.68320, -0.03033
0.68468, -0.03020
0.68615, -0.03007
0.68762, -0.02994
0.68909, -0.02981
0.69056, -0.02968
0.69203, -0.02955
0.69350, -0.02942
0.69497, -0.02929
0.69643, -0.02916
0.69789, -0.02902
0.69936, -0.02889
0.70082, -0.02875
0.70228, -0.02862
0.70373, -0.02848
0.70519, -0.02834
0.70664, -0.02820
0.70810, -0.02806
0.70955, -0.02792
0.71100, -0.02778
0.71244, -0.02763
0.71389, -0.02749
0.71533, -0.02735
0.71678, -0.02720
0.71822, -0.02705
0.71966, -0.02690
0.72109, -0.02675
0.72253, -0.02660
0.72396, -0.02645
0.72540, -0.02630
0.72682, -0.02614
0.72825, -0.02599
0.72968, -0.02583
0.73110, -0.02567
0.73252, -0.02551
0.73394, -0.02535
0.73536, -0.02519
0.73678, -0.02503
0.73819, -0.02486
0.73960, -0.02470
0.74101, -0.02453
0.74242, -0.02436
0.74382, -0.02419
0.74523, -0.02402
0.74663, -0.02385
0.74803, -0.02367
0.74942, -0.02350
0.75082, -0.02332
0.75221, -0.02314
0.75359, -0.02296
0.75498, -0.02278
0.75636, -0.02260
0.75774, -0.02242
0.75911, -0.02223
0.76048, -0.02204
0.76185, -0.02186
0.76321, -0.02167
0.76457, -0.02148
0.76593, -0.02129
0.76728, -0.02110
0.76863, -0.02090
0.76998, -0.02071
0.77132, -0.02051
0.77266, -0.02032
0.77399, -0.02012
0.77533, -0.01993
0.77666, -0.01973
0.77798, -0.01953
0.77930, -0.01933
0.78062, -0.01913
0.78194, -0.01893
0.78325, -0.01873
0.78456, -0.01852
0.78586, -0.01832
0.78716, -0.01812
0.78846, -0.01791
0.78976, -0.01771
0.79105, -0.01751
0.79234, -0.01730
0.79362, -0.01709
0.79490, -0.01689
0.79618, -0.01668
0.79745, -0.01648
0.79872, -0.01627
0.79999, -0.01606
0.80125, -0.01585
0.80251, -0.01565
0.80377, -0.01544
0.80502, -0.01523
0.80627, -0.01502
0.80751, -0.01482
0.80876, -0.01461
0.81000, -0.01440
0.81123, -0.01419
0.81246, -0.01398
0.81369, -0.01377
0.81491, -0.01357
0.81614, -0.01336
0.81735, -0.01315
0.81857, -0.01294
0.81978, -0.01273
0.82098, -0.01252
0.82219, -0.01232
0.82339, -0.01211
0.82458, -0.01190
0.82578, -0.01170
0.82697, -0.01149
0.82815, -0.01128
0.82933, -0.01108
0.83051, -0.01087
0.83169, -0.01067
0.83286, -0.01046
0.83403, -0.01026
0.83519, -0.01005
0.83635, -0.00985
0.83751, -0.00964
0.83866, -0.00944
0.83981, -0.00924
0.84096, -0.00904
0.84210, -0.00883
0.84324, -0.00863
0.84438, -0.00843
0.84551, -0.00823
0.84664, -0.00803
0.84776, -0.00783
0.84888, -0.00764
0.85000, -0.00744
0.85112, -0.00724
0.85223, -0.00704
0.85333, -0.00685
0.85444, -0.00665
0.85554, -0.00646
0.85663, -0.00626
0.85773, -0.00607
0.85882, -0.00588
0.85990, -0.00568
0.86098, -0.00549
0.86206, -0.00530
0.86314, -0.00511
0.86421, -0.00492
0.86527, -0.00473
0.86634, -0.00455
0.86740, -0.00436
0.86845, -0.00417
0.86951, -0.00399
0.87056, -0.00380
0.87160, -0.00362
0.87264, -0.00343
0.87368, -0.00325
0.87471, -0.00307
0.87574, -0.00289
0.87677, -0.00271
0.87779, -0.00253
0.87881, -0.00235
0.87983, -0.00217
0.88084, -0.00200
0.88185, -0.00182
0.88285, -0.00165
0.88385, -0.00147
0.88485, -0.00130
0.88584, -0.00113
0.88683, -0.00096
0.88781, -0.00079
0.88880, -0.00062
0.88977, -0.00045
0.89075, -0.00028
0.89172, -0.00011
0.89268, 0.00005
0.89364, 0.00022
0.89460, 0.00038
0.89556, 0.00054
0.89651, 0.00071
0.89745, 0.00087
0.89840, 0.00103
0.89934, 0.00119
0.90027, 0.00135
0.90120, 0.00150
0.90213, 0.00166
0.90305, 0.00181
0.90397, 0.00197
0.90489, 0.00212
0.90580, 0.00227
0.90671, 0.00243
0.90761, 0.00258
0.90851, 0.00273
0.90941, 0.00287
0.91030, 0.00302
0.91119, 0.00317
0.91207, 0.00331
0.91295, 0.00346
0.91383, 0.00360
0.91470, 0.00374
0.91557, 0.00389
0.91643, 0.00403
0.91729, 0.00416
0.91815, 0.00430
0.91900, 0.00444
0.91984, 0.00458
0.92069, 0.00471
0.92153, 0.00485
0.92236, 0.00498
0.92320, 0.00511
0.92402, 0.00524
0.92485, 0.00537
0.92567, 0.00550
0.92648, 0.00563
0.92729, 0.00576
0.92810, 0.00588
0.92890, 0.00601
0.92970, 0.00613
0.93049, 0.00626
0.93128, 0.00638
0.93207, 0.00650
0.93285, 0.00662
0.93363, 0.00674
0.93440, 0.00686
0.93517, 0.00698
0.93594, 0.00709
0.93670, 0.00721
0.93746, 0.00732
0.93821, 0.00743
0.93896, 0.00755
0.93970, 0.00766
0.94044, 0.00777
0.94118, 0.00788
0.94191, 0.00798
0.94264, 0.00809
0.94336, 0.00820
0.94408, 0.00830
0.94479, 0.00841
0.94551, 0.00851
0.94621, 0.00861
0.94691, 0.00871
0.94761, 0.00881
0.94830, 0.00891
0.94899, 0.00901
0.94968, 0.00911
0.95036, 0.00921
0.95103, 0.00930
0.95170, 0.00940
0.95237, 0.00949
0.95303, 0.00958
0.95369, 0.00967
0.95435, 0.00977
0.95500, 0.00985
0.95564, 0.00994
0.95628, 0.01003
0.95692, 0.01012
0.95755, 0.01021
0.95818, 0.01029
0.95880, 0.01037
0.95942, 0.01046
0.96003, 0.01054
0.96064, 0.01062
0.96125, 0.01070
0.96185, 0.01078
0.96245, 0.01086
0.96304, 0.01094
0.96363, 0.01102
0.96421, 0.01109
0.96479, 0.01117
0.96536, 0.01124
0.96593, 0.01132
0.96650, 0.01139
0.96706, 0.01146
0.96761, 0.01153
0.96816, 0.01160
0.96871, 0.01167
0.96925, 0.01174
0.96979, 0.01181
0.97033, 0.01188
0.97085, 0.01194
0.97138, 0.01201
0.97190, 0.01207
0.97241, 0.01214
0.97292, 0.01220
0.97343, 0.01226
0.97393, 0.01232
0.97443, 0.01238
0.97492, 0.01244
0.97541, 0.01250
0.97589, 0.01256
0.97637, 0.01262
0.97684, 0.01267
0.97731, 0.01273
0.97777, 0.01278
0.97823, 0.01284
0.97869, 0.01289
0.97914, 0.01294
0.97958, 0.01300
0.98002, 0.01305
0.98046, 0.01310
0.98089, 0.01315
0.98132, 0.01320
0.98174, 0.01325
0.98216, 0.01329
0.98257, 0.01334
0.98298, 0.01339
0.98338, 0.01343
0.98378, 0.01348
0.98417, 0.01352
0.98456, 0.01357
0.98495, 0.01361
0.98532, 0.01365
0.98570, 0.01369
0.98607, 0.01373
0.98643, 0.01377
0.98679, 0.01381
0.98715, 0.01385
0.98750, 0.01389
0.98785, 0.01393
0.98819, 0.01396
0.98852, 0.01400
0.98886, 0.01404
0.98918, 0.01407
0.98951, 0.01411
0.98982, 0.01414
0.99013, 0.01417
0.99044, 0.01421
0.99074, 0.01424
0.99104, 0.01427
0.99134, 0.01430
0.99162, 0.01433
0.99191, 0.01436
0.99219, 0.01439
0.99246, 0.01442
0.99273, 0.01445
0.99299, 0.01447
0.99325, 0.01450
0.99351, 0.01453
0.99375, 0.01455
0.99400, 0.01458
0.99424, 0.01460
0.99447, 0.01462
0.99470, 0.01465
0.99493, 0.01467
0.99515, 0.01469
0.99536, 0.01471
0.99557, 0.01474
0.99578, 0.01476
0.99598, 0.01478
0.99617, 0.01480
0.99636, 0.01481
0.99655, 0.01483
0.99673, 0.01485
0.99691, 0.01487
0.99708, 0.01489
0.99724, 0.01490
0.99740, 0.01492
0.99756, 0.01493
0.99771, 0.01495
0.99786, 0.01496
0.99800, 0.01498
0.99814, 0.01499
0.99827, 0.01500
0.99839, 0.01501
0.99851, 0.01503
0.99863, 0.01504
0.99874, 0.01505
0.99885, 0.01506
0.99895, 0.01507
0.99905, 0.01508
0.99914, 0.01509
0.99923, 0.01510
0.99931, 0.01510
0.99939, 0.01511
0.99946, 0.01512
0.99952, 0.01512
0.99959, 0.01513
0.99964, 0.01514
0.99970, 0.01514
0.99974, 0.01515
0.99979, 0.01515
0.99982, 0.01515
0.99986, 0.01516
0.99988, 0.01516
0.99990, 0.01516
0.99992, 0.01516
0.99993, 0.01516
0.99992, 0.01517
0.99992, 0.01517
