airfoil_points_084
1.000000 -0.004927
0.999748 -0.004879
0.998993 -0.004735
0.997736 -0.004495
0.995977 -0.004162
0.993719 -0.003735
0.990964 -0.003218
0.987715 -0.002612
0.983974 -0.001921
0.979746 -0.001146
0.975036 -0.000291
0.969846 0.000641
0.964184 0.001646
0.958054 0.002721
0.951463 0.003863
0.944418 0.005067
0.936925 0.006331
0.928992 0.007652
0.920627 0.009026
0.911838 0.010450
0.902635 0.011923
0.893027 0.013443
0.883022 0.015007
0.872632 0.016614
0.861867 0.018265
0.850737 0.019959
0.839255 0.021696
0.827430 0.023476
0.815276 0.025299
0.802805 0.027160
0.790028 0.029056
0.776960 0.030982
0.763613 0.032936
0.750000 0.034911
0.736136 0.036902
0.722033 0.038897
0.707708 0.040885
0.693173 0.042852
0.678443 0.044785
0.663534 0.046671
0.648460 0.048501
0.633237 0.050272
0.617879 0.051981
0.602403 0.053624
0.586824 0.055200
0.571157 0.056706
0.555419 0.058139
0.539625 0.059497
0.523791 0.060778
0.507933 0.061980
0.492067 0.063102
0.476209 0.064141
0.460375 0.065096
0.444581 0.065966
0.428843 0.066749
0.413176 0.067443
0.397597 0.068048
0.382121 0.068562
0.366763 0.068984
0.351540 0.069314
0.336466 0.069549
0.321557 0.069691
0.306827 0.069737
0.292292 0.069687
0.277967 0.069542
0.263864 0.069300
0.250000 0.068947
0.236387 0.068433
0.223040 0.067713
0.209972 0.066745
0.197195 0.065501
0.184724 0.063959
0.172570 0.062116
0.160745 0.059980
0.149263 0.057562
0.138133 0.054874
0.127368 0.051930
0.116978 0.048743
0.106973 0.045334
0.097365 0.041750
0.088162 0.038033
0.079373 0.034221
0.071008 0.030352
0.063075 0.026455
0.055582 0.022556
0.048537 0.018679
0.041946 0.014842
0.035816 0.011060
0.030154 0.007344
0.024964 0.003702
0.020254 0.000140
0.016026 -0.003338
0.012285 -0.006728
0.009036 -0.010028
0.006281 -0.013235
0.004023 -0.016339
0.002264 -0.019320
0.001007 -0.022123
0.000252 -0.024539
0.000000 -0.025720
0.000252 -0.032737
0.001007 -0.034903
0.002264 -0.037246
0.004023 -0.039547
0.006281 -0.041739
0.009036 -0.043794
0.012285 -0.045697
0.016026 -0.047437
0.020254 -0.049004
0.024964 -0.050389
0.030154 -0.051585
0.035816 -0.052587
0.041946 -0.053389
0.048537 -0.053988
0.055582 -0.054383
0.063075 -0.054578
0.071008 -0.054578
0.079373 -0.054394
0.088162 -0.054041
0.097365 -0.053542
0.106973 -0.052927
0.116978 -0.052234
0.127368 -0.051511
0.138133 -0.050821
0.149263 -0.050227
0.160745 -0.049748
0.172570 -0.049394
0.184724 -0.049175
0.197195 -0.049099
0.209972 -0.049167
0.223040 -0.049351
0.236387 -0.049606
0.250000 -0.049880
0.263864 -0.050119
0.277967 -0.050270
0.292292 -0.050322
0.306827 -0.050276
0.321557 -0.050137
0.336466 -0.049909
0.351540 -0.049595
0.366763 -0.049201
0.382121 -0.048730
0.397597 -0.048190
0.413176 -0.047583
0.428843 -0.046917
0.444581 -0.046197
0.460375 -0.045428
0.476209 -0.044617
0.492067 -0.043768
0.507933 -0.042889
0.523791 -0.041984
0.539625 -0.041059
0.555419 -0.040120
0.571157 -0.039172
0.586824 -0.038219
0.602403 -0.037268
0.617879 -0.036321
0.633237 -0.035385
0.648460 -0.034461
0.663534 -0.033555
0.678443 -0.032669
0.693173 -0.031800
0.707708 -0.030940
0.722033 -0.030082
0.736136 -0.029219
0.750000 -0.028346
0.763613 -0.027459
0.776960 -0.026557
0.790028 -0.025643
0.802805 -0.024717
0.815276 -0.023781
0.827430 -0.022839
0.839255 -0.021891
0.850737 -0.020943
0.861867 -0.020000
0.872632 -0.019068
0.883022 -0.018153
0.893027 -0.017259
0.902635 -0.016390
0.911838 -0.015551
0.920627 -0.014745
0.928992 -0.013974
0.936925 -0.013240
0.944418 -0.012547
0.951463 -0.011894
0.958054 -0.011284
0.964184 -0.010718
0.969846 -0.010196
0.975036 -0.009719
0.979746 -0.009287
0.983974 -0.008901
0.987715 -0.008560
0.990964 -0.008265
0.993719 -0.008016
0.995977 -0.007812
0.997736 -0.007654
0.998993 -0.007541
0.999748 -0.007473
1.000000 -0.007454
