=== Airfoil Parameters ===
m = 0.02
p = 0.4
t = 0.12

=== Control Points ===
0.00000, 0.01153, 0.01153
0.06667, 0.01298, 0.00687
0.13333, 0.01178, 0.00067
0.20000, 0.01094, -0.00406
0.26667, 0.01049, -0.00728
0.66667, 0.00610, -0.00995
0.75000, 0.00499, -0.00820
0.83333, 0.01493, 0.00537
0.91667, 0.03450, 0.02934
1.00000, 0.04877, 0.04877

=== Upper Surface ===
0.00000, 0.01153
-0.00002, 0.01181
-0.00002, 0.01209
-0.00003, 0.01237
-0.00003, 0.01265
-0.00002, 0.01293
-0.00001, 0.01321
0.00000, 0.01349
0.00002, 0.01377
0.00005, 0.01404
0.00008, 0.01432
0.00011, 0.01460
0.00016, 0.01488
0.00020, 0.01516
0.00025, 0.01544
0.00031, 0.01572
0.00037, 0.01599
0.00043, 0.01627
0.00050, 0.01655
0.00058, 0.01683
0.00066, 0.01711
0.00075, 0.01738
0.00084, 0.01766
0.00093, 0.01794
0.00104, 0.01822
0.00114, 0.01850
0.00125, 0.01877
0.00137, 0.01905
0.00149, 0.01933
0.00162, 0.01960
0.00175, 0.01988
0.00189, 0.02016
0.00203, 0.02043
0.00218, 0.02071
0.00233, 0.02099
0.00249, 0.02126
0.00265, 0.02154
0.00282, 0.02181
0.00299, 0.02209
0.00317, 0.02236
0.00335, 0.02264
0.00354, 0.02291
0.00373, 0.02319
0.00393, 0.02346
0.00413, 0.02374
0.00434, 0.02401
0.00456, 0.02428
0.00478, 0.02456
0.00500, 0.02483
0.00523, 0.02510
0.00547, 0.02538
0.00570, 0.02565
0.00595, 0.02592
0.00620, 0.02619
0.00646, 0.02647
0.00672, 0.02674
0.00698, 0.02701
0.00725, 0.02728
0.00753, 0.02755
0.00781, 0.02782
0.00810, 0.02809
0.00839, 0.02836
0.00868, 0.02863
0.00899, 0.02890
0.00929, 0.02917
0.00961, 0.02943
0.00992, 0.02970
0.01025, 0.02997
0.01057, 0.03024
0.01091, 0.03050
0.01124, 0.03077
0.01159, 0.03104
0.01194, 0.03130
0.01229, 0.03157
0.01265, 0.03183
0.01301, 0.03209
0.01338, 0.03236
0.01375, 0.03262
0.01413, 0.03288
0.01452, 0.03315
0.01491, 0.03341
0.01530, 0.03367
0.01570, 0.03393
0.01611, 0.03419
0.01652, 0.03445
0.01693, 0.03471
0.01735, 0.03497
0.01778, 0.03522
0.01821, 0.03548
0.01864, 0.03574
0.01908, 0.03599
0.01953, 0.03625
0.01998, 0.03651
0.02044, 0.03676
0.02090, 0.03701
0.02136, 0.03727
0.02184, 0.03752
0.02231, 0.03777
0.02279, 0.03802
0.02328, 0.03827
0.02377, 0.03852
0.02427, 0.03877
0.02477, 0.03902
0.02528, 0.03927
0.02579, 0.03951
0.02630, 0.03976
0.02682, 0.04001
0.02735, 0.04025
0.02788, 0.04049
0.02842, 0.04074
0.02896, 0.04098
0.02951, 0.04122
0.03006, 0.04146
0.03062, 0.04170
0.03118, 0.04194
0.03174, 0.04218
0.03231, 0.04242
0.03289, 0.04265
0.03347, 0.04289
0.03406, 0.04312
0.03465, 0.04336
0.03524, 0.04359
0.03584, 0.04382
0.03645, 0.04405
0.03706, 0.04428
0.03767, 0.04451
0.03829, 0.04474
0.03892, 0.04497
0.03955, 0.04520
0.04018, 0.04542
0.04082, 0.04565
0.04147, 0.04587
0.04211, 0.04609
0.04277, 0.04631
0.04343, 0.04654
0.04409, 0.04676
0.04476, 0.04697
0.04543, 0.04719
0.04611, 0.04741
0.04679, 0.04762
0.04747, 0.04784
0.04816, 0.04805
0.04886, 0.04826
0.04956, 0.04848
0.05026, 0.04869
0.05097, 0.04890
0.05169, 0.04910
0.05241, 0.04931
0.05313, 0.04952
0.05386, 0.04972
0.05459, 0.04993
0.05532, 0.05013
0.05607, 0.05033
0.05681, 0.05053
0.05756, 0.05073
0.05832, 0.05093
0.05907, 0.05112
0.05984, 0.05132
0.06061, 0.05152
0.06138, 0.05171
0.06215, 0.05190
0.06293, 0.05209
0.06372, 0.05228
0.06451, 0.05247
0.06530, 0.05266
0.06610, 0.05285
0.06690, 0.05303
0.06771, 0.05322
0.06852, 0.05340
0.06933, 0.05358
0.07015, 0.05376
0.07098, 0.05394
0.07180, 0.05412
0.07264, 0.05430
0.07347, 0.05447
0.07431, 0.05465
0.07516, 0.05482
0.07600, 0.05499
0.07685, 0.05516
0.07771, 0.05533
0.07857, 0.05550
0.07943, 0.05567
0.08030, 0.05584
0.08117, 0.05600
0.08205, 0.05617
0.08293, 0.05633
0.08381, 0.05649
0.08470, 0.05665
0.08559, 0.05681
0.08649, 0.05697
0.08739, 0.05713
0.08829, 0.05728
0.08920, 0.05744
0.09011, 0.05759
0.09102, 0.05774
0.09194, 0.05789
0.09286, 0.05804
0.09378, 0.05819
0.09471, 0.05834
0.09565, 0.05849
0.09658, 0.05863
0.09752, 0.05878
0.09846, 0.05892
0.09941, 0.05906
0.10036, 0.05920
0.10131, 0.05934
0.10227, 0.05948
0.10323, 0.05962
0.10420, 0.05975
0.10516, 0.05989
0.10613, 0.06002
0.10711, 0.06016
0.10809, 0.06029
0.10907, 0.06042
0.11005, 0.06055
0.11104, 0.06068
0.11203, 0.06081
0.11302, 0.06094
0.11402, 0.06106
0.11502, 0.06119
0.11602, 0.06131
0.11703, 0.06144
0.11804, 0.06156
0.11905, 0.06168
0.12007, 0.06180
0.12109, 0.06192
0.12211, 0.06204
0.12313, 0.06216
0.12416, 0.06227
0.12519, 0.06239
0.12622, 0.06251
0.12726, 0.06262
0.12830, 0.06273
0.12934, 0.06285
0.13039, 0.06296
0.13144, 0.06307
0.13249, 0.06318
0.13354, 0.06329
0.13460, 0.06340
0.13566, 0.06351
0.13672, 0.06362
0.13779, 0.06372
0.13886, 0.06383
0.13993, 0.06393
0.14101, 0.06404
0.14209, 0.06414
0.14318, 0.06425
0.14427, 0.06435
0.14536, 0.06445
0.14646, 0.06455
0.14756, 0.06465
0.14866, 0.06475
0.14977, 0.06485
0.15088, 0.06495
0.15199, 0.06505
0.15311, 0.06514
0.15423, 0.06524
0.15535, 0.06533
0.15648, 0.06543
0.15761, 0.06552
0.15875, 0.06561
0.15989, 0.06570
0.16103, 0.06580
0.16218, 0.06589
0.16333, 0.06598
0.16448, 0.06606
0.16563, 0.06615
0.16679, 0.06624
0.16796, 0.06632
0.16912, 0.06641
0.17029, 0.06649
0.17147, 0.06658
0.17265, 0.06666
0.17383, 0.06674
0.17501, 0.06682
0.17620, 0.06690
0.17739, 0.06698
0.17858, 0.06706
0.17978, 0.06714
0.18098, 0.06722
0.18218, 0.06729
0.18339, 0.06737
0.18460, 0.06744
0.18582, 0.06752
0.18704, 0.06759
0.18826, 0.06766
0.18948, 0.06773
0.19071, 0.06780
0.19194, 0.06787
0.19317, 0.06794
0.19441, 0.06800
0.19565, 0.06807
0.19690, 0.06814
0.19814, 0.06820
0.19939, 0.06826
0.20065, 0.06832
0.20190, 0.06839
0.20316, 0.06845
0.20443, 0.06851
0.20569, 0.06856
0.20696, 0.06862
0.20823, 0.06868
0.20951, 0.06873
0.21078, 0.06879
0.21206, 0.06884
0.21335, 0.06890
0.21463, 0.06895
0.21592, 0.06900
0.21721, 0.06905
0.21850, 0.06910
0.21980, 0.06915
0.22110, 0.06919
0.22240, 0.06924
0.22371, 0.06928
0.22501, 0.06933
0.22632, 0.06937
0.22764, 0.06941
0.22895, 0.06946
0.23027, 0.06950
0.23159, 0.06954
0.23291, 0.06957
0.23424, 0.06961
0.23557, 0.06965
0.23690, 0.06968
0.23823, 0.06972
0.23957, 0.06975
0.24091, 0.06979
0.24225, 0.06982
0.24359, 0.06985
0.24494, 0.06988
0.24629, 0.06991
0.24764, 0.06994
0.24899, 0.06997
0.25035, 0.06999
0.25171, 0.07002
0.25307, 0.07005
0.25443, 0.07007
0.25580, 0.07009
0.25717, 0.07011
0.25854, 0.07014
0.25991, 0.07016
0.26128, 0.07018
0.26266, 0.07020
0.26404, 0.07021
0.26542, 0.07023
0.26681, 0.07025
0.26819, 0.07026
0.26958, 0.07028
0.27098, 0.07029
0.27237, 0.07030
0.27377, 0.07031
0.27516, 0.07033
0.27656, 0.07034
0.27797, 0.07034
0.27937, 0.07035
0.28078, 0.07036
0.28219, 0.07037
0.28360, 0.07037
0.28502, 0.07038
0.28643, 0.07038
0.28785, 0.07038
0.28927, 0.07039
0.29069, 0.07039
0.29212, 0.07039
0.29355, 0.07039
0.29498, 0.07039
0.29641, 0.07039
0.29784, 0.07038
0.29928, 0.07038
0.30071, 0.07037
0.30215, 0.07037
0.30359, 0.07036
0.30504, 0.07035
0.30648, 0.07035
0.30793, 0.07034
0.30938, 0.07033
0.31083, 0.07032
0.31229, 0.07030
0.31374, 0.07029
0.31520, 0.07028
0.31666, 0.07026
0.31812, 0.07025
0.31958, 0.07023
0.32105, 0.07022
0.32252, 0.07020
0.32398, 0.07018
0.32545, 0.07016
0.32693, 0.07014
0.32840, 0.07012
0.32988, 0.07010
0.33135, 0.07007
0.33283, 0.07005
0.33432, 0.07003
0.33580, 0.07000
0.33728, 0.06997
0.33877, 0.06995
0.34026, 0.06992
0.34175, 0.06989
0.34324, 0.06986
0.34473, 0.06983
0.34623, 0.06980
0.34772, 0.06977
0.34922, 0.06973
0.35072, 0.06970
0.35222, 0.06966
0.35372, 0.06963
0.35523, 0.06959
0.35673, 0.06955
0.35824, 0.06952
0.35975, 0.06948
0.36126, 0.06944
0.36277, 0.06940
0.36428, 0.06935
0.36580, 0.06931
0.36731, 0.06927
0.36883, 0.06922
0.37035, 0.06918
0.37187, 0.06913
0.37339, 0.06909
0.37491, 0.06904
0.37644, 0.06899
0.37796, 0.06894
0.37949, 0.06889
0.38102, 0.06884
0.38255, 0.06879
0.38408, 0.06874
0.38561, 0.06868
0.38714, 0.06863
0.38868, 0.06857
0.39021, 0.06852
0.39175, 0.06846
0.39328, 0.06840
0.39482, 0.06834
0.39636, 0.06828
0.39790, 0.06822
0.39945, 0.06816
0.40099, 0.06810
0.40253, 0.06804
0.40408, 0.06797
0.40563, 0.06791
0.40717, 0.06784
0.40872, 0.06778
0.41027, 0.06771
0.41182, 0.06764
0.41337, 0.06757
0.41492, 0.06750
0.41648, 0.06743
0.41803, 0.06736
0.41959, 0.06729
0.42114, 0.06722
0.42270, 0.06714
0.42426, 0.06707
0.42582, 0.06700
0.42737, 0.06692
0.42893, 0.06684
0.43050, 0.06676
0.43206, 0.06669
0.43362, 0.06661
0.43518, 0.06653
0.43675, 0.06645
0.43831, 0.06636
0.43988, 0.06628
0.44144, 0.06620
0.44301, 0.06611
0.44458, 0.06603
0.44614, 0.06594
0.44771, 0.06585
0.44928, 0.06577
0.45085, 0.06568
0.45242, 0.06559
0.45399, 0.06550
0.45556, 0.06541
0.45713, 0.06532
0.45871, 0.06522
0.46028, 0.06513
0.46185, 0.06504
0.46343, 0.06494
0.46500, 0.06485
0.46657, 0.06475
0.46815, 0.06465
0.46972, 0.06455
0.47130, 0.06446
0.47288, 0.06436
0.47445, 0.06426
0.47603, 0.06415
0.47761, 0.06405
0.47918, 0.06395
0.48076, 0.06384
0.48234, 0.06374
0.48392, 0.06364
0.48549, 0.06353
0.48707, 0.06342
0.48865, 0.06331
0.49023, 0.06321
0.49181, 0.06310
0.49339, 0.06299
0.49497, 0.06288
0.49655, 0.06276
0.49813, 0.06265
0.49971, 0.06254
0.50129, 0.06242
0.50287, 0.06231
0.50445, 0.06219
0.50603, 0.06208
0.50760, 0.06196
0.50918, 0.06184
0.51076, 0.06172
0.51234, 0.06160
0.51392, 0.06148
0.51550, 0.06136
0.51708, 0.06124
0.51866, 0.06112
0.52024, 0.06099
0.52182, 0.06087
0.52340, 0.06075
0.52498, 0.06062
0.52655, 0.06049
0.52813, 0.06037
0.52971, 0.06024
0.53129, 0.06011
0.53287, 0.05998
0.53444, 0.05985
0.53602, 0.05972
0.53760, 0.05959
0.53917, 0.05945
0.54075, 0.05932
0.54232, 0.05919
0.54390, 0.05905
0.54547, 0.05892
0.54705, 0.05878
0.54862, 0.05864
0.55019, 0.05850
0.55177, 0.05837
0.55334, 0.05823
0.55491, 0.05809
0.55648, 0.05795
0.55805, 0.05780
0.55962, 0.05766
0.56119, 0.05752
0.56276, 0.05738
0.56433, 0.05723
0.56590, 0.05709
0.56747, 0.05694
0.56903, 0.05679
0.57060, 0.05665
0.57217, 0.05650
0.57373, 0.05635
0.57529, 0.05620
0.57686, 0.05605
0.57842, 0.05590
0.57998, 0.05575
0.58154, 0.05559
0.58310, 0.05544
0.58466, 0.05529
0.58622, 0.05513
0.58778, 0.05498
0.58934, 0.05482
0.59089, 0.05466
0.59245, 0.05451
0.59400, 0.05435
0.59555, 0.05419
0.59711, 0.05403
0.59866, 0.05387
0.60021, 0.05371
0.60176, 0.05355
0.60331, 0.05339
0.60485, 0.05322
0.60640, 0.05306
0.60795, 0.05289
0.60949, 0.05273
0.61103, 0.05256
0.61257, 0.05240
0.61412, 0.05223
0.61566, 0.05206
0.61719, 0.05190
0.61873, 0.05173
0.62027, 0.05156
0.62180, 0.05139
0.62334, 0.05122
0.62487, 0.05104
0.62640, 0.05087
0.62793, 0.05070
0.62946, 0.05052
0.63099, 0.05035
0.63251, 0.05018
0.63404, 0.05000
0.63556, 0.04982
0.63708, 0.04965
0.63861, 0.04947
0.64013, 0.04929
0.64164, 0.04911
0.64316, 0.04893
0.64468, 0.04875
0.64619, 0.04857
0.64770, 0.04839
0.64921, 0.04821
0.65072, 0.04803
0.65223, 0.04784
0.65374, 0.04766
0.65524, 0.04748
0.65674, 0.04729
0.65825, 0.04711
0.65975, 0.04692
0.66124, 0.04673
0.66274, 0.04655
0.66424, 0.04636
0.66573, 0.04617
0.66722, 0.04598
0.66871, 0.04579
0.67020, 0.04560
0.67168, 0.04541
0.67316, 0.04522
0.67463, 0.04503
0.67610, 0.04484
0.67757, 0.04465
0.67903, 0.04446
0.68049, 0.04427
0.68194, 0.04408
0.68339, 0.04389
0.68484, 0.04370
0.68628, 0.04351
0.68772, 0.04332
0.68916, 0.04313
0.69059, 0.04294
0.69201, 0.04276
0.69344, 0.04257
0.69486, 0.04239
0.69627, 0.04220
0.69769, 0.04202
0.69910, 0.04184
0.70050, 0.04166
0.70190, 0.04148
0.70330, 0.04131
0.70469, 0.04113
0.70608, 0.04096
0.70747, 0.04078
0.70885, 0.04061
0.71023, 0.04044
0.71161, 0.04028
0.71298, 0.04011
0.71435, 0.03995
0.71572, 0.03979
0.71708, 0.03963
0.71844, 0.03947
0.71979, 0.03932
0.72114, 0.03916
0.72249, 0.03901
0.72384, 0.03886
0.72518, 0.03872
0.72651, 0.03858
0.72785, 0.03844
0.72918, 0.03830
0.73051, 0.03816
0.73183, 0.03803
0.73315, 0.03790
0.73447, 0.03777
0.73579, 0.03765
0.73710, 0.03753
0.73841, 0.03741
0.73971, 0.03729
0.74101, 0.03718
0.74231, 0.03707
0.74361, 0.03696
0.74490, 0.03686
0.74619, 0.03676
0.74748, 0.03666
0.74876, 0.03657
0.75004, 0.03648
0.75132, 0.03640
0.75260, 0.03631
0.75388, 0.03623
0.75515, 0.03616
0.75643, 0.03608
0.75770, 0.03601
0.75897, 0.03595
0.76024, 0.03588
0.76151, 0.03582
0.76277, 0.03577
0.76404, 0.03571
0.76530, 0.03566
0.76656, 0.03562
0.76782, 0.03557
0.76908, 0.03553
0.77034, 0.03549
0.77159, 0.03546
0.77284, 0.03543
0.77410, 0.03540
0.77535, 0.03537
0.77659, 0.03535
0.77784, 0.03533
0.77909, 0.03532
0.78033, 0.03530
0.78157, 0.03529
0.78281, 0.03528
0.78405, 0.03528
0.78528, 0.03528
0.78652, 0.03528
0.78775, 0.03528
0.78898, 0.03529
0.79021, 0.03530
0.79143, 0.03531
0.79266, 0.03532
0.79388, 0.03534
0.79510, 0.03536
0.79632, 0.03538
0.79753, 0.03541
0.79875, 0.03544
0.79996, 0.03547
0.80117, 0.03550
0.80238, 0.03554
0.80358, 0.03558
0.80479, 0.03562
0.80599, 0.03566
0.80719, 0.03571
0.80838, 0.03575
0.80958, 0.03581
0.81077, 0.03586
0.81196, 0.03591
0.81315, 0.03597
0.81433, 0.03603
0.81552, 0.03610
0.81670, 0.03616
0.81788, 0.03623
0.81905, 0.03630
0.82023, 0.03637
0.82140, 0.03644
0.82257, 0.03652
0.82373, 0.03660
0.82490, 0.03668
0.82606, 0.03676
0.82722, 0.03684
0.82838, 0.03693
0.82953, 0.03702
0.83068, 0.03711
0.83183, 0.03720
0.83298, 0.03730
0.83413, 0.03740
0.83527, 0.03749
0.83642, 0.03760
0.83756, 0.03770
0.83870, 0.03780
0.83983, 0.03791
0.84097, 0.03802
0.84210, 0.03812
0.84323, 0.03823
0.84436, 0.03835
0.84548, 0.03846
0.84661, 0.03857
0.84773, 0.03869
0.84885, 0.03881
0.84996, 0.03892
0.85107, 0.03904
0.85219, 0.03916
0.85329, 0.03928
0.85440, 0.03941
0.85550, 0.03953
0.85660, 0.03965
0.85770, 0.03978
0.85880, 0.03990
0.85989, 0.04003
0.86098, 0.04015
0.86207, 0.04028
0.86315, 0.04041
0.86423, 0.04053
0.86531, 0.04066
0.86639, 0.04079
0.86746, 0.04092
0.86853, 0.04105
0.86960, 0.04118
0.87066, 0.04131
0.87172, 0.04143
0.87278, 0.04156
0.87383, 0.04169
0.87488, 0.04182
0.87593, 0.04195
0.87697, 0.04208
0.87802, 0.04221
0.87905, 0.04234
0.88009, 0.04247
0.88112, 0.04259
0.88215, 0.04272
0.88317, 0.04285
0.88419, 0.04298
0.88521, 0.04310
0.88622, 0.04323
0.88724, 0.04336
0.88824, 0.04348
0.88925, 0.04361
0.89025, 0.04373
0.89124, 0.04385
0.89223, 0.04398
0.89322, 0.04410
0.89421, 0.04422
0.89519, 0.04434
0.89617, 0.04446
0.89714, 0.04458
0.89811, 0.04470
0.89908, 0.04482
0.90004, 0.04493
0.90100, 0.04505
0.90196, 0.04517
0.90291, 0.04528
0.90386, 0.04539
0.90480, 0.04551
0.90574, 0.04562
0.90668, 0.04573
0.90761, 0.04584
0.90854, 0.04595
0.90946, 0.04605
0.91038, 0.04616
0.91129, 0.04626
0.91221, 0.04637
0.91311, 0.04647
0.91402, 0.04657
0.91492, 0.04667
0.91581, 0.04677
0.91670, 0.04687
0.91759, 0.04697
0.91847, 0.04706
0.91935, 0.04716
0.92022, 0.04725
0.92109, 0.04735
0.92196, 0.04744
0.92282, 0.04753
0.92368, 0.04761
0.92453, 0.04770
0.92538, 0.04779
0.92622, 0.04787
0.92706, 0.04796
0.92790, 0.04804
0.92873, 0.04812
0.92956, 0.04820
0.93038, 0.04828
0.93119, 0.04835
0.93201, 0.04843
0.93282, 0.04850
0.93362, 0.04858
0.93442, 0.04865
0.93522, 0.04872
0.93601, 0.04879
0.93679, 0.04886
0.93758, 0.04892
0.93835, 0.04899
0.93913, 0.04905
0.93989, 0.04912
0.94066, 0.04918
0.94142, 0.04924
0.94217, 0.04930
0.94292, 0.04935
0.94367, 0.04941
0.94441, 0.04946
0.94514, 0.04952
0.94587, 0.04957
0.94660, 0.04962
0.94732, 0.04967
0.94804, 0.04972
0.94875, 0.04977
0.94946, 0.04981
0.95016, 0.04986
0.95086, 0.04990
0.95155, 0.04994
0.95224, 0.04999
0.95293, 0.05003
0.95361, 0.05006
0.95428, 0.05010
0.95495, 0.05014
0.95561, 0.05017
0.95627, 0.05021
0.95693, 0.05024
0.95758, 0.05027
0.95823, 0.05030
0.95887, 0.05033
0.95950, 0.05036
0.96013, 0.05039
0.96076, 0.05042
0.96138, 0.05044
0.96200, 0.05046
0.96261, 0.05049
0.96322, 0.05051
0.96382, 0.05053
0.96442, 0.05055
0.96501, 0.05057
0.96560, 0.05059
0.96618, 0.05061
0.96676, 0.05062
0.96733, 0.05064
0.96790, 0.05065
0.96846, 0.05067
0.96902, 0.05068
0.96957, 0.05069
0.97012, 0.05070
0.97066, 0.05071
0.97120, 0.05072
0.97174, 0.05073
0.97226, 0.05074
0.97279, 0.05074
0.97331, 0.05075
0.97382, 0.05076
0.97433, 0.05076
0.97483, 0.05076
0.97533, 0.05077
0.97582, 0.05077
0.97631, 0.05077
0.97680, 0.05077
0.97728, 0.05077
0.97775, 0.05077
0.97822, 0.05077
0.97868, 0.05077
0.97914, 0.05077
0.97960, 0.05077
0.98004, 0.05077
0.98049, 0.05076
0.98093, 0.05076
0.98136, 0.05075
0.98179, 0.05075
0.98221, 0.05074
0.98263, 0.05074
0.98305, 0.05073
0.98346, 0.05072
0.98386, 0.05072
0.98426, 0.05071
0.98465, 0.05070
0.98504, 0.05069
0.98543, 0.05069
0.98580, 0.05068
0.98618, 0.05067
0.98655, 0.05066
0.98691, 0.05065
0.98727, 0.05064
0.98762, 0.05063
0.98797, 0.05062
0.98832, 0.05061
0.98865, 0.05060
0.98899, 0.05059
0.98932, 0.05057
0.98964, 0.05056
0.98996, 0.05055
0.99027, 0.05054
0.99058, 0.05053
0.99088, 0.05052
0.99118, 0.05050
0.99148, 0.05049
0.99177, 0.05048
0.99205, 0.05047
0.99233, 0.05046
0.99260, 0.05044
0.99287, 0.05043
0.99313, 0.05042
0.99339, 0.05041
0.99364, 0.05039
0.99389, 0.05038
0.99414, 0.05037
0.99437, 0.05036
0.99461, 0.05035
0.99484, 0.05033
0.99506, 0.05032
0.99528, 0.05031
0.99549, 0.05030
0.99570, 0.05029
0.99590, 0.05028
0.99610, 0.05026
0.99629, 0.05025
0.99648, 0.05024
0.99666, 0.05023
0.99684, 0.05022
0.99702, 0.05021
0.99718, 0.05020
0.99735, 0.05019
0.99750, 0.05018
0.99766, 0.05017
0.99781, 0.05016
0.99795, 0.05015
0.99809, 0.05015
0.99822, 0.05014
0.99835, 0.05013
0.99847, 0.05012
0.99859, 0.05011
0.99870, 0.05011
0.99881, 0.05010
0.99891, 0.05009
0.99901, 0.05009
0.99910, 0.05008
0.99919, 0.05007
0.99927, 0.05007
0.99935, 0.05006
0.99942, 0.05006
0.99949, 0.05005
0.99955, 0.05005
0.99961, 0.05004
0.99966, 0.05004
0.99971, 0.05004
0.99975, 0.05003
0.99979, 0.05003
0.99982, 0.05003
0.99985, 0.05003
0.99987, 0.05003
0.99989, 0.05003
0.99990, 0.05002
0.99988, 0.05002
0.99988, 0.05002

=== Lower Surface ===
0.00000, 0.01153
0.00003, 0.01125
0.00004, 0.01097
0.00007, 0.01070
0.00011, 0.01042
0.00015, 0.01014
0.00019, 0.00987
0.00024, 0.00959
0.00029, 0.00932
0.00035, 0.00904
0.00042, 0.00877
0.00048, 0.00850
0.00056, 0.00822
0.00063, 0.00795
0.00072, 0.00768
0.00081, 0.00741
0.00090, 0.00714
0.00100, 0.00688
0.00110, 0.00661
0.00120, 0.00634
0.00132, 0.00607
0.00143, 0.00581
0.00155, 0.00554
0.00168, 0.00528
0.00181, 0.00501
0.00195, 0.00475
0.00209, 0.00449
0.00223, 0.00423
0.00238, 0.00397
0.00254, 0.00371
0.00270, 0.00345
0.00286, 0.00319
0.00303, 0.00293
0.00320, 0.00267
0.00338, 0.00241
0.00357, 0.00216
0.00375, 0.00190
0.00395, 0.00164
0.00414, 0.00139
0.00434, 0.00114
0.00455, 0.00088
0.00476, 0.00063
0.00498, 0.00038
0.00520, 0.00013
0.00542, -0.00013
0.00565, -0.00038
0.00589, -0.00063
0.00613, -0.00088
0.00637, -0.00112
0.00662, -0.00137
0.00687, -0.00162
0.00713, -0.00187
0.00739, -0.00211
0.00766, -0.00236
0.00793, -0.00260
0.00820, -0.00285
0.00848, -0.00309
0.00877, -0.00333
0.00906, -0.00358
0.00935, -0.00382
0.00965, -0.00406
0.00996, -0.00430
0.01026, -0.00454
0.01058, -0.00478
0.01089, -0.00502
0.01121, -0.00526
0.01154, -0.00550
0.01187, -0.00573
0.01220, -0.00597
0.01254, -0.00621
0.01289, -0.00644
0.01324, -0.00668
0.01359, -0.00691
0.01395, -0.00715
0.01431, -0.00738
0.01467, -0.00762
0.01504, -0.00785
0.01542, -0.00808
0.01580, -0.00831
0.01618, -0.00854
0.01657, -0.00877
0.01697, -0.00901
0.01736, -0.00923
0.01776, -0.00946
0.01817, -0.00969
0.01858, -0.00992
0.01900, -0.01015
0.01942, -0.01038
0.01984, -0.01060
0.02027, -0.01083
0.02070, -0.01106
0.02114, -0.01128
0.02158, -0.01151
0.02203, -0.01173
0.02248, -0.01195
0.02293, -0.01218
0.02339, -0.01240
0.02385, -0.01262
0.02432, -0.01285
0.02479, -0.01307
0.02527, -0.01329
0.02575, -0.01351
0.02624, -0.01373
0.02673, -0.01395
0.02722, -0.01417
0.02772, -0.01439
0.02822, -0.01461
0.02873, -0.01483
0.02924, -0.01505
0.02976, -0.01526
0.03028, -0.01548
0.03080, -0.01570
0.03133, -0.01591
0.03186, -0.01613
0.03240, -0.01635
0.03294, -0.01656
0.03349, -0.01678
0.03404, -0.01699
0.03459, -0.01721
0.03515, -0.01742
0.03571, -0.01763
0.03628, -0.01785
0.03685, -0.01806
0.03743, -0.01827
0.03801, -0.01848
0.03860, -0.01869
0.03919, -0.01891
0.03978, -0.01912
0.04038, -0.01933
0.04098, -0.01954
0.04159, -0.01975
0.04220, -0.01996
0.04281, -0.02017
0.04343, -0.02037
0.04405, -0.02058
0.04468, -0.02079
0.04532, -0.02100
0.04595, -0.02121
0.04659, -0.02141
0.04724, -0.02162
0.04789, -0.02182
0.04854, -0.02203
0.04920, -0.02224
0.04986, -0.02244
0.05053, -0.02265
0.05120, -0.02285
0.05187, -0.02306
0.05255, -0.02326
0.05324, -0.02346
0.05393, -0.02367
0.05462, -0.02387
0.05532, -0.02407
0.05602, -0.02427
0.05672, -0.02447
0.05743, -0.02468
0.05815, -0.02488
0.05887, -0.02508
0.05959, -0.02528
0.06031, -0.02548
0.06105, -0.02568
0.06178, -0.02588
0.06252, -0.02608
0.06327, -0.02628
0.06401, -0.02647
0.06477, -0.02667
0.06553, -0.02687
0.06629, -0.02707
0.06705, -0.02726
0.06782, -0.02746
0.06860, -0.02765
0.06938, -0.02785
0.07016, -0.02805
0.07095, -0.02824
0.07174, -0.02843
0.07254, -0.02863
0.07334, -0.02882
0.07414, -0.02902
0.07495, -0.02921
0.07576, -0.02940
0.07658, -0.02959
0.07740, -0.02978
0.07823, -0.02998
0.07906, -0.03017
0.07990, -0.03036
0.08074, -0.03055
0.08158, -0.03073
0.08243, -0.03092
0.08328, -0.03111
0.08414, -0.03130
0.08500, -0.03149
0.08587, -0.03167
0.08674, -0.03186
0.08761, -0.03205
0.08849, -0.03223
0.08938, -0.03242
0.09027, -0.03260
0.09116, -0.03278
0.09205, -0.03297
0.09296, -0.03315
0.09386, -0.03333
0.09477, -0.03351
0.09569, -0.03369
0.09661, -0.03387
0.09753, -0.03405
0.09846, -0.03423
0.09939, -0.03441
0.10033, -0.03459
0.10127, -0.03477
0.10221, -0.03494
0.10316, -0.03512
0.10412, -0.03529
0.10508, -0.03547
0.10604, -0.03564
0.10701, -0.03582
0.10798, -0.03599
0.10896, -0.03616
0.10994, -0.03633
0.11092, -0.03650
0.11191, -0.03667
0.11291, -0.03684
0.11391, -0.03700
0.11491, -0.03717
0.11592, -0.03734
0.11693, -0.03750
0.11795, -0.03767
0.11897, -0.03783
0.11999, -0.03799
0.12102, -0.03815
0.12206, -0.03831
0.12310, -0.03847
0.12414, -0.03863
0.12519, -0.03879
0.12624, -0.03894
0.12730, -0.03910
0.12836, -0.03925
0.12943, -0.03941
0.13050, -0.03956
0.13158, -0.03971
0.13266, -0.03986
0.13374, -0.04001
0.13483, -0.04015
0.13592, -0.04030
0.13701, -0.04044
0.13811, -0.04059
0.13921, -0.04073
0.14032, -0.04087
0.14143, -0.04101
0.14254, -0.04115
0.14365, -0.04129
0.14477, -0.04142
0.14589, -0.04156
0.14702, -0.04169
0.14815, -0.04183
0.14928, -0.04196
0.15042, -0.04209
0.15156, -0.04222
0.15270, -0.04235
0.15384, -0.04247
0.15499, -0.04260
0.15614, -0.04272
0.15730, -0.04285
0.15846, -0.04297
0.15962, -0.04309
0.16079, -0.04321
0.16195, -0.04333
0.16313, -0.04345
0.16430, -0.04356
0.16548, -0.04368
0.16666, -0.04379
0.16784, -0.04391
0.16903, -0.04402
0.17022, -0.04413
0.17141, -0.04424
0.17261, -0.04435
0.17381, -0.04445
0.17501, -0.04456
0.17622, -0.04466
0.17743, -0.04477
0.17864, -0.04487
0.17985, -0.04497
0.18107, -0.04507
0.18229, -0.04517
0.18351, -0.04527
0.18474, -0.04536
0.18597, -0.04546
0.18720, -0.04555
0.18844, -0.04565
0.18967, -0.04574
0.19091, -0.04583
0.19216, -0.04592
0.19340, -0.04601
0.19465, -0.04610
0.19590, -0.04619
0.19716, -0.04627
0.19841, -0.04636
0.19967, -0.04644
0.20094, -0.04652
0.20220, -0.04660
0.20347, -0.04669
0.20474, -0.04676
0.20602, -0.04684
0.20729, -0.04692
0.20857, -0.04700
0.20986, -0.04707
0.21114, -0.04715
0.21243, -0.04722
0.21373, -0.04729
0.21502, -0.04736
0.21632, -0.04743
0.21762, -0.04750
0.21892, -0.04757
0.22023, -0.04763
0.22154, -0.04770
0.22285, -0.04776
0.22416, -0.04783
0.22548, -0.04789
0.22680, -0.04795
0.22812, -0.04801
0.22945, -0.04807
0.23078, -0.04813
0.23211, -0.04819
0.23344, -0.04824
0.23478, -0.04830
0.23612, -0.04835
0.23746, -0.04840
0.23880, -0.04845
0.24015, -0.04851
0.24150, -0.04855
0.24285, -0.04860
0.24421, -0.04865
0.24556, -0.04870
0.24692, -0.04874
0.24829, -0.04879
0.24965, -0.04883
0.25102, -0.04887
0.25239, -0.04891
0.25376, -0.04895
0.25514, -0.04899
0.25651, -0.04903
0.25789, -0.04906
0.25927, -0.04910
0.26066, -0.04913
0.26205, -0.04917
0.26344, -0.04920
0.26483, -0.04923
0.26622, -0.04926
0.26762, -0.04929
0.26902, -0.04932
0.27042, -0.04934
0.27182, -0.04937
0.27323, -0.04939
0.27463, -0.04942
0.27604, -0.04944
0.27745, -0.04946
0.27887, -0.04948
0.28028, -0.04950
0.28170, -0.04952
0.28312, -0.04954
0.28454, -0.04955
0.28597, -0.04957
0.28739, -0.04958
0.28882, -0.04959
0.29025, -0.04961
0.29169, -0.04962
0.29312, -0.04963
0.29456, -0.04963
0.29599, -0.04964
0.29744, -0.04965
0.29888, -0.04966
0.30032, -0.04966
0.30177, -0.04966
0.30322, -0.04967
0.30466, -0.04967
0.30612, -0.04967
0.30757, -0.04967
0.30902, -0.04967
0.31048, -0.04967
0.31194, -0.04966
0.31340, -0.04966
0.31486, -0.04965
0.31633, -0.04965
0.31779, -0.04964
0.31926, -0.04963
0.32073, -0.04962
0.32220, -0.04961
0.32367, -0.04960
0.32515, -0.04959
0.32662, -0.04958
0.32810, -0.04956
0.32958, -0.04955
0.33106, -0.04953
0.33254, -0.04952
0.33403, -0.04950
0.33551, -0.04948
0.33700, -0.04946
0.33849, -0.04944
0.33998, -0.04942
0.34147, -0.04940
0.34296, -0.04938
0.34446, -0.04935
0.34595, -0.04933
0.34745, -0.04930
0.34895, -0.04928
0.35045, -0.04925
0.35195, -0.04922
0.35345, -0.04919
0.35496, -0.04916
0.35646, -0.04913
0.35797, -0.04910
0.35948, -0.04907
0.36099, -0.04903
0.36250, -0.04900
0.36401, -0.04897
0.36553, -0.04893
0.36704, -0.04889
0.36856, -0.04886
0.37007, -0.04882
0.37159, -0.04878
0.37311, -0.04874
0.37463, -0.04870
0.37615, -0.04866
0.37768, -0.04862
0.37920, -0.04857
0.38072, -0.04853
0.38225, -0.04849
0.38378, -0.04844
0.38531, -0.04840
0.38684, -0.04835
0.38837, -0.04830
0.38990, -0.04825
0.39143, -0.04821
0.39296, -0.04816
0.39450, -0.04811
0.39603, -0.04806
0.39757, -0.04800
0.39911, -0.04795
0.40064, -0.04790
0.40218, -0.04785
0.40372, -0.04779
0.40526, -0.04774
0.40681, -0.04768
0.40835, -0.04762
0.40989, -0.04757
0.41144, -0.04751
0.41298, -0.04745
0.41453, -0.04739
0.41607, -0.04733
0.41762, -0.04727
0.41917, -0.04721
0.42072, -0.04715
0.42226, -0.04709
0.42381, -0.04703
0.42536, -0.04696
0.42692, -0.04690
0.42847, -0.04684
0.43002, -0.04677
0.43157, -0.04671
0.43313, -0.04664
0.43468, -0.04657
0.43624, -0.04651
0.43779, -0.04644
0.43935, -0.04637
0.44090, -0.04630
0.44246, -0.04623
0.44402, -0.04616
0.44558, -0.04609
0.44713, -0.04602
0.44869, -0.04595
0.45025, -0.04588
0.45181, -0.04581
0.45337, -0.04573
0.45493, -0.04566
0.45649, -0.04559
0.45805, -0.04551
0.45962, -0.04544
0.46118, -0.04536
0.46274, -0.04529
0.46430, -0.04521
0.46587, -0.04513
0.46743, -0.04506
0.46899, -0.04498
0.47056, -0.04490
0.47212, -0.04482
0.47368, -0.04474
0.47525, -0.04467
0.47681, -0.04459
0.47838, -0.04451
0.47994, -0.04443
0.48150, -0.04435
0.48307, -0.04426
0.48463, -0.04418
0.48620, -0.04410
0.48776, -0.04402
0.48933, -0.04394
0.49089, -0.04386
0.49246, -0.04377
0.49403, -0.04369
0.49559, -0.04361
0.49716, -0.04352
0.49872, -0.04344
0.50029, -0.04335
0.50185, -0.04327
0.50342, -0.04318
0.50498, -0.04310
0.50655, -0.04301
0.50811, -0.04293
0.50968, -0.04284
0.51124, -0.04275
0.51280, -0.04267
0.51437, -0.04258
0.51593, -0.04249
0.51750, -0.04240
0.51906, -0.04232
0.52062, -0.04223
0.52218, -0.04214
0.52375, -0.04205
0.52531, -0.04196
0.52687, -0.04187
0.52843, -0.04179
0.53000, -0.04170
0.53156, -0.04161
0.53312, -0.04152
0.53468, -0.04143
0.53624, -0.04134
0.53780, -0.04125
0.53936, -0.04116
0.54092, -0.04107
0.54247, -0.04098
0.54403, -0.04089
0.54559, -0.04080
0.54715, -0.04070
0.54870, -0.04061
0.55026, -0.04052
0.55181, -0.04043
0.55337, -0.04034
0.55492, -0.04025
0.55648, -0.04016
0.55803, -0.04006
0.55958, -0.03997
0.56113, -0.03988
0.56269, -0.03979
0.56424, -0.03970
0.56579, -0.03961
0.56734, -0.03951
0.56888, -0.03942
0.57043, -0.03933
0.57198, -0.03924
0.57353, -0.03914
0.57507, -0.03905
0.57662, -0.03896
0.57816, -0.03887
0.57970, -0.03878
0.58125, -0.03868
0.58279, -0.03859
0.58433, -0.03850
0.58587, -0.03841
0.58741, -0.03831
0.58895, -0.03822
0.59048, -0.03813
0.59202, -0.03804
0.59356, -0.03795
0.59509, -0.03785
0.59663, -0.03776
0.59816, -0.03767
0.59969, -0.03758
0.60122, -0.03748
0.60275, -0.03739
0.60428, -0.03730
0.60581, -0.03721
0.60733, -0.03712
0.60886, -0.03703
0.61038, -0.03693
0.61191, -0.03684
0.61343, -0.03675
0.61495, -0.03666
0.61647, -0.03657
0.61799, -0.03648
0.61951, -0.03639
0.62103, -0.03630
0.62254, -0.03621
0.62406, -0.03612
0.62557, -0.03602
0.62708, -0.03593
0.62859, -0.03584
0.63010, -0.03575
0.63161, -0.03566
0.63311, -0.03557
0.63462, -0.03549
0.63612, -0.03540
0.63763, -0.03531
0.63913, -0.03522
0.64063, -0.03513
0.64213, -0.03504
0.64363, -0.03495
0.64512, -0.03486
0.64662, -0.03477
0.64811, -0.03469
0.64960, -0.03460
0.65109, -0.03451
0.65258, -0.03442
0.65407, -0.03434
0.65555, -0.03425
0.65704, -0.03416
0.65852, -0.03408
0.66000, -0.03399
0.66148, -0.03390
0.66296, -0.03382
0.66444, -0.03373
0.66591, -0.03365
0.66739, -0.03356
0.66886, -0.03348
0.67034, -0.03339
0.67182, -0.03331
0.67330, -0.03322
0.67478, -0.03314
0.67625, -0.03305
0.67773, -0.03297
0.67921, -0.03288
0.68069, -0.03279
0.68217, -0.03271
0.68366, -0.03262
0.68514, -0.03253
0.68662, -0.03244
0.68810, -0.03235
0.68958, -0.03226
0.69106, -0.03217
0.69254, -0.03207
0.69402, -0.03198
0.69550, -0.03188
0.69698, -0.03179
0.69847, -0.03169
0.69995, -0.03159
0.70143, -0.03149
0.70291, -0.03138
0.70438, -0.03128
0.70586, -0.03117
0.70734, -0.03106
0.70882, -0.03095
0.71030, -0.03084
0.71177, -0.03073
0.71325, -0.03061
0.71472, -0.03049
0.71620, -0.03037
0.71767, -0.03025
0.71915, -0.03012
0.72062, -0.02999
0.72209, -0.02986
0.72356, -0.02972
0.72503, -0.02959
0.72649, -0.02945
0.72796, -0.02931
0.72943, -0.02916
0.73089, -0.02901
0.73235, -0.02886
0.73382, -0.02871
0.73528, -0.02855
0.73674, -0.02839
0.73819, -0.02822
0.73965, -0.02805
0.74110, -0.02788
0.74256, -0.02771
0.74401, -0.02753
0.74546, -0.02735
0.74691, -0.02716
0.74835, -0.02698
0.74980, -0.02678
0.75124, -0.02659
0.75268, -0.02639
0.75412, -0.02618
0.75555, -0.02597
0.75698, -0.02576
0.75840, -0.02555
0.75983, -0.02533
0.76124, -0.02511
0.76266, -0.02488
0.76407, -0.02465
0.76548, -0.02442
0.76688, -0.02418
0.76828, -0.02394
0.76968, -0.02370
0.77107, -0.02345
0.77246, -0.02320
0.77384, -0.02295
0.77523, -0.02269
0.77660, -0.02244
0.77798, -0.02217
0.77935, -0.02191
0.78071, -0.02164
0.78208, -0.02137
0.78344, -0.02109
0.78479, -0.02082
0.78614, -0.02054
0.78749, -0.02025
0.78883, -0.01997
0.79017, -0.01968
0.79151, -0.01938
0.79284, -0.01909
0.79417, -0.01879
0.79549, -0.01849
0.79681, -0.01819
0.79813, -0.01789
0.79944, -0.01758
0.80075, -0.01727
0.80206, -0.01695
0.80336, -0.01664
0.80466, -0.01632
0.80595, -0.01600
0.80724, -0.01568
0.80853, -0.01535
0.80981, -0.01503
0.81109, -0.01470
0.81236, -0.01437
0.81363, -0.01403
0.81490, -0.01370
0.81616, -0.01336
0.81742, -0.01302
0.81867, -0.01267
0.81992, -0.01233
0.82117, -0.01198
0.82241, -0.01164
0.82365, -0.01129
0.82488, -0.01093
0.82611, -0.01058
0.82734, -0.01022
0.82856, -0.00986
0.82978, -0.00951
0.83100, -0.00914
0.83221, -0.00878
0.83341, -0.00842
0.83461, -0.00805
0.83581, -0.00768
0.83701, -0.00731
0.83820, -0.00694
0.83938, -0.00657
0.84056, -0.00620
0.84174, -0.00582
0.84291, -0.00544
0.84408, -0.00507
0.84524, -0.00469
0.84639, -0.00431
0.84755, -0.00393
0.84869, -0.00355
0.84984, -0.00317
0.85097, -0.00279
0.85211, -0.00241
0.85324, -0.00202
0.85436, -0.00164
0.85548, -0.00126
0.85660, -0.00087
0.85771, -0.00049
0.85881, -0.00010
0.85991, 0.00028
0.86101, 0.00067
0.86210, 0.00105
0.86319, 0.00144
0.86427, 0.00182
0.86535, 0.00221
0.86643, 0.00259
0.86750, 0.00297
0.86856, 0.00336
0.86962, 0.00374
0.87068, 0.00412
0.87173, 0.00451
0.87278, 0.00489
0.87382, 0.00527
0.87486, 0.00565
0.87590, 0.00603
0.87693, 0.00641
0.87795, 0.00679
0.87897, 0.00717
0.87999, 0.00755
0.88100, 0.00792
0.88201, 0.00830
0.88302, 0.00867
0.88402, 0.00905
0.88501, 0.00942
0.88600, 0.00979
0.88699, 0.01016
0.88797, 0.01053
0.88895, 0.01090
0.88993, 0.01127
0.89090, 0.01163
0.89186, 0.01200
0.89283, 0.01236
0.89378, 0.01272
0.89474, 0.01308
0.89569, 0.01344
0.89663, 0.01380
0.89757, 0.01416
0.89851, 0.01451
0.89944, 0.01487
0.90037, 0.01522
0.90129, 0.01557
0.90221, 0.01592
0.90313, 0.01627
0.90404, 0.01661
0.90495, 0.01696
0.90585, 0.01730
0.90675, 0.01764
0.90764, 0.01798
0.90854, 0.01832
0.90942, 0.01865
0.91030, 0.01899
0.91118, 0.01932
0.91206, 0.01965
0.91293, 0.01998
0.91379, 0.02030
0.91465, 0.02063
0.91551, 0.02095
0.91637, 0.02127
0.91722, 0.02159
0.91806, 0.02191
0.91890, 0.02222
0.91974, 0.02254
0.92057, 0.02285
0.92140, 0.02316
0.92223, 0.02346
0.92305, 0.02377
0.92386, 0.02407
0.92467, 0.02437
0.92548, 0.02467
0.92629, 0.02497
0.92709, 0.02526
0.92788, 0.02556
0.92868, 0.02585
0.92946, 0.02613
0.93025, 0.02642
0.93103, 0.02671
0.93180, 0.02699
0.93257, 0.02727
0.93334, 0.02755
0.93410, 0.02782
0.93486, 0.02809
0.93562, 0.02837
0.93637, 0.02864
0.93711, 0.02890
0.93785, 0.02917
0.93859, 0.02943
0.93933, 0.02969
0.94006, 0.02995
0.94078, 0.03021
0.94150, 0.03046
0.94222, 0.03071
0.94293, 0.03096
0.94364, 0.03121
0.94435, 0.03146
0.94505, 0.03170
0.94575, 0.03194
0.94644, 0.03218
0.94713, 0.03241
0.94781, 0.03265
0.94849, 0.03288
0.94917, 0.03311
0.94984, 0.03334
0.95051, 0.03357
0.95117, 0.03379
0.95183, 0.03401
0.95248, 0.03423
0.95313, 0.03445
0.95378, 0.03466
0.95442, 0.03487
0.95506, 0.03508
0.95569, 0.03529
0.95632, 0.03550
0.95695, 0.03570
0.95757, 0.03591
0.95819, 0.03611
0.95880, 0.03630
0.95941, 0.03650
0.96001, 0.03669
0.96061, 0.03688
0.96121, 0.03707
0.96180, 0.03726
0.96239, 0.03745
0.96297, 0.03763
0.96355, 0.03781
0.96412, 0.03799
0.96469, 0.03817
0.96526, 0.03834
0.96582, 0.03851
0.96637, 0.03868
0.96693, 0.03885
0.96747, 0.03902
0.96802, 0.03918
0.96856, 0.03935
0.96909, 0.03951
0.96962, 0.03967
0.97015, 0.03982
0.97067, 0.03998
0.97119, 0.04013
0.97170, 0.04028
0.97221, 0.04043
0.97272, 0.04058
0.97322, 0.04072
0.97371, 0.04087
0.97421, 0.04101
0.97469, 0.04115
0.97518, 0.04129
0.97565, 0.04142
0.97613, 0.04156
0.97660, 0.04169
0.97706, 0.04182
0.97752, 0.04195
0.97798, 0.04208
0.97843, 0.04220
0.97888, 0.04232
0.97932, 0.04245
0.97976, 0.04256
0.98019, 0.04268
0.98062, 0.04280
0.98104, 0.04291
0.98146, 0.04303
0.98188, 0.04314
0.98229, 0.04325
0.98270, 0.04336
0.98310, 0.04346
0.98350, 0.04357
0.98389, 0.04367
0.98428, 0.04377
0.98466, 0.04387
0.98504, 0.04397
0.98541, 0.04406
0.98578, 0.04416
0.98615, 0.04425
0.98651, 0.04434
0.98687, 0.04443
0.98722, 0.04452
0.98757, 0.04461
0.98791, 0.04470
0.98825, 0.04478
0.98858, 0.04486
0.98891, 0.04494
0.98923, 0.04502
0.98955, 0.04510
0.98986, 0.04518
0.99017, 0.04525
0.99048, 0.04533
0.99078, 0.04540
0.99108, 0.04547
0.99137, 0.04554
0.99165, 0.04561
0.99194, 0.04568
0.99221, 0.04574
0.99248, 0.04581
0.99275, 0.04587
0.99302, 0.04593
0.99327, 0.04599
0.99353, 0.04605
0.99378, 0.04611
0.99402, 0.04617
0.99426, 0.04622
0.99449, 0.04628
0.99472, 0.04633
0.99495, 0.04638
0.99517, 0.04643
0.99538, 0.04648
0.99559, 0.04653
0.99580, 0.04657
0.99600, 0.04662
0.99620, 0.04666
0.99639, 0.04671
0.99658, 0.04675
0.99676, 0.04679
0.99693, 0.04683
0.99711, 0.04686
0.99727, 0.04690
0.99744, 0.04694
0.99759, 0.04697
0.99775, 0.04701
0.99790, 0.04704
0.99804, 0.04707
0.99818, 0.04710
0.99831, 0.04713
0.99844, 0.04716
0.99856, 0.04718
0.99868, 0.04721
0.99880, 0.04723
0.99891, 0.04726
0.99901, 0.04728
0.99911, 0.04730
0.99921, 0.04732
0.99930, 0.04734
0.99938, 0.04736
0.99946, 0.04738
0.99954, 0.04739
0.99961, 0.04741
0.99967, 0.04742
0.99974, 0.04744
0.99979, 0.04745
0.99984, 0.04746
0.99989, 0.04747
0.99993, 0.04748
0.99997, 0.04748
1.00000, 0.04749
1.00003, 0.04750
1.00005, 0.04750
1.00006, 0.04750
1.00008, 0.04751
1.00011, 0.04751
1.00012, 0.04751
