=== Airfoil Parameters ===
m = 0.02
p = 0.4
t = 0.12

=== Control Points ===
0.00000, -0.00380, -0.00380
0.06667, 0.00089, -0.00522
0.13333, 0.00956, -0.00155
0.20000, 0.02156, 0.00656
0.26667, 0.02991, 0.01213
0.66667, 0.02868, 0.01263
0.75000, 0.02193, 0.00873
0.83333, 0.00935, -0.00022
0.91667, -0.00670, -0.01187
1.00000, -0.01996, -0.01996

=== Upper Surface ===
0.00000, -0.00380
-0.00002, -0.00352
-0.00002, -0.00324
-0.00002, -0.00296
-0.00001, -0.00268
-0.00001, -0.00240
0.00001, -0.00212
0.00003, -0.00184
0.00005, -0.00157
0.00008, -0.00129
0.00011, -0.00101
0.00015, -0.00073
0.00019, -0.00045
0.00024, -0.00017
0.00029, 0.00010
0.00035, 0.00038
0.00042, 0.00066
0.00048, 0.00094
0.00056, 0.00121
0.00063, 0.00149
0.00072, 0.00177
0.00080, 0.00204
0.00090, 0.00232
0.00099, 0.00260
0.00110, 0.00287
0.00120, 0.00315
0.00132, 0.00343
0.00143, 0.00370
0.00156, 0.00398
0.00168, 0.00425
0.00181, 0.00453
0.00195, 0.00481
0.00209, 0.00508
0.00224, 0.00536
0.00239, 0.00563
0.00255, 0.00591
0.00271, 0.00618
0.00287, 0.00645
0.00304, 0.00673
0.00322, 0.00700
0.00340, 0.00728
0.00358, 0.00755
0.00377, 0.00782
0.00397, 0.00810
0.00417, 0.00837
0.00437, 0.00864
0.00458, 0.00892
0.00480, 0.00919
0.00501, 0.00946
0.00524, 0.00974
0.00547, 0.01001
0.00570, 0.01028
0.00594, 0.01055
0.00618, 0.01082
0.00643, 0.01110
0.00668, 0.01137
0.00694, 0.01164
0.00720, 0.01191
0.00747, 0.01218
0.00774, 0.01245
0.00801, 0.01272
0.00829, 0.01299
0.00858, 0.01327
0.00887, 0.01354
0.00916, 0.01381
0.00946, 0.01408
0.00977, 0.01435
0.01008, 0.01462
0.01039, 0.01489
0.01071, 0.01515
0.01103, 0.01542
0.01136, 0.01569
0.01169, 0.01596
0.01203, 0.01623
0.01237, 0.01650
0.01272, 0.01677
0.01307, 0.01704
0.01343, 0.01730
0.01379, 0.01757
0.01415, 0.01784
0.01452, 0.01811
0.01490, 0.01838
0.01528, 0.01864
0.01566, 0.01891
0.01605, 0.01918
0.01644, 0.01944
0.01684, 0.01971
0.01724, 0.01998
0.01765, 0.02024
0.01806, 0.02051
0.01848, 0.02078
0.01890, 0.02104
0.01932, 0.02131
0.01975, 0.02157
0.02018, 0.02184
0.02062, 0.02211
0.02107, 0.02237
0.02151, 0.02264
0.02196, 0.02290
0.02242, 0.02317
0.02288, 0.02343
0.02335, 0.02370
0.02382, 0.02396
0.02429, 0.02423
0.02477, 0.02449
0.02525, 0.02475
0.02574, 0.02502
0.02623, 0.02528
0.02673, 0.02555
0.02723, 0.02581
0.02774, 0.02607
0.02825, 0.02634
0.02876, 0.02660
0.02928, 0.02686
0.02980, 0.02713
0.03033, 0.02739
0.03086, 0.02765
0.03140, 0.02792
0.03194, 0.02818
0.03248, 0.02844
0.03303, 0.02870
0.03358, 0.02897
0.03414, 0.02923
0.03470, 0.02949
0.03527, 0.02975
0.03584, 0.03002
0.03641, 0.03028
0.03699, 0.03054
0.03757, 0.03080
0.03816, 0.03106
0.03875, 0.03133
0.03935, 0.03159
0.03995, 0.03185
0.04055, 0.03211
0.04116, 0.03237
0.04177, 0.03264
0.04239, 0.03290
0.04301, 0.03316
0.04363, 0.03342
0.04426, 0.03368
0.04489, 0.03394
0.04553, 0.03421
0.04617, 0.03447
0.04682, 0.03473
0.04747, 0.03499
0.04812, 0.03525
0.04878, 0.03551
0.04944, 0.03578
0.05011, 0.03604
0.05077, 0.03630
0.05145, 0.03656
0.05213, 0.03682
0.05281, 0.03708
0.05349, 0.03735
0.05418, 0.03761
0.05488, 0.03787
0.05557, 0.03813
0.05627, 0.03839
0.05698, 0.03865
0.05769, 0.03892
0.05840, 0.03918
0.05912, 0.03944
0.05984, 0.03970
0.06056, 0.03997
0.06129, 0.04023
0.06203, 0.04049
0.06276, 0.04075
0.06350, 0.04102
0.06425, 0.04128
0.06499, 0.04154
0.06574, 0.04181
0.06650, 0.04207
0.06726, 0.04233
0.06802, 0.04260
0.06879, 0.04286
0.06956, 0.04313
0.07033, 0.04339
0.07111, 0.04366
0.07189, 0.04392
0.07268, 0.04418
0.07346, 0.04445
0.07426, 0.04472
0.07505, 0.04498
0.07585, 0.04525
0.07666, 0.04551
0.07746, 0.04578
0.07827, 0.04605
0.07909, 0.04631
0.07990, 0.04658
0.08073, 0.04685
0.08155, 0.04712
0.08238, 0.04738
0.08321, 0.04765
0.08405, 0.04792
0.08488, 0.04819
0.08573, 0.04846
0.08657, 0.04873
0.08742, 0.04900
0.08827, 0.04927
0.08913, 0.04954
0.08999, 0.04981
0.09085, 0.05008
0.09172, 0.05036
0.09259, 0.05063
0.09346, 0.05090
0.09434, 0.05118
0.09522, 0.05145
0.09610, 0.05172
0.09699, 0.05200
0.09788, 0.05228
0.09877, 0.05255
0.09967, 0.05283
0.10057, 0.05310
0.10147, 0.05338
0.10238, 0.05366
0.10328, 0.05394
0.10420, 0.05422
0.10511, 0.05450
0.10603, 0.05478
0.10695, 0.05506
0.10788, 0.05534
0.10881, 0.05562
0.10974, 0.05591
0.11068, 0.05619
0.11161, 0.05647
0.11256, 0.05676
0.11350, 0.05704
0.11445, 0.05733
0.11540, 0.05762
0.11635, 0.05791
0.11731, 0.05819
0.11827, 0.05848
0.11923, 0.05877
0.12020, 0.05906
0.12117, 0.05936
0.12214, 0.05965
0.12311, 0.05994
0.12409, 0.06024
0.12507, 0.06053
0.12606, 0.06083
0.12705, 0.06113
0.12805, 0.06142
0.12905, 0.06172
0.13006, 0.06202
0.13107, 0.06233
0.13209, 0.06263
0.13312, 0.06294
0.13415, 0.06324
0.13518, 0.06355
0.13623, 0.06386
0.13728, 0.06416
0.13833, 0.06447
0.13939, 0.06478
0.14046, 0.06510
0.14153, 0.06541
0.14260, 0.06572
0.14369, 0.06603
0.14478, 0.06635
0.14587, 0.06666
0.14698, 0.06698
0.14808, 0.06729
0.14920, 0.06761
0.15032, 0.06793
0.15145, 0.06825
0.15258, 0.06856
0.15372, 0.06888
0.15486, 0.06920
0.15601, 0.06952
0.15717, 0.06984
0.15834, 0.07016
0.15951, 0.07047
0.16068, 0.07079
0.16187, 0.07111
0.16306, 0.07143
0.16425, 0.07175
0.16545, 0.07207
0.16666, 0.07238
0.16788, 0.07270
0.16910, 0.07302
0.17033, 0.07333
0.17157, 0.07365
0.17281, 0.07396
0.17406, 0.07427
0.17532, 0.07459
0.17658, 0.07490
0.17785, 0.07521
0.17912, 0.07552
0.18041, 0.07582
0.18170, 0.07613
0.18299, 0.07643
0.18430, 0.07674
0.18561, 0.07704
0.18693, 0.07734
0.18825, 0.07764
0.18958, 0.07793
0.19092, 0.07822
0.19226, 0.07852
0.19361, 0.07880
0.19496, 0.07909
0.19631, 0.07937
0.19766, 0.07965
0.19902, 0.07993
0.20038, 0.08020
0.20174, 0.08047
0.20311, 0.08074
0.20447, 0.08100
0.20584, 0.08127
0.20722, 0.08152
0.20859, 0.08178
0.20997, 0.08203
0.21135, 0.08229
0.21273, 0.08253
0.21411, 0.08278
0.21550, 0.08302
0.21688, 0.08326
0.21827, 0.08350
0.21967, 0.08373
0.22106, 0.08396
0.22246, 0.08419
0.22386, 0.08442
0.22526, 0.08464
0.22666, 0.08486
0.22807, 0.08508
0.22947, 0.08529
0.23088, 0.08550
0.23229, 0.08571
0.23370, 0.08592
0.23512, 0.08613
0.23654, 0.08633
0.23795, 0.08653
0.23937, 0.08672
0.24080, 0.08692
0.24222, 0.08711
0.24364, 0.08730
0.24507, 0.08749
0.24650, 0.08767
0.24793, 0.08785
0.24936, 0.08803
0.25079, 0.08821
0.25223, 0.08838
0.25367, 0.08856
0.25510, 0.08873
0.25654, 0.08889
0.25798, 0.08906
0.25943, 0.08922
0.26087, 0.08938
0.26231, 0.08954
0.26376, 0.08970
0.26521, 0.08985
0.26666, 0.09000
0.26812, 0.09015
0.26958, 0.09030
0.27103, 0.09045
0.27250, 0.09059
0.27396, 0.09073
0.27543, 0.09087
0.27689, 0.09101
0.27836, 0.09115
0.27984, 0.09128
0.28131, 0.09141
0.28279, 0.09154
0.28427, 0.09166
0.28575, 0.09179
0.28723, 0.09191
0.28872, 0.09203
0.29020, 0.09215
0.29169, 0.09226
0.29318, 0.09238
0.29468, 0.09249
0.29617, 0.09260
0.29767, 0.09271
0.29917, 0.09281
0.30067, 0.09291
0.30217, 0.09301
0.30368, 0.09311
0.30518, 0.09321
0.30669, 0.09330
0.30820, 0.09340
0.30971, 0.09348
0.31123, 0.09357
0.31274, 0.09366
0.31426, 0.09374
0.31578, 0.09382
0.31730, 0.09390
0.31882, 0.09398
0.32035, 0.09405
0.32187, 0.09413
0.32340, 0.09420
0.32493, 0.09426
0.32646, 0.09433
0.32799, 0.09439
0.32952, 0.09446
0.33106, 0.09452
0.33260, 0.09457
0.33413, 0.09463
0.33567, 0.09468
0.33722, 0.09473
0.33876, 0.09478
0.34030, 0.09483
0.34185, 0.09487
0.34339, 0.09492
0.34494, 0.09496
0.34649, 0.09500
0.34804, 0.09503
0.34960, 0.09507
0.35115, 0.09510
0.35270, 0.09513
0.35426, 0.09516
0.35582, 0.09518
0.35738, 0.09521
0.35894, 0.09523
0.36050, 0.09525
0.36206, 0.09527
0.36362, 0.09528
0.36519, 0.09529
0.36675, 0.09531
0.36832, 0.09531
0.36989, 0.09532
0.37146, 0.09533
0.37303, 0.09533
0.37460, 0.09533
0.37617, 0.09533
0.37774, 0.09533
0.37932, 0.09532
0.38089, 0.09532
0.38247, 0.09531
0.38405, 0.09530
0.38562, 0.09528
0.38720, 0.09527
0.38878, 0.09525
0.39036, 0.09523
0.39194, 0.09521
0.39353, 0.09519
0.39511, 0.09516
0.39669, 0.09514
0.39828, 0.09511
0.39986, 0.09508
0.40145, 0.09504
0.40304, 0.09501
0.40462, 0.09497
0.40621, 0.09493
0.40780, 0.09489
0.40939, 0.09485
0.41098, 0.09481
0.41257, 0.09476
0.41416, 0.09471
0.41575, 0.09466
0.41735, 0.09461
0.41894, 0.09456
0.42053, 0.09450
0.42213, 0.09444
0.42372, 0.09439
0.42532, 0.09432
0.42691, 0.09426
0.42851, 0.09420
0.43011, 0.09413
0.43170, 0.09406
0.43330, 0.09399
0.43490, 0.09392
0.43649, 0.09385
0.43809, 0.09377
0.43969, 0.09369
0.44129, 0.09362
0.44289, 0.09353
0.44449, 0.09345
0.44609, 0.09337
0.44769, 0.09328
0.44929, 0.09319
0.45089, 0.09311
0.45249, 0.09301
0.45409, 0.09292
0.45569, 0.09283
0.45729, 0.09273
0.45890, 0.09263
0.46050, 0.09253
0.46210, 0.09243
0.46370, 0.09233
0.46530, 0.09223
0.46690, 0.09212
0.46850, 0.09201
0.47011, 0.09190
0.47171, 0.09179
0.47331, 0.09168
0.47491, 0.09157
0.47651, 0.09145
0.47811, 0.09133
0.47972, 0.09122
0.48132, 0.09110
0.48292, 0.09097
0.48452, 0.09085
0.48612, 0.09073
0.48772, 0.09060
0.48932, 0.09047
0.49092, 0.09034
0.49252, 0.09021
0.49412, 0.09008
0.49572, 0.08995
0.49732, 0.08981
0.49892, 0.08968
0.50052, 0.08954
0.50212, 0.08940
0.50372, 0.08926
0.50532, 0.08912
0.50691, 0.08897
0.50851, 0.08883
0.51011, 0.08868
0.51171, 0.08854
0.51330, 0.08839
0.51490, 0.08824
0.51649, 0.08809
0.51809, 0.08793
0.51968, 0.08778
0.52128, 0.08762
0.52287, 0.08747
0.52446, 0.08731
0.52605, 0.08715
0.52765, 0.08699
0.52924, 0.08683
0.53083, 0.08667
0.53242, 0.08650
0.53401, 0.08634
0.53560, 0.08617
0.53718, 0.08600
0.53877, 0.08583
0.54036, 0.08566
0.54194, 0.08549
0.54353, 0.08532
0.54511, 0.08515
0.54670, 0.08497
0.54828, 0.08480
0.54986, 0.08462
0.55145, 0.08444
0.55303, 0.08426
0.55461, 0.08408
0.55619, 0.08390
0.55777, 0.08372
0.55934, 0.08354
0.56092, 0.08335
0.56250, 0.08317
0.56407, 0.08298
0.56565, 0.08279
0.56722, 0.08261
0.56879, 0.08242
0.57036, 0.08223
0.57193, 0.08203
0.57350, 0.08184
0.57507, 0.08165
0.57664, 0.08146
0.57820, 0.08126
0.57977, 0.08107
0.58133, 0.08087
0.58290, 0.08067
0.58446, 0.08047
0.58602, 0.08027
0.58758, 0.08007
0.58914, 0.07987
0.59070, 0.07967
0.59225, 0.07947
0.59381, 0.07927
0.59536, 0.07906
0.59692, 0.07886
0.59847, 0.07865
0.60002, 0.07844
0.60157, 0.07824
0.60312, 0.07803
0.60466, 0.07782
0.60621, 0.07761
0.60775, 0.07740
0.60930, 0.07719
0.61084, 0.07698
0.61238, 0.07677
0.61392, 0.07655
0.61546, 0.07634
0.61699, 0.07613
0.61853, 0.07591
0.62006, 0.07570
0.62160, 0.07548
0.62313, 0.07526
0.62466, 0.07505
0.62618, 0.07483
0.62771, 0.07461
0.62923, 0.07439
0.63076, 0.07417
0.63228, 0.07395
0.63380, 0.07373
0.63532, 0.07351
0.63684, 0.07329
0.63835, 0.07307
0.63987, 0.07284
0.64138, 0.07262
0.64289, 0.07240
0.64440, 0.07217
0.64591, 0.07195
0.64742, 0.07172
0.64892, 0.07150
0.65042, 0.07127
0.65193, 0.07105
0.65342, 0.07082
0.65492, 0.07059
0.65642, 0.07036
0.65791, 0.07014
0.65941, 0.06991
0.66090, 0.06968
0.66239, 0.06945
0.66387, 0.06922
0.66536, 0.06899
0.66684, 0.06876
0.66833, 0.06853
0.66981, 0.06830
0.67129, 0.06807
0.67277, 0.06784
0.67424, 0.06761
0.67572, 0.06738
0.67720, 0.06714
0.67867, 0.06691
0.68015, 0.06668
0.68162, 0.06644
0.68309, 0.06621
0.68457, 0.06597
0.68604, 0.06573
0.68751, 0.06550
0.68898, 0.06526
0.69044, 0.06502
0.69191, 0.06478
0.69338, 0.06454
0.69484, 0.06430
0.69630, 0.06406
0.69777, 0.06381
0.69923, 0.06357
0.70069, 0.06333
0.70215, 0.06308
0.70360, 0.06283
0.70506, 0.06258
0.70651, 0.06233
0.70796, 0.06208
0.70942, 0.06183
0.71087, 0.06158
0.71231, 0.06133
0.71376, 0.06107
0.71521, 0.06081
0.71665, 0.06056
0.71809, 0.06030
0.71953, 0.06004
0.72097, 0.05978
0.72241, 0.05951
0.72384, 0.05925
0.72528, 0.05898
0.72671, 0.05871
0.72814, 0.05845
0.72957, 0.05818
0.73099, 0.05790
0.73242, 0.05763
0.73384, 0.05736
0.73526, 0.05708
0.73668, 0.05680
0.73810, 0.05652
0.73951, 0.05624
0.74092, 0.05596
0.74233, 0.05567
0.74374, 0.05539
0.74515, 0.05510
0.74655, 0.05481
0.74795, 0.05452
0.74935, 0.05422
0.75075, 0.05393
0.75215, 0.05363
0.75354, 0.05333
0.75493, 0.05303
0.75632, 0.05273
0.75770, 0.05243
0.75908, 0.05212
0.76046, 0.05181
0.76183, 0.05151
0.76320, 0.05120
0.76457, 0.05088
0.76593, 0.05057
0.76729, 0.05026
0.76865, 0.04994
0.77000, 0.04962
0.77135, 0.04931
0.77269, 0.04899
0.77404, 0.04867
0.77538, 0.04834
0.77671, 0.04802
0.77805, 0.04770
0.77937, 0.04737
0.78070, 0.04704
0.78202, 0.04672
0.78334, 0.04639
0.78466, 0.04606
0.78597, 0.04573
0.78728, 0.04540
0.78858, 0.04506
0.78988, 0.04473
0.79118, 0.04439
0.79248, 0.04406
0.79377, 0.04372
0.79505, 0.04339
0.79634, 0.04305
0.79762, 0.04271
0.79890, 0.04237
0.80017, 0.04203
0.80144, 0.04169
0.80271, 0.04135
0.80397, 0.04101
0.80523, 0.04067
0.80648, 0.04032
0.80774, 0.03998
0.80899, 0.03964
0.81023, 0.03929
0.81147, 0.03895
0.81271, 0.03860
0.81395, 0.03825
0.81518, 0.03791
0.81640, 0.03756
0.81763, 0.03722
0.81885, 0.03687
0.82007, 0.03652
0.82128, 0.03617
0.82249, 0.03583
0.82369, 0.03548
0.82490, 0.03513
0.82610, 0.03478
0.82729, 0.03443
0.82848, 0.03408
0.82967, 0.03373
0.83085, 0.03339
0.83204, 0.03304
0.83321, 0.03269
0.83439, 0.03234
0.83556, 0.03199
0.83672, 0.03164
0.83788, 0.03129
0.83904, 0.03094
0.84020, 0.03059
0.84135, 0.03025
0.84250, 0.02990
0.84364, 0.02955
0.84478, 0.02920
0.84591, 0.02885
0.84705, 0.02851
0.84817, 0.02816
0.84930, 0.02781
0.85042, 0.02747
0.85153, 0.02712
0.85265, 0.02678
0.85376, 0.02643
0.85486, 0.02609
0.85596, 0.02574
0.85706, 0.02540
0.85815, 0.02506
0.85924, 0.02471
0.86033, 0.02437
0.86141, 0.02403
0.86249, 0.02369
0.86356, 0.02335
0.86463, 0.02301
0.86570, 0.02267
0.86676, 0.02234
0.86782, 0.02200
0.86887, 0.02166
0.86993, 0.02133
0.87097, 0.02099
0.87202, 0.02066
0.87306, 0.02033
0.87409, 0.02000
0.87512, 0.01967
0.87615, 0.01934
0.87717, 0.01901
0.87819, 0.01868
0.87921, 0.01835
0.88022, 0.01802
0.88123, 0.01770
0.88224, 0.01737
0.88324, 0.01705
0.88423, 0.01673
0.88522, 0.01641
0.88621, 0.01609
0.88720, 0.01577
0.88818, 0.01545
0.88916, 0.01514
0.89013, 0.01482
0.89110, 0.01451
0.89206, 0.01419
0.89303, 0.01388
0.89398, 0.01357
0.89494, 0.01326
0.89589, 0.01295
0.89683, 0.01264
0.89777, 0.01234
0.89871, 0.01203
0.89964, 0.01173
0.90057, 0.01143
0.90150, 0.01113
0.90242, 0.01083
0.90334, 0.01053
0.90425, 0.01023
0.90516, 0.00994
0.90607, 0.00964
0.90697, 0.00935
0.90787, 0.00906
0.90876, 0.00877
0.90965, 0.00848
0.91054, 0.00819
0.91142, 0.00791
0.91230, 0.00762
0.91317, 0.00734
0.91404, 0.00706
0.91491, 0.00678
0.91577, 0.00650
0.91663, 0.00622
0.91748, 0.00595
0.91833, 0.00567
0.91918, 0.00540
0.92002, 0.00513
0.92086, 0.00486
0.92169, 0.00459
0.92252, 0.00433
0.92334, 0.00406
0.92416, 0.00380
0.92498, 0.00353
0.92579, 0.00327
0.92660, 0.00302
0.92741, 0.00276
0.92821, 0.00250
0.92901, 0.00225
0.92980, 0.00199
0.93059, 0.00174
0.93137, 0.00149
0.93215, 0.00125
0.93293, 0.00100
0.93370, 0.00075
0.93447, 0.00051
0.93523, 0.00027
0.93599, 0.00003
0.93674, -0.00021
0.93749, -0.00045
0.93824, -0.00068
0.93898, -0.00092
0.93972, -0.00115
0.94046, -0.00138
0.94119, -0.00161
0.94191, -0.00184
0.94263, -0.00206
0.94335, -0.00229
0.94406, -0.00251
0.94477, -0.00273
0.94548, -0.00295
0.94618, -0.00317
0.94688, -0.00338
0.94757, -0.00360
0.94825, -0.00381
0.94894, -0.00402
0.94962, -0.00423
0.95029, -0.00444
0.95096, -0.00465
0.95163, -0.00485
0.95229, -0.00505
0.95295, -0.00526
0.95360, -0.00546
0.95425, -0.00565
0.95490, -0.00585
0.95554, -0.00605
0.95617, -0.00624
0.95681, -0.00643
0.95743, -0.00662
0.95806, -0.00681
0.95868, -0.00700
0.95929, -0.00718
0.95990, -0.00737
0.96051, -0.00755
0.96111, -0.00773
0.96170, -0.00791
0.96230, -0.00809
0.96289, -0.00826
0.96347, -0.00844
0.96405, -0.00861
0.96462, -0.00878
0.96519, -0.00895
0.96576, -0.00912
0.96632, -0.00928
0.96688, -0.00945
0.96743, -0.00961
0.96798, -0.00977
0.96853, -0.00993
0.96907, -0.01009
0.96960, -0.01025
0.97013, -0.01040
0.97066, -0.01056
0.97118, -0.01071
0.97170, -0.01086
0.97221, -0.01101
0.97272, -0.01116
0.97322, -0.01130
0.97372, -0.01145
0.97422, -0.01159
0.97471, -0.01173
0.97519, -0.01187
0.97567, -0.01201
0.97615, -0.01215
0.97662, -0.01228
0.97709, -0.01242
0.97755, -0.01255
0.97801, -0.01268
0.97846, -0.01281
0.97891, -0.01294
0.97936, -0.01306
0.97980, -0.01319
0.98023, -0.01331
0.98067, -0.01343
0.98109, -0.01355
0.98151, -0.01367
0.98193, -0.01379
0.98234, -0.01390
0.98275, -0.01402
0.98316, -0.01413
0.98355, -0.01424
0.98395, -0.01435
0.98434, -0.01446
0.98472, -0.01457
0.98510, -0.01467
0.98548, -0.01478
0.98585, -0.01488
0.98622, -0.01498
0.98658, -0.01508
0.98694, -0.01518
0.98729, -0.01527
0.98764, -0.01537
0.98798, -0.01546
0.98832, -0.01556
0.98865, -0.01565
0.98898, -0.01574
0.98930, -0.01583
0.98962, -0.01591
0.98994, -0.01600
0.99025, -0.01608
0.99055, -0.01617
0.99085, -0.01625
0.99115, -0.01633
0.99144, -0.01641
0.99173, -0.01648
0.99201, -0.01656
0.99229, -0.01663
0.99256, -0.01671
0.99283, -0.01678
0.99309, -0.01685
0.99335, -0.01692
0.99360, -0.01699
0.99385, -0.01705
0.99409, -0.01712
0.99433, -0.01718
0.99457, -0.01724
0.99479, -0.01730
0.99502, -0.01736
0.99524, -0.01742
0.99545, -0.01748
0.99566, -0.01754
0.99587, -0.01759
0.99607, -0.01764
0.99627, -0.01769
0.99646, -0.01775
0.99664, -0.01779
0.99683, -0.01784
0.99700, -0.01789
0.99717, -0.01793
0.99734, -0.01798
0.99750, -0.01802
0.99766, -0.01806
0.99781, -0.01810
0.99796, -0.01814
0.99810, -0.01818
0.99824, -0.01821
0.99838, -0.01825
0.99850, -0.01828
0.99863, -0.01831
0.99875, -0.01835
0.99886, -0.01838
0.99897, -0.01840
0.99907, -0.01843
0.99917, -0.01846
0.99927, -0.01848
0.99936, -0.01850
0.99944, -0.01853
0.99952, -0.01855
0.99960, -0.01857
0.99967, -0.01859
0.99973, -0.01860
0.99979, -0.01862
0.99985, -0.01863
0.99990, -0.01865
0.99995, -0.01866
0.99999, -0.01867
1.00003, -0.01868
1.00006, -0.01869
1.00008, -0.01869
1.00011, -0.01870
1.00012, -0.01870
1.00014, -0.01871
1.00019, -0.01871
1.00021, -0.01872

=== Lower Surface ===
0.00000, -0.00380
0.00002, -0.00408
0.00004, -0.00436
0.00006, -0.00464
0.00009, -0.00491
0.00013, -0.00519
0.00017, -0.00547
0.00022, -0.00574
0.00027, -0.00602
0.00032, -0.00629
0.00038, -0.00657
0.00045, -0.00684
0.00052, -0.00711
0.00059, -0.00738
0.00067, -0.00766
0.00076, -0.00793
0.00085, -0.00820
0.00094, -0.00847
0.00104, -0.00874
0.00115, -0.00900
0.00126, -0.00927
0.00137, -0.00954
0.00149, -0.00980
0.00162, -0.01007
0.00175, -0.01033
0.00188, -0.01060
0.00202, -0.01086
0.00217, -0.01113
0.00232, -0.01139
0.00247, -0.01165
0.00263, -0.01191
0.00280, -0.01217
0.00297, -0.01243
0.00314, -0.01269
0.00332, -0.01295
0.00351, -0.01321
0.00370, -0.01346
0.00389, -0.01372
0.00409, -0.01398
0.00429, -0.01423
0.00450, -0.01448
0.00472, -0.01474
0.00494, -0.01499
0.00516, -0.01524
0.00539, -0.01549
0.00562, -0.01574
0.00586, -0.01599
0.00611, -0.01624
0.00636, -0.01649
0.00661, -0.01674
0.00687, -0.01699
0.00713, -0.01723
0.00740, -0.01748
0.00768, -0.01772
0.00796, -0.01797
0.00824, -0.01821
0.00853, -0.01845
0.00882, -0.01870
0.00912, -0.01894
0.00943, -0.01918
0.00974, -0.01942
0.01005, -0.01966
0.01037, -0.01989
0.01069, -0.02013
0.01102, -0.02037
0.01135, -0.02060
0.01169, -0.02084
0.01204, -0.02107
0.01238, -0.02131
0.01274, -0.02154
0.01310, -0.02177
0.01346, -0.02200
0.01383, -0.02223
0.01420, -0.02246
0.01458, -0.02269
0.01496, -0.02291
0.01535, -0.02314
0.01575, -0.02337
0.01614, -0.02359
0.01655, -0.02381
0.01696, -0.02404
0.01737, -0.02426
0.01779, -0.02448
0.01821, -0.02470
0.01864, -0.02492
0.01907, -0.02514
0.01951, -0.02536
0.01995, -0.02557
0.02040, -0.02579
0.02085, -0.02600
0.02131, -0.02622
0.02177, -0.02643
0.02224, -0.02664
0.02271, -0.02685
0.02319, -0.02706
0.02367, -0.02727
0.02416, -0.02748
0.02465, -0.02768
0.02515, -0.02789
0.02565, -0.02809
0.02616, -0.02830
0.02667, -0.02850
0.02719, -0.02870
0.02771, -0.02890
0.02824, -0.02910
0.02877, -0.02930
0.02930, -0.02950
0.02985, -0.02969
0.03039, -0.02989
0.03094, -0.03008
0.03150, -0.03028
0.03206, -0.03047
0.03263, -0.03066
0.03320, -0.03085
0.03378, -0.03104
0.03436, -0.03122
0.03494, -0.03141
0.03553, -0.03160
0.03613, -0.03178
0.03673, -0.03196
0.03733, -0.03214
0.03794, -0.03232
0.03856, -0.03250
0.03918, -0.03268
0.03980, -0.03286
0.04043, -0.03303
0.04107, -0.03320
0.04171, -0.03338
0.04235, -0.03355
0.04300, -0.03372
0.04366, -0.03389
0.04432, -0.03405
0.04498, -0.03422
0.04565, -0.03438
0.04632, -0.03455
0.04700, -0.03471
0.04768, -0.03487
0.04837, -0.03503
0.04907, -0.03519
0.04976, -0.03534
0.05047, -0.03550
0.05117, -0.03565
0.05189, -0.03580
0.05260, -0.03595
0.05333, -0.03610
0.05405, -0.03625
0.05478, -0.03640
0.05552, -0.03654
0.05626, -0.03668
0.05701, -0.03682
0.05776, -0.03696
0.05852, -0.03710
0.05928, -0.03724
0.06004, -0.03737
0.06081, -0.03751
0.06159, -0.03764
0.06237, -0.03777
0.06315, -0.03790
0.06394, -0.03802
0.06473, -0.03815
0.06553, -0.03827
0.06634, -0.03839
0.06715, -0.03851
0.06796, -0.03863
0.06878, -0.03875
0.06960, -0.03886
0.07043, -0.03898
0.07126, -0.03909
0.07210, -0.03920
0.07294, -0.03931
0.07379, -0.03941
0.07464, -0.03952
0.07549, -0.03962
0.07635, -0.03972
0.07722, -0.03982
0.07809, -0.03991
0.07896, -0.04001
0.07984, -0.04010
0.08073, -0.04019
0.08162, -0.04028
0.08251, -0.04036
0.08341, -0.04045
0.08431, -0.04053
0.08522, -0.04061
0.08613, -0.04069
0.08705, -0.04077
0.08797, -0.04084
0.08890, -0.04091
0.08983, -0.04098
0.09076, -0.04105
0.09171, -0.04111
0.09265, -0.04118
0.09360, -0.04124
0.09455, -0.04130
0.09551, -0.04135
0.09648, -0.04141
0.09744, -0.04146
0.09842, -0.04151
0.09940, -0.04156
0.10038, -0.04160
0.10136, -0.04165
0.10235, -0.04169
0.10335, -0.04172
0.10435, -0.04176
0.10536, -0.04179
0.10636, -0.04182
0.10738, -0.04185
0.10840, -0.04188
0.10942, -0.04190
0.11045, -0.04192
0.11148, -0.04194
0.11252, -0.04195
0.11356, -0.04197
0.11460, -0.04198
0.11565, -0.04198
0.11671, -0.04199
0.11777, -0.04199
0.11883, -0.04199
0.11990, -0.04199
0.12097, -0.04198
0.12205, -0.04197
0.12313, -0.04196
0.12421, -0.04195
0.12530, -0.04193
0.12640, -0.04191
0.12750, -0.04189
0.12860, -0.04186
0.12971, -0.04183
0.13082, -0.04180
0.13194, -0.04177
0.13306, -0.04173
0.13418, -0.04169
0.13531, -0.04164
0.13645, -0.04160
0.13759, -0.04155
0.13873, -0.04149
0.13988, -0.04144
0.14103, -0.04138
0.14218, -0.04132
0.14334, -0.04125
0.14450, -0.04118
0.14566, -0.04111
0.14682, -0.04104
0.14799, -0.04096
0.14915, -0.04089
0.15032, -0.04081
0.15149, -0.04072
0.15266, -0.04064
0.15383, -0.04055
0.15500, -0.04046
0.15617, -0.04037
0.15735, -0.04027
0.15852, -0.04018
0.15970, -0.04008
0.16088, -0.03998
0.16206, -0.03987
0.16324, -0.03977
0.16442, -0.03967
0.16560, -0.03956
0.16678, -0.03945
0.16796, -0.03934
0.16915, -0.03923
0.17033, -0.03911
0.17152, -0.03900
0.17270, -0.03888
0.17389, -0.03876
0.17507, -0.03865
0.17626, -0.03853
0.17745, -0.03841
0.17863, -0.03828
0.17982, -0.03816
0.18101, -0.03804
0.18219, -0.03791
0.18338, -0.03779
0.18457, -0.03766
0.18575, -0.03754
0.18694, -0.03741
0.18813, -0.03729
0.18931, -0.03716
0.19050, -0.03703
0.19169, -0.03691
0.19287, -0.03678
0.19406, -0.03665
0.19524, -0.03653
0.19643, -0.03640
0.19761, -0.03627
0.19879, -0.03615
0.19997, -0.03602
0.20116, -0.03590
0.20234, -0.03577
0.20352, -0.03565
0.20469, -0.03553
0.20587, -0.03541
0.20705, -0.03529
0.20822, -0.03517
0.20940, -0.03505
0.21058, -0.03493
0.21176, -0.03481
0.21294, -0.03469
0.21413, -0.03458
0.21531, -0.03446
0.21651, -0.03435
0.21770, -0.03423
0.21890, -0.03412
0.22010, -0.03400
0.22131, -0.03389
0.22251, -0.03377
0.22373, -0.03366
0.22494, -0.03355
0.22616, -0.03344
0.22738, -0.03332
0.22860, -0.03321
0.22983, -0.03310
0.23106, -0.03299
0.23229, -0.03288
0.23353, -0.03277
0.23477, -0.03266
0.23602, -0.03255
0.23726, -0.03244
0.23851, -0.03233
0.23977, -0.03223
0.24102, -0.03212
0.24228, -0.03201
0.24354, -0.03190
0.24481, -0.03180
0.24608, -0.03169
0.24735, -0.03158
0.24863, -0.03148
0.24991, -0.03137
0.25119, -0.03126
0.25248, -0.03116
0.25377, -0.03105
0.25506, -0.03095
0.25636, -0.03084
0.25766, -0.03074
0.25896, -0.03063
0.26026, -0.03053
0.26157, -0.03042
0.26288, -0.03032
0.26420, -0.03022
0.26552, -0.03011
0.26684, -0.03001
0.26817, -0.02990
0.26949, -0.02980
0.27083, -0.02969
0.27216, -0.02959
0.27350, -0.02949
0.27484, -0.02938
0.27618, -0.02928
0.27752, -0.02917
0.27887, -0.02907
0.28022, -0.02897
0.28157, -0.02886
0.28292, -0.02876
0.28428, -0.02866
0.28564, -0.02855
0.28700, -0.02845
0.28836, -0.02835
0.28972, -0.02824
0.29109, -0.02814
0.29246, -0.02804
0.29383, -0.02794
0.29520, -0.02783
0.29657, -0.02773
0.29795, -0.02763
0.29933, -0.02753
0.30071, -0.02742
0.30209, -0.02732
0.30348, -0.02722
0.30486, -0.02712
0.30625, -0.02702
0.30764, -0.02692
0.30903, -0.02682
0.31043, -0.02672
0.31183, -0.02662
0.31322, -0.02652
0.31462, -0.02642
0.31603, -0.02632
0.31743, -0.02622
0.31884, -0.02612
0.32024, -0.02602
0.32165, -0.02592
0.32307, -0.02582
0.32448, -0.02572
0.32590, -0.02562
0.32731, -0.02553
0.32873, -0.02543
0.33015, -0.02533
0.33158, -0.02523
0.33300, -0.02514
0.33443, -0.02504
0.33585, -0.02494
0.33728, -0.02485
0.33872, -0.02475
0.34015, -0.02466
0.34158, -0.02456
0.34302, -0.02447
0.34446, -0.02437
0.34590, -0.02428
0.34734, -0.02418
0.34879, -0.02409
0.35023, -0.02399
0.35168, -0.02390
0.35313, -0.02381
0.35458, -0.02371
0.35603, -0.02362
0.35748, -0.02353
0.35894, -0.02344
0.36039, -0.02335
0.36185, -0.02325
0.36331, -0.02316
0.36477, -0.02307
0.36623, -0.02298
0.36770, -0.02289
0.36916, -0.02280
0.37063, -0.02271
0.37210, -0.02262
0.37357, -0.02253
0.37504, -0.02245
0.37652, -0.02236
0.37799, -0.02227
0.37947, -0.02218
0.38094, -0.02209
0.38242, -0.02201
0.38390, -0.02192
0.38538, -0.02183
0.38687, -0.02175
0.38835, -0.02166
0.38984, -0.02158
0.39133, -0.02149
0.39281, -0.02141
0.39430, -0.02132
0.39579, -0.02124
0.39729, -0.02116
0.39878, -0.02107
0.40027, -0.02099
0.40177, -0.02091
0.40327, -0.02083
0.40477, -0.02074
0.40627, -0.02066
0.40777, -0.02058
0.40927, -0.02050
0.41077, -0.02042
0.41228, -0.02034
0.41378, -0.02026
0.41529, -0.02018
0.41679, -0.02010
0.41830, -0.02002
0.41981, -0.01994
0.42132, -0.01987
0.42284, -0.01979
0.42435, -0.01971
0.42586, -0.01963
0.42738, -0.01956
0.42889, -0.01948
0.43041, -0.01941
0.43193, -0.01933
0.43345, -0.01925
0.43497, -0.01918
0.43649, -0.01911
0.43801, -0.01903
0.43953, -0.01896
0.44105, -0.01888
0.44258, -0.01881
0.44410, -0.01874
0.44563, -0.01867
0.44716, -0.01859
0.44868, -0.01852
0.45021, -0.01845
0.45174, -0.01838
0.45327, -0.01831
0.45480, -0.01824
0.45633, -0.01817
0.45787, -0.01810
0.45940, -0.01803
0.46093, -0.01796
0.46247, -0.01789
0.46400, -0.01782
0.46554, -0.01776
0.46707, -0.01769
0.46861, -0.01762
0.47015, -0.01756
0.47168, -0.01749
0.47322, -0.01742
0.47476, -0.01736
0.47630, -0.01729
0.47784, -0.01723
0.47938, -0.01716
0.48092, -0.01710
0.48247, -0.01703
0.48401, -0.01697
0.48555, -0.01691
0.48709, -0.01684
0.48864, -0.01678
0.49018, -0.01672
0.49173, -0.01665
0.49327, -0.01659
0.49482, -0.01653
0.49636, -0.01647
0.49791, -0.01641
0.49945, -0.01635
0.50100, -0.01629
0.50255, -0.01623
0.50409, -0.01617
0.50564, -0.01611
0.50719, -0.01605
0.50873, -0.01599
0.51028, -0.01593
0.51183, -0.01587
0.51338, -0.01582
0.51493, -0.01576
0.51648, -0.01570
0.51802, -0.01564
0.51957, -0.01559
0.52112, -0.01553
0.52267, -0.01547
0.52422, -0.01542
0.52577, -0.01536
0.52732, -0.01531
0.52887, -0.01525
0.53042, -0.01520
0.53196, -0.01514
0.53351, -0.01509
0.53506, -0.01503
0.53661, -0.01498
0.53816, -0.01492
0.53971, -0.01487
0.54126, -0.01482
0.54281, -0.01476
0.54435, -0.01471
0.54590, -0.01466
0.54745, -0.01461
0.54900, -0.01456
0.55055, -0.01450
0.55209, -0.01445
0.55364, -0.01440
0.55519, -0.01435
0.55673, -0.01430
0.55828, -0.01425
0.55983, -0.01420
0.56137, -0.01415
0.56292, -0.01410
0.56446, -0.01405
0.56601, -0.01400
0.56755, -0.01395
0.56910, -0.01390
0.57064, -0.01385
0.57218, -0.01380
0.57372, -0.01375
0.57527, -0.01370
0.57681, -0.01365
0.57835, -0.01361
0.57989, -0.01356
0.58143, -0.01351
0.58297, -0.01346
0.58451, -0.01342
0.58605, -0.01337
0.58758, -0.01332
0.58912, -0.01327
0.59066, -0.01323
0.59219, -0.01318
0.59373, -0.01313
0.59526, -0.01309
0.59680, -0.01304
0.59833, -0.01299
0.59986, -0.01295
0.60139, -0.01290
0.60292, -0.01286
0.60445, -0.01281
0.60598, -0.01276
0.60751, -0.01272
0.60904, -0.01267
0.61057, -0.01263
0.61209, -0.01258
0.61362, -0.01254
0.61514, -0.01249
0.61666, -0.01245
0.61819, -0.01240
0.61971, -0.01236
0.62123, -0.01231
0.62275, -0.01227
0.62426, -0.01222
0.62578, -0.01218
0.62730, -0.01213
0.62881, -0.01209
0.63033, -0.01204
0.63184, -0.01200
0.63335, -0.01195
0.63486, -0.01191
0.63637, -0.01187
0.63788, -0.01182
0.63939, -0.01178
0.64089, -0.01173
0.64240, -0.01169
0.64390, -0.01165
0.64540, -0.01160
0.64691, -0.01156
0.64841, -0.01151
0.64990, -0.01147
0.65140, -0.01143
0.65290, -0.01138
0.65439, -0.01134
0.65589, -0.01129
0.65738, -0.01125
0.65887, -0.01120
0.66036, -0.01116
0.66184, -0.01112
0.66333, -0.01107
0.66481, -0.01103
0.66630, -0.01098
0.66778, -0.01094
0.66925, -0.01090
0.67073, -0.01085
0.67220, -0.01081
0.67367, -0.01076
0.67514, -0.01072
0.67660, -0.01068
0.67806, -0.01063
0.67952, -0.01059
0.68098, -0.01055
0.68243, -0.01050
0.68388, -0.01046
0.68533, -0.01042
0.68677, -0.01038
0.68822, -0.01034
0.68966, -0.01030
0.69110, -0.01026
0.69253, -0.01022
0.69396, -0.01018
0.69539, -0.01014
0.69682, -0.01011
0.69825, -0.01007
0.69967, -0.01003
0.70109, -0.01000
0.70250, -0.00997
0.70392, -0.00993
0.70533, -0.00990
0.70674, -0.00987
0.70814, -0.00984
0.70955, -0.00981
0.71095, -0.00978
0.71235, -0.00975
0.71374, -0.00973
0.71514, -0.00970
0.71653, -0.00968
0.71792, -0.00965
0.71930, -0.00963
0.72068, -0.00961
0.72206, -0.00959
0.72344, -0.00957
0.72482, -0.00956
0.72619, -0.00954
0.72756, -0.00953
0.72893, -0.00951
0.73029, -0.00950
0.73165, -0.00949
0.73301, -0.00948
0.73437, -0.00947
0.73572, -0.00947
0.73707, -0.00946
0.73842, -0.00946
0.73977, -0.00946
0.74111, -0.00946
0.74245, -0.00946
0.74379, -0.00946
0.74513, -0.00947
0.74646, -0.00948
0.74779, -0.00948
0.74912, -0.00949
0.75045, -0.00951
0.75177, -0.00952
0.75310, -0.00954
0.75442, -0.00955
0.75574, -0.00957
0.75706, -0.00959
0.75838, -0.00961
0.75969, -0.00964
0.76101, -0.00966
0.76232, -0.00969
0.76363, -0.00971
0.76494, -0.00974
0.76624, -0.00977
0.76755, -0.00981
0.76885, -0.00984
0.77015, -0.00988
0.77145, -0.00991
0.77274, -0.00995
0.77404, -0.00999
0.77533, -0.01003
0.77662, -0.01007
0.77791, -0.01011
0.77919, -0.01016
0.78048, -0.01020
0.78176, -0.01025
0.78304, -0.01030
0.78432, -0.01035
0.78559, -0.01040
0.78686, -0.01045
0.78813, -0.01050
0.78940, -0.01055
0.79067, -0.01061
0.79193, -0.01066
0.79319, -0.01072
0.79445, -0.01078
0.79571, -0.01084
0.79696, -0.01090
0.79821, -0.01096
0.79946, -0.01102
0.80071, -0.01108
0.80195, -0.01114
0.80320, -0.01121
0.80444, -0.01127
0.80567, -0.01134
0.80691, -0.01140
0.80814, -0.01147
0.80937, -0.01154
0.81059, -0.01161
0.81182, -0.01168
0.81304, -0.01175
0.81426, -0.01182
0.81547, -0.01189
0.81669, -0.01196
0.81790, -0.01203
0.81910, -0.01210
0.82031, -0.01218
0.82151, -0.01225
0.82271, -0.01233
0.82391, -0.01240
0.82510, -0.01248
0.82629, -0.01256
0.82748, -0.01263
0.82866, -0.01271
0.82984, -0.01279
0.83102, -0.01287
0.83220, -0.01295
0.83337, -0.01302
0.83454, -0.01310
0.83571, -0.01318
0.83688, -0.01326
0.83804, -0.01335
0.83920, -0.01343
0.84035, -0.01351
0.84151, -0.01359
0.84266, -0.01367
0.84380, -0.01375
0.84495, -0.01383
0.84609, -0.01392
0.84723, -0.01400
0.84836, -0.01408
0.84949, -0.01416
0.85062, -0.01425
0.85175, -0.01433
0.85287, -0.01441
0.85399, -0.01449
0.85510, -0.01458
0.85622, -0.01466
0.85732, -0.01474
0.85843, -0.01482
0.85953, -0.01491
0.86063, -0.01499
0.86173, -0.01507
0.86282, -0.01515
0.86391, -0.01523
0.86500, -0.01532
0.86608, -0.01540
0.86716, -0.01548
0.86823, -0.01556
0.86930, -0.01564
0.87037, -0.01572
0.87144, -0.01580
0.87250, -0.01588
0.87356, -0.01596
0.87461, -0.01604
0.87566, -0.01612
0.87671, -0.01620
0.87775, -0.01628
0.87879, -0.01635
0.87983, -0.01643
0.88086, -0.01651
0.88189, -0.01659
0.88292, -0.01666
0.88394, -0.01674
0.88496, -0.01681
0.88597, -0.01689
0.88698, -0.01696
0.88799, -0.01704
0.88899, -0.01711
0.88999, -0.01718
0.89099, -0.01726
0.89198, -0.01733
0.89296, -0.01740
0.89395, -0.01747
0.89493, -0.01754
0.89590, -0.01761
0.89688, -0.01768
0.89784, -0.01775
0.89881, -0.01782
0.89977, -0.01788
0.90072, -0.01795
0.90168, -0.01802
0.90262, -0.01808
0.90357, -0.01815
0.90451, -0.01821
0.90544, -0.01827
0.90638, -0.01834
0.90730, -0.01840
0.90823, -0.01846
0.90915, -0.01852
0.91006, -0.01858
0.91097, -0.01864
0.91188, -0.01870
0.91279, -0.01876
0.91368, -0.01882
0.91458, -0.01888
0.91547, -0.01893
0.91636, -0.01899
0.91724, -0.01904
0.91812, -0.01910
0.91899, -0.01915
0.91986, -0.01921
0.92073, -0.01926
0.92159, -0.01931
0.92244, -0.01936
0.92330, -0.01941
0.92414, -0.01946
0.92499, -0.01951
0.92583, -0.01956
0.92666, -0.01960
0.92749, -0.01965
0.92832, -0.01970
0.92914, -0.01974
0.92996, -0.01979
0.93077, -0.01983
0.93158, -0.01987
0.93239, -0.01992
0.93319, -0.01996
0.93398, -0.02000
0.93477, -0.02004
0.93556, -0.02008
0.93634, -0.02012
0.93712, -0.02016
0.93789, -0.02020
0.93866, -0.02023
0.93943, -0.02027
0.94019, -0.02030
0.94094, -0.02034
0.94169, -0.02037
0.94244, -0.02041
0.94318, -0.02044
0.94392, -0.02047
0.94465, -0.02050
0.94538, -0.02054
0.94610, -0.02057
0.94682, -0.02060
0.94753, -0.02062
0.94824, -0.02065
0.94895, -0.02068
0.94965, -0.02071
0.95035, -0.02073
0.95104, -0.02076
0.95172, -0.02079
0.95241, -0.02081
0.95308, -0.02083
0.95375, -0.02086
0.95442, -0.02088
0.95509, -0.02090
0.95574, -0.02092
0.95640, -0.02095
0.95705, -0.02097
0.95769, -0.02099
0.95833, -0.02100
0.95897, -0.02102
0.95960, -0.02104
0.96022, -0.02106
0.96084, -0.02108
0.96146, -0.02109
0.96207, -0.02111
0.96268, -0.02112
0.96328, -0.02114
0.96388, -0.02115
0.96447, -0.02117
0.96506, -0.02118
0.96564, -0.02119
0.96622, -0.02121
0.96679, -0.02122
0.96736, -0.02123
0.96792, -0.02124
0.96848, -0.02125
0.96904, -0.02126
0.96958, -0.02127
0.97013, -0.02128
0.97067, -0.02129
0.97120, -0.02130
0.97173, -0.02131
0.97226, -0.02132
0.97278, -0.02132
0.97329, -0.02133
0.97380, -0.02134
0.97431, -0.02134
0.97481, -0.02135
0.97531, -0.02135
0.97580, -0.02136
0.97628, -0.02136
0.97676, -0.02137
0.97724, -0.02137
0.97771, -0.02138
0.97818, -0.02138
0.97864, -0.02138
0.97910, -0.02139
0.97955, -0.02139
0.98000, -0.02139
0.98044, -0.02139
0.98087, -0.02139
0.98131, -0.02140
0.98173, -0.02140
0.98216, -0.02140
0.98257, -0.02140
0.98299, -0.02140
0.98339, -0.02140
0.98380, -0.02140
0.98420, -0.02140
0.98459, -0.02140
0.98498, -0.02140
0.98536, -0.02140
0.98574, -0.02140
0.98611, -0.02139
0.98648, -0.02139
0.98684, -0.02139
0.98720, -0.02139
0.98755, -0.02139
0.98790, -0.02139
0.98824, -0.02138
0.98858, -0.02138
0.98892, -0.02138
0.98924, -0.02138
0.98957, -0.02137
0.98989, -0.02137
0.99020, -0.02137
0.99051, -0.02137
0.99081, -0.02136
0.99111, -0.02136
0.99140, -0.02136
0.99169, -0.02135
0.99198, -0.02135
0.99225, -0.02135
0.99253, -0.02134
0.99280, -0.02134
0.99306, -0.02134
0.99332, -0.02133
0.99357, -0.02133
0.99382, -0.02133
0.99406, -0.02132
0.99430, -0.02132
0.99454, -0.02132
0.99476, -0.02131
0.99499, -0.02131
0.99521, -0.02130
0.99542, -0.02130
0.99563, -0.02130
0.99583, -0.02129
0.99603, -0.02129
0.99622, -0.02129
0.99641, -0.02128
0.99660, -0.02128
0.99677, -0.02128
0.99695, -0.02127
0.99712, -0.02127
0.99728, -0.02127
0.99744, -0.02126
0.99759, -0.02126
0.99774, -0.02126
0.99788, -0.02126
0.99802, -0.02125
0.99816, -0.02125
0.99828, -0.02125
0.99841, -0.02124
0.99852, -0.02124
0.99864, -0.02124
0.99875, -0.02124
0.99885, -0.02124
0.99895, -0.02123
0.99904, -0.02123
0.99913, -0.02123
0.99921, -0.02123
0.99929, -0.02123
0.99936, -0.02122
0.99943, -0.02122
0.99949, -0.02122
0.99955, -0.02122
0.99960, -0.02122
0.99965, -0.02122
0.99969, -0.02122
0.99973, -0.02122
0.99977, -0.02121
0.99979, -0.02121
0.99982, -0.02121
0.99983, -0.02121
0.99984, -0.02121
0.99981, -0.02121
0.99979, -0.02120
