airfoil_points_294
1.000000 0.000005
0.999748 0.000056
0.998993 0.000209
0.997736 0.000462
0.995977 0.000813
0.993719 0.001260
0.990964 0.001800
0.987715 0.002427
0.983974 0.003139
0.979746 0.003929
0.975036 0.004793
0.969846 0.005724
0.964184 0.006716
0.958054 0.007762
0.951463 0.008857
0.944418 0.009994
0.936925 0.011167
0.928992 0.012369
0.920627 0.013595
0.911838 0.014840
0.902635 0.016098
0.893027 0.017365
0.883022 0.018638
0.872632 0.019914
0.861867 0.021190
0.850737 0.022465
0.839255 0.023738
0.827430 0.025011
0.815276 0.026293
0.802805 0.027598
0.790028 0.028944
0.776960 0.030354
0.763613 0.031852
0.750000 0.033464
0.736136 0.035203
0.722033 0.037042
0.707708 0.038947
0.693173 0.040884
0.678443 0.042813
0.663534 0.044695
0.648460 0.046510
0.633237 0.048256
0.617879 0.049932
0.602403 0.051536
0.586824 0.053069
0.571157 0.054529
0.555419 0.055917
0.539625 0.057233
0.523791 0.058476
0.507933 0.059648
0.492067 0.060748
0.476209 0.061777
0.460375 0.062736
0.444581 0.063625
0.428843 0.064445
0.413176 0.065196
0.397597 0.065879
0.382121 0.066494
0.366763 0.067041
0.351540 0.067520
0.336466 0.067932
0.321557 0.068277
0.306827 0.068553
0.292292 0.068761
0.277967 0.068901
0.263864 0.068971
0.250000 0.068956
0.236387 0.068810
0.223040 0.068490
0.209972 0.067963
0.197195 0.067200
0.184724 0.066183
0.172570 0.064918
0.160745 0.063419
0.149263 0.061699
0.138133 0.059775
0.127368 0.057658
0.116978 0.055363
0.106973 0.052910
0.097365 0.050324
0.088162 0.047627
0.079373 0.044838
0.071008 0.041976
0.063075 0.039056
0.055582 0.036093
0.048537 0.033099
0.041946 0.030085
0.035816 0.027060
0.030154 0.024032
0.024964 0.021008
0.020254 0.017994
0.016026 0.014993
0.012285 0.012011
0.009036 0.009052
0.006281 0.006119
0.004023 0.003219
0.002264 0.000365
0.001007 -0.002415
0.000252 -0.004996
0.000000 -0.006499
0.000252 -0.011803
0.001007 -0.014251
0.002264 -0.016770
0.004023 -0.019232
0.006281 -0.021605
0.009036 -0.023877
0.012285 -0.026039
0.016026 -0.028087
0.020254 -0.030018
0.024964 -0.031826
0.030154 -0.033509
0.035816 -0.035066
0.041946 -0.036494
0.048537 -0.037793
0.055582 -0.038964
0.063075 -0.040009
0.071008 -0.040933
0.079373 -0.041741
0.088162 -0.042442
0.097365 -0.043048
0.106973 -0.043573
0.116978 -0.044035
0.127368 -0.044455
0.138133 -0.044860
0.149263 -0.045270
0.160745 -0.045697
0.172570 -0.046155
0.184724 -0.046661
0.197195 -0.047228
0.209972 -0.047866
0.223040 -0.048548
0.236387 -0.049237
0.250000 -0.049893
0.263864 -0.050471
0.277967 -0.050929
0.292292 -0.051262
0.306827 -0.051470
0.321557 -0.051559
0.336466 -0.051531
0.351540 -0.051392
0.366763 -0.051147
0.382121 -0.050801
0.397597 -0.050360
0.413176 -0.049831
0.428843 -0.049222
0.444581 -0.048538
0.460375 -0.047789
0.476209 -0.046980
0.492067 -0.046122
0.507933 -0.045220
0.523791 -0.044284
0.539625 -0.043321
0.555419 -0.042338
0.571157 -0.041344
0.586824 -0.040346
0.602403 -0.039351
0.617879 -0.038365
0.633237 -0.037396
0.648460 -0.036449
0.663534 -0.035529
0.678443 -0.034642
0.693173 -0.033765
0.707708 -0.032867
0.722033 -0.031916
0.736136 -0.030885
0.750000 -0.029751
0.763613 -0.028497
0.776960 -0.027141
0.790028 -0.025714
0.802805 -0.024243
0.815276 -0.022756
0.827430 -0.021276
0.839255 -0.019823
0.850737 -0.018414
0.861867 -0.017054
0.872632 -0.015749
0.883022 -0.014503
0.893027 -0.013319
0.902635 -0.012201
0.911838 -0.011148
0.920627 -0.010164
0.928992 -0.009246
0.936925 -0.008397
0.944418 -0.007613
0.951463 -0.006895
0.958054 -0.006240
0.964184 -0.005647
0.969846 -0.005113
0.975036 -0.004636
0.979746 -0.004213
0.983974 -0.003843
0.987715 -0.003523
0.990964 -0.003250
0.993719 -0.003023
0.995977 -0.002839
0.997736 -0.002699
0.998993 -0.002599
0.999748 -0.002539
1.000000 -0.002523
