=== Airfoil Parameters ===
m = 0.02
p = 0.4
t = 0.12

=== Control Points ===
0.00000, 0.01687, 0.01687
0.06667, 0.02157, 0.01546
0.13333, 0.02212, 0.01101
0.20000, 0.02018, 0.00518
0.26667, 0.02051, 0.00273
0.66667, 0.02082, 0.00477
0.75000, 0.01878, 0.00558
0.83333, 0.01116, 0.00159
0.91667, 0.00255, -0.00262
1.00000, -0.00359, -0.00359

=== Upper Surface ===
0.00000, 0.01687
-0.00004, 0.01715
-0.00005, 0.01743
-0.00006, 0.01771
-0.00008, 0.01799
-0.00008, 0.01827
-0.00008, 0.01855
-0.00008, 0.01883
-0.00007, 0.01911
-0.00006, 0.01939
-0.00004, 0.01967
-0.00001, 0.01995
0.00002, 0.02023
0.00005, 0.02051
0.00009, 0.02079
0.00013, 0.02107
0.00018, 0.02135
0.00023, 0.02163
0.00029, 0.02191
0.00036, 0.02219
0.00043, 0.02247
0.00050, 0.02276
0.00058, 0.02304
0.00067, 0.02332
0.00075, 0.02360
0.00085, 0.02388
0.00095, 0.02416
0.00105, 0.02444
0.00116, 0.02473
0.00128, 0.02501
0.00140, 0.02529
0.00152, 0.02557
0.00165, 0.02586
0.00179, 0.02614
0.00193, 0.02642
0.00207, 0.02670
0.00222, 0.02699
0.00238, 0.02727
0.00254, 0.02755
0.00271, 0.02783
0.00288, 0.02812
0.00305, 0.02840
0.00323, 0.02868
0.00342, 0.02896
0.00361, 0.02925
0.00381, 0.02953
0.00401, 0.02981
0.00421, 0.03010
0.00443, 0.03038
0.00464, 0.03066
0.00486, 0.03094
0.00509, 0.03123
0.00532, 0.03151
0.00556, 0.03179
0.00580, 0.03208
0.00605, 0.03236
0.00630, 0.03264
0.00656, 0.03293
0.00682, 0.03321
0.00709, 0.03349
0.00736, 0.03377
0.00764, 0.03406
0.00793, 0.03434
0.00821, 0.03462
0.00851, 0.03490
0.00881, 0.03518
0.00911, 0.03547
0.00942, 0.03575
0.00973, 0.03603
0.01005, 0.03631
0.01038, 0.03659
0.01071, 0.03688
0.01104, 0.03716
0.01138, 0.03744
0.01173, 0.03772
0.01208, 0.03800
0.01243, 0.03828
0.01279, 0.03856
0.01316, 0.03884
0.01353, 0.03912
0.01390, 0.03940
0.01428, 0.03968
0.01467, 0.03996
0.01506, 0.04024
0.01546, 0.04052
0.01586, 0.04080
0.01626, 0.04108
0.01667, 0.04135
0.01709, 0.04163
0.01751, 0.04191
0.01794, 0.04219
0.01837, 0.04246
0.01881, 0.04274
0.01925, 0.04302
0.01970, 0.04329
0.02015, 0.04357
0.02061, 0.04384
0.02107, 0.04412
0.02154, 0.04439
0.02201, 0.04467
0.02249, 0.04494
0.02297, 0.04521
0.02346, 0.04549
0.02395, 0.04576
0.02445, 0.04603
0.02495, 0.04630
0.02546, 0.04657
0.02597, 0.04684
0.02649, 0.04711
0.02701, 0.04738
0.02754, 0.04765
0.02807, 0.04792
0.02861, 0.04819
0.02916, 0.04846
0.02970, 0.04873
0.03026, 0.04899
0.03082, 0.04926
0.03138, 0.04952
0.03195, 0.04979
0.03252, 0.05005
0.03310, 0.05032
0.03368, 0.05058
0.03427, 0.05084
0.03487, 0.05110
0.03546, 0.05136
0.03607, 0.05162
0.03668, 0.05188
0.03729, 0.05214
0.03791, 0.05240
0.03853, 0.05266
0.03916, 0.05292
0.03979, 0.05317
0.04043, 0.05343
0.04108, 0.05368
0.04173, 0.05394
0.04238, 0.05419
0.04304, 0.05444
0.04370, 0.05469
0.04437, 0.05495
0.04504, 0.05519
0.04572, 0.05544
0.04640, 0.05569
0.04709, 0.05594
0.04778, 0.05619
0.04848, 0.05643
0.04918, 0.05668
0.04989, 0.05692
0.05060, 0.05716
0.05132, 0.05741
0.05204, 0.05765
0.05277, 0.05789
0.05350, 0.05813
0.05424, 0.05836
0.05498, 0.05860
0.05572, 0.05884
0.05647, 0.05907
0.05723, 0.05931
0.05799, 0.05954
0.05876, 0.05977
0.05953, 0.06000
0.06030, 0.06023
0.06108, 0.06046
0.06187, 0.06069
0.06266, 0.06091
0.06345, 0.06114
0.06425, 0.06136
0.06505, 0.06158
0.06586, 0.06181
0.06667, 0.06203
0.06749, 0.06225
0.06831, 0.06246
0.06914, 0.06268
0.06997, 0.06290
0.07081, 0.06311
0.07165, 0.06332
0.07250, 0.06354
0.07335, 0.06375
0.07420, 0.06395
0.07506, 0.06416
0.07592, 0.06437
0.07679, 0.06457
0.07767, 0.06478
0.07855, 0.06498
0.07943, 0.06518
0.08032, 0.06538
0.08121, 0.06558
0.08210, 0.06578
0.08300, 0.06597
0.08391, 0.06617
0.08482, 0.06636
0.08573, 0.06655
0.08665, 0.06674
0.08758, 0.06693
0.08851, 0.06711
0.08944, 0.06730
0.09038, 0.06748
0.09132, 0.06766
0.09226, 0.06784
0.09321, 0.06802
0.09417, 0.06820
0.09513, 0.06837
0.09609, 0.06855
0.09706, 0.06872
0.09803, 0.06889
0.09901, 0.06906
0.09999, 0.06923
0.10097, 0.06939
0.10196, 0.06956
0.10296, 0.06972
0.10396, 0.06988
0.10496, 0.07004
0.10597, 0.07020
0.10698, 0.07035
0.10799, 0.07050
0.10901, 0.07066
0.11004, 0.07081
0.11107, 0.07095
0.11210, 0.07110
0.11314, 0.07125
0.11418, 0.07139
0.11522, 0.07153
0.11627, 0.07167
0.11732, 0.07181
0.11838, 0.07194
0.11944, 0.07207
0.12051, 0.07221
0.12158, 0.07234
0.12265, 0.07246
0.12373, 0.07259
0.12481, 0.07271
0.12590, 0.07283
0.12699, 0.07295
0.12808, 0.07307
0.12918, 0.07319
0.13028, 0.07330
0.13139, 0.07341
0.13250, 0.07352
0.13362, 0.07363
0.13473, 0.07374
0.13585, 0.07384
0.13698, 0.07394
0.13810, 0.07404
0.13923, 0.07414
0.14036, 0.07424
0.14149, 0.07433
0.14263, 0.07442
0.14376, 0.07451
0.14490, 0.07460
0.14604, 0.07469
0.14718, 0.07477
0.14833, 0.07486
0.14947, 0.07494
0.15062, 0.07502
0.15177, 0.07510
0.15292, 0.07517
0.15407, 0.07525
0.15523, 0.07532
0.15638, 0.07540
0.15754, 0.07547
0.15870, 0.07554
0.15986, 0.07561
0.16102, 0.07567
0.16218, 0.07574
0.16335, 0.07581
0.16451, 0.07587
0.16568, 0.07593
0.16685, 0.07599
0.16802, 0.07606
0.16919, 0.07612
0.17036, 0.07617
0.17153, 0.07623
0.17271, 0.07629
0.17388, 0.07635
0.17506, 0.07640
0.17624, 0.07646
0.17741, 0.07651
0.17859, 0.07657
0.17977, 0.07662
0.18095, 0.07667
0.18213, 0.07673
0.18331, 0.07678
0.18450, 0.07683
0.18568, 0.07688
0.18686, 0.07693
0.18804, 0.07698
0.18923, 0.07704
0.19041, 0.07709
0.19160, 0.07714
0.19278, 0.07719
0.19397, 0.07724
0.19515, 0.07729
0.19634, 0.07734
0.19753, 0.07740
0.19871, 0.07745
0.19990, 0.07750
0.20109, 0.07755
0.20228, 0.07761
0.20347, 0.07766
0.20467, 0.07771
0.20587, 0.07777
0.20708, 0.07782
0.20829, 0.07788
0.20950, 0.07794
0.21072, 0.07799
0.21194, 0.07805
0.21317, 0.07810
0.21440, 0.07816
0.21563, 0.07822
0.21687, 0.07827
0.21811, 0.07833
0.21936, 0.07839
0.22061, 0.07845
0.22187, 0.07850
0.22313, 0.07856
0.22439, 0.07862
0.22566, 0.07868
0.22693, 0.07873
0.22821, 0.07879
0.22949, 0.07885
0.23077, 0.07891
0.23206, 0.07896
0.23336, 0.07902
0.23466, 0.07908
0.23596, 0.07913
0.23726, 0.07919
0.23857, 0.07925
0.23989, 0.07930
0.24121, 0.07936
0.24253, 0.07941
0.24386, 0.07947
0.24519, 0.07952
0.24653, 0.07958
0.24787, 0.07963
0.24921, 0.07968
0.25056, 0.07973
0.25191, 0.07978
0.25327, 0.07983
0.25463, 0.07988
0.25600, 0.07993
0.25737, 0.07998
0.25874, 0.08003
0.26012, 0.08008
0.26150, 0.08012
0.26289, 0.08017
0.26428, 0.08021
0.26567, 0.08025
0.26707, 0.08030
0.26847, 0.08034
0.26988, 0.08038
0.27128, 0.08041
0.27269, 0.08045
0.27410, 0.08049
0.27551, 0.08052
0.27693, 0.08056
0.27834, 0.08059
0.27976, 0.08062
0.28119, 0.08065
0.28261, 0.08068
0.28403, 0.08071
0.28546, 0.08074
0.28689, 0.08076
0.28832, 0.08079
0.28976, 0.08081
0.29119, 0.08083
0.29263, 0.08085
0.29407, 0.08088
0.29551, 0.08089
0.29696, 0.08091
0.29840, 0.08093
0.29985, 0.08095
0.30130, 0.08096
0.30276, 0.08098
0.30421, 0.08099
0.30567, 0.08100
0.30712, 0.08101
0.30858, 0.08102
0.31004, 0.08103
0.31151, 0.08104
0.31297, 0.08104
0.31444, 0.08105
0.31591, 0.08105
0.31738, 0.08106
0.31885, 0.08106
0.32033, 0.08106
0.32180, 0.08106
0.32328, 0.08106
0.32476, 0.08105
0.32624, 0.08105
0.32773, 0.08105
0.32921, 0.08104
0.33070, 0.08104
0.33219, 0.08103
0.33368, 0.08102
0.33517, 0.08101
0.33666, 0.08100
0.33815, 0.08099
0.33965, 0.08097
0.34115, 0.08096
0.34265, 0.08095
0.34415, 0.08093
0.34565, 0.08091
0.34715, 0.08090
0.34866, 0.08088
0.35017, 0.08086
0.35167, 0.08084
0.35318, 0.08081
0.35470, 0.08079
0.35621, 0.08077
0.35772, 0.08074
0.35924, 0.08072
0.36075, 0.08069
0.36227, 0.08066
0.36379, 0.08063
0.36531, 0.08060
0.36683, 0.08057
0.36836, 0.08054
0.36988, 0.08051
0.37141, 0.08047
0.37293, 0.08044
0.37446, 0.08040
0.37599, 0.08036
0.37752, 0.08033
0.37905, 0.08029
0.38059, 0.08025
0.38212, 0.08021
0.38366, 0.08017
0.38519, 0.08012
0.38673, 0.08008
0.38827, 0.08003
0.38981, 0.07999
0.39135, 0.07994
0.39289, 0.07990
0.39443, 0.07985
0.39598, 0.07980
0.39752, 0.07975
0.39907, 0.07970
0.40062, 0.07964
0.40216, 0.07959
0.40371, 0.07954
0.40526, 0.07948
0.40681, 0.07943
0.40836, 0.07937
0.40992, 0.07931
0.41147, 0.07926
0.41302, 0.07920
0.41458, 0.07914
0.41613, 0.07908
0.41769, 0.07901
0.41925, 0.07895
0.42080, 0.07889
0.42236, 0.07882
0.42392, 0.07876
0.42548, 0.07869
0.42704, 0.07862
0.42861, 0.07856
0.43017, 0.07849
0.43173, 0.07842
0.43329, 0.07835
0.43486, 0.07828
0.43642, 0.07820
0.43799, 0.07813
0.43955, 0.07806
0.44112, 0.07798
0.44269, 0.07791
0.44425, 0.07783
0.44582, 0.07775
0.44739, 0.07768
0.44896, 0.07760
0.45053, 0.07752
0.45210, 0.07744
0.45367, 0.07736
0.45524, 0.07728
0.45681, 0.07719
0.45838, 0.07711
0.45995, 0.07703
0.46153, 0.07694
0.46310, 0.07686
0.46467, 0.07677
0.46625, 0.07668
0.46782, 0.07659
0.46939, 0.07650
0.47097, 0.07642
0.47254, 0.07633
0.47412, 0.07623
0.47569, 0.07614
0.47727, 0.07605
0.47884, 0.07596
0.48042, 0.07586
0.48199, 0.07577
0.48357, 0.07567
0.48514, 0.07558
0.48672, 0.07548
0.48829, 0.07538
0.48987, 0.07529
0.49145, 0.07519
0.49302, 0.07509
0.49460, 0.07499
0.49617, 0.07489
0.49775, 0.07479
0.49933, 0.07468
0.50090, 0.07458
0.50248, 0.07448
0.50406, 0.07437
0.50563, 0.07427
0.50721, 0.07416
0.50878, 0.07406
0.51036, 0.07395
0.51193, 0.07385
0.51351, 0.07374
0.51508, 0.07363
0.51666, 0.07352
0.51823, 0.07341
0.51981, 0.07330
0.52138, 0.07319
0.52296, 0.07308
0.52453, 0.07297
0.52610, 0.07285
0.52768, 0.07274
0.52925, 0.07263
0.53082, 0.07251
0.53239, 0.07240
0.53397, 0.07228
0.53554, 0.07217
0.53711, 0.07205
0.53868, 0.07193
0.54025, 0.07181
0.54182, 0.07170
0.54339, 0.07158
0.54496, 0.07146
0.54653, 0.07134
0.54809, 0.07122
0.54966, 0.07110
0.55123, 0.07097
0.55279, 0.07085
0.55436, 0.07073
0.55593, 0.07061
0.55749, 0.07048
0.55905, 0.07036
0.56062, 0.07023
0.56218, 0.07011
0.56374, 0.06998
0.56530, 0.06986
0.56686, 0.06973
0.56842, 0.06961
0.56998, 0.06948
0.57154, 0.06935
0.57310, 0.06922
0.57466, 0.06909
0.57621, 0.06896
0.57777, 0.06883
0.57932, 0.06870
0.58088, 0.06857
0.58243, 0.06844
0.58398, 0.06831
0.58553, 0.06818
0.58708, 0.06805
0.58863, 0.06791
0.59018, 0.06778
0.59173, 0.06765
0.59328, 0.06751
0.59482, 0.06738
0.59637, 0.06725
0.59791, 0.06711
0.59945, 0.06698
0.60100, 0.06684
0.60254, 0.06670
0.60408, 0.06657
0.60562, 0.06643
0.60715, 0.06629
0.60869, 0.06616
0.61023, 0.06602
0.61176, 0.06588
0.61329, 0.06574
0.61482, 0.06560
0.61636, 0.06546
0.61789, 0.06532
0.61941, 0.06518
0.62094, 0.06504
0.62247, 0.06490
0.62399, 0.06476
0.62552, 0.06462
0.62704, 0.06448
0.62856, 0.06434
0.63008, 0.06419
0.63160, 0.06405
0.63311, 0.06391
0.63463, 0.06377
0.63614, 0.06362
0.63766, 0.06348
0.63917, 0.06334
0.64068, 0.06319
0.64219, 0.06305
0.64370, 0.06290
0.64520, 0.06276
0.64671, 0.06261
0.64821, 0.06247
0.64971, 0.06232
0.65121, 0.06218
0.65271, 0.06203
0.65421, 0.06188
0.65570, 0.06174
0.65719, 0.06159
0.65869, 0.06144
0.66018, 0.06130
0.66167, 0.06115
0.66315, 0.06100
0.66464, 0.06085
0.66612, 0.06071
0.66761, 0.06056
0.66909, 0.06041
0.67057, 0.06026
0.67205, 0.06011
0.67353, 0.05996
0.67501, 0.05981
0.67649, 0.05966
0.67797, 0.05951
0.67945, 0.05936
0.68093, 0.05921
0.68240, 0.05906
0.68388, 0.05890
0.68535, 0.05875
0.68683, 0.05860
0.68830, 0.05844
0.68977, 0.05829
0.69125, 0.05813
0.69272, 0.05797
0.69419, 0.05781
0.69566, 0.05765
0.69712, 0.05749
0.69859, 0.05733
0.70006, 0.05717
0.70152, 0.05700
0.70298, 0.05684
0.70445, 0.05667
0.70591, 0.05651
0.70737, 0.05634
0.70882, 0.05617
0.71028, 0.05600
0.71174, 0.05583
0.71319, 0.05565
0.71464, 0.05548
0.71610, 0.05530
0.71755, 0.05512
0.71900, 0.05494
0.72044, 0.05476
0.72189, 0.05458
0.72333, 0.05439
0.72477, 0.05421
0.72622, 0.05402
0.72765, 0.05383
0.72909, 0.05364
0.73053, 0.05345
0.73196, 0.05325
0.73339, 0.05306
0.73482, 0.05286
0.73625, 0.05266
0.73768, 0.05246
0.73910, 0.05225
0.74053, 0.05205
0.74195, 0.05184
0.74336, 0.05163
0.74478, 0.05142
0.74620, 0.05120
0.74761, 0.05099
0.74902, 0.05077
0.75043, 0.05055
0.75183, 0.05033
0.75323, 0.05010
0.75463, 0.04987
0.75603, 0.04965
0.75742, 0.04942
0.75881, 0.04918
0.76019, 0.04895
0.76157, 0.04871
0.76295, 0.04848
0.76432, 0.04824
0.76569, 0.04800
0.76705, 0.04775
0.76841, 0.04751
0.76977, 0.04726
0.77112, 0.04702
0.77247, 0.04677
0.77382, 0.04652
0.77516, 0.04627
0.77649, 0.04602
0.77783, 0.04577
0.77916, 0.04551
0.78048, 0.04526
0.78181, 0.04500
0.78313, 0.04474
0.78444, 0.04449
0.78575, 0.04423
0.78706, 0.04397
0.78836, 0.04371
0.78966, 0.04345
0.79096, 0.04319
0.79225, 0.04292
0.79354, 0.04266
0.79482, 0.04240
0.79610, 0.04213
0.79738, 0.04187
0.79865, 0.04160
0.79992, 0.04134
0.80119, 0.04107
0.80245, 0.04081
0.80371, 0.04054
0.80496, 0.04027
0.80621, 0.04001
0.80746, 0.03974
0.80870, 0.03947
0.80994, 0.03921
0.81118, 0.03894
0.81241, 0.03867
0.81364, 0.03841
0.81487, 0.03814
0.81609, 0.03787
0.81730, 0.03761
0.81852, 0.03734
0.81973, 0.03707
0.82093, 0.03681
0.82214, 0.03654
0.82333, 0.03627
0.82453, 0.03601
0.82572, 0.03574
0.82691, 0.03548
0.82809, 0.03521
0.82927, 0.03495
0.83045, 0.03469
0.83162, 0.03442
0.83279, 0.03416
0.83395, 0.03390
0.83511, 0.03364
0.83627, 0.03337
0.83743, 0.03311
0.83858, 0.03285
0.83973, 0.03259
0.84087, 0.03234
0.84201, 0.03208
0.84315, 0.03182
0.84428, 0.03156
0.84541, 0.03131
0.84654, 0.03105
0.84766, 0.03080
0.84878, 0.03054
0.84990, 0.03029
0.85101, 0.03004
0.85212, 0.02978
0.85322, 0.02953
0.85433, 0.02928
0.85543, 0.02903
0.85652, 0.02878
0.85761, 0.02853
0.85870, 0.02828
0.85978, 0.02804
0.86087, 0.02779
0.86194, 0.02755
0.86302, 0.02730
0.86409, 0.02706
0.86515, 0.02681
0.86622, 0.02657
0.86727, 0.02633
0.86833, 0.02609
0.86938, 0.02585
0.87043, 0.02561
0.87148, 0.02537
0.87252, 0.02513
0.87355, 0.02490
0.87459, 0.02466
0.87562, 0.02443
0.87664, 0.02419
0.87767, 0.02396
0.87869, 0.02373
0.87970, 0.02349
0.88071, 0.02326
0.88172, 0.02303
0.88272, 0.02281
0.88372, 0.02258
0.88472, 0.02235
0.88571, 0.02212
0.88670, 0.02190
0.88769, 0.02168
0.88867, 0.02145
0.88965, 0.02123
0.89062, 0.02101
0.89159, 0.02079
0.89256, 0.02057
0.89352, 0.02035
0.89448, 0.02013
0.89543, 0.01992
0.89638, 0.01970
0.89733, 0.01949
0.89827, 0.01927
0.89921, 0.01906
0.90015, 0.01885
0.90108, 0.01864
0.90201, 0.01843
0.90293, 0.01822
0.90385, 0.01801
0.90476, 0.01781
0.90568, 0.01760
0.90658, 0.01740
0.90749, 0.01719
0.90839, 0.01699
0.90928, 0.01679
0.91018, 0.01659
0.91107, 0.01639
0.91195, 0.01619
0.91283, 0.01599
0.91371, 0.01580
0.91458, 0.01560
0.91545, 0.01541
0.91631, 0.01521
0.91717, 0.01502
0.91803, 0.01483
0.91888, 0.01464
0.91973, 0.01445
0.92057, 0.01426
0.92141, 0.01408
0.92225, 0.01389
0.92308, 0.01371
0.92391, 0.01352
0.92473, 0.01334
0.92555, 0.01316
0.92636, 0.01298
0.92718, 0.01280
0.92798, 0.01262
0.92879, 0.01244
0.92959, 0.01227
0.93038, 0.01209
0.93117, 0.01192
0.93196, 0.01175
0.93274, 0.01157
0.93352, 0.01140
0.93429, 0.01123
0.93506, 0.01107
0.93583, 0.01090
0.93659, 0.01073
0.93735, 0.01057
0.93810, 0.01040
0.93885, 0.01024
0.93959, 0.01008
0.94033, 0.00992
0.94107, 0.00976
0.94180, 0.00960
0.94253, 0.00944
0.94325, 0.00928
0.94397, 0.00913
0.94468, 0.00898
0.94539, 0.00882
0.94610, 0.00867
0.94680, 0.00852
0.94750, 0.00837
0.94819, 0.00822
0.94888, 0.00807
0.94957, 0.00793
0.95025, 0.00778
0.95092, 0.00764
0.95159, 0.00749
0.95226, 0.00735
0.95292, 0.00721
0.95358, 0.00707
0.95424, 0.00693
0.95489, 0.00679
0.95553, 0.00666
0.95617, 0.00652
0.95681, 0.00639
0.95744, 0.00625
0.95807, 0.00612
0.95869, 0.00599
0.95931, 0.00586
0.95992, 0.00573
0.96053, 0.00560
0.96114, 0.00547
0.96174, 0.00535
0.96234, 0.00522
0.96293, 0.00510
0.96352, 0.00498
0.96410, 0.00486
0.96468, 0.00474
0.96525, 0.00462
0.96582, 0.00450
0.96639, 0.00438
0.96695, 0.00426
0.96750, 0.00415
0.96806, 0.00403
0.96860, 0.00392
0.96914, 0.00381
0.96968, 0.00370
0.97022, 0.00359
0.97075, 0.00348
0.97127, 0.00337
0.97179, 0.00327
0.97230, 0.00316
0.97281, 0.00306
0.97332, 0.00295
0.97382, 0.00285
0.97432, 0.00275
0.97481, 0.00265
0.97530, 0.00255
0.97578, 0.00245
0.97626, 0.00235
0.97673, 0.00226
0.97720, 0.00216
0.97767, 0.00207
0.97813, 0.00198
0.97858, 0.00188
0.97903, 0.00179
0.97948, 0.00170
0.97992, 0.00161
0.98036, 0.00153
0.98079, 0.00144
0.98122, 0.00135
0.98164, 0.00127
0.98206, 0.00119
0.98247, 0.00110
0.98288, 0.00102
0.98328, 0.00094
0.98368, 0.00086
0.98408, 0.00078
0.98447, 0.00070
0.98485, 0.00063
0.98523, 0.00055
0.98561, 0.00048
0.98598, 0.00040
0.98634, 0.00033
0.98670, 0.00026
0.98706, 0.00019
0.98741, 0.00012
0.98776, 0.00005
0.98810, -0.00002
0.98844, -0.00008
0.98877, -0.00015
0.98910, -0.00021
0.98942, -0.00028
0.98974, -0.00034
0.99006, -0.00040
0.99037, -0.00046
0.99067, -0.00052
0.99097, -0.00058
0.99126, -0.00064
0.99155, -0.00069
0.99184, -0.00075
0.99212, -0.00080
0.99239, -0.00086
0.99266, -0.00091
0.99293, -0.00096
0.99319, -0.00101
0.99345, -0.00106
0.99370, -0.00111
0.99394, -0.00116
0.99419, -0.00120
0.99442, -0.00125
0.99466, -0.00130
0.99488, -0.00134
0.99510, -0.00138
0.99532, -0.00142
0.99553, -0.00147
0.99574, -0.00151
0.99595, -0.00154
0.99614, -0.00158
0.99634, -0.00162
0.99652, -0.00166
0.99671, -0.00169
0.99689, -0.00173
0.99706, -0.00176
0.99723, -0.00179
0.99739, -0.00182
0.99755, -0.00185
0.99771, -0.00188
0.99786, -0.00191
0.99800, -0.00194
0.99814, -0.00197
0.99827, -0.00199
0.99840, -0.00202
0.99853, -0.00204
0.99865, -0.00206
0.99876, -0.00209
0.99887, -0.00211
0.99898, -0.00213
0.99908, -0.00215
0.99918, -0.00216
0.99927, -0.00218
0.99935, -0.00220
0.99943, -0.00221
0.99951, -0.00223
0.99958, -0.00224
0.99965, -0.00225
0.99971, -0.00227
0.99976, -0.00228
0.99982, -0.00229
0.99986, -0.00230
0.99990, -0.00230
0.99994, -0.00231
0.99997, -0.00232
1.00000, -0.00232
1.00002, -0.00233
1.00004, -0.00233
1.00005, -0.00233
1.00008, -0.00233
1.00009, -0.00234

=== Lower Surface ===
0.00000, 0.01687
0.00004, 0.01660
0.00007, 0.01632
0.00011, 0.01604
0.00015, 0.01577
0.00020, 0.01549
0.00026, 0.01522
0.00032, 0.01495
0.00039, 0.01467
0.00046, 0.01440
0.00053, 0.01413
0.00061, 0.01386
0.00070, 0.01359
0.00079, 0.01333
0.00088, 0.01306
0.00098, 0.01279
0.00108, 0.01253
0.00119, 0.01227
0.00131, 0.01200
0.00143, 0.01174
0.00155, 0.01148
0.00168, 0.01122
0.00181, 0.01096
0.00195, 0.01070
0.00209, 0.01044
0.00224, 0.01018
0.00239, 0.00993
0.00255, 0.00967
0.00271, 0.00942
0.00288, 0.00916
0.00305, 0.00891
0.00323, 0.00866
0.00341, 0.00841
0.00359, 0.00816
0.00378, 0.00791
0.00398, 0.00766
0.00418, 0.00741
0.00438, 0.00717
0.00459, 0.00692
0.00481, 0.00668
0.00503, 0.00643
0.00525, 0.00619
0.00548, 0.00595
0.00571, 0.00571
0.00595, 0.00546
0.00619, 0.00522
0.00644, 0.00499
0.00669, 0.00475
0.00695, 0.00451
0.00721, 0.00427
0.00747, 0.00404
0.00774, 0.00380
0.00802, 0.00357
0.00830, 0.00334
0.00858, 0.00310
0.00887, 0.00287
0.00916, 0.00264
0.00946, 0.00241
0.00976, 0.00218
0.01007, 0.00195
0.01038, 0.00173
0.01070, 0.00150
0.01102, 0.00127
0.01135, 0.00105
0.01168, 0.00083
0.01201, 0.00060
0.01235, 0.00038
0.01270, 0.00016
0.01304, -0.00006
0.01340, -0.00028
0.01375, -0.00050
0.01412, -0.00072
0.01448, -0.00094
0.01485, -0.00116
0.01523, -0.00137
0.01561, -0.00159
0.01599, -0.00180
0.01638, -0.00202
0.01678, -0.00223
0.01718, -0.00244
0.01758, -0.00265
0.01798, -0.00286
0.01840, -0.00307
0.01881, -0.00328
0.01923, -0.00349
0.01966, -0.00370
0.02009, -0.00391
0.02052, -0.00411
0.02096, -0.00432
0.02140, -0.00453
0.02185, -0.00473
0.02230, -0.00493
0.02275, -0.00514
0.02321, -0.00534
0.02368, -0.00554
0.02415, -0.00574
0.02462, -0.00594
0.02510, -0.00614
0.02558, -0.00634
0.02606, -0.00654
0.02656, -0.00673
0.02705, -0.00693
0.02755, -0.00713
0.02805, -0.00732
0.02856, -0.00752
0.02907, -0.00771
0.02959, -0.00790
0.03011, -0.00810
0.03063, -0.00829
0.03116, -0.00848
0.03170, -0.00867
0.03223, -0.00886
0.03278, -0.00905
0.03332, -0.00924
0.03387, -0.00943
0.03443, -0.00961
0.03499, -0.00980
0.03555, -0.00999
0.03612, -0.01017
0.03669, -0.01036
0.03726, -0.01054
0.03784, -0.01072
0.03843, -0.01091
0.03901, -0.01109
0.03961, -0.01127
0.04020, -0.01145
0.04080, -0.01164
0.04141, -0.01182
0.04202, -0.01200
0.04263, -0.01217
0.04325, -0.01235
0.04387, -0.01253
0.04449, -0.01271
0.04512, -0.01289
0.04576, -0.01306
0.04639, -0.01324
0.04703, -0.01341
0.04768, -0.01359
0.04833, -0.01376
0.04898, -0.01394
0.04964, -0.01411
0.05030, -0.01428
0.05097, -0.01446
0.05164, -0.01463
0.05231, -0.01480
0.05299, -0.01497
0.05367, -0.01514
0.05436, -0.01531
0.05505, -0.01548
0.05574, -0.01565
0.05644, -0.01582
0.05714, -0.01598
0.05785, -0.01615
0.05856, -0.01632
0.05927, -0.01649
0.05999, -0.01665
0.06071, -0.01682
0.06143, -0.01698
0.06216, -0.01715
0.06290, -0.01731
0.06363, -0.01748
0.06438, -0.01764
0.06512, -0.01781
0.06587, -0.01797
0.06662, -0.01813
0.06738, -0.01829
0.06814, -0.01846
0.06890, -0.01862
0.06967, -0.01878
0.07044, -0.01894
0.07122, -0.01910
0.07200, -0.01926
0.07278, -0.01942
0.07357, -0.01958
0.07436, -0.01974
0.07515, -0.01990
0.07595, -0.02006
0.07675, -0.02021
0.07756, -0.02037
0.07837, -0.02053
0.07918, -0.02069
0.08000, -0.02084
0.08082, -0.02100
0.08164, -0.02116
0.08247, -0.02131
0.08330, -0.02147
0.08414, -0.02163
0.08498, -0.02178
0.08582, -0.02194
0.08667, -0.02209
0.08752, -0.02225
0.08837, -0.02240
0.08923, -0.02255
0.09009, -0.02271
0.09096, -0.02286
0.09183, -0.02302
0.09270, -0.02317
0.09358, -0.02332
0.09446, -0.02348
0.09534, -0.02363
0.09623, -0.02378
0.09712, -0.02393
0.09801, -0.02409
0.09891, -0.02424
0.09981, -0.02439
0.10071, -0.02454
0.10162, -0.02470
0.10253, -0.02485
0.10345, -0.02500
0.10437, -0.02515
0.10529, -0.02530
0.10622, -0.02545
0.10715, -0.02560
0.10808, -0.02575
0.10901, -0.02591
0.10995, -0.02606
0.11090, -0.02621
0.11185, -0.02636
0.11280, -0.02651
0.11375, -0.02666
0.11471, -0.02681
0.11567, -0.02696
0.11663, -0.02711
0.11760, -0.02726
0.11857, -0.02741
0.11954, -0.02756
0.12052, -0.02771
0.12150, -0.02786
0.12249, -0.02801
0.12348, -0.02816
0.12447, -0.02831
0.12546, -0.02846
0.12646, -0.02861
0.12746, -0.02876
0.12847, -0.02891
0.12948, -0.02906
0.13049, -0.02921
0.13150, -0.02936
0.13252, -0.02952
0.13354, -0.02967
0.13457, -0.02982
0.13560, -0.02997
0.13664, -0.03012
0.13768, -0.03027
0.13873, -0.03042
0.13979, -0.03057
0.14084, -0.03072
0.14191, -0.03087
0.14297, -0.03102
0.14405, -0.03117
0.14512, -0.03132
0.14621, -0.03147
0.14730, -0.03162
0.14839, -0.03177
0.14949, -0.03192
0.15059, -0.03207
0.15170, -0.03221
0.15282, -0.03236
0.15394, -0.03251
0.15506, -0.03266
0.15619, -0.03280
0.15733, -0.03295
0.15847, -0.03309
0.15961, -0.03324
0.16077, -0.03338
0.16192, -0.03352
0.16309, -0.03366
0.16425, -0.03381
0.16543, -0.03395
0.16661, -0.03408
0.16779, -0.03422
0.16898, -0.03436
0.17018, -0.03450
0.17138, -0.03463
0.17258, -0.03477
0.17380, -0.03490
0.17501, -0.03503
0.17624, -0.03516
0.17747, -0.03529
0.17870, -0.03542
0.17994, -0.03554
0.18119, -0.03567
0.18244, -0.03579
0.18370, -0.03591
0.18496, -0.03603
0.18623, -0.03614
0.18750, -0.03626
0.18878, -0.03637
0.19007, -0.03648
0.19136, -0.03659
0.19266, -0.03670
0.19396, -0.03681
0.19527, -0.03691
0.19659, -0.03701
0.19791, -0.03711
0.19923, -0.03720
0.20056, -0.03729
0.20189, -0.03738
0.20323, -0.03747
0.20456, -0.03756
0.20590, -0.03764
0.20724, -0.03772
0.20858, -0.03780
0.20992, -0.03787
0.21127, -0.03794
0.21261, -0.03801
0.21396, -0.03808
0.21531, -0.03815
0.21666, -0.03821
0.21801, -0.03827
0.21936, -0.03833
0.22072, -0.03838
0.22207, -0.03844
0.22343, -0.03849
0.22479, -0.03854
0.22615, -0.03859
0.22751, -0.03863
0.22887, -0.03868
0.23023, -0.03872
0.23159, -0.03876
0.23296, -0.03880
0.23433, -0.03883
0.23569, -0.03887
0.23706, -0.03890
0.23843, -0.03893
0.23980, -0.03896
0.24117, -0.03899
0.24254, -0.03901
0.24391, -0.03904
0.24529, -0.03906
0.24666, -0.03908
0.24804, -0.03910
0.24941, -0.03912
0.25079, -0.03913
0.25217, -0.03915
0.25354, -0.03916
0.25492, -0.03918
0.25630, -0.03919
0.25768, -0.03920
0.25906, -0.03921
0.26044, -0.03922
0.26182, -0.03922
0.26321, -0.03923
0.26459, -0.03923
0.26597, -0.03924
0.26736, -0.03924
0.26874, -0.03924
0.27013, -0.03925
0.27152, -0.03925
0.27291, -0.03925
0.27430, -0.03925
0.27570, -0.03925
0.27709, -0.03924
0.27849, -0.03924
0.27990, -0.03924
0.28130, -0.03923
0.28271, -0.03923
0.28411, -0.03922
0.28553, -0.03921
0.28694, -0.03920
0.28835, -0.03920
0.28977, -0.03919
0.29119, -0.03918
0.29261, -0.03916
0.29403, -0.03915
0.29546, -0.03914
0.29689, -0.03913
0.29832, -0.03911
0.29975, -0.03910
0.30118, -0.03908
0.30262, -0.03906
0.30405, -0.03905
0.30549, -0.03903
0.30693, -0.03901
0.30838, -0.03899
0.30982, -0.03897
0.31127, -0.03895
0.31272, -0.03893
0.31417, -0.03890
0.31562, -0.03888
0.31708, -0.03885
0.31853, -0.03883
0.31999, -0.03880
0.32145, -0.03878
0.32291, -0.03875
0.32438, -0.03872
0.32584, -0.03869
0.32731, -0.03866
0.32878, -0.03863
0.33025, -0.03860
0.33172, -0.03857
0.33319, -0.03854
0.33467, -0.03850
0.33614, -0.03847
0.33762, -0.03843
0.33910, -0.03840
0.34059, -0.03836
0.34207, -0.03833
0.34355, -0.03829
0.34504, -0.03825
0.34653, -0.03821
0.34802, -0.03817
0.34951, -0.03813
0.35100, -0.03809
0.35250, -0.03805
0.35399, -0.03800
0.35549, -0.03796
0.35699, -0.03792
0.35849, -0.03787
0.35999, -0.03783
0.36149, -0.03778
0.36300, -0.03773
0.36450, -0.03769
0.36601, -0.03764
0.36752, -0.03759
0.36903, -0.03754
0.37054, -0.03749
0.37205, -0.03744
0.37357, -0.03739
0.37508, -0.03734
0.37660, -0.03728
0.37811, -0.03723
0.37963, -0.03718
0.38115, -0.03712
0.38267, -0.03707
0.38420, -0.03701
0.38572, -0.03695
0.38725, -0.03690
0.38877, -0.03684
0.39030, -0.03678
0.39183, -0.03672
0.39336, -0.03666
0.39489, -0.03660
0.39642, -0.03654
0.39795, -0.03648
0.39948, -0.03642
0.40102, -0.03635
0.40255, -0.03629
0.40409, -0.03623
0.40563, -0.03616
0.40717, -0.03610
0.40870, -0.03603
0.41025, -0.03596
0.41179, -0.03590
0.41333, -0.03583
0.41487, -0.03576
0.41642, -0.03569
0.41796, -0.03562
0.41951, -0.03555
0.42105, -0.03548
0.42260, -0.03541
0.42415, -0.03534
0.42570, -0.03527
0.42725, -0.03520
0.42880, -0.03512
0.43035, -0.03505
0.43190, -0.03497
0.43345, -0.03490
0.43501, -0.03482
0.43656, -0.03475
0.43811, -0.03467
0.43967, -0.03459
0.44123, -0.03452
0.44278, -0.03444
0.44434, -0.03436
0.44590, -0.03428
0.44746, -0.03420
0.44901, -0.03412
0.45057, -0.03404
0.45213, -0.03396
0.45369, -0.03388
0.45525, -0.03379
0.45682, -0.03371
0.45838, -0.03363
0.45994, -0.03354
0.46150, -0.03346
0.46307, -0.03338
0.46463, -0.03329
0.46619, -0.03320
0.46776, -0.03312
0.46932, -0.03303
0.47089, -0.03294
0.47245, -0.03286
0.47402, -0.03277
0.47559, -0.03268
0.47715, -0.03259
0.47872, -0.03250
0.48028, -0.03241
0.48185, -0.03232
0.48342, -0.03223
0.48499, -0.03214
0.48655, -0.03205
0.48812, -0.03195
0.48969, -0.03186
0.49126, -0.03177
0.49283, -0.03167
0.49439, -0.03158
0.49596, -0.03148
0.49753, -0.03139
0.49910, -0.03129
0.50067, -0.03120
0.50224, -0.03110
0.50381, -0.03101
0.50538, -0.03091
0.50694, -0.03081
0.50851, -0.03071
0.51008, -0.03062
0.51165, -0.03052
0.51322, -0.03042
0.51479, -0.03032
0.51635, -0.03022
0.51792, -0.03012
0.51949, -0.03002
0.52106, -0.02992
0.52263, -0.02981
0.52419, -0.02971
0.52576, -0.02961
0.52733, -0.02951
0.52890, -0.02940
0.53046, -0.02930
0.53203, -0.02920
0.53359, -0.02909
0.53516, -0.02899
0.53673, -0.02888
0.53829, -0.02878
0.53986, -0.02867
0.54142, -0.02857
0.54298, -0.02846
0.54455, -0.02835
0.54611, -0.02825
0.54767, -0.02814
0.54924, -0.02803
0.55080, -0.02792
0.55236, -0.02782
0.55392, -0.02771
0.55548, -0.02760
0.55704, -0.02749
0.55860, -0.02738
0.56016, -0.02727
0.56172, -0.02716
0.56328, -0.02705
0.56483, -0.02694
0.56639, -0.02683
0.56795, -0.02672
0.56950, -0.02660
0.57106, -0.02649
0.57261, -0.02638
0.57416, -0.02627
0.57572, -0.02615
0.57727, -0.02604
0.57882, -0.02593
0.58037, -0.02581
0.58192, -0.02570
0.58347, -0.02558
0.58502, -0.02547
0.58656, -0.02535
0.58811, -0.02524
0.58966, -0.02512
0.59120, -0.02501
0.59274, -0.02489
0.59429, -0.02478
0.59583, -0.02466
0.59737, -0.02454
0.59891, -0.02442
0.60045, -0.02431
0.60199, -0.02419
0.60353, -0.02407
0.60506, -0.02395
0.60660, -0.02384
0.60813, -0.02372
0.60967, -0.02360
0.61120, -0.02348
0.61273, -0.02336
0.61426, -0.02324
0.61579, -0.02312
0.61732, -0.02300
0.61884, -0.02288
0.62037, -0.02276
0.62189, -0.02264
0.62342, -0.02252
0.62494, -0.02240
0.62646, -0.02227
0.62798, -0.02215
0.62950, -0.02203
0.63102, -0.02191
0.63253, -0.02179
0.63405, -0.02167
0.63556, -0.02154
0.63707, -0.02142
0.63858, -0.02130
0.64009, -0.02117
0.64160, -0.02105
0.64311, -0.02093
0.64461, -0.02080
0.64612, -0.02068
0.64762, -0.02056
0.64912, -0.02043
0.65062, -0.02031
0.65212, -0.02018
0.65361, -0.02006
0.65511, -0.01993
0.65660, -0.01981
0.65810, -0.01968
0.65959, -0.01956
0.66108, -0.01943
0.66256, -0.01931
0.66405, -0.01918
0.66553, -0.01905
0.66701, -0.01893
0.66849, -0.01880
0.66997, -0.01867
0.67145, -0.01855
0.67292, -0.01842
0.67438, -0.01830
0.67585, -0.01817
0.67731, -0.01804
0.67877, -0.01792
0.68023, -0.01779
0.68168, -0.01767
0.68313, -0.01754
0.68458, -0.01742
0.68603, -0.01729
0.68747, -0.01717
0.68891, -0.01705
0.69035, -0.01692
0.69178, -0.01680
0.69321, -0.01668
0.69464, -0.01656
0.69607, -0.01644
0.69749, -0.01632
0.69891, -0.01620
0.70033, -0.01608
0.70174, -0.01597
0.70315, -0.01585
0.70456, -0.01574
0.70597, -0.01562
0.70737, -0.01551
0.70877, -0.01540
0.71017, -0.01529
0.71156, -0.01518
0.71295, -0.01507
0.71434, -0.01496
0.71573, -0.01486
0.71711, -0.01475
0.71849, -0.01465
0.71987, -0.01455
0.72125, -0.01445
0.72262, -0.01435
0.72399, -0.01425
0.72536, -0.01415
0.72672, -0.01406
0.72808, -0.01397
0.72944, -0.01387
0.73079, -0.01378
0.73215, -0.01370
0.73350, -0.01361
0.73484, -0.01352
0.73619, -0.01344
0.73753, -0.01336
0.73887, -0.01328
0.74021, -0.01320
0.74154, -0.01313
0.74287, -0.01305
0.74420, -0.01298
0.74553, -0.01291
0.74685, -0.01284
0.74817, -0.01277
0.74949, -0.01271
0.75080, -0.01265
0.75212, -0.01259
0.75343, -0.01253
0.75475, -0.01247
0.75606, -0.01242
0.75737, -0.01237
0.75868, -0.01231
0.75999, -0.01226
0.76130, -0.01222
0.76260, -0.01217
0.76391, -0.01213
0.76521, -0.01208
0.76651, -0.01204
0.76781, -0.01200
0.76911, -0.01197
0.77041, -0.01193
0.77170, -0.01189
0.77299, -0.01186
0.77429, -0.01183
0.77558, -0.01180
0.77686, -0.01177
0.77815, -0.01174
0.77944, -0.01171
0.78072, -0.01168
0.78200, -0.01166
0.78328, -0.01164
0.78456, -0.01161
0.78583, -0.01159
0.78711, -0.01157
0.78838, -0.01155
0.78965, -0.01153
0.79092, -0.01151
0.79218, -0.01149
0.79345, -0.01148
0.79471, -0.01146
0.79597, -0.01144
0.79723, -0.01143
0.79848, -0.01142
0.79974, -0.01140
0.80099, -0.01139
0.80224, -0.01138
0.80348, -0.01137
0.80473, -0.01135
0.80597, -0.01134
0.80721, -0.01133
0.80844, -0.01132
0.80968, -0.01131
0.81091, -0.01130
0.81214, -0.01130
0.81337, -0.01129
0.81459, -0.01128
0.81581, -0.01127
0.81703, -0.01126
0.81825, -0.01125
0.81946, -0.01125
0.82067, -0.01124
0.82188, -0.01123
0.82309, -0.01122
0.82429, -0.01122
0.82549, -0.01121
0.82669, -0.01120
0.82789, -0.01120
0.82908, -0.01119
0.83027, -0.01118
0.83145, -0.01117
0.83264, -0.01117
0.83382, -0.01116
0.83499, -0.01115
0.83617, -0.01114
0.83734, -0.01113
0.83851, -0.01113
0.83967, -0.01112
0.84083, -0.01111
0.84199, -0.01110
0.84314, -0.01109
0.84429, -0.01108
0.84544, -0.01107
0.84658, -0.01106
0.84772, -0.01105
0.84886, -0.01104
0.85000, -0.01103
0.85113, -0.01102
0.85225, -0.01101
0.85338, -0.01100
0.85450, -0.01099
0.85561, -0.01097
0.85672, -0.01096
0.85783, -0.01095
0.85894, -0.01094
0.86004, -0.01093
0.86114, -0.01091
0.86224, -0.01090
0.86333, -0.01089
0.86442, -0.01087
0.86550, -0.01086
0.86658, -0.01084
0.86766, -0.01083
0.86873, -0.01081
0.86980, -0.01080
0.87087, -0.01078
0.87193, -0.01077
0.87299, -0.01075
0.87404, -0.01074
0.87510, -0.01072
0.87614, -0.01070
0.87719, -0.01069
0.87823, -0.01067
0.87926, -0.01065
0.88030, -0.01063
0.88132, -0.01062
0.88235, -0.01060
0.88337, -0.01058
0.88439, -0.01056
0.88540, -0.01054
0.88641, -0.01052
0.88742, -0.01050
0.88842, -0.01048
0.88942, -0.01046
0.89041, -0.01044
0.89140, -0.01042
0.89239, -0.01040
0.89337, -0.01038
0.89435, -0.01035
0.89532, -0.01033
0.89629, -0.01031
0.89726, -0.01029
0.89822, -0.01026
0.89918, -0.01024
0.90013, -0.01022
0.90108, -0.01019
0.90203, -0.01017
0.90297, -0.01014
0.90391, -0.01012
0.90484, -0.01009
0.90577, -0.01007
0.90670, -0.01004
0.90762, -0.01002
0.90854, -0.00999
0.90945, -0.00996
0.91036, -0.00994
0.91127, -0.00991
0.91217, -0.00988
0.91306, -0.00986
0.91396, -0.00983
0.91484, -0.00980
0.91573, -0.00977
0.91661, -0.00974
0.91748, -0.00972
0.91836, -0.00969
0.91922, -0.00966
0.92009, -0.00963
0.92095, -0.00960
0.92180, -0.00957
0.92265, -0.00954
0.92350, -0.00951
0.92434, -0.00948
0.92518, -0.00945
0.92601, -0.00942
0.92684, -0.00938
0.92766, -0.00935
0.92848, -0.00932
0.92930, -0.00929
0.93011, -0.00926
0.93092, -0.00922
0.93172, -0.00919
0.93252, -0.00916
0.93331, -0.00913
0.93410, -0.00909
0.93489, -0.00906
0.93567, -0.00903
0.93645, -0.00899
0.93722, -0.00896
0.93798, -0.00893
0.93875, -0.00889
0.93951, -0.00886
0.94026, -0.00882
0.94101, -0.00879
0.94176, -0.00876
0.94250, -0.00872
0.94323, -0.00869
0.94396, -0.00865
0.94469, -0.00862
0.94541, -0.00858
0.94613, -0.00855
0.94685, -0.00851
0.94756, -0.00848
0.94826, -0.00844
0.94896, -0.00840
0.94966, -0.00837
0.95035, -0.00833
0.95103, -0.00830
0.95172, -0.00826
0.95239, -0.00822
0.95307, -0.00819
0.95373, -0.00815
0.95440, -0.00812
0.95506, -0.00808
0.95571, -0.00804
0.95636, -0.00801
0.95701, -0.00797
0.95765, -0.00794
0.95828, -0.00790
0.95891, -0.00786
0.95954, -0.00783
0.96016, -0.00779
0.96078, -0.00775
0.96139, -0.00772
0.96200, -0.00768
0.96260, -0.00764
0.96320, -0.00761
0.96380, -0.00757
0.96439, -0.00754
0.96497, -0.00750
0.96555, -0.00746
0.96612, -0.00743
0.96670, -0.00739
0.96726, -0.00736
0.96782, -0.00732
0.96838, -0.00728
0.96893, -0.00725
0.96948, -0.00721
0.97002, -0.00718
0.97056, -0.00714
0.97109, -0.00711
0.97162, -0.00707
0.97214, -0.00704
0.97266, -0.00700
0.97317, -0.00697
0.97368, -0.00693
0.97418, -0.00690
0.97468, -0.00686
0.97518, -0.00683
0.97567, -0.00679
0.97615, -0.00676
0.97663, -0.00673
0.97711, -0.00669
0.97758, -0.00666
0.97804, -0.00662
0.97850, -0.00659
0.97896, -0.00656
0.97941, -0.00653
0.97986, -0.00649
0.98030, -0.00646
0.98074, -0.00643
0.98117, -0.00640
0.98159, -0.00636
0.98202, -0.00633
0.98243, -0.00630
0.98285, -0.00627
0.98325, -0.00624
0.98366, -0.00621
0.98406, -0.00618
0.98445, -0.00615
0.98484, -0.00612
0.98522, -0.00609
0.98560, -0.00606
0.98597, -0.00603
0.98634, -0.00600
0.98670, -0.00597
0.98706, -0.00594
0.98742, -0.00591
0.98777, -0.00589
0.98811, -0.00586
0.98845, -0.00583
0.98878, -0.00580
0.98911, -0.00578
0.98944, -0.00575
0.98976, -0.00573
0.99007, -0.00570
0.99038, -0.00567
0.99069, -0.00565
0.99099, -0.00562
0.99128, -0.00560
0.99157, -0.00558
0.99186, -0.00555
0.99214, -0.00553
0.99242, -0.00551
0.99269, -0.00548
0.99295, -0.00546
0.99321, -0.00544
0.99347, -0.00542
0.99372, -0.00540
0.99396, -0.00538
0.99421, -0.00535
0.99444, -0.00533
0.99467, -0.00531
0.99490, -0.00530
0.99512, -0.00528
0.99534, -0.00526
0.99555, -0.00524
0.99575, -0.00522
0.99596, -0.00520
0.99615, -0.00519
0.99634, -0.00517
0.99653, -0.00515
0.99671, -0.00514
0.99689, -0.00512
0.99706, -0.00511
0.99723, -0.00509
0.99739, -0.00508
0.99755, -0.00506
0.99770, -0.00505
0.99784, -0.00504
0.99799, -0.00503
0.99812, -0.00501
0.99825, -0.00500
0.99838, -0.00499
0.99850, -0.00498
0.99862, -0.00497
0.99873, -0.00496
0.99884, -0.00495
0.99894, -0.00494
0.99904, -0.00493
0.99913, -0.00492
0.99922, -0.00492
0.99930, -0.00491
0.99938, -0.00490
0.99945, -0.00489
0.99952, -0.00489
0.99958, -0.00488
0.99964, -0.00488
0.99969, -0.00487
0.99974, -0.00487
0.99978, -0.00486
0.99982, -0.00486
0.99985, -0.00486
0.99988, -0.00486
0.99990, -0.00485
0.99992, -0.00485
0.99993, -0.00485
0.99992, -0.00485
0.99991, -0.00485
