airfoil_points_962
1.000000 0.006988
0.999748 0.007042
0.998993 0.007205
0.997736 0.007478
0.995977 0.007860
0.993719 0.008355
0.990964 0.008962
0.987715 0.009685
0.983974 0.010524
0.979746 0.011482
0.975036 0.012561
0.969846 0.013762
0.964184 0.015087
0.958054 0.016538
0.951463 0.018115
0.944418 0.019817
0.936925 0.021645
0.928992 0.023597
0.920627 0.025670
0.911838 0.027860
0.902635 0.030164
0.893027 0.032573
0.883022 0.035082
0.872632 0.037680
0.861867 0.040357
0.850737 0.043100
0.839255 0.045896
0.827430 0.048726
0.815276 0.051560
0.802805 0.054358
0.790028 0.057080
0.776960 0.059680
0.763613 0.062111
0.750000 0.064324
0.736136 0.066303
0.722033 0.068091
0.707708 0.069740
0.693173 0.071311
0.678443 0.072874
0.663534 0.074505
0.648460 0.076239
0.633237 0.078055
0.617879 0.079934
0.602403 0.081852
0.586824 0.083787
0.571157 0.085715
0.555419 0.087611
0.539625 0.089451
0.523791 0.091210
0.507933 0.092863
0.492067 0.094387
0.476209 0.095759
0.460375 0.096956
0.444581 0.097958
0.428843 0.098743
0.413176 0.099295
0.397597 0.099597
0.382121 0.099632
0.366763 0.099389
0.351540 0.098857
0.336466 0.098025
0.321557 0.096886
0.306827 0.095436
0.292292 0.093671
0.277967 0.091589
0.263864 0.089192
0.250000 0.086483
0.236387 0.083473
0.223040 0.080189
0.209972 0.076657
0.197195 0.072904
0.184724 0.068954
0.172570 0.064833
0.160745 0.060569
0.149263 0.056194
0.138133 0.051735
0.127368 0.047219
0.116978 0.042669
0.106973 0.038106
0.097365 0.033554
0.088162 0.029034
0.079373 0.024566
0.071008 0.020164
0.063075 0.015841
0.055582 0.011609
0.048537 0.007473
0.041946 0.003438
0.035816 -0.000492
0.030154 -0.004317
0.024964 -0.008037
0.020254 -0.011653
0.016026 -0.015167
0.012285 -0.018582
0.009036 -0.021897
0.006281 -0.025112
0.004023 -0.028221
0.002264 -0.031204
0.001007 -0.034006
0.000252 -0.036421
0.000000 -0.037600
0.000252 -0.044629
0.001007 -0.046793
0.002264 -0.049135
0.004023 -0.051436
0.006281 -0.053626
0.009036 -0.055680
0.012285 -0.057580
0.016026 -0.059314
0.020254 -0.060870
0.024964 -0.062238
0.030154 -0.063409
0.035816 -0.064372
0.041946 -0.065118
0.048537 -0.065637
0.055582 -0.065922
0.063075 -0.065964
0.071008 -0.065760
0.079373 -0.065304
0.088162 -0.064595
0.097365 -0.063634
0.106973 -0.062424
0.116978 -0.060974
0.127368 -0.059293
0.138133 -0.057397
0.149263 -0.055306
0.160745 -0.053041
0.172570 -0.050626
0.184724 -0.048086
0.197195 -0.045454
0.209972 -0.042764
0.223040 -0.040057
0.236387 -0.037370
0.250000 -0.034737
0.263864 -0.032196
0.277967 -0.029790
0.292292 -0.027551
0.306827 -0.025489
0.321557 -0.023603
0.336466 -0.021892
0.351540 -0.020352
0.366763 -0.018977
0.382121 -0.017757
0.397597 -0.016683
0.413176 -0.015743
0.428843 -0.014923
0.444581 -0.014208
0.460375 -0.013582
0.476209 -0.013029
0.492067 -0.012531
0.507933 -0.012071
0.523791 -0.011631
0.539625 -0.011191
0.555419 -0.010736
0.571157 -0.010246
0.586824 -0.009706
0.602403 -0.009098
0.617879 -0.008407
0.633237 -0.007618
0.648460 -0.006718
0.663534 -0.005695
0.678443 -0.004539
0.693173 -0.003293
0.707708 -0.002036
0.722033 -0.000847
0.736136 0.000201
0.750000 0.001039
0.763613 0.001619
0.776960 0.001973
0.790028 0.002153
0.802805 0.002207
0.815276 0.002176
0.827430 0.002094
0.839255 0.001994
0.850737 0.001894
0.861867 0.001802
0.872632 0.001727
0.883022 0.001673
0.893027 0.001646
0.902635 0.001648
0.911838 0.001681
0.920627 0.001745
0.928992 0.001839
0.936925 0.001961
0.944418 0.002109
0.951463 0.002280
0.958054 0.002469
0.964184 0.002673
0.969846 0.002885
0.975036 0.003101
0.979746 0.003316
0.983974 0.003525
0.987715 0.003722
0.990964 0.003904
0.993719 0.004066
0.995977 0.004203
0.997736 0.004314
0.998993 0.004395
0.999748 0.004444
1.000000 0.004458
