=== Airfoil Parameters ===
m = 0.02
p = 0.4
t = 0.12

=== Control Points ===
0.00000, 0.01538, 0.01538
0.06667, 0.00943, 0.00332
0.13333, -0.00047, -0.01158
0.20000, -0.00965, -0.02465
0.26667, -0.01712, -0.03490
0.66667, -0.02055, -0.03660
0.75000, -0.01114, -0.02433
0.83333, 0.00843, -0.00114
0.91667, 0.02814, 0.02297
1.00000, 0.03769, 0.03769

=== Upper Surface ===
0.00000, 0.01538
0.00001, 0.01566
0.00003, 0.01594
0.00005, 0.01622
0.00007, 0.01650
0.00011, 0.01677
0.00014, 0.01705
0.00018, 0.01733
0.00023, 0.01760
0.00028, 0.01788
0.00034, 0.01815
0.00040, 0.01843
0.00046, 0.01870
0.00053, 0.01897
0.00061, 0.01925
0.00069, 0.01952
0.00078, 0.01979
0.00087, 0.02006
0.00097, 0.02033
0.00107, 0.02060
0.00117, 0.02087
0.00128, 0.02114
0.00140, 0.02141
0.00152, 0.02168
0.00165, 0.02194
0.00178, 0.02221
0.00192, 0.02247
0.00206, 0.02274
0.00221, 0.02300
0.00236, 0.02327
0.00252, 0.02353
0.00268, 0.02379
0.00285, 0.02405
0.00302, 0.02432
0.00320, 0.02458
0.00339, 0.02484
0.00358, 0.02510
0.00377, 0.02535
0.00397, 0.02561
0.00417, 0.02587
0.00438, 0.02613
0.00460, 0.02638
0.00482, 0.02664
0.00504, 0.02689
0.00527, 0.02714
0.00551, 0.02740
0.00575, 0.02765
0.00600, 0.02790
0.00625, 0.02815
0.00650, 0.02840
0.00677, 0.02865
0.00703, 0.02890
0.00731, 0.02915
0.00758, 0.02939
0.00787, 0.02964
0.00815, 0.02988
0.00845, 0.03013
0.00875, 0.03037
0.00905, 0.03061
0.00936, 0.03085
0.00967, 0.03109
0.00999, 0.03133
0.01032, 0.03157
0.01065, 0.03181
0.01098, 0.03205
0.01132, 0.03228
0.01167, 0.03252
0.01202, 0.03275
0.01238, 0.03298
0.01274, 0.03322
0.01311, 0.03345
0.01348, 0.03368
0.01386, 0.03391
0.01424, 0.03413
0.01463, 0.03436
0.01502, 0.03459
0.01542, 0.03481
0.01582, 0.03503
0.01623, 0.03526
0.01665, 0.03548
0.01707, 0.03570
0.01749, 0.03592
0.01792, 0.03613
0.01836, 0.03635
0.01880, 0.03657
0.01924, 0.03678
0.01969, 0.03699
0.02015, 0.03721
0.02061, 0.03742
0.02108, 0.03763
0.02155, 0.03784
0.02202, 0.03804
0.02251, 0.03825
0.02299, 0.03845
0.02349, 0.03866
0.02398, 0.03886
0.02449, 0.03906
0.02499, 0.03926
0.02551, 0.03946
0.02603, 0.03965
0.02655, 0.03985
0.02708, 0.04004
0.02761, 0.04023
0.02815, 0.04042
0.02869, 0.04061
0.02924, 0.04080
0.02980, 0.04099
0.03036, 0.04117
0.03092, 0.04136
0.03149, 0.04154
0.03206, 0.04172
0.03264, 0.04190
0.03323, 0.04208
0.03382, 0.04225
0.03441, 0.04243
0.03501, 0.04260
0.03561, 0.04277
0.03622, 0.04294
0.03684, 0.04311
0.03746, 0.04328
0.03808, 0.04344
0.03871, 0.04361
0.03934, 0.04377
0.03998, 0.04393
0.04063, 0.04409
0.04127, 0.04424
0.04193, 0.04440
0.04259, 0.04455
0.04325, 0.04470
0.04392, 0.04485
0.04459, 0.04500
0.04527, 0.04515
0.04595, 0.04529
0.04664, 0.04544
0.04733, 0.04558
0.04803, 0.04572
0.04873, 0.04586
0.04943, 0.04599
0.05014, 0.04613
0.05086, 0.04626
0.05158, 0.04639
0.05230, 0.04652
0.05303, 0.04665
0.05377, 0.04677
0.05450, 0.04690
0.05525, 0.04702
0.05600, 0.04714
0.05675, 0.04725
0.05750, 0.04737
0.05826, 0.04749
0.05903, 0.04760
0.05980, 0.04771
0.06057, 0.04782
0.06135, 0.04792
0.06214, 0.04803
0.06292, 0.04813
0.06372, 0.04823
0.06451, 0.04833
0.06531, 0.04843
0.06612, 0.04853
0.06693, 0.04862
0.06774, 0.04871
0.06856, 0.04880
0.06938, 0.04889
0.07021, 0.04898
0.07104, 0.04906
0.07187, 0.04914
0.07271, 0.04922
0.07355, 0.04930
0.07440, 0.04938
0.07525, 0.04946
0.07611, 0.04953
0.07696, 0.04960
0.07783, 0.04967
0.07869, 0.04974
0.07956, 0.04980
0.08044, 0.04987
0.08132, 0.04993
0.08220, 0.04999
0.08309, 0.05004
0.08398, 0.05010
0.08487, 0.05016
0.08577, 0.05021
0.08667, 0.05026
0.08758, 0.05031
0.08848, 0.05035
0.08940, 0.05040
0.09031, 0.05044
0.09123, 0.05048
0.09216, 0.05052
0.09308, 0.05056
0.09402, 0.05060
0.09495, 0.05063
0.09589, 0.05066
0.09683, 0.05070
0.09777, 0.05072
0.09872, 0.05075
0.09967, 0.05078
0.10063, 0.05080
0.10159, 0.05082
0.10255, 0.05085
0.10351, 0.05086
0.10448, 0.05088
0.10545, 0.05090
0.10643, 0.05091
0.10741, 0.05092
0.10839, 0.05093
0.10937, 0.05094
0.11036, 0.05095
0.11135, 0.05096
0.11234, 0.05096
0.11334, 0.05096
0.11434, 0.05097
0.11534, 0.05097
0.11635, 0.05097
0.11736, 0.05096
0.11837, 0.05096
0.11938, 0.05095
0.12040, 0.05095
0.12142, 0.05094
0.12244, 0.05093
0.12347, 0.05092
0.12449, 0.05090
0.12552, 0.05089
0.12656, 0.05088
0.12759, 0.05086
0.12863, 0.05084
0.12967, 0.05082
0.13072, 0.05080
0.13176, 0.05078
0.13281, 0.05076
0.13386, 0.05074
0.13492, 0.05071
0.13597, 0.05069
0.13703, 0.05066
0.13809, 0.05064
0.13915, 0.05061
0.14022, 0.05058
0.14129, 0.05055
0.14236, 0.05052
0.14343, 0.05049
0.14451, 0.05045
0.14559, 0.05042
0.14667, 0.05039
0.14776, 0.05035
0.14885, 0.05031
0.14995, 0.05027
0.15104, 0.05024
0.15214, 0.05020
0.15325, 0.05015
0.15435, 0.05011
0.15546, 0.05007
0.15657, 0.05003
0.15769, 0.04998
0.15881, 0.04994
0.15993, 0.04989
0.16106, 0.04984
0.16219, 0.04979
0.16332, 0.04974
0.16445, 0.04969
0.16559, 0.04964
0.16673, 0.04959
0.16788, 0.04953
0.16902, 0.04948
0.17017, 0.04942
0.17133, 0.04937
0.17248, 0.04931
0.17364, 0.04925
0.17481, 0.04919
0.17597, 0.04913
0.17714, 0.04907
0.17831, 0.04901
0.17949, 0.04895
0.18066, 0.04888
0.18184, 0.04882
0.18303, 0.04875
0.18421, 0.04869
0.18540, 0.04862
0.18660, 0.04855
0.18779, 0.04848
0.18899, 0.04841
0.19019, 0.04834
0.19139, 0.04827
0.19260, 0.04820
0.19381, 0.04813
0.19502, 0.04805
0.19624, 0.04798
0.19745, 0.04790
0.19868, 0.04782
0.19990, 0.04775
0.20113, 0.04767
0.20235, 0.04759
0.20359, 0.04751
0.20482, 0.04743
0.20606, 0.04735
0.20730, 0.04727
0.20854, 0.04718
0.20979, 0.04710
0.21103, 0.04701
0.21229, 0.04693
0.21354, 0.04684
0.21479, 0.04676
0.21605, 0.04667
0.21731, 0.04658
0.21857, 0.04649
0.21984, 0.04640
0.22111, 0.04631
0.22238, 0.04622
0.22365, 0.04613
0.22492, 0.04604
0.22620, 0.04595
0.22748, 0.04585
0.22876, 0.04576
0.23005, 0.04566
0.23133, 0.04557
0.23262, 0.04547
0.23391, 0.04538
0.23521, 0.04528
0.23650, 0.04518
0.23780, 0.04508
0.23910, 0.04498
0.24040, 0.04488
0.24171, 0.04478
0.24302, 0.04468
0.24433, 0.04458
0.24564, 0.04448
0.24695, 0.04438
0.24827, 0.04428
0.24958, 0.04418
0.25090, 0.04407
0.25223, 0.04397
0.25355, 0.04386
0.25488, 0.04376
0.25621, 0.04366
0.25754, 0.04355
0.25887, 0.04344
0.26020, 0.04334
0.26154, 0.04323
0.26288, 0.04313
0.26422, 0.04302
0.26556, 0.04291
0.26691, 0.04280
0.26825, 0.04270
0.26960, 0.04259
0.27095, 0.04248
0.27230, 0.04237
0.27366, 0.04226
0.27501, 0.04215
0.27637, 0.04204
0.27773, 0.04193
0.27910, 0.04182
0.28046, 0.04171
0.28183, 0.04160
0.28320, 0.04149
0.28457, 0.04138
0.28594, 0.04126
0.28732, 0.04115
0.28869, 0.04104
0.29007, 0.04093
0.29146, 0.04082
0.29284, 0.04070
0.29422, 0.04059
0.29561, 0.04048
0.29700, 0.04036
0.29839, 0.04025
0.29978, 0.04014
0.30118, 0.04002
0.30258, 0.03991
0.30397, 0.03980
0.30537, 0.03968
0.30678, 0.03957
0.30818, 0.03945
0.30959, 0.03934
0.31100, 0.03922
0.31241, 0.03911
0.31382, 0.03899
0.31523, 0.03888
0.31665, 0.03876
0.31806, 0.03865
0.31948, 0.03853
0.32090, 0.03842
0.32232, 0.03830
0.32375, 0.03819
0.32517, 0.03807
0.32660, 0.03796
0.32803, 0.03784
0.32946, 0.03772
0.33089, 0.03761
0.33233, 0.03749
0.33376, 0.03738
0.33520, 0.03726
0.33664, 0.03714
0.33808, 0.03703
0.33952, 0.03691
0.34097, 0.03680
0.34241, 0.03668
0.34386, 0.03656
0.34531, 0.03645
0.34676, 0.03633
0.34821, 0.03622
0.34966, 0.03610
0.35111, 0.03599
0.35257, 0.03587
0.35403, 0.03575
0.35549, 0.03564
0.35695, 0.03552
0.35841, 0.03541
0.35987, 0.03529
0.36134, 0.03518
0.36280, 0.03506
0.36427, 0.03495
0.36574, 0.03483
0.36721, 0.03472
0.36868, 0.03460
0.37015, 0.03449
0.37163, 0.03437
0.37310, 0.03426
0.37458, 0.03414
0.37606, 0.03403
0.37754, 0.03391
0.37902, 0.03380
0.38050, 0.03369
0.38198, 0.03357
0.38347, 0.03346
0.38495, 0.03335
0.38644, 0.03323
0.38793, 0.03312
0.38942, 0.03301
0.39091, 0.03289
0.39240, 0.03278
0.39389, 0.03267
0.39538, 0.03256
0.39688, 0.03245
0.39837, 0.03233
0.39987, 0.03222
0.40137, 0.03211
0.40287, 0.03200
0.40437, 0.03189
0.40587, 0.03178
0.40737, 0.03167
0.40887, 0.03156
0.41038, 0.03145
0.41188, 0.03134
0.41339, 0.03123
0.41490, 0.03112
0.41640, 0.03101
0.41791, 0.03090
0.41942, 0.03080
0.42093, 0.03069
0.42245, 0.03058
0.42396, 0.03047
0.42547, 0.03037
0.42699, 0.03026
0.42850, 0.03015
0.43002, 0.03005
0.43153, 0.02994
0.43305, 0.02983
0.43457, 0.02973
0.43609, 0.02962
0.43761, 0.02952
0.43913, 0.02942
0.44065, 0.02931
0.44217, 0.02921
0.44369, 0.02910
0.44522, 0.02900
0.44674, 0.02890
0.44826, 0.02880
0.44979, 0.02870
0.45131, 0.02859
0.45284, 0.02849
0.45437, 0.02839
0.45590, 0.02829
0.45742, 0.02819
0.45895, 0.02809
0.46048, 0.02799
0.46201, 0.02789
0.46354, 0.02780
0.46507, 0.02770
0.46660, 0.02760
0.46813, 0.02750
0.46967, 0.02741
0.47120, 0.02731
0.47273, 0.02721
0.47427, 0.02712
0.47580, 0.02702
0.47733, 0.02693
0.47887, 0.02683
0.48040, 0.02674
0.48194, 0.02665
0.48347, 0.02655
0.48501, 0.02646
0.48655, 0.02637
0.48808, 0.02628
0.48962, 0.02618
0.49116, 0.02609
0.49270, 0.02600
0.49423, 0.02591
0.49577, 0.02582
0.49731, 0.02574
0.49885, 0.02565
0.50039, 0.02556
0.50192, 0.02547
0.50346, 0.02538
0.50500, 0.02530
0.50654, 0.02521
0.50808, 0.02513
0.50962, 0.02504
0.51116, 0.02496
0.51270, 0.02487
0.51424, 0.02479
0.51578, 0.02470
0.51732, 0.02462
0.51885, 0.02454
0.52039, 0.02446
0.52193, 0.02438
0.52347, 0.02429
0.52501, 0.02421
0.52655, 0.02413
0.52809, 0.02406
0.52963, 0.02398
0.53117, 0.02390
0.53271, 0.02382
0.53425, 0.02374
0.53578, 0.02367
0.53732, 0.02359
0.53886, 0.02351
0.54040, 0.02344
0.54194, 0.02337
0.54347, 0.02329
0.54501, 0.02322
0.54655, 0.02314
0.54808, 0.02307
0.54962, 0.02300
0.55116, 0.02293
0.55269, 0.02286
0.55423, 0.02279
0.55576, 0.02272
0.55730, 0.02265
0.55883, 0.02258
0.56037, 0.02251
0.56190, 0.02244
0.56343, 0.02238
0.56497, 0.02231
0.56650, 0.02224
0.56803, 0.02218
0.56956, 0.02211
0.57109, 0.02205
0.57262, 0.02198
0.57415, 0.02192
0.57568, 0.02186
0.57721, 0.02180
0.57874, 0.02173
0.58027, 0.02167
0.58179, 0.02161
0.58332, 0.02155
0.58485, 0.02149
0.58637, 0.02143
0.58789, 0.02138
0.58942, 0.02132
0.59094, 0.02126
0.59246, 0.02120
0.59399, 0.02115
0.59551, 0.02109
0.59703, 0.02104
0.59855, 0.02098
0.60006, 0.02093
0.60158, 0.02088
0.60310, 0.02082
0.60461, 0.02077
0.60613, 0.02072
0.60764, 0.02067
0.60916, 0.02062
0.61067, 0.02057
0.61218, 0.02052
0.61369, 0.02047
0.61520, 0.02042
0.61671, 0.02037
0.61822, 0.02033
0.61973, 0.02028
0.62123, 0.02023
0.62274, 0.02019
0.62424, 0.02014
0.62575, 0.02010
0.62725, 0.02005
0.62875, 0.02001
0.63025, 0.01997
0.63175, 0.01993
0.63324, 0.01988
0.63474, 0.01984
0.63624, 0.01980
0.63773, 0.01976
0.63922, 0.01972
0.64071, 0.01968
0.64221, 0.01965
0.64369, 0.01961
0.64518, 0.01957
0.64667, 0.01953
0.64816, 0.01950
0.64964, 0.01946
0.65112, 0.01943
0.65260, 0.01939
0.65409, 0.01936
0.65556, 0.01933
0.65704, 0.01929
0.65852, 0.01926
0.65999, 0.01923
0.66147, 0.01920
0.66294, 0.01917
0.66441, 0.01914
0.66588, 0.01911
0.66734, 0.01908
0.66880, 0.01905
0.67026, 0.01902
0.67171, 0.01899
0.67316, 0.01897
0.67461, 0.01894
0.67606, 0.01891
0.67750, 0.01889
0.67894, 0.01887
0.68037, 0.01885
0.68181, 0.01882
0.68323, 0.01881
0.68466, 0.01879
0.68608, 0.01877
0.68750, 0.01875
0.68892, 0.01874
0.69033, 0.01873
0.69174, 0.01871
0.69315, 0.01871
0.69455, 0.01870
0.69596, 0.01869
0.69735, 0.01869
0.69875, 0.01868
0.70014, 0.01868
0.70153, 0.01868
0.70292, 0.01868
0.70430, 0.01869
0.70568, 0.01870
0.70706, 0.01871
0.70843, 0.01872
0.70980, 0.01873
0.71117, 0.01874
0.71254, 0.01876
0.71390, 0.01878
0.71526, 0.01880
0.71662, 0.01883
0.71797, 0.01886
0.71932, 0.01889
0.72067, 0.01892
0.72202, 0.01895
0.72336, 0.01899
0.72470, 0.01903
0.72604, 0.01907
0.72737, 0.01912
0.72870, 0.01917
0.73003, 0.01922
0.73136, 0.01927
0.73268, 0.01933
0.73401, 0.01939
0.73532, 0.01945
0.73664, 0.01952
0.73795, 0.01959
0.73926, 0.01966
0.74057, 0.01974
0.74188, 0.01981
0.74318, 0.01990
0.74448, 0.01998
0.74578, 0.02007
0.74708, 0.02016
0.74838, 0.02026
0.74968, 0.02036
0.75098, 0.02046
0.75228, 0.02056
0.75357, 0.02067
0.75487, 0.02079
0.75617, 0.02090
0.75747, 0.02102
0.75876, 0.02114
0.76006, 0.02126
0.76136, 0.02139
0.76265, 0.02152
0.76395, 0.02165
0.76524, 0.02179
0.76654, 0.02193
0.76783, 0.02207
0.76912, 0.02221
0.77042, 0.02235
0.77171, 0.02250
0.77300, 0.02265
0.77429, 0.02280
0.77557, 0.02295
0.77686, 0.02311
0.77815, 0.02326
0.77943, 0.02342
0.78071, 0.02358
0.78200, 0.02374
0.78328, 0.02391
0.78456, 0.02407
0.78584, 0.02424
0.78711, 0.02440
0.78839, 0.02457
0.78966, 0.02474
0.79093, 0.02491
0.79221, 0.02508
0.79348, 0.02526
0.79474, 0.02543
0.79601, 0.02561
0.79727, 0.02578
0.79854, 0.02596
0.79980, 0.02613
0.80106, 0.02631
0.80231, 0.02649
0.80357, 0.02667
0.80482, 0.02685
0.80607, 0.02703
0.80732, 0.02721
0.80857, 0.02739
0.80981, 0.02757
0.81106, 0.02775
0.81230, 0.02793
0.81354, 0.02811
0.81477, 0.02829
0.81601, 0.02847
0.81724, 0.02864
0.81847, 0.02882
0.81970, 0.02900
0.82092, 0.02918
0.82214, 0.02936
0.82336, 0.02954
0.82458, 0.02972
0.82579, 0.02989
0.82701, 0.03007
0.82821, 0.03024
0.82942, 0.03042
0.83062, 0.03059
0.83182, 0.03077
0.83302, 0.03094
0.83422, 0.03111
0.83541, 0.03128
0.83660, 0.03145
0.83778, 0.03162
0.83896, 0.03179
0.84014, 0.03196
0.84132, 0.03212
0.84249, 0.03229
0.84366, 0.03245
0.84482, 0.03261
0.84599, 0.03277
0.84715, 0.03293
0.84830, 0.03309
0.84946, 0.03325
0.85060, 0.03341
0.85175, 0.03356
0.85289, 0.03372
0.85403, 0.03387
0.85517, 0.03402
0.85630, 0.03417
0.85743, 0.03432
0.85855, 0.03447
0.85968, 0.03462
0.86079, 0.03476
0.86191, 0.03491
0.86302, 0.03505
0.86413, 0.03519
0.86523, 0.03533
0.86633, 0.03547
0.86743, 0.03561
0.86852, 0.03574
0.86961, 0.03588
0.87070, 0.03601
0.87178, 0.03614
0.87285, 0.03627
0.87393, 0.03640
0.87500, 0.03653
0.87607, 0.03665
0.87713, 0.03678
0.87819, 0.03690
0.87924, 0.03702
0.88029, 0.03714
0.88134, 0.03726
0.88238, 0.03737
0.88342, 0.03749
0.88446, 0.03760
0.88549, 0.03771
0.88652, 0.03782
0.88754, 0.03793
0.88856, 0.03804
0.88958, 0.03814
0.89059, 0.03824
0.89160, 0.03835
0.89260, 0.03845
0.89360, 0.03855
0.89460, 0.03864
0.89559, 0.03874
0.89657, 0.03883
0.89756, 0.03892
0.89854, 0.03901
0.89951, 0.03910
0.90048, 0.03919
0.90145, 0.03928
0.90241, 0.03936
0.90337, 0.03944
0.90432, 0.03952
0.90527, 0.03960
0.90622, 0.03968
0.90716, 0.03976
0.90809, 0.03983
0.90903, 0.03991
0.90995, 0.03998
0.91088, 0.04005
0.91180, 0.04012
0.91271, 0.04018
0.91362, 0.04025
0.91453, 0.04031
0.91543, 0.04037
0.91633, 0.04043
0.91722, 0.04049
0.91811, 0.04055
0.91899, 0.04061
0.91987, 0.04066
0.92075, 0.04071
0.92162, 0.04076
0.92249, 0.04081
0.92335, 0.04086
0.92420, 0.04091
0.92506, 0.04095
0.92591, 0.04100
0.92675, 0.04104
0.92759, 0.04108
0.92842, 0.04112
0.92925, 0.04116
0.93008, 0.04120
0.93090, 0.04123
0.93172, 0.04127
0.93253, 0.04130
0.93334, 0.04133
0.93414, 0.04136
0.93494, 0.04139
0.93573, 0.04142
0.93652, 0.04144
0.93730, 0.04147
0.93808, 0.04149
0.93886, 0.04151
0.93963, 0.04153
0.94039, 0.04155
0.94115, 0.04157
0.94191, 0.04159
0.94266, 0.04160
0.94341, 0.04162
0.94415, 0.04163
0.94489, 0.04164
0.94562, 0.04165
0.94635, 0.04166
0.94707, 0.04167
0.94779, 0.04168
0.94850, 0.04168
0.94921, 0.04169
0.94991, 0.04169
0.95061, 0.04170
0.95131, 0.04170
0.95200, 0.04170
0.95268, 0.04170
0.95336, 0.04170
0.95404, 0.04170
0.95471, 0.04170
0.95537, 0.04169
0.95603, 0.04169
0.95669, 0.04168
0.95734, 0.04167
0.95799, 0.04167
0.95863, 0.04166
0.95926, 0.04165
0.95990, 0.04164
0.96052, 0.04163
0.96115, 0.04162
0.96176, 0.04160
0.96237, 0.04159
0.96298, 0.04158
0.96358, 0.04156
0.96418, 0.04155
0.96478, 0.04153
0.96536, 0.04151
0.96595, 0.04150
0.96652, 0.04148
0.96710, 0.04146
0.96767, 0.04144
0.96823, 0.04142
0.96879, 0.04140
0.96934, 0.04138
0.96989, 0.04136
0.97043, 0.04134
0.97097, 0.04131
0.97151, 0.04129
0.97204, 0.04127
0.97256, 0.04124
0.97308, 0.04122
0.97359, 0.04119
0.97410, 0.04117
0.97461, 0.04114
0.97511, 0.04111
0.97560, 0.04109
0.97609, 0.04106
0.97658, 0.04103
0.97706, 0.04101
0.97753, 0.04098
0.97800, 0.04095
0.97847, 0.04092
0.97893, 0.04089
0.97938, 0.04086
0.97983, 0.04083
0.98028, 0.04080
0.98072, 0.04077
0.98115, 0.04074
0.98158, 0.04071
0.98201, 0.04068
0.98243, 0.04065
0.98284, 0.04062
0.98325, 0.04059
0.98366, 0.04056
0.98406, 0.04053
0.98445, 0.04050
0.98484, 0.04047
0.98523, 0.04044
0.98561, 0.04041
0.98599, 0.04038
0.98636, 0.04035
0.98672, 0.04032
0.98708, 0.04029
0.98744, 0.04026
0.98779, 0.04023
0.98814, 0.04020
0.98848, 0.04017
0.98881, 0.04014
0.98914, 0.04011
0.98947, 0.04008
0.98979, 0.04005
0.99011, 0.04002
0.99042, 0.03999
0.99072, 0.03996
0.99102, 0.03993
0.99132, 0.03990
0.99161, 0.03987
0.99190, 0.03984
0.99218, 0.03982
0.99245, 0.03979
0.99273, 0.03976
0.99299, 0.03973
0.99325, 0.03971
0.99351, 0.03968
0.99376, 0.03965
0.99401, 0.03963
0.99425, 0.03960
0.99448, 0.03958
0.99472, 0.03955
0.99494, 0.03953
0.99516, 0.03951
0.99538, 0.03948
0.99559, 0.03946
0.99580, 0.03944
0.99600, 0.03941
0.99620, 0.03939
0.99639, 0.03937
0.99657, 0.03935
0.99676, 0.03933
0.99693, 0.03931
0.99710, 0.03929
0.99727, 0.03927
0.99743, 0.03925
0.99759, 0.03923
0.99774, 0.03922
0.99789, 0.03920
0.99803, 0.03918
0.99817, 0.03917
0.99830, 0.03915
0.99842, 0.03914
0.99855, 0.03912
0.99866, 0.03911
0.99878, 0.03909
0.99888, 0.03908
0.99898, 0.03907
0.99908, 0.03906
0.99917, 0.03905
0.99926, 0.03904
0.99934, 0.03903
0.99942, 0.03902
0.99949, 0.03901
0.99956, 0.03900
0.99962, 0.03899
0.99968, 0.03899
0.99973, 0.03898
0.99978, 0.03897
0.99982, 0.03897
0.99986, 0.03896
0.99989, 0.03896
0.99992, 0.03896
0.99994, 0.03895
0.99996, 0.03895
0.99997, 0.03895
0.99997, 0.03895
0.99997, 0.03895

=== Lower Surface ===
0.00000, 0.01538
-0.00001, 0.01510
-0.00001, 0.01482
-0.00000, 0.01454
0.00000, 0.01426
0.00002, 0.01398
0.00004, 0.01370
0.00006, 0.01343
0.00009, 0.01315
0.00012, 0.01287
0.00016, 0.01259
0.00020, 0.01231
0.00025, 0.01204
0.00030, 0.01176
0.00036, 0.01148
0.00042, 0.01121
0.00049, 0.01093
0.00056, 0.01065
0.00064, 0.01038
0.00072, 0.01010
0.00080, 0.00982
0.00089, 0.00955
0.00099, 0.00927
0.00109, 0.00900
0.00120, 0.00872
0.00131, 0.00845
0.00142, 0.00818
0.00154, 0.00790
0.00166, 0.00763
0.00179, 0.00735
0.00193, 0.00708
0.00206, 0.00681
0.00221, 0.00653
0.00236, 0.00626
0.00251, 0.00599
0.00266, 0.00571
0.00283, 0.00544
0.00299, 0.00517
0.00316, 0.00490
0.00334, 0.00463
0.00352, 0.00435
0.00370, 0.00408
0.00389, 0.00381
0.00409, 0.00354
0.00428, 0.00327
0.00449, 0.00300
0.00469, 0.00273
0.00491, 0.00245
0.00512, 0.00218
0.00534, 0.00191
0.00557, 0.00164
0.00580, 0.00137
0.00604, 0.00110
0.00627, 0.00083
0.00652, 0.00056
0.00677, 0.00029
0.00702, 0.00002
0.00728, -0.00025
0.00754, -0.00052
0.00780, -0.00079
0.00807, -0.00105
0.00835, -0.00132
0.00863, -0.00159
0.00891, -0.00186
0.00920, -0.00213
0.00949, -0.00240
0.00979, -0.00267
0.01009, -0.00294
0.01040, -0.00321
0.01071, -0.00348
0.01102, -0.00375
0.01134, -0.00401
0.01167, -0.00428
0.01200, -0.00455
0.01233, -0.00482
0.01266, -0.00509
0.01301, -0.00536
0.01335, -0.00563
0.01370, -0.00590
0.01406, -0.00616
0.01441, -0.00643
0.01478, -0.00670
0.01514, -0.00697
0.01552, -0.00724
0.01589, -0.00751
0.01627, -0.00778
0.01666, -0.00805
0.01704, -0.00832
0.01744, -0.00859
0.01784, -0.00886
0.01824, -0.00913
0.01864, -0.00940
0.01905, -0.00967
0.01947, -0.00994
0.01989, -0.01021
0.02031, -0.01048
0.02074, -0.01075
0.02117, -0.01102
0.02161, -0.01129
0.02205, -0.01156
0.02249, -0.01183
0.02294, -0.01210
0.02339, -0.01237
0.02385, -0.01264
0.02431, -0.01291
0.02478, -0.01318
0.02525, -0.01346
0.02572, -0.01373
0.02620, -0.01400
0.02669, -0.01427
0.02717, -0.01454
0.02766, -0.01482
0.02816, -0.01509
0.02866, -0.01536
0.02917, -0.01564
0.02967, -0.01591
0.03019, -0.01618
0.03070, -0.01646
0.03123, -0.01673
0.03175, -0.01701
0.03228, -0.01728
0.03282, -0.01756
0.03335, -0.01783
0.03390, -0.01811
0.03444, -0.01838
0.03500, -0.01866
0.03555, -0.01894
0.03611, -0.01921
0.03668, -0.01949
0.03724, -0.01977
0.03782, -0.02004
0.03839, -0.02032
0.03898, -0.02060
0.03956, -0.02088
0.04015, -0.02116
0.04075, -0.02144
0.04134, -0.02172
0.04195, -0.02200
0.04255, -0.02228
0.04317, -0.02256
0.04378, -0.02284
0.04440, -0.02312
0.04503, -0.02340
0.04565, -0.02368
0.04629, -0.02396
0.04693, -0.02425
0.04757, -0.02453
0.04821, -0.02481
0.04886, -0.02509
0.04952, -0.02538
0.05018, -0.02566
0.05084, -0.02595
0.05151, -0.02623
0.05218, -0.02652
0.05286, -0.02680
0.05354, -0.02709
0.05422, -0.02738
0.05491, -0.02766
0.05561, -0.02795
0.05631, -0.02824
0.05701, -0.02852
0.05772, -0.02881
0.05843, -0.02910
0.05914, -0.02939
0.05986, -0.02968
0.06059, -0.02997
0.06132, -0.03026
0.06205, -0.03055
0.06279, -0.03084
0.06353, -0.03113
0.06428, -0.03142
0.06503, -0.03171
0.06579, -0.03200
0.06655, -0.03230
0.06731, -0.03259
0.06808, -0.03288
0.06886, -0.03317
0.06964, -0.03347
0.07042, -0.03376
0.07121, -0.03405
0.07200, -0.03435
0.07280, -0.03464
0.07360, -0.03494
0.07440, -0.03523
0.07521, -0.03553
0.07603, -0.03582
0.07685, -0.03612
0.07767, -0.03642
0.07850, -0.03671
0.07933, -0.03701
0.08017, -0.03731
0.08101, -0.03760
0.08186, -0.03790
0.08271, -0.03820
0.08357, -0.03850
0.08443, -0.03880
0.08529, -0.03909
0.08617, -0.03939
0.08704, -0.03969
0.08792, -0.03999
0.08880, -0.04029
0.08969, -0.04059
0.09059, -0.04089
0.09149, -0.04118
0.09239, -0.04148
0.09330, -0.04178
0.09421, -0.04208
0.09513, -0.04238
0.09605, -0.04268
0.09698, -0.04298
0.09791, -0.04328
0.09884, -0.04358
0.09978, -0.04388
0.10073, -0.04418
0.10168, -0.04448
0.10264, -0.04478
0.10360, -0.04507
0.10456, -0.04537
0.10553, -0.04567
0.10651, -0.04597
0.10749, -0.04627
0.10847, -0.04657
0.10946, -0.04686
0.11046, -0.04716
0.11146, -0.04746
0.11246, -0.04776
0.11347, -0.04805
0.11448, -0.04835
0.11550, -0.04865
0.11653, -0.04894
0.11756, -0.04924
0.11859, -0.04953
0.11963, -0.04983
0.12067, -0.05012
0.12172, -0.05041
0.12278, -0.05071
0.12383, -0.05100
0.12490, -0.05129
0.12597, -0.05158
0.12704, -0.05187
0.12812, -0.05216
0.12920, -0.05245
0.13028, -0.05274
0.13137, -0.05303
0.13246, -0.05331
0.13356, -0.05360
0.13466, -0.05388
0.13576, -0.05417
0.13687, -0.05445
0.13798, -0.05473
0.13910, -0.05501
0.14022, -0.05529
0.14134, -0.05557
0.14247, -0.05585
0.14360, -0.05613
0.14473, -0.05640
0.14587, -0.05668
0.14701, -0.05695
0.14816, -0.05723
0.14931, -0.05750
0.15046, -0.05777
0.15161, -0.05804
0.15277, -0.05831
0.15394, -0.05858
0.15511, -0.05885
0.15628, -0.05911
0.15745, -0.05938
0.15863, -0.05964
0.15981, -0.05991
0.16100, -0.06017
0.16219, -0.06043
0.16338, -0.06069
0.16457, -0.06095
0.16577, -0.06121
0.16698, -0.06147
0.16818, -0.06172
0.16939, -0.06198
0.17061, -0.06223
0.17182, -0.06248
0.17304, -0.06274
0.17427, -0.06299
0.17549, -0.06324
0.17672, -0.06349
0.17796, -0.06373
0.17919, -0.06398
0.18044, -0.06422
0.18168, -0.06447
0.18293, -0.06471
0.18418, -0.06495
0.18543, -0.06519
0.18669, -0.06543
0.18795, -0.06567
0.18921, -0.06591
0.19048, -0.06614
0.19175, -0.06638
0.19302, -0.06661
0.19430, -0.06684
0.19558, -0.06708
0.19686, -0.06731
0.19815, -0.06753
0.19944, -0.06776
0.20073, -0.06799
0.20203, -0.06821
0.20333, -0.06844
0.20463, -0.06866
0.20594, -0.06888
0.20725, -0.06910
0.20856, -0.06932
0.20988, -0.06954
0.21120, -0.06975
0.21252, -0.06997
0.21385, -0.07018
0.21518, -0.07039
0.21651, -0.07060
0.21784, -0.07081
0.21918, -0.07102
0.22052, -0.07123
0.22187, -0.07143
0.22322, -0.07164
0.22457, -0.07184
0.22592, -0.07204
0.22728, -0.07224
0.22864, -0.07244
0.23000, -0.07263
0.23137, -0.07283
0.23274, -0.07302
0.23411, -0.07322
0.23548, -0.07341
0.23686, -0.07360
0.23824, -0.07378
0.23963, -0.07397
0.24101, -0.07415
0.24240, -0.07434
0.24379, -0.07452
0.24519, -0.07470
0.24659, -0.07488
0.24799, -0.07506
0.24939, -0.07523
0.25080, -0.07540
0.25221, -0.07558
0.25362, -0.07575
0.25504, -0.07592
0.25646, -0.07608
0.25788, -0.07625
0.25930, -0.07641
0.26073, -0.07658
0.26215, -0.07674
0.26359, -0.07690
0.26502, -0.07705
0.26645, -0.07721
0.26789, -0.07736
0.26933, -0.07752
0.27078, -0.07767
0.27222, -0.07781
0.27367, -0.07796
0.27512, -0.07811
0.27657, -0.07825
0.27803, -0.07839
0.27949, -0.07853
0.28095, -0.07867
0.28241, -0.07881
0.28387, -0.07894
0.28534, -0.07908
0.28680, -0.07921
0.28828, -0.07934
0.28975, -0.07946
0.29122, -0.07959
0.29270, -0.07972
0.29418, -0.07984
0.29566, -0.07996
0.29714, -0.08008
0.29863, -0.08019
0.30012, -0.08031
0.30160, -0.08042
0.30310, -0.08054
0.30459, -0.08065
0.30608, -0.08075
0.30758, -0.08086
0.30908, -0.08097
0.31058, -0.08107
0.31209, -0.08117
0.31359, -0.08127
0.31510, -0.08137
0.31661, -0.08146
0.31812, -0.08156
0.31963, -0.08165
0.32114, -0.08174
0.32266, -0.08183
0.32418, -0.08191
0.32570, -0.08200
0.32722, -0.08208
0.32874, -0.08216
0.33026, -0.08224
0.33179, -0.08232
0.33332, -0.08240
0.33485, -0.08247
0.33638, -0.08254
0.33791, -0.08261
0.33945, -0.08268
0.34098, -0.08275
0.34252, -0.08281
0.34406, -0.08287
0.34560, -0.08294
0.34714, -0.08299
0.34868, -0.08305
0.35023, -0.08311
0.35178, -0.08316
0.35332, -0.08321
0.35487, -0.08326
0.35642, -0.08331
0.35798, -0.08336
0.35953, -0.08340
0.36109, -0.08345
0.36264, -0.08349
0.36420, -0.08353
0.36576, -0.08356
0.36732, -0.08360
0.36888, -0.08363
0.37044, -0.08366
0.37201, -0.08369
0.37357, -0.08372
0.37514, -0.08375
0.37671, -0.08377
0.37827, -0.08380
0.37984, -0.08382
0.38142, -0.08384
0.38299, -0.08385
0.38456, -0.08387
0.38613, -0.08388
0.38771, -0.08389
0.38929, -0.08390
0.39086, -0.08391
0.39244, -0.08392
0.39402, -0.08392
0.39560, -0.08393
0.39718, -0.08393
0.39877, -0.08393
0.40035, -0.08392
0.40193, -0.08392
0.40352, -0.08391
0.40510, -0.08390
0.40669, -0.08389
0.40828, -0.08388
0.40987, -0.08387
0.41146, -0.08385
0.41305, -0.08384
0.41464, -0.08382
0.41623, -0.08380
0.41782, -0.08377
0.41941, -0.08375
0.42101, -0.08372
0.42260, -0.08370
0.42419, -0.08367
0.42579, -0.08364
0.42739, -0.08360
0.42898, -0.08357
0.43058, -0.08353
0.43218, -0.08349
0.43378, -0.08345
0.43538, -0.08341
0.43698, -0.08337
0.43858, -0.08332
0.44018, -0.08327
0.44178, -0.08322
0.44338, -0.08317
0.44498, -0.08312
0.44658, -0.08307
0.44819, -0.08301
0.44979, -0.08295
0.45139, -0.08289
0.45300, -0.08283
0.45460, -0.08277
0.45620, -0.08271
0.45781, -0.08264
0.45941, -0.08257
0.46102, -0.08250
0.46262, -0.08243
0.46423, -0.08236
0.46584, -0.08228
0.46744, -0.08221
0.46905, -0.08213
0.47066, -0.08205
0.47226, -0.08197
0.47387, -0.08188
0.47548, -0.08180
0.47708, -0.08171
0.47869, -0.08163
0.48030, -0.08154
0.48190, -0.08144
0.48351, -0.08135
0.48512, -0.08126
0.48673, -0.08116
0.48833, -0.08106
0.48994, -0.08096
0.49155, -0.08086
0.49315, -0.08076
0.49476, -0.08065
0.49637, -0.08055
0.49797, -0.08044
0.49958, -0.08033
0.50119, -0.08022
0.50279, -0.08011
0.50440, -0.07999
0.50600, -0.07988
0.50761, -0.07976
0.50922, -0.07964
0.51082, -0.07952
0.51243, -0.07940
0.51403, -0.07928
0.51563, -0.07915
0.51724, -0.07902
0.51884, -0.07890
0.52044, -0.07877
0.52205, -0.07864
0.52365, -0.07850
0.52525, -0.07837
0.52685, -0.07823
0.52845, -0.07810
0.53005, -0.07796
0.53165, -0.07782
0.53325, -0.07767
0.53485, -0.07753
0.53645, -0.07739
0.53805, -0.07724
0.53965, -0.07709
0.54124, -0.07694
0.54284, -0.07679
0.54444, -0.07664
0.54603, -0.07649
0.54763, -0.07633
0.54922, -0.07618
0.55081, -0.07602
0.55240, -0.07586
0.55400, -0.07570
0.55559, -0.07554
0.55718, -0.07538
0.55877, -0.07521
0.56036, -0.07504
0.56194, -0.07488
0.56353, -0.07471
0.56512, -0.07454
0.56670, -0.07437
0.56829, -0.07419
0.56987, -0.07402
0.57145, -0.07384
0.57304, -0.07367
0.57462, -0.07349
0.57620, -0.07331
0.57778, -0.07313
0.57935, -0.07295
0.58093, -0.07276
0.58251, -0.07258
0.58408, -0.07239
0.58566, -0.07220
0.58723, -0.07202
0.58880, -0.07183
0.59037, -0.07163
0.59194, -0.07144
0.59351, -0.07125
0.59508, -0.07105
0.59665, -0.07086
0.59821, -0.07066
0.59978, -0.07046
0.60134, -0.07026
0.60290, -0.07006
0.60446, -0.06986
0.60602, -0.06966
0.60758, -0.06945
0.60914, -0.06924
0.61069, -0.06904
0.61225, -0.06883
0.61380, -0.06862
0.61535, -0.06841
0.61690, -0.06820
0.61845, -0.06799
0.62000, -0.06777
0.62155, -0.06756
0.62309, -0.06734
0.62463, -0.06712
0.62618, -0.06691
0.62772, -0.06669
0.62926, -0.06647
0.63079, -0.06625
0.63233, -0.06602
0.63387, -0.06580
0.63540, -0.06558
0.63693, -0.06535
0.63846, -0.06512
0.63999, -0.06490
0.64152, -0.06467
0.64304, -0.06444
0.64457, -0.06421
0.64609, -0.06397
0.64761, -0.06374
0.64913, -0.06351
0.65065, -0.06327
0.65216, -0.06304
0.65367, -0.06280
0.65519, -0.06256
0.65670, -0.06233
0.65821, -0.06209
0.65971, -0.06185
0.66122, -0.06161
0.66272, -0.06136
0.66422, -0.06112
0.66572, -0.06088
0.66722, -0.06063
0.66872, -0.06039
0.67021, -0.06014
0.67171, -0.05989
0.67320, -0.05964
0.67470, -0.05939
0.67619, -0.05914
0.67768, -0.05889
0.67918, -0.05864
0.68067, -0.05838
0.68216, -0.05812
0.68366, -0.05787
0.68515, -0.05761
0.68664, -0.05735
0.68813, -0.05708
0.68962, -0.05682
0.69111, -0.05655
0.69260, -0.05628
0.69409, -0.05601
0.69558, -0.05574
0.69707, -0.05547
0.69855, -0.05519
0.70004, -0.05491
0.70153, -0.05463
0.70301, -0.05435
0.70449, -0.05406
0.70598, -0.05378
0.70746, -0.05349
0.70894, -0.05319
0.71042, -0.05290
0.71190, -0.05260
0.71337, -0.05230
0.71485, -0.05200
0.71632, -0.05169
0.71780, -0.05138
0.71927, -0.05107
0.72074, -0.05076
0.72221, -0.05044
0.72368, -0.05012
0.72514, -0.04980
0.72661, -0.04947
0.72807, -0.04914
0.72953, -0.04881
0.73099, -0.04848
0.73245, -0.04814
0.73391, -0.04780
0.73536, -0.04745
0.73681, -0.04710
0.73827, -0.04675
0.73972, -0.04639
0.74116, -0.04604
0.74261, -0.04567
0.74405, -0.04531
0.74549, -0.04494
0.74693, -0.04457
0.74837, -0.04419
0.74980, -0.04381
0.75124, -0.04343
0.75267, -0.04304
0.75409, -0.04265
0.75552, -0.04225
0.75694, -0.04186
0.75836, -0.04145
0.75977, -0.04105
0.76118, -0.04064
0.76258, -0.04023
0.76398, -0.03982
0.76537, -0.03940
0.76676, -0.03898
0.76814, -0.03856
0.76952, -0.03814
0.77089, -0.03771
0.77226, -0.03729
0.77362, -0.03686
0.77498, -0.03642
0.77633, -0.03599
0.77768, -0.03555
0.77902, -0.03512
0.78036, -0.03468
0.78170, -0.03424
0.78303, -0.03380
0.78435, -0.03335
0.78568, -0.03291
0.78699, -0.03246
0.78830, -0.03201
0.78961, -0.03157
0.79091, -0.03112
0.79221, -0.03067
0.79351, -0.03022
0.79480, -0.02976
0.79608, -0.02931
0.79736, -0.02886
0.79864, -0.02840
0.79991, -0.02795
0.80118, -0.02750
0.80244, -0.02704
0.80370, -0.02659
0.80495, -0.02613
0.80620, -0.02567
0.80745, -0.02522
0.80869, -0.02476
0.80993, -0.02431
0.81116, -0.02385
0.81239, -0.02340
0.81361, -0.02294
0.81483, -0.02249
0.81605, -0.02203
0.81726, -0.02158
0.81847, -0.02113
0.81967, -0.02067
0.82087, -0.02022
0.82207, -0.01977
0.82326, -0.01932
0.82445, -0.01887
0.82563, -0.01842
0.82681, -0.01797
0.82798, -0.01753
0.82916, -0.01708
0.83032, -0.01663
0.83148, -0.01619
0.83264, -0.01575
0.83380, -0.01531
0.83495, -0.01486
0.83610, -0.01443
0.83724, -0.01399
0.83838, -0.01355
0.83951, -0.01311
0.84064, -0.01268
0.84177, -0.01225
0.84290, -0.01182
0.84402, -0.01139
0.84513, -0.01096
0.84625, -0.01053
0.84735, -0.01011
0.84846, -0.00968
0.84956, -0.00926
0.85066, -0.00884
0.85176, -0.00842
0.85285, -0.00800
0.85393, -0.00759
0.85502, -0.00717
0.85610, -0.00676
0.85717, -0.00635
0.85825, -0.00594
0.85932, -0.00553
0.86038, -0.00513
0.86144, -0.00472
0.86250, -0.00432
0.86356, -0.00392
0.86461, -0.00352
0.86566, -0.00313
0.86670, -0.00273
0.86774, -0.00234
0.86878, -0.00195
0.86981, -0.00156
0.87084, -0.00117
0.87186, -0.00079
0.87288, -0.00040
0.87390, -0.00002
0.87492, 0.00036
0.87593, 0.00074
0.87693, 0.00111
0.87794, 0.00148
0.87894, 0.00186
0.87993, 0.00223
0.88093, 0.00259
0.88191, 0.00296
0.88290, 0.00332
0.88388, 0.00368
0.88486, 0.00404
0.88583, 0.00440
0.88680, 0.00475
0.88777, 0.00510
0.88873, 0.00545
0.88969, 0.00580
0.89064, 0.00615
0.89160, 0.00649
0.89254, 0.00683
0.89349, 0.00717
0.89443, 0.00751
0.89537, 0.00785
0.89630, 0.00818
0.89723, 0.00851
0.89815, 0.00884
0.89907, 0.00916
0.89999, 0.00949
0.90091, 0.00981
0.90182, 0.01013
0.90272, 0.01045
0.90363, 0.01076
0.90452, 0.01108
0.90542, 0.01139
0.90631, 0.01170
0.90720, 0.01200
0.90808, 0.01231
0.90896, 0.01261
0.90984, 0.01291
0.91071, 0.01320
0.91158, 0.01350
0.91245, 0.01379
0.91331, 0.01408
0.91416, 0.01437
0.91502, 0.01466
0.91587, 0.01494
0.91671, 0.01522
0.91756, 0.01550
0.91839, 0.01578
0.91923, 0.01605
0.92006, 0.01632
0.92088, 0.01659
0.92171, 0.01686
0.92253, 0.01713
0.92334, 0.01739
0.92415, 0.01765
0.92496, 0.01791
0.92576, 0.01817
0.92656, 0.01842
0.92736, 0.01868
0.92815, 0.01893
0.92894, 0.01917
0.92972, 0.01942
0.93050, 0.01966
0.93127, 0.01990
0.93205, 0.02014
0.93281, 0.02038
0.93358, 0.02061
0.93434, 0.02085
0.93509, 0.02108
0.93585, 0.02130
0.93659, 0.02153
0.93734, 0.02175
0.93808, 0.02197
0.93881, 0.02219
0.93955, 0.02241
0.94027, 0.02263
0.94100, 0.02284
0.94172, 0.02305
0.94243, 0.02326
0.94315, 0.02346
0.94385, 0.02367
0.94456, 0.02387
0.94526, 0.02407
0.94595, 0.02427
0.94664, 0.02447
0.94733, 0.02466
0.94801, 0.02485
0.94869, 0.02504
0.94937, 0.02523
0.95004, 0.02542
0.95071, 0.02560
0.95137, 0.02578
0.95203, 0.02596
0.95268, 0.02614
0.95333, 0.02632
0.95398, 0.02649
0.95462, 0.02666
0.95526, 0.02683
0.95589, 0.02700
0.95652, 0.02716
0.95715, 0.02733
0.95777, 0.02749
0.95838, 0.02765
0.95900, 0.02781
0.95961, 0.02797
0.96021, 0.02812
0.96081, 0.02827
0.96141, 0.02843
0.96200, 0.02857
0.96258, 0.02872
0.96317, 0.02887
0.96375, 0.02901
0.96432, 0.02915
0.96489, 0.02929
0.96546, 0.02943
0.96602, 0.02957
0.96657, 0.02970
0.96713, 0.02984
0.96767, 0.02997
0.96822, 0.03010
0.96876, 0.03023
0.96929, 0.03035
0.96982, 0.03048
0.97035, 0.03060
0.97087, 0.03072
0.97139, 0.03084
0.97190, 0.03096
0.97241, 0.03107
0.97292, 0.03119
0.97342, 0.03130
0.97391, 0.03141
0.97440, 0.03152
0.97489, 0.03163
0.97537, 0.03174
0.97585, 0.03185
0.97633, 0.03195
0.97679, 0.03205
0.97726, 0.03215
0.97772, 0.03225
0.97817, 0.03235
0.97863, 0.03245
0.97907, 0.03254
0.97951, 0.03264
0.97995, 0.03273
0.98038, 0.03282
0.98081, 0.03291
0.98124, 0.03300
0.98166, 0.03308
0.98207, 0.03317
0.98248, 0.03325
0.98289, 0.03333
0.98329, 0.03341
0.98368, 0.03349
0.98408, 0.03357
0.98446, 0.03365
0.98484, 0.03373
0.98522, 0.03380
0.98560, 0.03387
0.98596, 0.03395
0.98633, 0.03402
0.98669, 0.03409
0.98704, 0.03415
0.98739, 0.03422
0.98774, 0.03429
0.98808, 0.03435
0.98841, 0.03442
0.98875, 0.03448
0.98907, 0.03454
0.98939, 0.03460
0.98971, 0.03466
0.99002, 0.03472
0.99033, 0.03477
0.99064, 0.03483
0.99093, 0.03488
0.99123, 0.03494
0.99152, 0.03499
0.99180, 0.03504
0.99208, 0.03509
0.99236, 0.03514
0.99263, 0.03519
0.99289, 0.03523
0.99315, 0.03528
0.99341, 0.03533
0.99366, 0.03537
0.99390, 0.03541
0.99414, 0.03545
0.99438, 0.03550
0.99461, 0.03554
0.99484, 0.03558
0.99506, 0.03561
0.99528, 0.03565
0.99549, 0.03569
0.99570, 0.03572
0.99590, 0.03576
0.99610, 0.03579
0.99629, 0.03582
0.99648, 0.03585
0.99666, 0.03588
0.99684, 0.03591
0.99702, 0.03594
0.99719, 0.03597
0.99735, 0.03600
0.99751, 0.03602
0.99766, 0.03605
0.99781, 0.03607
0.99796, 0.03610
0.99810, 0.03612
0.99823, 0.03614
0.99836, 0.03616
0.99849, 0.03618
0.99861, 0.03620
0.99872, 0.03622
0.99883, 0.03624
0.99894, 0.03626
0.99904, 0.03627
0.99913, 0.03629
0.99923, 0.03630
0.99931, 0.03632
0.99939, 0.03633
0.99947, 0.03634
0.99954, 0.03635
0.99961, 0.03636
0.99967, 0.03637
0.99972, 0.03638
0.99978, 0.03639
0.99982, 0.03640
0.99986, 0.03640
0.99990, 0.03641
0.99993, 0.03642
0.99996, 0.03642
0.99998, 0.03642
1.00000, 0.03643
1.00001, 0.03643
1.00003, 0.03643
1.00003, 0.03643
