=== Airfoil Parameters ===
m = 0.02
p = 0.4
t = 0.12

=== Control Points ===
0.00000, 0.00086, 0.00086
0.06667, 0.00756, 0.00145
0.13333, 0.01452, 0.00340
0.20000, 0.02151, 0.00651
0.26667, 0.02688, 0.00910
0.66667, 0.02495, 0.00890
0.75000, 0.01806, 0.00486
0.83333, 0.00904, -0.00052
0.91667, 0.00167, -0.00350
1.00000, -0.00382, -0.00382

=== Upper Surface ===
0.00000, 0.00086
-0.00003, 0.00114
-0.00005, 0.00142
-0.00006, 0.00170
-0.00007, 0.00198
-0.00008, 0.00225
-0.00008, 0.00253
-0.00007, 0.00281
-0.00006, 0.00309
-0.00005, 0.00337
-0.00003, 0.00365
-0.00000, 0.00393
0.00002, 0.00421
0.00006, 0.00449
0.00010, 0.00477
0.00014, 0.00505
0.00019, 0.00533
0.00025, 0.00561
0.00031, 0.00590
0.00037, 0.00618
0.00044, 0.00646
0.00051, 0.00674
0.00059, 0.00702
0.00068, 0.00730
0.00077, 0.00758
0.00086, 0.00786
0.00096, 0.00814
0.00106, 0.00843
0.00117, 0.00871
0.00129, 0.00899
0.00141, 0.00927
0.00153, 0.00955
0.00166, 0.00984
0.00179, 0.01012
0.00193, 0.01040
0.00208, 0.01068
0.00222, 0.01096
0.00238, 0.01125
0.00254, 0.01153
0.00270, 0.01181
0.00287, 0.01210
0.00304, 0.01238
0.00322, 0.01266
0.00340, 0.01294
0.00359, 0.01323
0.00379, 0.01351
0.00398, 0.01379
0.00419, 0.01408
0.00439, 0.01436
0.00461, 0.01464
0.00483, 0.01493
0.00505, 0.01521
0.00528, 0.01549
0.00551, 0.01578
0.00575, 0.01606
0.00599, 0.01634
0.00624, 0.01663
0.00649, 0.01691
0.00675, 0.01719
0.00701, 0.01748
0.00727, 0.01776
0.00755, 0.01804
0.00782, 0.01833
0.00811, 0.01861
0.00839, 0.01889
0.00868, 0.01918
0.00898, 0.01946
0.00928, 0.01975
0.00959, 0.02003
0.00990, 0.02031
0.01021, 0.02060
0.01054, 0.02088
0.01086, 0.02116
0.01119, 0.02145
0.01153, 0.02173
0.01187, 0.02202
0.01221, 0.02230
0.01256, 0.02258
0.01292, 0.02287
0.01328, 0.02315
0.01364, 0.02343
0.01401, 0.02372
0.01438, 0.02400
0.01476, 0.02429
0.01515, 0.02457
0.01554, 0.02485
0.01593, 0.02514
0.01633, 0.02542
0.01673, 0.02570
0.01714, 0.02599
0.01755, 0.02627
0.01797, 0.02655
0.01839, 0.02684
0.01882, 0.02712
0.01925, 0.02740
0.01969, 0.02768
0.02013, 0.02797
0.02057, 0.02825
0.02102, 0.02853
0.02148, 0.02882
0.02194, 0.02910
0.02240, 0.02938
0.02287, 0.02966
0.02335, 0.02994
0.02383, 0.03023
0.02431, 0.03051
0.02480, 0.03079
0.02529, 0.03107
0.02579, 0.03135
0.02630, 0.03164
0.02680, 0.03192
0.02731, 0.03220
0.02783, 0.03248
0.02835, 0.03276
0.02888, 0.03304
0.02941, 0.03332
0.02995, 0.03360
0.03049, 0.03388
0.03103, 0.03416
0.03158, 0.03445
0.03214, 0.03473
0.03269, 0.03501
0.03326, 0.03529
0.03383, 0.03556
0.03440, 0.03584
0.03498, 0.03612
0.03556, 0.03640
0.03614, 0.03668
0.03674, 0.03696
0.03733, 0.03724
0.03793, 0.03752
0.03854, 0.03780
0.03915, 0.03807
0.03976, 0.03835
0.04038, 0.03863
0.04100, 0.03891
0.04163, 0.03918
0.04226, 0.03946
0.04290, 0.03974
0.04354, 0.04002
0.04419, 0.04029
0.04484, 0.04057
0.04549, 0.04084
0.04615, 0.04112
0.04681, 0.04140
0.04748, 0.04167
0.04816, 0.04195
0.04883, 0.04222
0.04951, 0.04250
0.05020, 0.04277
0.05089, 0.04304
0.05159, 0.04332
0.05229, 0.04359
0.05299, 0.04387
0.05370, 0.04414
0.05441, 0.04441
0.05513, 0.04468
0.05585, 0.04496
0.05658, 0.04523
0.05731, 0.04550
0.05804, 0.04577
0.05878, 0.04604
0.05952, 0.04631
0.06027, 0.04658
0.06102, 0.04685
0.06178, 0.04713
0.06254, 0.04739
0.06330, 0.04766
0.06407, 0.04793
0.06485, 0.04820
0.06563, 0.04847
0.06641, 0.04874
0.06719, 0.04901
0.06799, 0.04928
0.06878, 0.04954
0.06958, 0.04981
0.07038, 0.05008
0.07119, 0.05034
0.07200, 0.05061
0.07282, 0.05087
0.07364, 0.05114
0.07446, 0.05140
0.07529, 0.05167
0.07613, 0.05193
0.07696, 0.05220
0.07780, 0.05246
0.07865, 0.05272
0.07950, 0.05299
0.08035, 0.05325
0.08121, 0.05351
0.08207, 0.05377
0.08294, 0.05404
0.08381, 0.05430
0.08468, 0.05456
0.08556, 0.05482
0.08644, 0.05508
0.08733, 0.05534
0.08822, 0.05560
0.08912, 0.05586
0.09001, 0.05612
0.09092, 0.05637
0.09182, 0.05663
0.09273, 0.05689
0.09365, 0.05715
0.09457, 0.05740
0.09549, 0.05766
0.09642, 0.05792
0.09735, 0.05817
0.09828, 0.05843
0.09922, 0.05868
0.10016, 0.05893
0.10111, 0.05919
0.10206, 0.05944
0.10301, 0.05970
0.10397, 0.05995
0.10493, 0.06020
0.10590, 0.06045
0.10687, 0.06070
0.10784, 0.06096
0.10882, 0.06121
0.10980, 0.06146
0.11078, 0.06171
0.11177, 0.06196
0.11277, 0.06220
0.11376, 0.06245
0.11476, 0.06270
0.11577, 0.06295
0.11677, 0.06320
0.11778, 0.06344
0.11880, 0.06369
0.11982, 0.06394
0.12084, 0.06418
0.12187, 0.06443
0.12290, 0.06467
0.12393, 0.06492
0.12497, 0.06516
0.12601, 0.06540
0.12705, 0.06565
0.12810, 0.06589
0.12915, 0.06613
0.13021, 0.06637
0.13127, 0.06661
0.13233, 0.06686
0.13340, 0.06710
0.13448, 0.06734
0.13555, 0.06758
0.13664, 0.06781
0.13772, 0.06805
0.13881, 0.06829
0.13990, 0.06853
0.14100, 0.06877
0.14211, 0.06900
0.14321, 0.06924
0.14432, 0.06948
0.14544, 0.06971
0.14656, 0.06995
0.14768, 0.07018
0.14881, 0.07041
0.14994, 0.07065
0.15107, 0.07088
0.15221, 0.07111
0.15336, 0.07134
0.15451, 0.07157
0.15566, 0.07180
0.15682, 0.07203
0.15798, 0.07226
0.15914, 0.07248
0.16031, 0.07271
0.16148, 0.07293
0.16266, 0.07316
0.16384, 0.07338
0.16503, 0.07361
0.16622, 0.07383
0.16741, 0.07405
0.16861, 0.07427
0.16981, 0.07449
0.17102, 0.07471
0.17223, 0.07492
0.17344, 0.07514
0.17466, 0.07536
0.17588, 0.07557
0.17711, 0.07578
0.17834, 0.07600
0.17957, 0.07621
0.18081, 0.07642
0.18205, 0.07663
0.18330, 0.07683
0.18455, 0.07704
0.18581, 0.07725
0.18707, 0.07745
0.18833, 0.07765
0.18960, 0.07785
0.19087, 0.07806
0.19214, 0.07825
0.19342, 0.07845
0.19471, 0.07865
0.19599, 0.07884
0.19728, 0.07904
0.19858, 0.07923
0.19987, 0.07942
0.20117, 0.07961
0.20248, 0.07979
0.20378, 0.07998
0.20509, 0.08016
0.20640, 0.08035
0.20771, 0.08053
0.20903, 0.08071
0.21035, 0.08089
0.21168, 0.08106
0.21300, 0.08124
0.21433, 0.08141
0.21566, 0.08158
0.21700, 0.08175
0.21834, 0.08192
0.21968, 0.08209
0.22102, 0.08225
0.22237, 0.08242
0.22371, 0.08258
0.22507, 0.08274
0.22642, 0.08290
0.22778, 0.08306
0.22914, 0.08322
0.23050, 0.08337
0.23187, 0.08352
0.23323, 0.08368
0.23460, 0.08382
0.23598, 0.08397
0.23735, 0.08412
0.23873, 0.08427
0.24011, 0.08441
0.24150, 0.08455
0.24288, 0.08469
0.24427, 0.08483
0.24566, 0.08497
0.24706, 0.08510
0.24845, 0.08524
0.24985, 0.08537
0.25125, 0.08550
0.25266, 0.08563
0.25406, 0.08576
0.25547, 0.08588
0.25688, 0.08601
0.25830, 0.08613
0.25971, 0.08625
0.26113, 0.08637
0.26255, 0.08649
0.26397, 0.08660
0.26540, 0.08672
0.26683, 0.08683
0.26826, 0.08694
0.26969, 0.08705
0.27112, 0.08716
0.27256, 0.08727
0.27400, 0.08737
0.27544, 0.08748
0.27688, 0.08758
0.27833, 0.08768
0.27978, 0.08778
0.28123, 0.08787
0.28268, 0.08797
0.28414, 0.08806
0.28559, 0.08816
0.28705, 0.08825
0.28851, 0.08834
0.28998, 0.08842
0.29144, 0.08851
0.29291, 0.08859
0.29438, 0.08867
0.29585, 0.08875
0.29733, 0.08883
0.29880, 0.08891
0.30028, 0.08899
0.30176, 0.08906
0.30324, 0.08913
0.30473, 0.08920
0.30621, 0.08927
0.30770, 0.08934
0.30919, 0.08940
0.31068, 0.08947
0.31218, 0.08953
0.31367, 0.08959
0.31517, 0.08965
0.31667, 0.08971
0.31817, 0.08976
0.31967, 0.08982
0.32118, 0.08987
0.32268, 0.08992
0.32419, 0.08997
0.32570, 0.09002
0.32721, 0.09006
0.32873, 0.09011
0.33024, 0.09015
0.33176, 0.09019
0.33328, 0.09023
0.33480, 0.09027
0.33632, 0.09030
0.33784, 0.09034
0.33937, 0.09037
0.34089, 0.09040
0.34242, 0.09043
0.34395, 0.09046
0.34548, 0.09048
0.34701, 0.09051
0.34855, 0.09053
0.35008, 0.09055
0.35162, 0.09057
0.35316, 0.09058
0.35470, 0.09060
0.35624, 0.09061
0.35778, 0.09063
0.35932, 0.09064
0.36087, 0.09065
0.36242, 0.09065
0.36396, 0.09066
0.36551, 0.09066
0.36706, 0.09067
0.36861, 0.09067
0.37017, 0.09067
0.37172, 0.09066
0.37328, 0.09066
0.37483, 0.09066
0.37639, 0.09065
0.37795, 0.09064
0.37951, 0.09063
0.38107, 0.09062
0.38263, 0.09060
0.38420, 0.09059
0.38576, 0.09057
0.38733, 0.09055
0.38889, 0.09053
0.39046, 0.09051
0.39203, 0.09048
0.39360, 0.09046
0.39517, 0.09043
0.39674, 0.09040
0.39831, 0.09037
0.39989, 0.09034
0.40146, 0.09031
0.40304, 0.09027
0.40461, 0.09024
0.40619, 0.09020
0.40777, 0.09016
0.40935, 0.09012
0.41092, 0.09007
0.41251, 0.09003
0.41409, 0.08998
0.41567, 0.08994
0.41725, 0.08989
0.41883, 0.08984
0.42042, 0.08978
0.42200, 0.08973
0.42359, 0.08967
0.42517, 0.08962
0.42676, 0.08956
0.42835, 0.08950
0.42993, 0.08944
0.43152, 0.08937
0.43311, 0.08931
0.43470, 0.08924
0.43629, 0.08917
0.43788, 0.08910
0.43947, 0.08903
0.44107, 0.08896
0.44266, 0.08889
0.44425, 0.08881
0.44584, 0.08873
0.44744, 0.08865
0.44903, 0.08857
0.45062, 0.08849
0.45222, 0.08841
0.45381, 0.08832
0.45541, 0.08824
0.45700, 0.08815
0.45860, 0.08806
0.46020, 0.08797
0.46179, 0.08788
0.46339, 0.08778
0.46499, 0.08769
0.46658, 0.08759
0.46818, 0.08749
0.46978, 0.08740
0.47138, 0.08729
0.47297, 0.08719
0.47457, 0.08709
0.47617, 0.08698
0.47777, 0.08688
0.47937, 0.08677
0.48096, 0.08666
0.48256, 0.08655
0.48416, 0.08643
0.48576, 0.08632
0.48736, 0.08621
0.48896, 0.08609
0.49056, 0.08597
0.49215, 0.08585
0.49375, 0.08573
0.49535, 0.08561
0.49695, 0.08548
0.49855, 0.08536
0.50014, 0.08523
0.50174, 0.08511
0.50334, 0.08498
0.50494, 0.08485
0.50653, 0.08471
0.50813, 0.08458
0.50973, 0.08445
0.51133, 0.08431
0.51292, 0.08417
0.51452, 0.08403
0.51611, 0.08390
0.51771, 0.08375
0.51930, 0.08361
0.52090, 0.08347
0.52249, 0.08332
0.52409, 0.08318
0.52568, 0.08303
0.52727, 0.08288
0.52887, 0.08273
0.53046, 0.08258
0.53205, 0.08243
0.53364, 0.08227
0.53523, 0.08212
0.53682, 0.08196
0.53841, 0.08180
0.54000, 0.08164
0.54159, 0.08148
0.54318, 0.08132
0.54477, 0.08116
0.54636, 0.08100
0.54794, 0.08083
0.54953, 0.08067
0.55111, 0.08050
0.55270, 0.08033
0.55428, 0.08016
0.55587, 0.07999
0.55745, 0.07982
0.55903, 0.07964
0.56061, 0.07947
0.56219, 0.07930
0.56377, 0.07912
0.56535, 0.07894
0.56693, 0.07876
0.56851, 0.07858
0.57008, 0.07840
0.57166, 0.07822
0.57323, 0.07804
0.57481, 0.07785
0.57638, 0.07767
0.57795, 0.07748
0.57952, 0.07729
0.58109, 0.07710
0.58266, 0.07691
0.58423, 0.07672
0.58580, 0.07653
0.58736, 0.07634
0.58893, 0.07614
0.59049, 0.07595
0.59206, 0.07575
0.59362, 0.07556
0.59518, 0.07536
0.59674, 0.07516
0.59830, 0.07496
0.59985, 0.07476
0.60141, 0.07456
0.60297, 0.07435
0.60452, 0.07415
0.60607, 0.07394
0.60763, 0.07374
0.60918, 0.07353
0.61072, 0.07332
0.61227, 0.07311
0.61382, 0.07290
0.61537, 0.07269
0.61691, 0.07248
0.61845, 0.07227
0.61999, 0.07206
0.62153, 0.07184
0.62307, 0.07163
0.62461, 0.07141
0.62615, 0.07120
0.62768, 0.07098
0.62921, 0.07076
0.63075, 0.07054
0.63228, 0.07032
0.63381, 0.07010
0.63533, 0.06988
0.63686, 0.06965
0.63838, 0.06943
0.63991, 0.06921
0.64143, 0.06898
0.64295, 0.06875
0.64447, 0.06853
0.64598, 0.06830
0.64750, 0.06807
0.64901, 0.06784
0.65052, 0.06761
0.65203, 0.06738
0.65354, 0.06715
0.65505, 0.06692
0.65655, 0.06669
0.65806, 0.06645
0.65956, 0.06622
0.66106, 0.06598
0.66256, 0.06575
0.66405, 0.06551
0.66555, 0.06527
0.66704, 0.06504
0.66853, 0.06480
0.67002, 0.06456
0.67151, 0.06432
0.67300, 0.06408
0.67448, 0.06384
0.67597, 0.06360
0.67745, 0.06335
0.67893, 0.06311
0.68041, 0.06287
0.68188, 0.06262
0.68336, 0.06238
0.68483, 0.06213
0.68630, 0.06188
0.68777, 0.06164
0.68924, 0.06139
0.69070, 0.06114
0.69217, 0.06089
0.69363, 0.06064
0.69509, 0.06039
0.69655, 0.06014
0.69800, 0.05989
0.69946, 0.05963
0.70091, 0.05938
0.70236, 0.05912
0.70381, 0.05887
0.70526, 0.05861
0.70670, 0.05836
0.70815, 0.05810
0.70959, 0.05784
0.71102, 0.05758
0.71246, 0.05732
0.71390, 0.05706
0.71533, 0.05680
0.71676, 0.05654
0.71819, 0.05628
0.71961, 0.05602
0.72104, 0.05575
0.72246, 0.05549
0.72388, 0.05522
0.72530, 0.05496
0.72671, 0.05469
0.72812, 0.05442
0.72953, 0.05416
0.73094, 0.05389
0.73235, 0.05362
0.73375, 0.05335
0.73515, 0.05308
0.73655, 0.05281
0.73795, 0.05254
0.73934, 0.05226
0.74074, 0.05199
0.74212, 0.05172
0.74351, 0.05144
0.74490, 0.05117
0.74628, 0.05089
0.74766, 0.05061
0.74904, 0.05034
0.75041, 0.05006
0.75178, 0.04978
0.75315, 0.04950
0.75452, 0.04922
0.75588, 0.04894
0.75724, 0.04866
0.75860, 0.04838
0.75995, 0.04810
0.76130, 0.04781
0.76265, 0.04753
0.76399, 0.04725
0.76533, 0.04697
0.76667, 0.04668
0.76800, 0.04640
0.76933, 0.04611
0.77066, 0.04583
0.77198, 0.04555
0.77330, 0.04526
0.77462, 0.04498
0.77593, 0.04469
0.77724, 0.04441
0.77855, 0.04412
0.77985, 0.04384
0.78115, 0.04356
0.78245, 0.04327
0.78374, 0.04299
0.78503, 0.04270
0.78632, 0.04242
0.78760, 0.04214
0.78888, 0.04185
0.79016, 0.04157
0.79143, 0.04129
0.79270, 0.04101
0.79397, 0.04072
0.79523, 0.04044
0.79649, 0.04016
0.79775, 0.03988
0.79900, 0.03960
0.80025, 0.03932
0.80150, 0.03904
0.80274, 0.03876
0.80398, 0.03849
0.80522, 0.03821
0.80645, 0.03793
0.80768, 0.03766
0.80891, 0.03738
0.81013, 0.03710
0.81135, 0.03683
0.81256, 0.03656
0.81378, 0.03628
0.81499, 0.03601
0.81619, 0.03574
0.81739, 0.03547
0.81859, 0.03520
0.81979, 0.03493
0.82098, 0.03467
0.82217, 0.03440
0.82335, 0.03413
0.82454, 0.03387
0.82571, 0.03360
0.82689, 0.03334
0.82806, 0.03308
0.82923, 0.03282
0.83039, 0.03256
0.83156, 0.03230
0.83271, 0.03204
0.83387, 0.03178
0.83502, 0.03153
0.83617, 0.03127
0.83731, 0.03102
0.83845, 0.03077
0.83959, 0.03052
0.84073, 0.03027
0.84186, 0.03002
0.84299, 0.02977
0.84411, 0.02952
0.84524, 0.02927
0.84636, 0.02903
0.84747, 0.02879
0.84859, 0.02854
0.84970, 0.02830
0.85080, 0.02806
0.85191, 0.02782
0.85301, 0.02758
0.85410, 0.02734
0.85520, 0.02710
0.85629, 0.02687
0.85737, 0.02663
0.85846, 0.02640
0.85954, 0.02617
0.86061, 0.02594
0.86169, 0.02570
0.86276, 0.02547
0.86382, 0.02525
0.86489, 0.02502
0.86595, 0.02479
0.86700, 0.02457
0.86806, 0.02434
0.86911, 0.02412
0.87015, 0.02389
0.87120, 0.02367
0.87224, 0.02345
0.87327, 0.02323
0.87430, 0.02301
0.87533, 0.02279
0.87636, 0.02258
0.87738, 0.02236
0.87840, 0.02215
0.87941, 0.02193
0.88042, 0.02172
0.88143, 0.02151
0.88243, 0.02130
0.88343, 0.02109
0.88443, 0.02088
0.88542, 0.02067
0.88641, 0.02046
0.88740, 0.02025
0.88838, 0.02005
0.88936, 0.01984
0.89033, 0.01964
0.89131, 0.01944
0.89227, 0.01924
0.89324, 0.01904
0.89420, 0.01884
0.89515, 0.01864
0.89610, 0.01844
0.89705, 0.01824
0.89800, 0.01805
0.89894, 0.01785
0.89988, 0.01766
0.90081, 0.01746
0.90174, 0.01727
0.90266, 0.01708
0.90359, 0.01689
0.90450, 0.01670
0.90542, 0.01651
0.90633, 0.01633
0.90723, 0.01614
0.90814, 0.01595
0.90904, 0.01577
0.90993, 0.01559
0.91082, 0.01540
0.91171, 0.01522
0.91259, 0.01504
0.91347, 0.01486
0.91434, 0.01468
0.91522, 0.01450
0.91608, 0.01432
0.91695, 0.01415
0.91780, 0.01397
0.91866, 0.01380
0.91951, 0.01362
0.92036, 0.01345
0.92120, 0.01328
0.92204, 0.01311
0.92287, 0.01294
0.92370, 0.01277
0.92453, 0.01260
0.92535, 0.01243
0.92617, 0.01227
0.92699, 0.01210
0.92780, 0.01194
0.92860, 0.01177
0.92941, 0.01161
0.93020, 0.01145
0.93100, 0.01129
0.93179, 0.01113
0.93257, 0.01097
0.93335, 0.01081
0.93413, 0.01065
0.93490, 0.01050
0.93567, 0.01034
0.93644, 0.01019
0.93720, 0.01003
0.93795, 0.00988
0.93870, 0.00973
0.93945, 0.00958
0.94019, 0.00943
0.94093, 0.00928
0.94167, 0.00913
0.94240, 0.00899
0.94312, 0.00884
0.94385, 0.00869
0.94456, 0.00855
0.94528, 0.00841
0.94599, 0.00826
0.94669, 0.00812
0.94739, 0.00798
0.94809, 0.00784
0.94878, 0.00770
0.94947, 0.00756
0.95015, 0.00743
0.95083, 0.00729
0.95150, 0.00715
0.95217, 0.00702
0.95284, 0.00689
0.95350, 0.00675
0.95415, 0.00662
0.95481, 0.00649
0.95545, 0.00636
0.95610, 0.00623
0.95673, 0.00610
0.95737, 0.00598
0.95800, 0.00585
0.95862, 0.00572
0.95925, 0.00560
0.95986, 0.00548
0.96047, 0.00535
0.96108, 0.00523
0.96168, 0.00511
0.96228, 0.00499
0.96288, 0.00487
0.96347, 0.00475
0.96405, 0.00464
0.96463, 0.00452
0.96521, 0.00441
0.96578, 0.00429
0.96635, 0.00418
0.96691, 0.00407
0.96747, 0.00395
0.96802, 0.00384
0.96857, 0.00373
0.96911, 0.00362
0.96965, 0.00352
0.97019, 0.00341
0.97072, 0.00330
0.97124, 0.00320
0.97176, 0.00309
0.97228, 0.00299
0.97279, 0.00289
0.97330, 0.00279
0.97380, 0.00269
0.97430, 0.00259
0.97480, 0.00249
0.97528, 0.00239
0.97577, 0.00229
0.97625, 0.00220
0.97672, 0.00210
0.97719, 0.00201
0.97766, 0.00192
0.97812, 0.00182
0.97858, 0.00173
0.97903, 0.00164
0.97947, 0.00155
0.97992, 0.00147
0.98035, 0.00138
0.98079, 0.00129
0.98121, 0.00121
0.98164, 0.00112
0.98206, 0.00104
0.98247, 0.00096
0.98288, 0.00087
0.98328, 0.00079
0.98368, 0.00071
0.98408, 0.00063
0.98447, 0.00056
0.98485, 0.00048
0.98524, 0.00040
0.98561, 0.00033
0.98598, 0.00025
0.98635, 0.00018
0.98671, 0.00011
0.98707, 0.00004
0.98742, -0.00003
0.98777, -0.00010
0.98811, -0.00017
0.98845, -0.00024
0.98878, -0.00031
0.98911, -0.00037
0.98943, -0.00044
0.98975, -0.00050
0.99007, -0.00056
0.99038, -0.00062
0.99068, -0.00069
0.99098, -0.00074
0.99127, -0.00080
0.99156, -0.00086
0.99185, -0.00092
0.99213, -0.00097
0.99241, -0.00103
0.99268, -0.00108
0.99294, -0.00114
0.99320, -0.00119
0.99346, -0.00124
0.99371, -0.00129
0.99396, -0.00134
0.99420, -0.00139
0.99444, -0.00144
0.99467, -0.00148
0.99490, -0.00153
0.99512, -0.00157
0.99533, -0.00162
0.99555, -0.00166
0.99576, -0.00170
0.99596, -0.00174
0.99616, -0.00178
0.99635, -0.00182
0.99654, -0.00186
0.99672, -0.00189
0.99690, -0.00193
0.99707, -0.00196
0.99724, -0.00200
0.99741, -0.00203
0.99757, -0.00206
0.99772, -0.00209
0.99787, -0.00212
0.99801, -0.00215
0.99815, -0.00218
0.99829, -0.00221
0.99842, -0.00223
0.99854, -0.00226
0.99866, -0.00228
0.99878, -0.00230
0.99889, -0.00233
0.99899, -0.00235
0.99909, -0.00237
0.99919, -0.00239
0.99928, -0.00240
0.99937, -0.00242
0.99945, -0.00244
0.99952, -0.00245
0.99959, -0.00247
0.99966, -0.00248
0.99972, -0.00249
0.99978, -0.00250
0.99983, -0.00251
0.99987, -0.00252
0.99992, -0.00253
0.99995, -0.00254
0.99999, -0.00255
1.00001, -0.00255
1.00003, -0.00256
1.00005, -0.00256
1.00007, -0.00256
1.00010, -0.00256
1.00010, -0.00257

=== Lower Surface ===
0.00000, 0.00086
0.00004, 0.00058
0.00007, 0.00030
0.00011, 0.00003
0.00015, -0.00025
0.00020, -0.00052
0.00026, -0.00080
0.00031, -0.00107
0.00038, -0.00134
0.00045, -0.00161
0.00052, -0.00188
0.00060, -0.00215
0.00069, -0.00242
0.00078, -0.00269
0.00087, -0.00296
0.00097, -0.00322
0.00107, -0.00349
0.00118, -0.00375
0.00130, -0.00402
0.00141, -0.00428
0.00154, -0.00454
0.00167, -0.00480
0.00180, -0.00506
0.00194, -0.00532
0.00208, -0.00558
0.00223, -0.00584
0.00238, -0.00609
0.00254, -0.00635
0.00270, -0.00660
0.00287, -0.00686
0.00304, -0.00711
0.00322, -0.00736
0.00340, -0.00761
0.00359, -0.00786
0.00378, -0.00811
0.00398, -0.00836
0.00418, -0.00861
0.00438, -0.00885
0.00460, -0.00910
0.00481, -0.00934
0.00503, -0.00959
0.00526, -0.00983
0.00549, -0.01007
0.00573, -0.01031
0.00597, -0.01055
0.00621, -0.01079
0.00646, -0.01103
0.00672, -0.01127
0.00698, -0.01150
0.00724, -0.01174
0.00751, -0.01197
0.00779, -0.01221
0.00806, -0.01244
0.00835, -0.01267
0.00864, -0.01290
0.00893, -0.01313
0.00923, -0.01336
0.00953, -0.01359
0.00984, -0.01382
0.01016, -0.01404
0.01047, -0.01427
0.01080, -0.01449
0.01112, -0.01472
0.01146, -0.01494
0.01179, -0.01516
0.01214, -0.01538
0.01248, -0.01560
0.01283, -0.01582
0.01319, -0.01604
0.01355, -0.01625
0.01392, -0.01647
0.01429, -0.01668
0.01466, -0.01690
0.01504, -0.01711
0.01543, -0.01732
0.01582, -0.01753
0.01621, -0.01774
0.01661, -0.01795
0.01702, -0.01816
0.01743, -0.01837
0.01784, -0.01857
0.01826, -0.01878
0.01868, -0.01898
0.01911, -0.01918
0.01954, -0.01939
0.01998, -0.01959
0.02042, -0.01979
0.02087, -0.01998
0.02132, -0.02018
0.02177, -0.02038
0.02223, -0.02058
0.02270, -0.02077
0.02317, -0.02096
0.02365, -0.02116
0.02413, -0.02135
0.02461, -0.02154
0.02510, -0.02173
0.02559, -0.02192
0.02609, -0.02211
0.02659, -0.02229
0.02710, -0.02248
0.02761, -0.02266
0.02813, -0.02285
0.02865, -0.02303
0.02918, -0.02321
0.02971, -0.02339
0.03025, -0.02357
0.03079, -0.02375
0.03133, -0.02393
0.03188, -0.02410
0.03243, -0.02428
0.03299, -0.02445
0.03356, -0.02462
0.03412, -0.02480
0.03470, -0.02497
0.03527, -0.02514
0.03585, -0.02531
0.03644, -0.02547
0.03703, -0.02564
0.03763, -0.02580
0.03823, -0.02597
0.03883, -0.02613
0.03944, -0.02629
0.04005, -0.02646
0.04067, -0.02662
0.04129, -0.02677
0.04192, -0.02693
0.04255, -0.02709
0.04319, -0.02724
0.04383, -0.02740
0.04448, -0.02755
0.04513, -0.02770
0.04578, -0.02785
0.04644, -0.02800
0.04710, -0.02815
0.04777, -0.02830
0.04844, -0.02845
0.04912, -0.02859
0.04980, -0.02874
0.05048, -0.02888
0.05117, -0.02902
0.05187, -0.02916
0.05257, -0.02930
0.05327, -0.02944
0.05398, -0.02958
0.05469, -0.02971
0.05541, -0.02985
0.05613, -0.02998
0.05685, -0.03011
0.05758, -0.03025
0.05832, -0.03038
0.05905, -0.03050
0.05980, -0.03063
0.06054, -0.03076
0.06130, -0.03088
0.06205, -0.03101
0.06281, -0.03113
0.06358, -0.03125
0.06435, -0.03137
0.06512, -0.03149
0.06590, -0.03161
0.06668, -0.03173
0.06746, -0.03184
0.06825, -0.03196
0.06905, -0.03207
0.06985, -0.03218
0.07065, -0.03229
0.07146, -0.03240
0.07227, -0.03251
0.07308, -0.03262
0.07390, -0.03272
0.07473, -0.03283
0.07556, -0.03293
0.07639, -0.03303
0.07723, -0.03313
0.07807, -0.03323
0.07891, -0.03333
0.07976, -0.03343
0.08062, -0.03352
0.08147, -0.03362
0.08234, -0.03371
0.08320, -0.03380
0.08407, -0.03389
0.08495, -0.03398
0.08583, -0.03407
0.08671, -0.03416
0.08759, -0.03424
0.08849, -0.03433
0.08938, -0.03441
0.09028, -0.03449
0.09118, -0.03457
0.09209, -0.03465
0.09300, -0.03473
0.09392, -0.03480
0.09484, -0.03488
0.09576, -0.03495
0.09669, -0.03502
0.09762, -0.03509
0.09855, -0.03516
0.09949, -0.03523
0.10044, -0.03530
0.10138, -0.03536
0.10233, -0.03543
0.10329, -0.03549
0.10425, -0.03555
0.10521, -0.03561
0.10618, -0.03567
0.10715, -0.03572
0.10813, -0.03578
0.10910, -0.03583
0.11009, -0.03589
0.11107, -0.03594
0.11206, -0.03599
0.11306, -0.03604
0.11406, -0.03609
0.11506, -0.03613
0.11607, -0.03618
0.11708, -0.03622
0.11809, -0.03626
0.11911, -0.03630
0.12013, -0.03634
0.12115, -0.03638
0.12218, -0.03641
0.12321, -0.03645
0.12425, -0.03648
0.12529, -0.03651
0.12634, -0.03654
0.12738, -0.03657
0.12844, -0.03660
0.12949, -0.03663
0.13055, -0.03665
0.13161, -0.03667
0.13268, -0.03669
0.13375, -0.03671
0.13482, -0.03673
0.13590, -0.03675
0.13698, -0.03677
0.13806, -0.03678
0.13915, -0.03679
0.14024, -0.03680
0.14134, -0.03681
0.14244, -0.03682
0.14354, -0.03683
0.14464, -0.03684
0.14575, -0.03684
0.14686, -0.03684
0.14797, -0.03685
0.14908, -0.03685
0.15020, -0.03685
0.15132, -0.03684
0.15245, -0.03684
0.15357, -0.03683
0.15470, -0.03683
0.15583, -0.03682
0.15697, -0.03681
0.15811, -0.03680
0.15925, -0.03679
0.16039, -0.03678
0.16154, -0.03677
0.16268, -0.03675
0.16383, -0.03674
0.16499, -0.03672
0.16614, -0.03670
0.16730, -0.03668
0.16846, -0.03666
0.16963, -0.03664
0.17079, -0.03662
0.17196, -0.03660
0.17313, -0.03657
0.17431, -0.03655
0.17548, -0.03652
0.17666, -0.03649
0.17784, -0.03647
0.17903, -0.03644
0.18021, -0.03641
0.18140, -0.03638
0.18259, -0.03634
0.18378, -0.03631
0.18498, -0.03628
0.18617, -0.03624
0.18737, -0.03621
0.18858, -0.03617
0.18978, -0.03614
0.19098, -0.03610
0.19219, -0.03606
0.19340, -0.03602
0.19461, -0.03598
0.19583, -0.03594
0.19704, -0.03590
0.19826, -0.03586
0.19948, -0.03582
0.20071, -0.03578
0.20193, -0.03573
0.20316, -0.03569
0.20438, -0.03565
0.20561, -0.03560
0.20685, -0.03556
0.20808, -0.03551
0.20932, -0.03547
0.21056, -0.03542
0.21181, -0.03537
0.21305, -0.03532
0.21430, -0.03528
0.21555, -0.03523
0.21681, -0.03518
0.21806, -0.03513
0.21933, -0.03508
0.22059, -0.03503
0.22185, -0.03498
0.22312, -0.03492
0.22439, -0.03487
0.22567, -0.03482
0.22694, -0.03477
0.22822, -0.03471
0.22950, -0.03466
0.23079, -0.03460
0.23207, -0.03455
0.23336, -0.03449
0.23465, -0.03444
0.23595, -0.03438
0.23725, -0.03432
0.23855, -0.03427
0.23985, -0.03421
0.24115, -0.03415
0.24246, -0.03409
0.24377, -0.03403
0.24508, -0.03397
0.24640, -0.03391
0.24771, -0.03385
0.24903, -0.03379
0.25036, -0.03373
0.25168, -0.03367
0.25301, -0.03360
0.25434, -0.03354
0.25567, -0.03348
0.25700, -0.03341
0.25834, -0.03335
0.25968, -0.03329
0.26102, -0.03322
0.26237, -0.03316
0.26371, -0.03309
0.26506, -0.03302
0.26641, -0.03296
0.26777, -0.03289
0.26912, -0.03282
0.27048, -0.03276
0.27184, -0.03269
0.27320, -0.03262
0.27457, -0.03255
0.27593, -0.03248
0.27730, -0.03241
0.27867, -0.03234
0.28005, -0.03227
0.28142, -0.03220
0.28280, -0.03213
0.28418, -0.03206
0.28556, -0.03199
0.28695, -0.03192
0.28833, -0.03184
0.28972, -0.03177
0.29111, -0.03170
0.29250, -0.03163
0.29389, -0.03155
0.29529, -0.03148
0.29669, -0.03141
0.29809, -0.03133
0.29949, -0.03126
0.30089, -0.03118
0.30230, -0.03111
0.30371, -0.03103
0.30512, -0.03096
0.30653, -0.03088
0.30794, -0.03080
0.30936, -0.03073
0.31077, -0.03065
0.31219, -0.03057
0.31361, -0.03050
0.31504, -0.03042
0.31646, -0.03034
0.31789, -0.03027
0.31931, -0.03019
0.32074, -0.03011
0.32218, -0.03003
0.32361, -0.02995
0.32504, -0.02987
0.32648, -0.02980
0.32792, -0.02972
0.32936, -0.02964
0.33080, -0.02956
0.33224, -0.02948
0.33369, -0.02940
0.33514, -0.02932
0.33659, -0.02924
0.33804, -0.02916
0.33949, -0.02908
0.34094, -0.02900
0.34240, -0.02892
0.34385, -0.02884
0.34531, -0.02876
0.34677, -0.02868
0.34823, -0.02859
0.34969, -0.02851
0.35116, -0.02843
0.35262, -0.02835
0.35409, -0.02827
0.35556, -0.02819
0.35703, -0.02811
0.35850, -0.02802
0.35997, -0.02794
0.36145, -0.02786
0.36292, -0.02778
0.36440, -0.02770
0.36588, -0.02762
0.36736, -0.02753
0.36884, -0.02745
0.37032, -0.02737
0.37181, -0.02729
0.37329, -0.02720
0.37478, -0.02712
0.37627, -0.02704
0.37776, -0.02696
0.37925, -0.02688
0.38074, -0.02679
0.38223, -0.02671
0.38373, -0.02663
0.38522, -0.02655
0.38672, -0.02646
0.38822, -0.02638
0.38971, -0.02630
0.39121, -0.02622
0.39272, -0.02614
0.39422, -0.02605
0.39572, -0.02597
0.39723, -0.02589
0.39873, -0.02581
0.40024, -0.02572
0.40175, -0.02564
0.40326, -0.02556
0.40477, -0.02548
0.40628, -0.02540
0.40779, -0.02531
0.40930, -0.02523
0.41082, -0.02515
0.41233, -0.02507
0.41385, -0.02499
0.41536, -0.02491
0.41688, -0.02483
0.41840, -0.02474
0.41992, -0.02466
0.42144, -0.02458
0.42296, -0.02450
0.42448, -0.02442
0.42601, -0.02434
0.42753, -0.02426
0.42906, -0.02418
0.43058, -0.02410
0.43211, -0.02402
0.43363, -0.02394
0.43516, -0.02386
0.43669, -0.02378
0.43822, -0.02370
0.43975, -0.02362
0.44128, -0.02354
0.44281, -0.02346
0.44434, -0.02338
0.44588, -0.02330
0.44741, -0.02322
0.44894, -0.02314
0.45048, -0.02307
0.45201, -0.02299
0.45355, -0.02291
0.45509, -0.02283
0.45662, -0.02275
0.45816, -0.02268
0.45970, -0.02260
0.46124, -0.02252
0.46278, -0.02244
0.46432, -0.02237
0.46586, -0.02229
0.46740, -0.02221
0.46894, -0.02214
0.47048, -0.02206
0.47202, -0.02199
0.47356, -0.02191
0.47511, -0.02183
0.47665, -0.02176
0.47819, -0.02168
0.47974, -0.02161
0.48128, -0.02154
0.48282, -0.02146
0.48437, -0.02139
0.48591, -0.02131
0.48746, -0.02124
0.48901, -0.02117
0.49055, -0.02109
0.49210, -0.02102
0.49364, -0.02095
0.49519, -0.02087
0.49674, -0.02080
0.49828, -0.02073
0.49983, -0.02066
0.50138, -0.02059
0.50292, -0.02052
0.50447, -0.02045
0.50602, -0.02037
0.50757, -0.02030
0.50911, -0.02023
0.51066, -0.02016
0.51221, -0.02009
0.51376, -0.02003
0.51530, -0.01996
0.51685, -0.01989
0.51840, -0.01982
0.51995, -0.01975
0.52150, -0.01968
0.52304, -0.01962
0.52459, -0.01955
0.52614, -0.01948
0.52769, -0.01941
0.52923, -0.01935
0.53078, -0.01928
0.53233, -0.01922
0.53387, -0.01915
0.53542, -0.01909
0.53697, -0.01902
0.53851, -0.01896
0.54006, -0.01889
0.54160, -0.01883
0.54315, -0.01876
0.54469, -0.01870
0.54624, -0.01864
0.54778, -0.01857
0.54933, -0.01851
0.55087, -0.01845
0.55241, -0.01839
0.55396, -0.01833
0.55550, -0.01827
0.55704, -0.01820
0.55858, -0.01814
0.56013, -0.01808
0.56167, -0.01802
0.56321, -0.01796
0.56475, -0.01790
0.56629, -0.01785
0.56783, -0.01779
0.56937, -0.01773
0.57090, -0.01767
0.57244, -0.01761
0.57398, -0.01756
0.57551, -0.01750
0.57705, -0.01744
0.57859, -0.01739
0.58012, -0.01733
0.58165, -0.01727
0.58319, -0.01722
0.58472, -0.01716
0.58625, -0.01711
0.58778, -0.01706
0.58931, -0.01700
0.59084, -0.01695
0.59237, -0.01689
0.59390, -0.01684
0.59543, -0.01679
0.59696, -0.01674
0.59848, -0.01669
0.60001, -0.01663
0.60153, -0.01658
0.60305, -0.01653
0.60458, -0.01648
0.60610, -0.01643
0.60762, -0.01638
0.60914, -0.01633
0.61066, -0.01628
0.61218, -0.01623
0.61369, -0.01619
0.61521, -0.01614
0.61672, -0.01609
0.61824, -0.01604
0.61975, -0.01600
0.62126, -0.01595
0.62278, -0.01590
0.62429, -0.01586
0.62579, -0.01581
0.62730, -0.01576
0.62881, -0.01572
0.63031, -0.01568
0.63182, -0.01563
0.63332, -0.01559
0.63482, -0.01554
0.63633, -0.01550
0.63782, -0.01546
0.63932, -0.01541
0.64082, -0.01537
0.64232, -0.01533
0.64381, -0.01529
0.64531, -0.01525
0.64680, -0.01521
0.64829, -0.01517
0.64978, -0.01513
0.65127, -0.01509
0.65275, -0.01505
0.65424, -0.01501
0.65572, -0.01497
0.65721, -0.01493
0.65869, -0.01489
0.66017, -0.01485
0.66165, -0.01482
0.66312, -0.01478
0.66460, -0.01474
0.66607, -0.01471
0.66754, -0.01467
0.66901, -0.01463
0.67048, -0.01460
0.67195, -0.01456
0.67341, -0.01453
0.67488, -0.01449
0.67634, -0.01446
0.67780, -0.01443
0.67926, -0.01439
0.68071, -0.01436
0.68217, -0.01433
0.68362, -0.01430
0.68507, -0.01426
0.68652, -0.01423
0.68796, -0.01420
0.68941, -0.01417
0.69085, -0.01414
0.69229, -0.01411
0.69373, -0.01408
0.69517, -0.01406
0.69660, -0.01403
0.69804, -0.01400
0.69947, -0.01397
0.70090, -0.01395
0.70232, -0.01392
0.70375, -0.01390
0.70517, -0.01387
0.70659, -0.01385
0.70801, -0.01382
0.70943, -0.01380
0.71084, -0.01378
0.71225, -0.01375
0.71366, -0.01373
0.71507, -0.01371
0.71648, -0.01369
0.71788, -0.01367
0.71928, -0.01365
0.72068, -0.01363
0.72208, -0.01361
0.72348, -0.01360
0.72487, -0.01358
0.72626, -0.01356
0.72765, -0.01355
0.72903, -0.01353
0.73042, -0.01352
0.73180, -0.01350
0.73318, -0.01349
0.73456, -0.01348
0.73593, -0.01346
0.73730, -0.01345
0.73868, -0.01344
0.74004, -0.01343
0.74141, -0.01342
0.74277, -0.01341
0.74413, -0.01340
0.74549, -0.01340
0.74685, -0.01339
0.74820, -0.01338
0.74956, -0.01338
0.75091, -0.01337
0.75226, -0.01337
0.75360, -0.01337
0.75495, -0.01336
0.75629, -0.01336
0.75764, -0.01336
0.75898, -0.01336
0.76031, -0.01336
0.76165, -0.01335
0.76299, -0.01335
0.76432, -0.01336
0.76565, -0.01336
0.76698, -0.01336
0.76831, -0.01336
0.76963, -0.01336
0.77095, -0.01336
0.77227, -0.01336
0.77359, -0.01337
0.77491, -0.01337
0.77622, -0.01337
0.77753, -0.01337
0.77884, -0.01338
0.78015, -0.01338
0.78146, -0.01338
0.78276, -0.01338
0.78406, -0.01339
0.78536, -0.01339
0.78666, -0.01339
0.78795, -0.01340
0.78924, -0.01340
0.79053, -0.01340
0.79182, -0.01340
0.79310, -0.01341
0.79438, -0.01341
0.79566, -0.01341
0.79694, -0.01341
0.79821, -0.01341
0.79948, -0.01342
0.80075, -0.01342
0.80202, -0.01342
0.80328, -0.01342
0.80454, -0.01342
0.80580, -0.01342
0.80706, -0.01342
0.80831, -0.01342
0.80956, -0.01341
0.81080, -0.01341
0.81205, -0.01341
0.81329, -0.01341
0.81453, -0.01340
0.81577, -0.01340
0.81700, -0.01339
0.81823, -0.01339
0.81946, -0.01338
0.82068, -0.01338
0.82190, -0.01337
0.82312, -0.01336
0.82433, -0.01336
0.82555, -0.01335
0.82675, -0.01334
0.82796, -0.01333
0.82916, -0.01332
0.83036, -0.01331
0.83156, -0.01330
0.83275, -0.01328
0.83394, -0.01327
0.83513, -0.01326
0.83631, -0.01324
0.83749, -0.01323
0.83866, -0.01321
0.83984, -0.01319
0.84100, -0.01318
0.84217, -0.01316
0.84333, -0.01314
0.84449, -0.01312
0.84564, -0.01310
0.84679, -0.01308
0.84794, -0.01306
0.84908, -0.01304
0.85022, -0.01301
0.85135, -0.01299
0.85249, -0.01297
0.85361, -0.01294
0.85474, -0.01292
0.85586, -0.01289
0.85698, -0.01287
0.85809, -0.01284
0.85920, -0.01282
0.86030, -0.01279
0.86141, -0.01276
0.86250, -0.01273
0.86360, -0.01270
0.86469, -0.01267
0.86578, -0.01264
0.86686, -0.01261
0.86794, -0.01258
0.86901, -0.01255
0.87008, -0.01252
0.87115, -0.01249
0.87221, -0.01246
0.87327, -0.01242
0.87433, -0.01239
0.87538, -0.01236
0.87643, -0.01232
0.87748, -0.01229
0.87852, -0.01225
0.87955, -0.01222
0.88058, -0.01218
0.88161, -0.01214
0.88264, -0.01211
0.88366, -0.01207
0.88467, -0.01203
0.88569, -0.01200
0.88670, -0.01196
0.88770, -0.01192
0.88870, -0.01188
0.88970, -0.01184
0.89069, -0.01181
0.89168, -0.01177
0.89267, -0.01173
0.89365, -0.01169
0.89462, -0.01165
0.89560, -0.01161
0.89656, -0.01157
0.89753, -0.01153
0.89849, -0.01148
0.89944, -0.01144
0.90040, -0.01140
0.90135, -0.01136
0.90229, -0.01132
0.90323, -0.01128
0.90416, -0.01123
0.90510, -0.01119
0.90602, -0.01115
0.90695, -0.01111
0.90787, -0.01106
0.90878, -0.01102
0.90969, -0.01098
0.91060, -0.01093
0.91150, -0.01089
0.91240, -0.01084
0.91329, -0.01080
0.91418, -0.01076
0.91507, -0.01071
0.91595, -0.01067
0.91683, -0.01062
0.91770, -0.01058
0.91857, -0.01053
0.91943, -0.01049
0.92029, -0.01044
0.92115, -0.01040
0.92200, -0.01035
0.92285, -0.01031
0.92369, -0.01026
0.92453, -0.01022
0.92537, -0.01017
0.92620, -0.01013
0.92702, -0.01008
0.92784, -0.01004
0.92866, -0.00999
0.92947, -0.00995
0.93028, -0.00990
0.93109, -0.00986
0.93189, -0.00981
0.93268, -0.00977
0.93347, -0.00972
0.93426, -0.00967
0.93504, -0.00963
0.93582, -0.00958
0.93659, -0.00954
0.93736, -0.00949
0.93813, -0.00945
0.93889, -0.00940
0.93964, -0.00936
0.94039, -0.00931
0.94114, -0.00927
0.94188, -0.00922
0.94262, -0.00918
0.94335, -0.00913
0.94408, -0.00909
0.94481, -0.00904
0.94553, -0.00900
0.94624, -0.00895
0.94695, -0.00891
0.94766, -0.00886
0.94836, -0.00882
0.94906, -0.00877
0.94975, -0.00873
0.95044, -0.00869
0.95112, -0.00864
0.95180, -0.00860
0.95248, -0.00855
0.95315, -0.00851
0.95381, -0.00847
0.95448, -0.00842
0.95513, -0.00838
0.95578, -0.00834
0.95643, -0.00829
0.95707, -0.00825
0.95771, -0.00821
0.95835, -0.00817
0.95898, -0.00812
0.95960, -0.00808
0.96022, -0.00804
0.96084, -0.00800
0.96145, -0.00796
0.96205, -0.00792
0.96265, -0.00787
0.96325, -0.00783
0.96384, -0.00779
0.96443, -0.00775
0.96501, -0.00771
0.96559, -0.00767
0.96616, -0.00763
0.96673, -0.00759
0.96730, -0.00755
0.96786, -0.00751
0.96841, -0.00747
0.96896, -0.00743
0.96951, -0.00740
0.97005, -0.00736
0.97058, -0.00732
0.97111, -0.00728
0.97164, -0.00724
0.97216, -0.00721
0.97268, -0.00717
0.97319, -0.00713
0.97370, -0.00709
0.97420, -0.00706
0.97470, -0.00702
0.97519, -0.00699
0.97568, -0.00695
0.97616, -0.00691
0.97664, -0.00688
0.97712, -0.00684
0.97759, -0.00681
0.97805, -0.00678
0.97851, -0.00674
0.97897, -0.00671
0.97942, -0.00667
0.97986, -0.00664
0.98030, -0.00661
0.98074, -0.00658
0.98117, -0.00654
0.98160, -0.00651
0.98202, -0.00648
0.98243, -0.00645
0.98285, -0.00642
0.98325, -0.00639
0.98365, -0.00636
0.98405, -0.00633
0.98444, -0.00630
0.98483, -0.00627
0.98521, -0.00624
0.98559, -0.00621
0.98597, -0.00618
0.98633, -0.00615
0.98670, -0.00612
0.98706, -0.00610
0.98741, -0.00607
0.98776, -0.00604
0.98810, -0.00602
0.98844, -0.00599
0.98878, -0.00596
0.98910, -0.00594
0.98943, -0.00591
0.98975, -0.00589
0.99006, -0.00586
0.99037, -0.00584
0.99068, -0.00582
0.99098, -0.00579
0.99127, -0.00577
0.99156, -0.00575
0.99185, -0.00572
0.99213, -0.00570
0.99240, -0.00568
0.99267, -0.00566
0.99294, -0.00564
0.99320, -0.00562
0.99346, -0.00560
0.99371, -0.00558
0.99395, -0.00556
0.99419, -0.00554
0.99443, -0.00552
0.99466, -0.00550
0.99489, -0.00548
0.99511, -0.00547
0.99532, -0.00545
0.99554, -0.00543
0.99574, -0.00542
0.99594, -0.00540
0.99614, -0.00538
0.99633, -0.00537
0.99652, -0.00535
0.99670, -0.00534
0.99688, -0.00532
0.99705, -0.00531
0.99721, -0.00530
0.99738, -0.00528
0.99753, -0.00527
0.99768, -0.00526
0.99783, -0.00525
0.99797, -0.00524
0.99811, -0.00523
0.99824, -0.00521
0.99837, -0.00520
0.99849, -0.00519
0.99861, -0.00519
0.99872, -0.00518
0.99883, -0.00517
0.99893, -0.00516
0.99903, -0.00515
0.99912, -0.00514
0.99921, -0.00514
0.99929, -0.00513
0.99937, -0.00512
0.99944, -0.00512
0.99951, -0.00511
0.99957, -0.00511
0.99962, -0.00510
0.99968, -0.00510
0.99972, -0.00510
0.99977, -0.00509
0.99980, -0.00509
0.99984, -0.00509
0.99986, -0.00508
0.99989, -0.00508
0.99990, -0.00508
0.99991, -0.00508
0.99990, -0.00508
0.99990, -0.00508
