airfoil_points_907
1.000000 0.022084
0.999748 0.022140
0.998993 0.022311
0.997736 0.022595
0.995977 0.022994
0.993719 0.023508
0.990964 0.024137
0.987715 0.024882
0.983974 0.025744
0.979746 0.026721
0.975036 0.027815
0.969846 0.029025
0.964184 0.030348
0.958054 0.031784
0.951463 0.033330
0.944418 0.034981
0.936925 0.036733
0.928992 0.038580
0.920627 0.040513
0.911838 0.042523
0.902635 0.044600
0.893027 0.046731
0.883022 0.048901
0.872632 0.051095
0.861867 0.053293
0.850737 0.055476
0.839255 0.057621
0.827430 0.059706
0.815276 0.061702
0.802805 0.063579
0.790028 0.065307
0.776960 0.066852
0.763613 0.068179
0.750000 0.069254
0.736136 0.070062
0.722033 0.070656
0.707708 0.071107
0.693173 0.071496
0.678443 0.071915
0.663534 0.072470
0.648460 0.073231
0.633237 0.074181
0.617879 0.075298
0.602403 0.076556
0.586824 0.077928
0.571157 0.079386
0.555419 0.080901
0.539625 0.082443
0.523791 0.083981
0.507933 0.085483
0.492067 0.086921
0.476209 0.088265
0.460375 0.089484
0.444581 0.090553
0.428843 0.091445
0.413176 0.092136
0.397597 0.092602
0.382121 0.092823
0.366763 0.092781
0.351540 0.092459
0.336466 0.091844
0.321557 0.090925
0.306827 0.089691
0.292292 0.088136
0.277967 0.086256
0.263864 0.084049
0.250000 0.081515
0.236387 0.078675
0.223040 0.075574
0.209972 0.072251
0.197195 0.068751
0.184724 0.065111
0.172570 0.061364
0.160745 0.057515
0.149263 0.053565
0.138133 0.049515
0.127368 0.045367
0.116978 0.041128
0.106973 0.036800
0.097365 0.032411
0.088162 0.027995
0.079373 0.023582
0.071008 0.019198
0.063075 0.014864
0.055582 0.010598
0.048537 0.006414
0.041946 0.002323
0.035816 -0.001668
0.030154 -0.005554
0.024964 -0.009332
0.020254 -0.013004
0.016026 -0.016568
0.012285 -0.020026
0.009036 -0.023378
0.006281 -0.026624
0.004023 -0.029756
0.002264 -0.032758
0.001007 -0.035570
0.000252 -0.037986
0.000000 -0.039159
0.000252 -0.046266
0.001007 -0.048419
0.002264 -0.050751
0.004023 -0.053041
0.006281 -0.055217
0.009036 -0.057253
0.012285 -0.059131
0.016026 -0.060838
0.020254 -0.062361
0.024964 -0.063692
0.030154 -0.064819
0.035816 -0.065733
0.041946 -0.066424
0.048537 -0.066885
0.055582 -0.067109
0.063075 -0.067091
0.071008 -0.066829
0.079373 -0.066324
0.088162 -0.065580
0.097365 -0.064604
0.106973 -0.063409
0.116978 -0.062014
0.127368 -0.060443
0.138133 -0.058728
0.149263 -0.056908
0.160745 -0.055004
0.172570 -0.053014
0.184724 -0.050938
0.197195 -0.048773
0.209972 -0.046518
0.223040 -0.044173
0.236387 -0.041778
0.250000 -0.039385
0.263864 -0.037054
0.277967 -0.034854
0.292292 -0.032839
0.306827 -0.031016
0.321557 -0.029379
0.336466 -0.027921
0.351540 -0.026633
0.366763 -0.025502
0.382121 -0.024513
0.397597 -0.023649
0.413176 -0.022892
0.428843 -0.022222
0.444581 -0.021619
0.460375 -0.021060
0.476209 -0.020523
0.492067 -0.019985
0.507933 -0.019424
0.523791 -0.018817
0.539625 -0.018140
0.555419 -0.017373
0.571157 -0.016493
0.586824 -0.015480
0.602403 -0.014316
0.617879 -0.012982
0.633237 -0.011461
0.648460 -0.009738
0.663534 -0.007801
0.678443 -0.005636
0.693173 -0.003284
0.707708 -0.000844
0.722033 0.001582
0.736136 0.003895
0.750000 0.006003
0.763613 0.007824
0.776960 0.009357
0.790028 0.010640
0.802805 0.011711
0.815276 0.012603
0.827430 0.013345
0.839255 0.013964
0.850737 0.014483
0.861867 0.014921
0.872632 0.015295
0.883022 0.015620
0.893027 0.015906
0.902635 0.016165
0.911838 0.016406
0.920627 0.016634
0.928992 0.016855
0.936925 0.017073
0.944418 0.017289
0.951463 0.017505
0.958054 0.017720
0.964184 0.017935
0.969846 0.018146
0.975036 0.018353
0.979746 0.018552
0.983974 0.018741
0.987715 0.018916
0.990964 0.019076
0.993719 0.019216
0.995977 0.019335
0.997736 0.019429
0.998993 0.019498
0.999748 0.019540
1.000000 0.019553
