airfoil_points_991
1.000000 0.011406
0.999748 0.011454
0.998993 0.011599
0.997736 0.011839
0.995977 0.012174
0.993719 0.012603
0.990964 0.013123
0.987715 0.013733
0.983974 0.014430
0.979746 0.015212
0.975036 0.016075
0.969846 0.017018
0.964184 0.018037
0.958054 0.019129
0.951463 0.020292
0.944418 0.021522
0.936925 0.022817
0.928992 0.024175
0.920627 0.025594
0.911838 0.027072
0.902635 0.028607
0.893027 0.030200
0.883022 0.031849
0.872632 0.033556
0.861867 0.035320
0.850737 0.037145
0.839255 0.039031
0.827430 0.040982
0.815276 0.042988
0.802805 0.045038
0.790028 0.047118
0.776960 0.049210
0.763613 0.051298
0.750000 0.053362
0.736136 0.055390
0.722033 0.057383
0.707708 0.059343
0.693173 0.061273
0.678443 0.063178
0.663534 0.065061
0.648460 0.066921
0.633237 0.068750
0.617879 0.070542
0.602403 0.072289
0.586824 0.073983
0.571157 0.075617
0.555419 0.077183
0.539625 0.078674
0.523791 0.080081
0.507933 0.081397
0.492067 0.082615
0.476209 0.083729
0.460375 0.084730
0.444581 0.085613
0.428843 0.086372
0.413176 0.087001
0.397597 0.087494
0.382121 0.087847
0.366763 0.088056
0.351540 0.088116
0.336466 0.088026
0.321557 0.087782
0.306827 0.087382
0.292292 0.086825
0.277967 0.086111
0.263864 0.085239
0.250000 0.084213
0.236387 0.083044
0.223040 0.081745
0.209972 0.080329
0.197195 0.078809
0.184724 0.077196
0.172570 0.075495
0.160745 0.073707
0.149263 0.071836
0.138133 0.069883
0.127368 0.067852
0.116978 0.065746
0.106973 0.063567
0.097365 0.061317
0.088162 0.058998
0.079373 0.056613
0.071008 0.054166
0.063075 0.051661
0.055582 0.049103
0.048537 0.046496
0.041946 0.043845
0.035816 0.041155
0.030154 0.038432
0.024964 0.035680
0.020254 0.032906
0.016026 0.030113
0.012285 0.027308
0.009036 0.024496
0.006281 0.021682
0.004023 0.018873
0.002264 0.016079
0.001007 0.013321
0.000252 0.010693
0.000000 0.009030
0.000252 0.004290
0.001007 0.001746
0.002264 -0.000837
0.004023 -0.003367
0.006281 -0.005823
0.009036 -0.008196
0.012285 -0.010483
0.016026 -0.012683
0.020254 -0.014792
0.024964 -0.016809
0.030154 -0.018734
0.035816 -0.020566
0.041946 -0.022302
0.048537 -0.023942
0.055582 -0.025485
0.063075 -0.026928
0.071008 -0.028271
0.079373 -0.029513
0.088162 -0.030650
0.097365 -0.031681
0.106973 -0.032604
0.116978 -0.033416
0.127368 -0.034116
0.138133 -0.034700
0.149263 -0.035166
0.160745 -0.035515
0.172570 -0.035747
0.184724 -0.035862
0.197195 -0.035860
0.209972 -0.035743
0.223040 -0.035519
0.236387 -0.035201
0.250000 -0.034803
0.263864 -0.034341
0.277967 -0.033833
0.292292 -0.033289
0.306827 -0.032713
0.321557 -0.032108
0.336466 -0.031476
0.351540 -0.030822
0.366763 -0.030148
0.382121 -0.029456
0.397597 -0.028748
0.413176 -0.028027
0.428843 -0.027294
0.444581 -0.026550
0.460375 -0.025796
0.476209 -0.025033
0.492067 -0.024261
0.507933 -0.023481
0.523791 -0.022693
0.539625 -0.021896
0.555419 -0.021091
0.571157 -0.020277
0.586824 -0.019453
0.602403 -0.018619
0.617879 -0.017774
0.633237 -0.016918
0.648460 -0.016049
0.663534 -0.015168
0.678443 -0.014273
0.693173 -0.013372
0.707708 -0.012475
0.722033 -0.011593
0.736136 -0.010735
0.750000 -0.009909
0.763613 -0.009120
0.776960 -0.008360
0.790028 -0.007615
0.802805 -0.006873
0.815276 -0.006125
0.827430 -0.005363
0.839255 -0.004580
0.850737 -0.003777
0.861867 -0.002961
0.872632 -0.002140
0.883022 -0.001322
0.893027 -0.000511
0.902635 0.000286
0.911838 0.001064
0.920627 0.001818
0.928992 0.002546
0.936925 0.003242
0.944418 0.003906
0.951463 0.004533
0.958054 0.005122
0.964184 0.005672
0.969846 0.006180
0.975036 0.006646
0.979746 0.007069
0.983974 0.007449
0.987715 0.007784
0.990964 0.008076
0.993719 0.008322
0.995977 0.008524
0.997736 0.008681
0.998993 0.008793
0.999748 0.008860
1.000000 0.008879
