airfoil_points_200
1.000000 0.005920
0.999748 0.005992
0.998993 0.006207
0.997736 0.006566
0.995977 0.007068
0.993719 0.007713
0.990964 0.008500
0.987715 0.009428
0.983974 0.010496
0.979746 0.011702
0.975036 0.013045
0.969846 0.014521
0.964184 0.016130
0.958054 0.017866
0.951463 0.019726
0.944418 0.021706
0.936925 0.023800
0.928992 0.026002
0.920627 0.028304
0.911838 0.030699
0.902635 0.033177
0.893027 0.035729
0.883022 0.038342
0.872632 0.041006
0.861867 0.043707
0.850737 0.046430
0.839255 0.049159
0.827430 0.051880
0.815276 0.054587
0.802805 0.057275
0.790028 0.059943
0.776960 0.062590
0.763613 0.065215
0.750000 0.067821
0.736136 0.070405
0.722033 0.072967
0.707708 0.075502
0.693173 0.078009
0.678443 0.080485
0.663534 0.082930
0.648460 0.085336
0.633237 0.087692
0.617879 0.089987
0.602403 0.092209
0.586824 0.094347
0.571157 0.096389
0.555419 0.098325
0.539625 0.100143
0.523791 0.101833
0.507933 0.103384
0.492067 0.104785
0.476209 0.106028
0.460375 0.107102
0.444581 0.108000
0.428843 0.108714
0.413176 0.109237
0.397597 0.109562
0.382121 0.109685
0.366763 0.109599
0.351540 0.109303
0.336466 0.108792
0.321557 0.108066
0.306827 0.107124
0.292292 0.105966
0.277967 0.104593
0.263864 0.103007
0.250000 0.101214
0.236387 0.099240
0.223040 0.097124
0.209972 0.094904
0.197195 0.092613
0.184724 0.090282
0.172570 0.087952
0.160745 0.085674
0.149263 0.083497
0.138133 0.081461
0.127368 0.079603
0.116978 0.077956
0.106973 0.076458
0.097365 0.075045
0.088162 0.073666
0.079373 0.072281
0.071008 0.070858
0.063075 0.069374
0.055582 0.067810
0.048537 0.066155
0.041946 0.064402
0.035816 0.062547
0.030154 0.060589
0.024964 0.058530
0.020254 0.056375
0.016026 0.054127
0.012285 0.051791
0.009036 0.049375
0.006281 0.046883
0.004023 0.044323
0.002264 0.041697
0.001007 0.039011
0.000252 0.036266
0.000000 0.033541
0.000252 0.030654
0.001007 0.027858
0.002264 0.025084
0.004023 0.022330
0.006281 0.019597
0.009036 0.016882
0.012285 0.014183
0.016026 0.011501
0.020254 0.008834
0.024964 0.006182
0.030154 0.003549
0.035816 0.000938
0.041946 -0.001645
0.048537 -0.004190
0.055582 -0.006685
0.063075 -0.009115
0.071008 -0.011460
0.079373 -0.013697
0.088162 -0.015799
0.097365 -0.017733
0.106973 -0.019466
0.116978 -0.020957
0.127368 -0.022163
0.138133 -0.023040
0.149263 -0.023579
0.160745 -0.023794
0.172570 -0.023700
0.184724 -0.023320
0.197195 -0.022688
0.209972 -0.021846
0.223040 -0.020834
0.236387 -0.019684
0.250000 -0.018433
0.263864 -0.017124
0.277967 -0.015808
0.292292 -0.014518
0.306827 -0.013263
0.321557 -0.012048
0.336466 -0.010877
0.351540 -0.009754
0.366763 -0.008683
0.382121 -0.007667
0.397597 -0.006706
0.413176 -0.005801
0.428843 -0.004954
0.444581 -0.004162
0.460375 -0.003426
0.476209 -0.002742
0.492067 -0.002110
0.507933 -0.001526
0.523791 -0.000986
0.539625 -0.000488
0.555419 -0.000026
0.571157 0.000403
0.586824 0.000804
0.602403 0.001181
0.617879 0.001539
0.633237 0.001884
0.648460 0.002218
0.663534 0.002548
0.678443 0.002877
0.693173 0.003203
0.707708 0.003521
0.722033 0.003826
0.736136 0.004116
0.750000 0.004386
0.763613 0.004632
0.776960 0.004849
0.790028 0.005030
0.802805 0.005168
0.815276 0.005260
0.827430 0.005302
0.839255 0.005293
0.850737 0.005238
0.861867 0.005147
0.872632 0.005029
0.883022 0.004894
0.893027 0.004747
0.902635 0.004596
0.911838 0.004445
0.920627 0.004299
0.928992 0.004160
0.936925 0.004031
0.944418 0.003914
0.951463 0.003810
0.958054 0.003720
0.964184 0.003642
0.969846 0.003577
0.975036 0.003524
0.979746 0.003481
0.983974 0.003449
0.987715 0.003424
0.990964 0.003406
0.993719 0.003393
0.995977 0.003385
0.997736 0.003379
0.998993 0.003376
0.999748 0.003374
1.000000 0.003387
