airfoil_points_419
1.000000 -0.012607
0.999748 -0.012553
0.998993 -0.012393
0.997736 -0.012126
0.995977 -0.011751
0.993719 -0.011268
0.990964 -0.010676
0.987715 -0.009974
0.983974 -0.009160
0.979746 -0.008234
0.975036 -0.007193
0.969846 -0.006036
0.964184 -0.004761
0.958054 -0.003365
0.951463 -0.001847
0.944418 -0.000203
0.936925 0.001568
0.928992 0.003471
0.920627 0.005507
0.911838 0.007679
0.902635 0.009993
0.893027 0.012449
0.883022 0.015053
0.872632 0.017807
0.861867 0.020715
0.850737 0.023781
0.839255 0.027008
0.827430 0.030396
0.815276 0.033930
0.802805 0.037587
0.790028 0.041341
0.776960 0.045164
0.763613 0.049023
0.750000 0.052884
0.736136 0.056718
0.722033 0.060499
0.707708 0.064204
0.693173 0.067804
0.678443 0.071274
0.663534 0.074586
0.648460 0.077730
0.633237 0.080701
0.617879 0.083494
0.602403 0.086108
0.586824 0.088540
0.571157 0.090787
0.555419 0.092850
0.539625 0.094727
0.523791 0.096420
0.507933 0.097929
0.492067 0.099255
0.476209 0.100401
0.460375 0.101369
0.444581 0.102161
0.428843 0.102781
0.413176 0.103232
0.397597 0.103519
0.382121 0.103644
0.366763 0.103613
0.351540 0.103430
0.336466 0.103098
0.321557 0.102624
0.306827 0.102011
0.292292 0.101265
0.277967 0.100390
0.263864 0.099391
0.250000 0.098265
0.236387 0.096962
0.223040 0.095428
0.209972 0.093617
0.197195 0.091495
0.184724 0.089036
0.172570 0.086250
0.160745 0.083205
0.149263 0.079963
0.138133 0.076587
0.127368 0.073132
0.116978 0.069651
0.106973 0.066186
0.097365 0.062747
0.088162 0.059339
0.079373 0.055965
0.071008 0.052627
0.063075 0.049328
0.055582 0.046069
0.048537 0.042849
0.041946 0.039668
0.035816 0.036525
0.030154 0.033418
0.024964 0.030347
0.020254 0.027309
0.016026 0.024302
0.012285 0.021325
0.009036 0.018376
0.006281 0.015456
0.004023 0.012565
0.002264 0.009711
0.001007 0.006911
0.000252 0.004254
0.000000 0.002583
0.000252 -0.002178
0.001007 -0.004711
0.002264 -0.007272
0.004023 -0.009766
0.006281 -0.012168
0.009036 -0.014468
0.012285 -0.016658
0.016026 -0.018731
0.020254 -0.020679
0.024964 -0.022495
0.030154 -0.024171
0.035816 -0.025700
0.041946 -0.027073
0.048537 -0.028282
0.055582 -0.029320
0.063075 -0.030178
0.071008 -0.030851
0.079373 -0.031330
0.088162 -0.031610
0.097365 -0.031687
0.106973 -0.031555
0.116978 -0.031214
0.127368 -0.030660
0.138133 -0.029894
0.149263 -0.028922
0.160745 -0.027784
0.172570 -0.026538
0.184724 -0.025256
0.197195 -0.024026
0.209972 -0.022961
0.223040 -0.022109
0.236387 -0.021416
0.250000 -0.020816
0.263864 -0.020240
0.277967 -0.019617
0.292292 -0.018920
0.306827 -0.018157
0.321557 -0.017338
0.336466 -0.016472
0.351540 -0.015570
0.366763 -0.014642
0.382121 -0.013699
0.397597 -0.012752
0.413176 -0.011813
0.428843 -0.010893
0.444581 -0.010003
0.460375 -0.009155
0.476209 -0.008360
0.492067 -0.007628
0.507933 -0.006970
0.523791 -0.006396
0.539625 -0.005914
0.555419 -0.005533
0.571157 -0.005261
0.586824 -0.005105
0.602403 -0.005071
0.617879 -0.005164
0.633237 -0.005388
0.648460 -0.005746
0.663534 -0.006241
0.678443 -0.006870
0.693173 -0.007614
0.707708 -0.008451
0.722033 -0.009358
0.736136 -0.010315
0.750000 -0.011303
0.763613 -0.012301
0.776960 -0.013281
0.790028 -0.014217
0.802805 -0.015088
0.815276 -0.015875
0.827430 -0.016562
0.839255 -0.017137
0.850737 -0.017600
0.861867 -0.017960
0.872632 -0.018225
0.883022 -0.018403
0.893027 -0.018502
0.902635 -0.018530
0.911838 -0.018497
0.920627 -0.018408
0.928992 -0.018274
0.936925 -0.018100
0.944418 -0.017896
0.951463 -0.017667
0.958054 -0.017421
0.964184 -0.017165
0.969846 -0.016905
0.975036 -0.016646
0.979746 -0.016394
0.983974 -0.016155
0.987715 -0.015933
0.990964 -0.015732
0.993719 -0.015556
0.995977 -0.015407
0.997736 -0.015289
0.998993 -0.015203
0.999748 -0.015151
1.000000 -0.015136
