airfoil_points_768
1.000000 0.007482
0.999748 0.007537
0.998993 0.007701
0.997736 0.007973
0.995977 0.008351
0.993719 0.008830
0.990964 0.009408
0.987715 0.010077
0.983974 0.010834
0.979746 0.011671
0.975036 0.012582
0.969846 0.013559
0.964184 0.014595
0.958054 0.015684
0.951463 0.016817
0.944418 0.017989
0.936925 0.019192
0.928992 0.020421
0.920627 0.021670
0.911838 0.022937
0.902635 0.024216
0.893027 0.025507
0.883022 0.026809
0.872632 0.028123
0.861867 0.029450
0.850737 0.030796
0.839255 0.032164
0.827430 0.033563
0.815276 0.035004
0.802805 0.036502
0.790028 0.038076
0.776960 0.039745
0.763613 0.041532
0.750000 0.043462
0.736136 0.045543
0.722033 0.047741
0.707708 0.050019
0.693173 0.052335
0.678443 0.054645
0.663534 0.056904
0.648460 0.059089
0.633237 0.061195
0.617879 0.063219
0.602403 0.065155
0.586824 0.067000
0.571157 0.068749
0.555419 0.070400
0.539625 0.071949
0.523791 0.073393
0.507933 0.074730
0.492067 0.075955
0.476209 0.077069
0.460375 0.078067
0.444581 0.078949
0.428843 0.079712
0.413176 0.080356
0.397597 0.080878
0.382121 0.081279
0.366763 0.081557
0.351540 0.081712
0.336466 0.081744
0.321557 0.081652
0.306827 0.081438
0.292292 0.081101
0.277967 0.080642
0.263864 0.080062
0.250000 0.079361
0.236387 0.078532
0.223040 0.077566
0.209972 0.076458
0.197195 0.075203
0.184724 0.073799
0.172570 0.072261
0.160745 0.070611
0.149263 0.068868
0.138133 0.067049
0.127368 0.065170
0.116978 0.063245
0.106973 0.061272
0.097365 0.059244
0.088162 0.057157
0.079373 0.055008
0.071008 0.052796
0.063075 0.050520
0.055582 0.048182
0.048537 0.045785
0.041946 0.043330
0.035816 0.040822
0.030154 0.038266
0.024964 0.035665
0.020254 0.033025
0.016026 0.030352
0.012285 0.027649
0.009036 0.024923
0.006281 0.022179
0.004023 0.019422
0.002264 0.016661
0.001007 0.013911
0.000252 0.011229
0.000000 0.009372
0.000252 0.005139
0.001007 0.002512
0.002264 -0.000120
0.004023 -0.002699
0.006281 -0.005212
0.009036 -0.007656
0.012285 -0.010027
0.016026 -0.012323
0.020254 -0.014546
0.024964 -0.016693
0.030154 -0.018763
0.035816 -0.020756
0.041946 -0.022670
0.048537 -0.024503
0.055582 -0.026253
0.063075 -0.027916
0.071008 -0.029488
0.079373 -0.030965
0.088162 -0.032342
0.097365 -0.033611
0.106973 -0.034765
0.116978 -0.035795
0.127368 -0.036692
0.138133 -0.037444
0.149263 -0.038054
0.160745 -0.038535
0.172570 -0.038898
0.184724 -0.039163
0.197195 -0.039348
0.209972 -0.039476
0.223040 -0.039551
0.236387 -0.039568
0.250000 -0.039521
0.263864 -0.039405
0.277967 -0.039213
0.292292 -0.038944
0.306827 -0.038605
0.321557 -0.038199
0.336466 -0.037733
0.351540 -0.037210
0.366763 -0.036637
0.382121 -0.036019
0.397597 -0.035362
0.413176 -0.034671
0.428843 -0.033954
0.444581 -0.033214
0.460375 -0.032458
0.476209 -0.031692
0.492067 -0.030921
0.507933 -0.030150
0.523791 -0.029384
0.539625 -0.028628
0.555419 -0.027886
0.571157 -0.027163
0.586824 -0.026463
0.602403 -0.025788
0.617879 -0.025143
0.633237 -0.024530
0.648460 -0.023952
0.663534 -0.023410
0.678443 -0.022905
0.693173 -0.022409
0.707708 -0.021884
0.722033 -0.021293
0.736136 -0.020607
0.750000 -0.019797
0.763613 -0.018844
0.776960 -0.017765
0.790028 -0.016589
0.802805 -0.015340
0.815276 -0.014044
0.827430 -0.012723
0.839255 -0.011397
0.850737 -0.010082
0.861867 -0.008793
0.872632 -0.007540
0.883022 -0.006332
0.893027 -0.005178
0.902635 -0.004083
0.911838 -0.003052
0.920627 -0.002090
0.928992 -0.001196
0.936925 -0.000373
0.944418 0.000379
0.951463 0.001062
0.958054 0.001678
0.964184 0.002229
0.969846 0.002718
0.975036 0.003148
0.979746 0.003524
0.983974 0.003847
0.987715 0.004123
0.990964 0.004354
0.993719 0.004544
0.995977 0.004695
0.997736 0.004810
0.998993 0.004890
0.999748 0.004938
1.000000 0.004952
