airfoil_points_943
1.000000 -0.021007
0.999748 -0.020946
0.998993 -0.020765
0.997736 -0.020464
0.995977 -0.020041
0.993719 -0.019496
0.990964 -0.018828
0.987715 -0.018037
0.983974 -0.017123
0.979746 -0.016084
0.975036 -0.014921
0.969846 -0.013633
0.964184 -0.012221
0.958054 -0.010688
0.951463 -0.009033
0.944418 -0.007261
0.936925 -0.005374
0.928992 -0.003378
0.920627 -0.001279
0.911838 0.000916
0.902635 0.003198
0.893027 0.005558
0.883022 0.007982
0.872632 0.010459
0.861867 0.012972
0.850737 0.015504
0.839255 0.018038
0.827430 0.020554
0.815276 0.023038
0.802805 0.025475
0.790028 0.027853
0.776960 0.030158
0.763613 0.032375
0.750000 0.034492
0.736136 0.036504
0.722033 0.038425
0.707708 0.040274
0.693173 0.042069
0.678443 0.043835
0.663534 0.045596
0.648460 0.047361
0.633237 0.049121
0.617879 0.050867
0.602403 0.052588
0.586824 0.054275
0.571157 0.055918
0.555419 0.057505
0.539625 0.059026
0.523791 0.060470
0.507933 0.061827
0.492067 0.063088
0.476209 0.064240
0.460375 0.065276
0.444581 0.066185
0.428843 0.066959
0.413176 0.067590
0.397597 0.068069
0.382121 0.068391
0.366763 0.068547
0.351540 0.068535
0.336466 0.068347
0.321557 0.067982
0.306827 0.067435
0.292292 0.066705
0.277967 0.065792
0.263864 0.064694
0.250000 0.063415
0.236387 0.061974
0.223040 0.060393
0.209972 0.058694
0.197195 0.056899
0.184724 0.055025
0.172570 0.053081
0.160745 0.051067
0.149263 0.048984
0.138133 0.046833
0.127368 0.044615
0.116978 0.042333
0.106973 0.039988
0.097365 0.037582
0.088162 0.035119
0.079373 0.032601
0.071008 0.030032
0.063075 0.027414
0.055582 0.024754
0.048537 0.022054
0.041946 0.019320
0.035816 0.016556
0.030154 0.013766
0.024964 0.010957
0.020254 0.008131
0.016026 0.005295
0.012285 0.002453
0.009036 -0.000390
0.006281 -0.003228
0.004023 -0.006056
0.002264 -0.008861
0.001007 -0.011620
0.000252 -0.014234
0.000000 -0.015843
0.000252 -0.020744
0.001007 -0.023263
0.002264 -0.025829
0.004023 -0.028343
0.006281 -0.030779
0.009036 -0.033129
0.012285 -0.035388
0.016026 -0.037553
0.020254 -0.039623
0.024964 -0.041595
0.030154 -0.043467
0.035816 -0.045238
0.041946 -0.046905
0.048537 -0.048468
0.055582 -0.049924
0.063075 -0.051271
0.071008 -0.052509
0.079373 -0.053633
0.088162 -0.054643
0.097365 -0.055536
0.106973 -0.056310
0.116978 -0.056963
0.127368 -0.057492
0.138133 -0.057895
0.149263 -0.058170
0.160745 -0.058314
0.172570 -0.058328
0.184724 -0.058209
0.197195 -0.057957
0.209972 -0.057572
0.223040 -0.057063
0.236387 -0.056452
0.250000 -0.055763
0.263864 -0.055022
0.277967 -0.054259
0.292292 -0.053490
0.306827 -0.052720
0.321557 -0.051950
0.336466 -0.051184
0.351540 -0.050422
0.366763 -0.049667
0.382121 -0.048918
0.397597 -0.048175
0.413176 -0.047438
0.428843 -0.046706
0.444581 -0.045978
0.460375 -0.045251
0.476209 -0.044523
0.492067 -0.043792
0.507933 -0.043055
0.523791 -0.042308
0.539625 -0.041549
0.555419 -0.040774
0.571157 -0.039979
0.586824 -0.039161
0.602403 -0.038317
0.617879 -0.037444
0.633237 -0.036537
0.648460 -0.035595
0.663534 -0.034615
0.678443 -0.033595
0.693173 -0.032555
0.707708 -0.031525
0.722033 -0.030535
0.736136 -0.029613
0.750000 -0.028784
0.763613 -0.028066
0.776960 -0.027458
0.790028 -0.026950
0.802805 -0.026534
0.815276 -0.026200
0.827430 -0.025940
0.839255 -0.025746
0.850737 -0.025608
0.861867 -0.025510
0.872632 -0.025440
0.883022 -0.025389
0.893027 -0.025347
0.902635 -0.025306
0.911838 -0.025262
0.920627 -0.025211
0.928992 -0.025148
0.936925 -0.025074
0.944418 -0.024986
0.951463 -0.024887
0.958054 -0.024776
0.964184 -0.024655
0.969846 -0.024528
0.975036 -0.024397
0.979746 -0.024265
0.983974 -0.024135
0.987715 -0.024011
0.990964 -0.023896
0.993719 -0.023793
0.995977 -0.023705
0.997736 -0.023634
0.998993 -0.023581
0.999748 -0.023549
1.000000 -0.023538
