=== Airfoil Parameters ===
m = 0.02
p = 0.4
t = 0.12

=== Control Points ===
0.00000, 0.01528, 0.01528
0.06667, 0.02003, 0.01392
0.13333, 0.02439, 0.01327
0.20000, 0.03094, 0.01594
0.26667, 0.03824, 0.02046
0.66667, 0.03682, 0.02077
0.75000, 0.02667, 0.01347
0.83333, 0.01260, 0.00303
0.91667, 0.00137, -0.00380
1.00000, -0.00576, -0.00576

=== Upper Surface ===
0.00000, 0.01528
-0.00003, 0.01556
-0.00004, 0.01584
-0.00005, 0.01612
-0.00006, 0.01640
-0.00007, 0.01668
-0.00006, 0.01696
-0.00006, 0.01723
-0.00005, 0.01751
-0.00003, 0.01779
-0.00001, 0.01807
0.00002, 0.01835
0.00005, 0.01863
0.00009, 0.01891
0.00013, 0.01919
0.00018, 0.01947
0.00023, 0.01975
0.00029, 0.02003
0.00035, 0.02031
0.00041, 0.02059
0.00049, 0.02087
0.00056, 0.02115
0.00065, 0.02143
0.00073, 0.02172
0.00083, 0.02200
0.00092, 0.02228
0.00103, 0.02256
0.00113, 0.02284
0.00124, 0.02312
0.00136, 0.02340
0.00148, 0.02368
0.00161, 0.02396
0.00175, 0.02424
0.00188, 0.02452
0.00203, 0.02480
0.00217, 0.02508
0.00233, 0.02537
0.00248, 0.02565
0.00265, 0.02593
0.00282, 0.02621
0.00299, 0.02649
0.00317, 0.02677
0.00335, 0.02705
0.00354, 0.02733
0.00373, 0.02761
0.00393, 0.02789
0.00413, 0.02817
0.00434, 0.02846
0.00456, 0.02874
0.00478, 0.02902
0.00500, 0.02930
0.00523, 0.02958
0.00546, 0.02986
0.00570, 0.03014
0.00595, 0.03042
0.00619, 0.03070
0.00645, 0.03098
0.00671, 0.03126
0.00697, 0.03154
0.00724, 0.03182
0.00752, 0.03210
0.00780, 0.03238
0.00808, 0.03266
0.00837, 0.03294
0.00867, 0.03322
0.00897, 0.03350
0.00927, 0.03378
0.00958, 0.03406
0.00990, 0.03433
0.01022, 0.03461
0.01054, 0.03489
0.01087, 0.03517
0.01121, 0.03545
0.01155, 0.03573
0.01189, 0.03600
0.01224, 0.03628
0.01260, 0.03656
0.01296, 0.03684
0.01332, 0.03711
0.01369, 0.03739
0.01407, 0.03767
0.01445, 0.03794
0.01483, 0.03822
0.01522, 0.03850
0.01562, 0.03877
0.01602, 0.03905
0.01642, 0.03932
0.01683, 0.03960
0.01725, 0.03987
0.01767, 0.04015
0.01809, 0.04042
0.01852, 0.04069
0.01896, 0.04097
0.01940, 0.04124
0.01984, 0.04151
0.02029, 0.04179
0.02074, 0.04206
0.02120, 0.04233
0.02167, 0.04260
0.02214, 0.04287
0.02261, 0.04315
0.02309, 0.04342
0.02357, 0.04369
0.02406, 0.04396
0.02456, 0.04423
0.02506, 0.04450
0.02556, 0.04476
0.02607, 0.04503
0.02658, 0.04530
0.02710, 0.04557
0.02762, 0.04584
0.02815, 0.04610
0.02868, 0.04637
0.02922, 0.04663
0.02976, 0.04690
0.03030, 0.04717
0.03085, 0.04743
0.03141, 0.04769
0.03197, 0.04796
0.03254, 0.04822
0.03311, 0.04848
0.03368, 0.04875
0.03426, 0.04901
0.03485, 0.04927
0.03543, 0.04953
0.03603, 0.04979
0.03663, 0.05005
0.03723, 0.05031
0.03784, 0.05057
0.03845, 0.05083
0.03906, 0.05109
0.03969, 0.05134
0.04031, 0.05160
0.04094, 0.05186
0.04158, 0.05211
0.04222, 0.05237
0.04286, 0.05262
0.04351, 0.05288
0.04416, 0.05313
0.04482, 0.05338
0.04548, 0.05364
0.04615, 0.05389
0.04682, 0.05414
0.04749, 0.05439
0.04817, 0.05464
0.04886, 0.05489
0.04955, 0.05514
0.05024, 0.05539
0.05094, 0.05564
0.05164, 0.05589
0.05234, 0.05613
0.05305, 0.05638
0.05377, 0.05663
0.05449, 0.05687
0.05521, 0.05712
0.05594, 0.05736
0.05667, 0.05760
0.05741, 0.05785
0.05815, 0.05809
0.05889, 0.05833
0.05964, 0.05857
0.06039, 0.05881
0.06115, 0.05905
0.06191, 0.05929
0.06268, 0.05953
0.06345, 0.05977
0.06422, 0.06001
0.06500, 0.06024
0.06578, 0.06048
0.06656, 0.06072
0.06735, 0.06095
0.06815, 0.06119
0.06895, 0.06142
0.06975, 0.06166
0.07055, 0.06189
0.07136, 0.06212
0.07218, 0.06235
0.07299, 0.06258
0.07381, 0.06282
0.07464, 0.06305
0.07547, 0.06328
0.07630, 0.06350
0.07714, 0.06373
0.07798, 0.06396
0.07882, 0.06419
0.07967, 0.06442
0.08052, 0.06464
0.08138, 0.06487
0.08224, 0.06509
0.08310, 0.06532
0.08397, 0.06554
0.08484, 0.06577
0.08571, 0.06599
0.08659, 0.06621
0.08747, 0.06644
0.08836, 0.06666
0.08924, 0.06688
0.09014, 0.06710
0.09103, 0.06732
0.09193, 0.06754
0.09283, 0.06776
0.09374, 0.06798
0.09465, 0.06820
0.09556, 0.06842
0.09647, 0.06863
0.09739, 0.06885
0.09832, 0.06907
0.09924, 0.06929
0.10017, 0.06950
0.10110, 0.06972
0.10204, 0.06993
0.10298, 0.07015
0.10392, 0.07037
0.10487, 0.07058
0.10582, 0.07079
0.10677, 0.07101
0.10772, 0.07122
0.10868, 0.07144
0.10964, 0.07165
0.11061, 0.07186
0.11158, 0.07208
0.11255, 0.07229
0.11352, 0.07250
0.11450, 0.07271
0.11548, 0.07292
0.11646, 0.07314
0.11744, 0.07335
0.11843, 0.07356
0.11942, 0.07377
0.12042, 0.07398
0.12142, 0.07419
0.12242, 0.07440
0.12342, 0.07462
0.12442, 0.07483
0.12543, 0.07504
0.12644, 0.07525
0.12746, 0.07546
0.12847, 0.07567
0.12949, 0.07588
0.13052, 0.07609
0.13154, 0.07630
0.13257, 0.07652
0.13361, 0.07673
0.13465, 0.07694
0.13569, 0.07715
0.13673, 0.07736
0.13778, 0.07757
0.13884, 0.07779
0.13989, 0.07800
0.14096, 0.07821
0.14202, 0.07842
0.14309, 0.07864
0.14416, 0.07885
0.14524, 0.07906
0.14632, 0.07927
0.14740, 0.07949
0.14849, 0.07970
0.14958, 0.07991
0.15068, 0.08013
0.15177, 0.08034
0.15288, 0.08055
0.15398, 0.08076
0.15509, 0.08098
0.15621, 0.08119
0.15733, 0.08140
0.15845, 0.08162
0.15957, 0.08183
0.16070, 0.08204
0.16183, 0.08226
0.16297, 0.08247
0.16411, 0.08268
0.16525, 0.08290
0.16640, 0.08311
0.16755, 0.08332
0.16871, 0.08354
0.16987, 0.08375
0.17103, 0.08396
0.17220, 0.08418
0.17337, 0.08439
0.17454, 0.08460
0.17572, 0.08482
0.17690, 0.08503
0.17809, 0.08524
0.17928, 0.08545
0.18047, 0.08567
0.18166, 0.08588
0.18286, 0.08609
0.18407, 0.08630
0.18528, 0.08651
0.18649, 0.08672
0.18770, 0.08694
0.18892, 0.08715
0.19014, 0.08736
0.19137, 0.08757
0.19260, 0.08778
0.19383, 0.08799
0.19507, 0.08820
0.19631, 0.08841
0.19755, 0.08862
0.19880, 0.08883
0.20006, 0.08904
0.20131, 0.08924
0.20258, 0.08945
0.20384, 0.08966
0.20511, 0.08987
0.20638, 0.09007
0.20766, 0.09028
0.20894, 0.09049
0.21023, 0.09069
0.21152, 0.09090
0.21281, 0.09110
0.21411, 0.09130
0.21541, 0.09151
0.21672, 0.09171
0.21803, 0.09191
0.21934, 0.09211
0.22066, 0.09231
0.22198, 0.09251
0.22330, 0.09271
0.22463, 0.09291
0.22597, 0.09311
0.22731, 0.09330
0.22865, 0.09350
0.22999, 0.09370
0.23134, 0.09389
0.23270, 0.09408
0.23405, 0.09427
0.23542, 0.09446
0.23678, 0.09465
0.23815, 0.09484
0.23952, 0.09503
0.24090, 0.09522
0.24228, 0.09540
0.24367, 0.09559
0.24506, 0.09577
0.24645, 0.09595
0.24785, 0.09613
0.24925, 0.09631
0.25065, 0.09649
0.25206, 0.09666
0.25347, 0.09684
0.25489, 0.09701
0.25631, 0.09718
0.25774, 0.09735
0.25916, 0.09752
0.26060, 0.09768
0.26203, 0.09785
0.26347, 0.09801
0.26491, 0.09817
0.26635, 0.09833
0.26780, 0.09849
0.26924, 0.09864
0.27069, 0.09880
0.27215, 0.09895
0.27360, 0.09910
0.27506, 0.09924
0.27652, 0.09939
0.27798, 0.09953
0.27944, 0.09968
0.28091, 0.09982
0.28238, 0.09995
0.28385, 0.10009
0.28532, 0.10022
0.28680, 0.10036
0.28827, 0.10049
0.28975, 0.10061
0.29123, 0.10074
0.29272, 0.10087
0.29420, 0.10099
0.29569, 0.10111
0.29718, 0.10123
0.29867, 0.10134
0.30017, 0.10146
0.30166, 0.10157
0.30316, 0.10168
0.30466, 0.10179
0.30616, 0.10190
0.30767, 0.10200
0.30917, 0.10211
0.31068, 0.10221
0.31219, 0.10231
0.31370, 0.10240
0.31522, 0.10250
0.31673, 0.10259
0.31825, 0.10268
0.31977, 0.10277
0.32129, 0.10286
0.32281, 0.10294
0.32434, 0.10303
0.32586, 0.10311
0.32739, 0.10319
0.32892, 0.10326
0.33045, 0.10334
0.33198, 0.10341
0.33352, 0.10348
0.33506, 0.10355
0.33659, 0.10362
0.33813, 0.10368
0.33967, 0.10375
0.34122, 0.10381
0.34276, 0.10387
0.34431, 0.10392
0.34585, 0.10398
0.34740, 0.10403
0.34895, 0.10408
0.35050, 0.10413
0.35206, 0.10418
0.35361, 0.10422
0.35517, 0.10427
0.35673, 0.10431
0.35828, 0.10435
0.35984, 0.10438
0.36141, 0.10442
0.36297, 0.10445
0.36453, 0.10448
0.36610, 0.10451
0.36766, 0.10454
0.36923, 0.10456
0.37080, 0.10458
0.37237, 0.10460
0.37394, 0.10462
0.37552, 0.10464
0.37709, 0.10465
0.37866, 0.10467
0.38024, 0.10468
0.38182, 0.10469
0.38340, 0.10469
0.38498, 0.10470
0.38656, 0.10470
0.38814, 0.10470
0.38972, 0.10470
0.39130, 0.10470
0.39289, 0.10469
0.39447, 0.10468
0.39606, 0.10467
0.39765, 0.10466
0.39924, 0.10465
0.40082, 0.10463
0.40241, 0.10462
0.40401, 0.10460
0.40560, 0.10457
0.40719, 0.10455
0.40878, 0.10453
0.41038, 0.10450
0.41197, 0.10447
0.41357, 0.10444
0.41516, 0.10440
0.41676, 0.10437
0.41836, 0.10433
0.41996, 0.10429
0.42156, 0.10425
0.42316, 0.10421
0.42476, 0.10416
0.42636, 0.10412
0.42796, 0.10407
0.42956, 0.10402
0.43116, 0.10396
0.43277, 0.10391
0.43437, 0.10385
0.43598, 0.10379
0.43758, 0.10373
0.43919, 0.10367
0.44079, 0.10360
0.44240, 0.10354
0.44400, 0.10347
0.44561, 0.10340
0.44722, 0.10333
0.44883, 0.10325
0.45043, 0.10318
0.45204, 0.10310
0.45365, 0.10302
0.45526, 0.10294
0.45687, 0.10285
0.45848, 0.10277
0.46009, 0.10268
0.46170, 0.10259
0.46331, 0.10250
0.46492, 0.10241
0.46653, 0.10231
0.46814, 0.10221
0.46975, 0.10212
0.47136, 0.10201
0.47297, 0.10191
0.47459, 0.10181
0.47620, 0.10170
0.47781, 0.10159
0.47942, 0.10148
0.48103, 0.10137
0.48264, 0.10126
0.48425, 0.10114
0.48587, 0.10103
0.48748, 0.10091
0.48909, 0.10079
0.49070, 0.10067
0.49231, 0.10054
0.49392, 0.10042
0.49553, 0.10029
0.49714, 0.10016
0.49875, 0.10003
0.50036, 0.09989
0.50197, 0.09976
0.50358, 0.09962
0.50519, 0.09948
0.50680, 0.09934
0.50841, 0.09920
0.51002, 0.09906
0.51163, 0.09891
0.51324, 0.09877
0.51485, 0.09862
0.51645, 0.09847
0.51806, 0.09832
0.51967, 0.09816
0.52127, 0.09801
0.52288, 0.09785
0.52449, 0.09769
0.52609, 0.09753
0.52769, 0.09737
0.52930, 0.09720
0.53090, 0.09704
0.53251, 0.09687
0.53411, 0.09670
0.53571, 0.09653
0.53731, 0.09636
0.53891, 0.09619
0.54051, 0.09601
0.54211, 0.09583
0.54371, 0.09566
0.54531, 0.09548
0.54691, 0.09529
0.54851, 0.09511
0.55010, 0.09493
0.55170, 0.09474
0.55329, 0.09455
0.55489, 0.09436
0.55648, 0.09417
0.55807, 0.09398
0.55966, 0.09379
0.56126, 0.09359
0.56285, 0.09339
0.56443, 0.09320
0.56602, 0.09300
0.56761, 0.09279
0.56920, 0.09259
0.57078, 0.09239
0.57237, 0.09218
0.57395, 0.09197
0.57554, 0.09176
0.57712, 0.09155
0.57870, 0.09134
0.58028, 0.09113
0.58186, 0.09091
0.58344, 0.09070
0.58501, 0.09048
0.58659, 0.09026
0.58816, 0.09004
0.58974, 0.08982
0.59131, 0.08960
0.59288, 0.08937
0.59445, 0.08915
0.59602, 0.08892
0.59759, 0.08869
0.59915, 0.08846
0.60072, 0.08823
0.60228, 0.08800
0.60385, 0.08776
0.60541, 0.08753
0.60697, 0.08729
0.60853, 0.08706
0.61009, 0.08682
0.61164, 0.08658
0.61320, 0.08634
0.61475, 0.08609
0.61631, 0.08585
0.61786, 0.08560
0.61941, 0.08536
0.62096, 0.08511
0.62250, 0.08486
0.62405, 0.08461
0.62559, 0.08436
0.62714, 0.08411
0.62868, 0.08385
0.63022, 0.08360
0.63175, 0.08334
0.63329, 0.08309
0.63483, 0.08283
0.63636, 0.08257
0.63789, 0.08231
0.63942, 0.08205
0.64095, 0.08178
0.64248, 0.08152
0.64400, 0.08125
0.64553, 0.08099
0.64705, 0.08072
0.64857, 0.08045
0.65009, 0.08018
0.65161, 0.07991
0.65312, 0.07964
0.65464, 0.07937
0.65615, 0.07910
0.65766, 0.07882
0.65917, 0.07855
0.66068, 0.07827
0.66218, 0.07799
0.66368, 0.07771
0.66518, 0.07743
0.66668, 0.07715
0.66818, 0.07687
0.66968, 0.07659
0.67117, 0.07631
0.67266, 0.07602
0.67416, 0.07574
0.67565, 0.07545
0.67713, 0.07517
0.67862, 0.07488
0.68011, 0.07459
0.68159, 0.07430
0.68307, 0.07401
0.68455, 0.07371
0.68603, 0.07342
0.68751, 0.07313
0.68898, 0.07283
0.69046, 0.07253
0.69193, 0.07224
0.69340, 0.07194
0.69487, 0.07164
0.69634, 0.07133
0.69781, 0.07103
0.69927, 0.07073
0.70073, 0.07042
0.70219, 0.07012
0.70365, 0.06981
0.70511, 0.06950
0.70656, 0.06919
0.70802, 0.06888
0.70947, 0.06857
0.71092, 0.06826
0.71237, 0.06794
0.71381, 0.06763
0.71525, 0.06731
0.71670, 0.06699
0.71813, 0.06667
0.71957, 0.06635
0.72101, 0.06603
0.72244, 0.06570
0.72387, 0.06538
0.72530, 0.06505
0.72673, 0.06473
0.72815, 0.06440
0.72957, 0.06407
0.73100, 0.06374
0.73241, 0.06341
0.73383, 0.06307
0.73524, 0.06274
0.73665, 0.06240
0.73806, 0.06206
0.73947, 0.06172
0.74087, 0.06138
0.74227, 0.06104
0.74367, 0.06070
0.74507, 0.06035
0.74647, 0.06001
0.74786, 0.05966
0.74925, 0.05931
0.75063, 0.05896
0.75202, 0.05861
0.75340, 0.05826
0.75478, 0.05791
0.75616, 0.05755
0.75753, 0.05720
0.75890, 0.05684
0.76026, 0.05648
0.76162, 0.05612
0.76298, 0.05576
0.76433, 0.05540
0.76568, 0.05504
0.76702, 0.05468
0.76836, 0.05432
0.76970, 0.05396
0.77103, 0.05359
0.77236, 0.05323
0.77369, 0.05286
0.77501, 0.05250
0.77633, 0.05214
0.77764, 0.05177
0.77895, 0.05141
0.78026, 0.05104
0.78156, 0.05068
0.78286, 0.05031
0.78415, 0.04995
0.78544, 0.04958
0.78673, 0.04922
0.78801, 0.04885
0.78929, 0.04849
0.79057, 0.04813
0.79184, 0.04776
0.79311, 0.04740
0.79437, 0.04704
0.79563, 0.04668
0.79689, 0.04632
0.79814, 0.04595
0.79939, 0.04559
0.80064, 0.04523
0.80188, 0.04488
0.80312, 0.04452
0.80435, 0.04416
0.80559, 0.04380
0.80681, 0.04345
0.80804, 0.04309
0.80926, 0.04274
0.81047, 0.04239
0.81169, 0.04204
0.81289, 0.04169
0.81410, 0.04134
0.81530, 0.04099
0.81650, 0.04064
0.81769, 0.04030
0.81888, 0.03995
0.82007, 0.03961
0.82125, 0.03927
0.82243, 0.03892
0.82361, 0.03859
0.82478, 0.03825
0.82595, 0.03791
0.82712, 0.03758
0.82828, 0.03724
0.82944, 0.03691
0.83059, 0.03658
0.83174, 0.03625
0.83289, 0.03592
0.83403, 0.03560
0.83517, 0.03527
0.83631, 0.03495
0.83744, 0.03463
0.83857, 0.03431
0.83970, 0.03399
0.84083, 0.03368
0.84195, 0.03336
0.84306, 0.03305
0.84418, 0.03274
0.84529, 0.03243
0.84640, 0.03212
0.84750, 0.03182
0.84861, 0.03151
0.84971, 0.03121
0.85080, 0.03091
0.85190, 0.03061
0.85299, 0.03031
0.85407, 0.03001
0.85516, 0.02972
0.85624, 0.02942
0.85731, 0.02913
0.85839, 0.02884
0.85946, 0.02855
0.86053, 0.02826
0.86159, 0.02798
0.86265, 0.02769
0.86371, 0.02741
0.86477, 0.02713
0.86582, 0.02685
0.86686, 0.02657
0.86791, 0.02629
0.86895, 0.02601
0.86999, 0.02574
0.87102, 0.02547
0.87205, 0.02520
0.87308, 0.02493
0.87411, 0.02466
0.87513, 0.02439
0.87614, 0.02413
0.87716, 0.02386
0.87817, 0.02360
0.87918, 0.02334
0.88018, 0.02308
0.88118, 0.02282
0.88218, 0.02256
0.88317, 0.02231
0.88416, 0.02205
0.88515, 0.02180
0.88613, 0.02155
0.88711, 0.02130
0.88809, 0.02105
0.88906, 0.02081
0.89003, 0.02056
0.89099, 0.02032
0.89195, 0.02007
0.89291, 0.01983
0.89386, 0.01959
0.89481, 0.01936
0.89576, 0.01912
0.89670, 0.01888
0.89764, 0.01865
0.89858, 0.01841
0.89951, 0.01818
0.90044, 0.01795
0.90136, 0.01772
0.90229, 0.01750
0.90320, 0.01727
0.90412, 0.01705
0.90503, 0.01682
0.90593, 0.01660
0.90683, 0.01638
0.90773, 0.01616
0.90863, 0.01594
0.90952, 0.01572
0.91040, 0.01551
0.91129, 0.01529
0.91217, 0.01508
0.91304, 0.01487
0.91391, 0.01466
0.91478, 0.01445
0.91564, 0.01424
0.91650, 0.01404
0.91736, 0.01383
0.91821, 0.01363
0.91906, 0.01342
0.91990, 0.01322
0.92074, 0.01302
0.92158, 0.01282
0.92241, 0.01263
0.92324, 0.01243
0.92407, 0.01224
0.92489, 0.01204
0.92570, 0.01185
0.92651, 0.01166
0.92732, 0.01147
0.92813, 0.01128
0.92893, 0.01109
0.92972, 0.01091
0.93052, 0.01072
0.93130, 0.01054
0.93209, 0.01035
0.93287, 0.01017
0.93364, 0.00999
0.93441, 0.00981
0.93518, 0.00964
0.93594, 0.00946
0.93670, 0.00929
0.93746, 0.00911
0.93821, 0.00894
0.93896, 0.00877
0.93970, 0.00860
0.94044, 0.00843
0.94117, 0.00826
0.94190, 0.00809
0.94263, 0.00793
0.94335, 0.00776
0.94407, 0.00760
0.94478, 0.00744
0.94549, 0.00728
0.94619, 0.00712
0.94689, 0.00696
0.94759, 0.00680
0.94828, 0.00665
0.94897, 0.00649
0.94965, 0.00634
0.95033, 0.00618
0.95101, 0.00603
0.95168, 0.00588
0.95234, 0.00573
0.95300, 0.00559
0.95366, 0.00544
0.95431, 0.00529
0.95496, 0.00515
0.95561, 0.00500
0.95625, 0.00486
0.95688, 0.00472
0.95751, 0.00458
0.95814, 0.00444
0.95876, 0.00430
0.95938, 0.00417
0.95999, 0.00403
0.96060, 0.00390
0.96121, 0.00377
0.96181, 0.00363
0.96240, 0.00350
0.96299, 0.00337
0.96358, 0.00324
0.96416, 0.00312
0.96474, 0.00299
0.96531, 0.00286
0.96588, 0.00274
0.96645, 0.00262
0.96701, 0.00249
0.96756, 0.00237
0.96811, 0.00225
0.96866, 0.00214
0.96920, 0.00202
0.96974, 0.00190
0.97027, 0.00179
0.97080, 0.00167
0.97133, 0.00156
0.97184, 0.00145
0.97236, 0.00133
0.97287, 0.00122
0.97337, 0.00112
0.97388, 0.00101
0.97437, 0.00090
0.97486, 0.00080
0.97535, 0.00069
0.97583, 0.00059
0.97631, 0.00048
0.97678, 0.00038
0.97725, 0.00028
0.97772, 0.00018
0.97818, 0.00009
0.97863, -0.00001
0.97908, -0.00011
0.97953, -0.00020
0.97997, -0.00030
0.98040, -0.00039
0.98083, -0.00048
0.98126, -0.00057
0.98168, -0.00066
0.98210, -0.00075
0.98251, -0.00084
0.98292, -0.00092
0.98332, -0.00101
0.98372, -0.00109
0.98412, -0.00118
0.98451, -0.00126
0.98489, -0.00134
0.98527, -0.00142
0.98565, -0.00150
0.98602, -0.00158
0.98638, -0.00165
0.98674, -0.00173
0.98710, -0.00180
0.98745, -0.00188
0.98780, -0.00195
0.98814, -0.00202
0.98848, -0.00209
0.98881, -0.00216
0.98914, -0.00223
0.98946, -0.00230
0.98978, -0.00237
0.99009, -0.00243
0.99040, -0.00250
0.99070, -0.00256
0.99100, -0.00262
0.99130, -0.00268
0.99159, -0.00274
0.99187, -0.00280
0.99215, -0.00286
0.99242, -0.00292
0.99269, -0.00298
0.99296, -0.00303
0.99322, -0.00309
0.99348, -0.00314
0.99373, -0.00319
0.99397, -0.00324
0.99421, -0.00329
0.99445, -0.00334
0.99468, -0.00339
0.99491, -0.00344
0.99513, -0.00348
0.99535, -0.00353
0.99556, -0.00357
0.99577, -0.00361
0.99597, -0.00366
0.99617, -0.00370
0.99636, -0.00374
0.99655, -0.00378
0.99673, -0.00381
0.99691, -0.00385
0.99708, -0.00389
0.99725, -0.00392
0.99742, -0.00396
0.99758, -0.00399
0.99773, -0.00402
0.99788, -0.00405
0.99802, -0.00408
0.99816, -0.00411
0.99830, -0.00414
0.99843, -0.00416
0.99855, -0.00419
0.99867, -0.00421
0.99879, -0.00424
0.99890, -0.00426
0.99900, -0.00428
0.99910, -0.00430
0.99920, -0.00432
0.99929, -0.00434
0.99937, -0.00436
0.99945, -0.00438
0.99953, -0.00439
0.99960, -0.00441
0.99967, -0.00442
0.99973, -0.00443
0.99978, -0.00444
0.99984, -0.00445
0.99988, -0.00446
0.99992, -0.00447
0.99996, -0.00448
0.99999, -0.00449
1.00002, -0.00449
1.00004, -0.00450
1.00006, -0.00450
1.00007, -0.00450
1.00010, -0.00451
1.00011, -0.00451

=== Lower Surface ===
0.00000, 0.01528
0.00004, 0.01500
0.00006, 0.01472
0.00010, 0.01445
0.00014, 0.01417
0.00019, 0.01390
0.00024, 0.01362
0.00030, 0.01335
0.00036, 0.01308
0.00043, 0.01280
0.00050, 0.01253
0.00058, 0.01226
0.00066, 0.01199
0.00075, 0.01172
0.00084, 0.01146
0.00094, 0.01119
0.00104, 0.01092
0.00114, 0.01066
0.00125, 0.01039
0.00137, 0.01013
0.00149, 0.00987
0.00162, 0.00961
0.00175, 0.00934
0.00188, 0.00908
0.00202, 0.00882
0.00217, 0.00857
0.00232, 0.00831
0.00247, 0.00805
0.00263, 0.00779
0.00279, 0.00754
0.00296, 0.00729
0.00314, 0.00703
0.00331, 0.00678
0.00350, 0.00653
0.00368, 0.00628
0.00388, 0.00602
0.00408, 0.00578
0.00428, 0.00553
0.00448, 0.00528
0.00470, 0.00503
0.00491, 0.00478
0.00513, 0.00454
0.00536, 0.00429
0.00559, 0.00405
0.00583, 0.00381
0.00607, 0.00357
0.00631, 0.00332
0.00656, 0.00308
0.00681, 0.00284
0.00707, 0.00260
0.00734, 0.00237
0.00761, 0.00213
0.00788, 0.00189
0.00816, 0.00166
0.00844, 0.00142
0.00873, 0.00119
0.00902, 0.00095
0.00931, 0.00072
0.00961, 0.00049
0.00992, 0.00026
0.01023, 0.00003
0.01055, -0.00020
0.01087, -0.00043
0.01119, -0.00066
0.01152, -0.00089
0.01185, -0.00111
0.01219, -0.00134
0.01253, -0.00156
0.01288, -0.00179
0.01323, -0.00201
0.01359, -0.00223
0.01395, -0.00245
0.01432, -0.00268
0.01469, -0.00290
0.01506, -0.00311
0.01544, -0.00333
0.01583, -0.00355
0.01622, -0.00377
0.01661, -0.00398
0.01701, -0.00420
0.01741, -0.00441
0.01782, -0.00463
0.01823, -0.00484
0.01865, -0.00505
0.01907, -0.00527
0.01950, -0.00548
0.01993, -0.00569
0.02036, -0.00590
0.02080, -0.00610
0.02124, -0.00631
0.02169, -0.00652
0.02215, -0.00673
0.02260, -0.00693
0.02307, -0.00714
0.02353, -0.00734
0.02400, -0.00754
0.02448, -0.00775
0.02496, -0.00795
0.02545, -0.00815
0.02593, -0.00835
0.02643, -0.00855
0.02693, -0.00875
0.02743, -0.00894
0.02794, -0.00914
0.02845, -0.00934
0.02897, -0.00953
0.02949, -0.00973
0.03001, -0.00992
0.03054, -0.01011
0.03108, -0.01031
0.03162, -0.01050
0.03216, -0.01069
0.03271, -0.01088
0.03326, -0.01107
0.03382, -0.01126
0.03438, -0.01145
0.03495, -0.01163
0.03552, -0.01182
0.03609, -0.01201
0.03667, -0.01219
0.03726, -0.01237
0.03784, -0.01256
0.03844, -0.01274
0.03904, -0.01292
0.03964, -0.01310
0.04024, -0.01328
0.04085, -0.01346
0.04147, -0.01364
0.04209, -0.01382
0.04271, -0.01399
0.04334, -0.01417
0.04398, -0.01435
0.04462, -0.01452
0.04526, -0.01469
0.04590, -0.01487
0.04656, -0.01504
0.04721, -0.01521
0.04787, -0.01538
0.04854, -0.01555
0.04921, -0.01572
0.04988, -0.01589
0.05056, -0.01606
0.05124, -0.01622
0.05193, -0.01639
0.05262, -0.01655
0.05332, -0.01672
0.05402, -0.01688
0.05472, -0.01704
0.05543, -0.01720
0.05615, -0.01736
0.05686, -0.01752
0.05759, -0.01768
0.05831, -0.01784
0.05905, -0.01800
0.05978, -0.01815
0.06052, -0.01831
0.06127, -0.01846
0.06202, -0.01861
0.06277, -0.01877
0.06353, -0.01892
0.06430, -0.01907
0.06506, -0.01922
0.06584, -0.01937
0.06661, -0.01951
0.06739, -0.01966
0.06818, -0.01981
0.06897, -0.01995
0.06976, -0.02010
0.07056, -0.02024
0.07137, -0.02038
0.07218, -0.02052
0.07299, -0.02066
0.07381, -0.02080
0.07463, -0.02094
0.07545, -0.02107
0.07628, -0.02121
0.07712, -0.02134
0.07796, -0.02148
0.07880, -0.02161
0.07965, -0.02174
0.08051, -0.02187
0.08136, -0.02200
0.08223, -0.02213
0.08309, -0.02226
0.08396, -0.02238
0.08484, -0.02251
0.08572, -0.02263
0.08661, -0.02275
0.08750, -0.02287
0.08839, -0.02299
0.08929, -0.02311
0.09019, -0.02323
0.09110, -0.02334
0.09201, -0.02346
0.09293, -0.02357
0.09385, -0.02369
0.09477, -0.02380
0.09570, -0.02391
0.09664, -0.02401
0.09758, -0.02412
0.09852, -0.02423
0.09947, -0.02433
0.10042, -0.02443
0.10138, -0.02454
0.10234, -0.02464
0.10331, -0.02473
0.10428, -0.02483
0.10525, -0.02493
0.10624, -0.02502
0.10722, -0.02511
0.10821, -0.02521
0.10920, -0.02530
0.11020, -0.02538
0.11120, -0.02547
0.11221, -0.02556
0.11322, -0.02564
0.11424, -0.02572
0.11526, -0.02580
0.11629, -0.02588
0.11732, -0.02596
0.11835, -0.02603
0.11939, -0.02610
0.12044, -0.02618
0.12148, -0.02625
0.12254, -0.02631
0.12359, -0.02638
0.12466, -0.02644
0.12572, -0.02651
0.12680, -0.02657
0.12787, -0.02663
0.12895, -0.02668
0.13004, -0.02674
0.13113, -0.02679
0.13222, -0.02684
0.13332, -0.02689
0.13442, -0.02694
0.13553, -0.02698
0.13664, -0.02702
0.13776, -0.02706
0.13888, -0.02710
0.14000, -0.02714
0.14113, -0.02717
0.14226, -0.02720
0.14340, -0.02723
0.14453, -0.02726
0.14568, -0.02729
0.14682, -0.02731
0.14797, -0.02733
0.14912, -0.02735
0.15027, -0.02737
0.15143, -0.02738
0.15259, -0.02740
0.15375, -0.02741
0.15492, -0.02742
0.15609, -0.02743
0.15726, -0.02743
0.15844, -0.02744
0.15962, -0.02744
0.16080, -0.02744
0.16198, -0.02743
0.16317, -0.02743
0.16436, -0.02742
0.16556, -0.02741
0.16675, -0.02740
0.16795, -0.02739
0.16916, -0.02738
0.17036, -0.02736
0.17157, -0.02734
0.17278, -0.02732
0.17400, -0.02730
0.17521, -0.02728
0.17643, -0.02725
0.17766, -0.02722
0.17888, -0.02719
0.18011, -0.02716
0.18134, -0.02713
0.18257, -0.02709
0.18381, -0.02705
0.18505, -0.02701
0.18629, -0.02697
0.18753, -0.02693
0.18878, -0.02689
0.19003, -0.02684
0.19128, -0.02679
0.19254, -0.02674
0.19379, -0.02669
0.19505, -0.02664
0.19631, -0.02658
0.19758, -0.02653
0.19884, -0.02647
0.20011, -0.02641
0.20138, -0.02634
0.20266, -0.02628
0.20393, -0.02622
0.20521, -0.02615
0.20649, -0.02608
0.20777, -0.02601
0.20906, -0.02594
0.21034, -0.02587
0.21163, -0.02579
0.21292, -0.02571
0.21421, -0.02564
0.21551, -0.02556
0.21680, -0.02548
0.21810, -0.02540
0.21940, -0.02531
0.22070, -0.02523
0.22200, -0.02514
0.22330, -0.02506
0.22461, -0.02497
0.22591, -0.02488
0.22722, -0.02479
0.22853, -0.02470
0.22984, -0.02460
0.23115, -0.02451
0.23247, -0.02441
0.23378, -0.02432
0.23510, -0.02422
0.23642, -0.02412
0.23773, -0.02403
0.23906, -0.02393
0.24038, -0.02382
0.24170, -0.02372
0.24302, -0.02362
0.24435, -0.02352
0.24568, -0.02341
0.24700, -0.02331
0.24833, -0.02320
0.24966, -0.02310
0.25100, -0.02299
0.25233, -0.02289
0.25366, -0.02278
0.25500, -0.02267
0.25633, -0.02256
0.25767, -0.02245
0.25901, -0.02234
0.26035, -0.02223
0.26168, -0.02212
0.26303, -0.02201
0.26437, -0.02190
0.26571, -0.02179
0.26705, -0.02168
0.26840, -0.02157
0.26974, -0.02146
0.27109, -0.02135
0.27243, -0.02124
0.27378, -0.02112
0.27513, -0.02101
0.27648, -0.02090
0.27784, -0.02079
0.27919, -0.02068
0.28055, -0.02057
0.28191, -0.02045
0.28327, -0.02034
0.28464, -0.02023
0.28601, -0.02012
0.28737, -0.02000
0.28874, -0.01989
0.29012, -0.01978
0.29149, -0.01967
0.29287, -0.01955
0.29425, -0.01944
0.29563, -0.01933
0.29701, -0.01921
0.29839, -0.01910
0.29978, -0.01899
0.30117, -0.01888
0.30256, -0.01876
0.30395, -0.01865
0.30534, -0.01854
0.30674, -0.01842
0.30814, -0.01831
0.30954, -0.01820
0.31094, -0.01808
0.31234, -0.01797
0.31374, -0.01786
0.31515, -0.01775
0.31656, -0.01763
0.31797, -0.01752
0.31938, -0.01741
0.32079, -0.01730
0.32221, -0.01718
0.32363, -0.01707
0.32505, -0.01696
0.32647, -0.01685
0.32789, -0.01674
0.32931, -0.01662
0.33074, -0.01651
0.33217, -0.01640
0.33359, -0.01629
0.33503, -0.01618
0.33646, -0.01607
0.33789, -0.01596
0.33933, -0.01584
0.34076, -0.01573
0.34220, -0.01562
0.34364, -0.01551
0.34508, -0.01540
0.34653, -0.01529
0.34797, -0.01518
0.34942, -0.01507
0.35087, -0.01496
0.35232, -0.01485
0.35377, -0.01475
0.35522, -0.01464
0.35667, -0.01453
0.35813, -0.01442
0.35958, -0.01431
0.36104, -0.01420
0.36250, -0.01410
0.36396, -0.01399
0.36543, -0.01388
0.36689, -0.01378
0.36835, -0.01367
0.36982, -0.01356
0.37129, -0.01346
0.37276, -0.01335
0.37423, -0.01325
0.37570, -0.01314
0.37717, -0.01304
0.37865, -0.01293
0.38012, -0.01283
0.38160, -0.01272
0.38308, -0.01262
0.38456, -0.01252
0.38604, -0.01241
0.38752, -0.01231
0.38900, -0.01221
0.39048, -0.01211
0.39197, -0.01201
0.39346, -0.01191
0.39494, -0.01181
0.39643, -0.01171
0.39792, -0.01161
0.39941, -0.01151
0.40091, -0.01141
0.40240, -0.01131
0.40389, -0.01121
0.40539, -0.01111
0.40688, -0.01101
0.40838, -0.01092
0.40988, -0.01082
0.41138, -0.01072
0.41288, -0.01063
0.41438, -0.01053
0.41588, -0.01044
0.41739, -0.01034
0.41889, -0.01025
0.42039, -0.01016
0.42190, -0.01006
0.42341, -0.00997
0.42491, -0.00988
0.42642, -0.00979
0.42793, -0.00969
0.42944, -0.00960
0.43095, -0.00951
0.43247, -0.00942
0.43398, -0.00933
0.43549, -0.00924
0.43701, -0.00916
0.43852, -0.00907
0.44004, -0.00898
0.44155, -0.00889
0.44307, -0.00881
0.44459, -0.00872
0.44611, -0.00864
0.44763, -0.00855
0.44915, -0.00847
0.45067, -0.00838
0.45219, -0.00830
0.45371, -0.00822
0.45523, -0.00813
0.45676, -0.00805
0.45828, -0.00797
0.45981, -0.00789
0.46133, -0.00781
0.46286, -0.00773
0.46438, -0.00765
0.46591, -0.00757
0.46744, -0.00750
0.46896, -0.00742
0.47049, -0.00734
0.47202, -0.00726
0.47355, -0.00719
0.47508, -0.00711
0.47661, -0.00704
0.47814, -0.00697
0.47967, -0.00689
0.48120, -0.00682
0.48273, -0.00675
0.48426, -0.00668
0.48580, -0.00661
0.48733, -0.00654
0.48886, -0.00647
0.49039, -0.00640
0.49193, -0.00633
0.49346, -0.00626
0.49500, -0.00619
0.49653, -0.00613
0.49806, -0.00606
0.49960, -0.00600
0.50113, -0.00593
0.50267, -0.00587
0.50420, -0.00580
0.50574, -0.00574
0.50727, -0.00568
0.50881, -0.00562
0.51035, -0.00556
0.51188, -0.00549
0.51342, -0.00544
0.51495, -0.00538
0.51649, -0.00532
0.51803, -0.00526
0.51956, -0.00520
0.52110, -0.00515
0.52263, -0.00509
0.52417, -0.00504
0.52571, -0.00498
0.52724, -0.00493
0.52878, -0.00487
0.53031, -0.00482
0.53185, -0.00477
0.53339, -0.00472
0.53492, -0.00467
0.53646, -0.00462
0.53799, -0.00457
0.53953, -0.00452
0.54106, -0.00447
0.54260, -0.00442
0.54413, -0.00438
0.54567, -0.00433
0.54720, -0.00429
0.54873, -0.00424
0.55027, -0.00420
0.55180, -0.00415
0.55333, -0.00411
0.55487, -0.00407
0.55640, -0.00403
0.55793, -0.00399
0.55946, -0.00395
0.56099, -0.00391
0.56253, -0.00387
0.56406, -0.00383
0.56559, -0.00380
0.56712, -0.00376
0.56865, -0.00372
0.57017, -0.00369
0.57170, -0.00365
0.57323, -0.00362
0.57476, -0.00359
0.57629, -0.00355
0.57781, -0.00352
0.57934, -0.00349
0.58086, -0.00346
0.58239, -0.00343
0.58391, -0.00340
0.58544, -0.00337
0.58696, -0.00335
0.58848, -0.00332
0.59000, -0.00329
0.59152, -0.00327
0.59304, -0.00324
0.59456, -0.00322
0.59608, -0.00319
0.59760, -0.00317
0.59912, -0.00315
0.60063, -0.00313
0.60215, -0.00310
0.60366, -0.00308
0.60518, -0.00306
0.60669, -0.00305
0.60821, -0.00303
0.60972, -0.00301
0.61123, -0.00299
0.61274, -0.00298
0.61425, -0.00296
0.61576, -0.00294
0.61726, -0.00293
0.61877, -0.00292
0.62027, -0.00290
0.62178, -0.00289
0.62328, -0.00288
0.62479, -0.00287
0.62629, -0.00286
0.62779, -0.00285
0.62929, -0.00284
0.63079, -0.00283
0.63228, -0.00282
0.63378, -0.00282
0.63527, -0.00281
0.63677, -0.00280
0.63826, -0.00280
0.63975, -0.00279
0.64124, -0.00279
0.64273, -0.00279
0.64422, -0.00278
0.64571, -0.00278
0.64719, -0.00278
0.64868, -0.00278
0.65016, -0.00278
0.65164, -0.00278
0.65312, -0.00278
0.65460, -0.00278
0.65608, -0.00278
0.65756, -0.00279
0.65903, -0.00279
0.66051, -0.00279
0.66198, -0.00280
0.66345, -0.00280
0.66492, -0.00281
0.66639, -0.00282
0.66785, -0.00282
0.66932, -0.00283
0.67078, -0.00284
0.67224, -0.00285
0.67369, -0.00286
0.67515, -0.00287
0.67660, -0.00288
0.67805, -0.00289
0.67950, -0.00290
0.68095, -0.00292
0.68240, -0.00293
0.68384, -0.00295
0.68528, -0.00296
0.68672, -0.00298
0.68816, -0.00299
0.68959, -0.00301
0.69103, -0.00303
0.69246, -0.00305
0.69389, -0.00307
0.69531, -0.00309
0.69674, -0.00312
0.69816, -0.00314
0.69958, -0.00316
0.70100, -0.00319
0.70242, -0.00321
0.70383, -0.00324
0.70524, -0.00327
0.70665, -0.00330
0.70806, -0.00333
0.70946, -0.00336
0.71087, -0.00339
0.71227, -0.00343
0.71367, -0.00346
0.71506, -0.00350
0.71646, -0.00353
0.71785, -0.00357
0.71924, -0.00361
0.72063, -0.00365
0.72201, -0.00369
0.72340, -0.00373
0.72478, -0.00378
0.72616, -0.00382
0.72753, -0.00387
0.72891, -0.00391
0.73028, -0.00396
0.73165, -0.00401
0.73302, -0.00406
0.73438, -0.00411
0.73575, -0.00417
0.73711, -0.00422
0.73846, -0.00428
0.73982, -0.00433
0.74117, -0.00439
0.74252, -0.00445
0.74387, -0.00451
0.74522, -0.00457
0.74656, -0.00464
0.74791, -0.00470
0.74925, -0.00477
0.75059, -0.00483
0.75193, -0.00490
0.75327, -0.00497
0.75461, -0.00504
0.75595, -0.00512
0.75728, -0.00519
0.75862, -0.00526
0.75995, -0.00534
0.76128, -0.00541
0.76261, -0.00549
0.76394, -0.00557
0.76527, -0.00565
0.76660, -0.00573
0.76792, -0.00581
0.76924, -0.00589
0.77056, -0.00597
0.77188, -0.00605
0.77320, -0.00613
0.77452, -0.00622
0.77583, -0.00630
0.77715, -0.00638
0.77846, -0.00646
0.77977, -0.00655
0.78107, -0.00663
0.78238, -0.00672
0.78368, -0.00680
0.78498, -0.00688
0.78628, -0.00697
0.78758, -0.00705
0.78888, -0.00714
0.79017, -0.00722
0.79146, -0.00730
0.79275, -0.00739
0.79404, -0.00747
0.79532, -0.00755
0.79661, -0.00764
0.79789, -0.00772
0.79916, -0.00780
0.80044, -0.00788
0.80171, -0.00796
0.80298, -0.00804
0.80425, -0.00812
0.80552, -0.00820
0.80678, -0.00828
0.80804, -0.00836
0.80930, -0.00844
0.81056, -0.00851
0.81181, -0.00859
0.81306, -0.00866
0.81431, -0.00874
0.81556, -0.00881
0.81680, -0.00888
0.81804, -0.00895
0.81928, -0.00902
0.82051, -0.00909
0.82174, -0.00916
0.82297, -0.00922
0.82420, -0.00929
0.82542, -0.00935
0.82664, -0.00942
0.82786, -0.00948
0.82907, -0.00954
0.83028, -0.00960
0.83149, -0.00966
0.83269, -0.00972
0.83390, -0.00977
0.83509, -0.00983
0.83629, -0.00988
0.83747, -0.00993
0.83866, -0.00998
0.83984, -0.01003
0.84102, -0.01008
0.84220, -0.01013
0.84337, -0.01017
0.84453, -0.01022
0.84570, -0.01026
0.84686, -0.01030
0.84801, -0.01034
0.84916, -0.01038
0.85031, -0.01042
0.85146, -0.01046
0.85260, -0.01049
0.85374, -0.01053
0.85487, -0.01056
0.85600, -0.01059
0.85712, -0.01063
0.85825, -0.01066
0.85936, -0.01069
0.86048, -0.01071
0.86159, -0.01074
0.86269, -0.01077
0.86380, -0.01079
0.86489, -0.01082
0.86599, -0.01084
0.86708, -0.01086
0.86817, -0.01088
0.86925, -0.01090
0.87033, -0.01092
0.87140, -0.01094
0.87247, -0.01096
0.87354, -0.01098
0.87460, -0.01099
0.87566, -0.01101
0.87672, -0.01102
0.87777, -0.01103
0.87882, -0.01104
0.87986, -0.01105
0.88090, -0.01106
0.88193, -0.01107
0.88296, -0.01108
0.88399, -0.01109
0.88501, -0.01110
0.88603, -0.01110
0.88705, -0.01111
0.88806, -0.01111
0.88906, -0.01112
0.89006, -0.01112
0.89106, -0.01112
0.89206, -0.01112
0.89305, -0.01112
0.89403, -0.01112
0.89501, -0.01112
0.89599, -0.01112
0.89696, -0.01112
0.89793, -0.01111
0.89890, -0.01111
0.89986, -0.01111
0.90082, -0.01110
0.90177, -0.01110
0.90272, -0.01109
0.90366, -0.01108
0.90460, -0.01107
0.90553, -0.01107
0.90647, -0.01106
0.90739, -0.01105
0.90832, -0.01104
0.90923, -0.01103
0.91015, -0.01102
0.91106, -0.01100
0.91196, -0.01099
0.91287, -0.01098
0.91376, -0.01097
0.91466, -0.01095
0.91554, -0.01094
0.91643, -0.01092
0.91731, -0.01091
0.91818, -0.01089
0.91905, -0.01088
0.91992, -0.01086
0.92078, -0.01084
0.92164, -0.01082
0.92250, -0.01081
0.92334, -0.01079
0.92419, -0.01077
0.92503, -0.01075
0.92587, -0.01073
0.92670, -0.01071
0.92753, -0.01069
0.92835, -0.01067
0.92917, -0.01065
0.92998, -0.01062
0.93079, -0.01060
0.93160, -0.01058
0.93240, -0.01056
0.93319, -0.01053
0.93398, -0.01051
0.93477, -0.01049
0.93556, -0.01046
0.93633, -0.01044
0.93711, -0.01041
0.93788, -0.01039
0.93864, -0.01036
0.93940, -0.01034
0.94016, -0.01031
0.94091, -0.01029
0.94166, -0.01026
0.94240, -0.01023
0.94314, -0.01021
0.94387, -0.01018
0.94460, -0.01015
0.94532, -0.01013
0.94604, -0.01010
0.94676, -0.01007
0.94747, -0.01004
0.94817, -0.01001
0.94888, -0.00999
0.94957, -0.00996
0.95027, -0.00993
0.95095, -0.00990
0.95164, -0.00987
0.95231, -0.00984
0.95299, -0.00981
0.95366, -0.00978
0.95432, -0.00976
0.95498, -0.00973
0.95564, -0.00970
0.95629, -0.00967
0.95693, -0.00964
0.95758, -0.00961
0.95821, -0.00958
0.95884, -0.00955
0.95947, -0.00952
0.96009, -0.00949
0.96071, -0.00946
0.96133, -0.00943
0.96193, -0.00940
0.96254, -0.00937
0.96314, -0.00934
0.96373, -0.00931
0.96432, -0.00928
0.96491, -0.00925
0.96549, -0.00922
0.96606, -0.00919
0.96664, -0.00916
0.96720, -0.00913
0.96776, -0.00910
0.96832, -0.00907
0.96887, -0.00904
0.96942, -0.00901
0.96996, -0.00898
0.97050, -0.00895
0.97103, -0.00892
0.97156, -0.00889
0.97209, -0.00886
0.97260, -0.00883
0.97312, -0.00880
0.97363, -0.00877
0.97413, -0.00874
0.97463, -0.00871
0.97513, -0.00868
0.97562, -0.00866
0.97610, -0.00863
0.97658, -0.00860
0.97706, -0.00857
0.97753, -0.00854
0.97800, -0.00851
0.97846, -0.00848
0.97891, -0.00846
0.97937, -0.00843
0.97981, -0.00840
0.98025, -0.00837
0.98069, -0.00835
0.98112, -0.00832
0.98155, -0.00829
0.98197, -0.00827
0.98239, -0.00824
0.98280, -0.00821
0.98321, -0.00819
0.98362, -0.00816
0.98401, -0.00814
0.98441, -0.00811
0.98480, -0.00808
0.98518, -0.00806
0.98556, -0.00803
0.98593, -0.00801
0.98630, -0.00799
0.98667, -0.00796
0.98703, -0.00794
0.98738, -0.00791
0.98773, -0.00789
0.98807, -0.00787
0.98841, -0.00784
0.98875, -0.00782
0.98908, -0.00780
0.98940, -0.00778
0.98972, -0.00775
0.99004, -0.00773
0.99035, -0.00771
0.99066, -0.00769
0.99096, -0.00767
0.99125, -0.00765
0.99154, -0.00763
0.99183, -0.00761
0.99211, -0.00759
0.99238, -0.00757
0.99266, -0.00755
0.99292, -0.00753
0.99318, -0.00751
0.99344, -0.00749
0.99369, -0.00748
0.99394, -0.00746
0.99418, -0.00744
0.99441, -0.00743
0.99465, -0.00741
0.99487, -0.00739
0.99509, -0.00738
0.99531, -0.00736
0.99552, -0.00735
0.99573, -0.00733
0.99593, -0.00732
0.99613, -0.00730
0.99632, -0.00729
0.99651, -0.00727
0.99669, -0.00726
0.99686, -0.00725
0.99704, -0.00723
0.99720, -0.00722
0.99737, -0.00721
0.99752, -0.00720
0.99767, -0.00719
0.99782, -0.00718
0.99796, -0.00717
0.99810, -0.00716
0.99823, -0.00715
0.99836, -0.00714
0.99848, -0.00713
0.99860, -0.00712
0.99871, -0.00711
0.99882, -0.00710
0.99892, -0.00709
0.99902, -0.00709
0.99911, -0.00708
0.99920, -0.00707
0.99928, -0.00707
0.99936, -0.00706
0.99943, -0.00706
0.99950, -0.00705
0.99956, -0.00705
0.99962, -0.00704
0.99967, -0.00704
0.99972, -0.00703
0.99976, -0.00703
0.99980, -0.00703
0.99983, -0.00703
0.99986, -0.00702
0.99988, -0.00702
0.99990, -0.00702
0.99991, -0.00702
0.99989, -0.00702
0.99989, -0.00702
