airfoil_points_141
1.000000 -0.033344
0.999748 -0.033302
0.998993 -0.033175
0.997736 -0.032961
0.995977 -0.032660
0.993719 -0.032270
0.990964 -0.031788
0.987715 -0.031211
0.983974 -0.030535
0.979746 -0.029756
0.975036 -0.028869
0.969846 -0.027869
0.964184 -0.026749
0.958054 -0.025503
0.951463 -0.024125
0.944418 -0.022605
0.936925 -0.020937
0.928992 -0.019110
0.920627 -0.017117
0.911838 -0.014946
0.902635 -0.012588
0.893027 -0.010032
0.883022 -0.007267
0.872632 -0.004280
0.861867 -0.001061
0.850737 0.002403
0.839255 0.006126
0.827430 0.010114
0.815276 0.014362
0.802805 0.018856
0.790028 0.023581
0.776960 0.028517
0.763613 0.033641
0.750000 0.038922
0.736136 0.044289
0.722033 0.049652
0.707708 0.054918
0.693173 0.059991
0.678443 0.064773
0.663534 0.069182
0.648460 0.073210
0.633237 0.076866
0.617879 0.080163
0.602403 0.083113
0.586824 0.085732
0.571157 0.088039
0.555419 0.090052
0.539625 0.091792
0.523791 0.093281
0.507933 0.094543
0.492067 0.095601
0.476209 0.096483
0.460375 0.097212
0.444581 0.097815
0.428843 0.098318
0.413176 0.098748
0.397597 0.099131
0.382121 0.099491
0.366763 0.099853
0.351540 0.100240
0.336466 0.100674
0.321557 0.101175
0.306827 0.101762
0.292292 0.102449
0.277967 0.103251
0.263864 0.104175
0.250000 0.105127
0.236387 0.105938
0.223040 0.106476
0.209972 0.106641
0.197195 0.106356
0.184724 0.105588
0.172570 0.104391
0.160745 0.102831
0.149263 0.100974
0.138133 0.098878
0.127368 0.096601
0.116978 0.094198
0.106973 0.091698
0.097365 0.089117
0.088162 0.086466
0.079373 0.083759
0.071008 0.081004
0.063075 0.078213
0.055582 0.075391
0.048537 0.072548
0.041946 0.069688
0.035816 0.066817
0.030154 0.063939
0.024964 0.061058
0.020254 0.058177
0.016026 0.055299
0.012285 0.052426
0.009036 0.049560
0.006281 0.046705
0.004023 0.043863
0.002264 0.041041
0.001007 0.038259
0.000252 0.035589
0.000000 0.033856
0.000252 0.029291
0.001007 0.026723
0.002264 0.024138
0.004023 0.021616
0.006281 0.019176
0.009036 0.016827
0.012285 0.014575
0.016026 0.012424
0.020254 0.010380
0.024964 0.008445
0.030154 0.006624
0.035816 0.004921
0.041946 0.003339
0.048537 0.001882
0.055582 0.000550
0.063075 -0.000653
0.071008 -0.001728
0.079373 -0.002675
0.088162 -0.003496
0.097365 -0.004195
0.106973 -0.004777
0.116978 -0.005248
0.127368 -0.005619
0.138133 -0.005900
0.149263 -0.006123
0.160745 -0.006360
0.172570 -0.006692
0.184724 -0.007224
0.197195 -0.008085
0.209972 -0.009357
0.223040 -0.010903
0.236387 -0.012569
0.250000 -0.014203
0.263864 -0.015657
0.277967 -0.016833
0.292292 -0.017724
0.306827 -0.018340
0.321557 -0.018693
0.336466 -0.018797
0.351540 -0.018670
0.366763 -0.018332
0.382121 -0.017805
0.397597 -0.017116
0.413176 -0.016292
0.428843 -0.015363
0.444581 -0.014361
0.460375 -0.013320
0.476209 -0.012277
0.492067 -0.011266
0.507933 -0.010326
0.523791 -0.009494
0.539625 -0.008808
0.555419 -0.008304
0.571157 -0.008018
0.586824 -0.007985
0.602403 -0.008236
0.617879 -0.008801
0.633237 -0.009707
0.648460 -0.010977
0.663534 -0.012630
0.678443 -0.014650
0.693173 -0.016932
0.707708 -0.019368
0.722033 -0.021862
0.736136 -0.024329
0.750000 -0.026696
0.763613 -0.028915
0.776960 -0.030969
0.790028 -0.032843
0.802805 -0.034526
0.815276 -0.036009
0.827430 -0.037287
0.839255 -0.038358
0.850737 -0.039231
0.861867 -0.039919
0.872632 -0.040439
0.883022 -0.040805
0.893027 -0.041032
0.902635 -0.041134
0.911838 -0.041126
0.920627 -0.041023
0.928992 -0.040837
0.936925 -0.040582
0.944418 -0.040272
0.951463 -0.039918
0.958054 -0.039533
0.964184 -0.039128
0.969846 -0.038715
0.975036 -0.038302
0.979746 -0.037899
0.983974 -0.037515
0.987715 -0.037157
0.990964 -0.036833
0.993719 -0.036548
0.995977 -0.036308
0.997736 -0.036117
0.998993 -0.035978
0.999748 -0.035894
1.000000 -0.035869
