airfoil_points_155
1.000000 0.017692
0.999748 0.017739
0.998993 0.017878
0.997736 0.018108
0.995977 0.018425
0.993719 0.018826
0.990964 0.019305
0.987715 0.019857
0.983974 0.020475
0.979746 0.021150
0.975036 0.021876
0.969846 0.022643
0.964184 0.023443
0.958054 0.024267
0.951463 0.025107
0.944418 0.025955
0.936925 0.026802
0.928992 0.027643
0.920627 0.028470
0.911838 0.029280
0.902635 0.030067
0.893027 0.030830
0.883022 0.031567
0.872632 0.032280
0.861867 0.032970
0.850737 0.033642
0.839255 0.034302
0.827430 0.034959
0.815276 0.035626
0.802805 0.036319
0.790028 0.037058
0.776960 0.037866
0.763613 0.038770
0.750000 0.039798
0.736136 0.040970
0.722033 0.042269
0.707708 0.043671
0.693173 0.045150
0.678443 0.046676
0.663534 0.048220
0.648460 0.049761
0.633237 0.051294
0.617879 0.052813
0.602403 0.054312
0.586824 0.055786
0.571157 0.057227
0.555419 0.058630
0.539625 0.059987
0.523791 0.061292
0.507933 0.062540
0.492067 0.063722
0.476209 0.064833
0.460375 0.065866
0.444581 0.066815
0.428843 0.067674
0.413176 0.068437
0.397597 0.069099
0.382121 0.069654
0.366763 0.070098
0.351540 0.070427
0.336466 0.070635
0.321557 0.070721
0.306827 0.070680
0.292292 0.070511
0.277967 0.070210
0.263864 0.069778
0.250000 0.069212
0.236387 0.068513
0.223040 0.067680
0.209972 0.066714
0.197195 0.065616
0.184724 0.064388
0.172570 0.063031
0.160745 0.061544
0.149263 0.059930
0.138133 0.058191
0.127368 0.056331
0.116978 0.054353
0.106973 0.052265
0.097365 0.050073
0.088162 0.047787
0.079373 0.045413
0.071008 0.042960
0.063075 0.040435
0.055582 0.037846
0.048537 0.035201
0.041946 0.032507
0.035816 0.029771
0.030154 0.027001
0.024964 0.024203
0.020254 0.021383
0.016026 0.018549
0.012285 0.015707
0.009036 0.012862
0.006281 0.010021
0.004023 0.007191
0.002264 0.004387
0.001007 0.001632
0.000252 -0.000962
0.000000 -0.002536
0.000252 -0.007558
0.001007 -0.010057
0.002264 -0.012613
0.004023 -0.015119
0.006281 -0.017549
0.009036 -0.019892
0.012285 -0.022145
0.016026 -0.024306
0.020254 -0.026372
0.024964 -0.028344
0.030154 -0.030221
0.035816 -0.032003
0.041946 -0.033689
0.048537 -0.035280
0.055582 -0.036778
0.063075 -0.038182
0.071008 -0.039494
0.079373 -0.040717
0.088162 -0.041850
0.097365 -0.042898
0.106973 -0.043862
0.116978 -0.044745
0.127368 -0.045551
0.138133 -0.046283
0.149263 -0.046944
0.160745 -0.047533
0.172570 -0.048051
0.184724 -0.048496
0.197195 -0.048869
0.209972 -0.049168
0.223040 -0.049395
0.236387 -0.049552
0.250000 -0.049640
0.263864 -0.049661
0.277967 -0.049616
0.292292 -0.049508
0.306827 -0.049339
0.321557 -0.049110
0.336466 -0.048824
0.351540 -0.048482
0.366763 -0.048086
0.382121 -0.047638
0.397597 -0.047139
0.413176 -0.046590
0.428843 -0.045994
0.444581 -0.045351
0.460375 -0.044662
0.476209 -0.043929
0.492067 -0.043152
0.507933 -0.042333
0.523791 -0.041472
0.539625 -0.040570
0.555419 -0.039628
0.571157 -0.038646
0.586824 -0.037626
0.602403 -0.036567
0.617879 -0.035471
0.633237 -0.034339
0.648460 -0.033172
0.663534 -0.031970
0.678443 -0.030734
0.693173 -0.029452
0.707708 -0.028099
0.722033 -0.026655
0.736136 -0.025102
0.750000 -0.023425
0.763613 -0.021612
0.776960 -0.019682
0.790028 -0.017667
0.802805 -0.015598
0.815276 -0.013503
0.827430 -0.011408
0.839255 -0.009336
0.850737 -0.007307
0.861867 -0.005337
0.872632 -0.003437
0.883022 -0.001618
0.893027 0.000111
0.902635 0.001744
0.911838 0.003275
0.920627 0.004703
0.928992 0.006024
0.936925 0.007241
0.944418 0.008352
0.951463 0.009362
0.958054 0.010274
0.964184 0.011090
0.969846 0.011816
0.975036 0.012456
0.979746 0.013016
0.983974 0.013500
0.987715 0.013913
0.990964 0.014261
0.993719 0.014547
0.995977 0.014776
0.997736 0.014950
0.998993 0.015073
0.999748 0.015146
1.000000 0.015166
