=== Airfoil Parameters ===
m = 0.02
p = 0.4
t = 0.12

=== Control Points ===
0.00000, 0.03449, 0.03449
0.06667, 0.03041, 0.02430
0.13333, 0.01791, 0.00680
0.20000, 0.00647, -0.00853
0.26667, 0.00534, -0.01244
0.66667, 0.01052, -0.00553
0.75000, 0.01699, 0.00380
0.83333, 0.01826, 0.00869
0.91667, 0.01462, 0.00945
1.00000, 0.00940, 0.00940

=== Upper Surface ===
0.00000, 0.03449
-0.00001, 0.03477
-0.00001, 0.03505
-0.00001, 0.03533
-0.00001, 0.03561
0.00000, 0.03588
0.00002, 0.03616
0.00004, 0.03644
0.00006, 0.03672
0.00010, 0.03700
0.00013, 0.03728
0.00017, 0.03756
0.00022, 0.03783
0.00027, 0.03811
0.00033, 0.03839
0.00039, 0.03867
0.00045, 0.03894
0.00053, 0.03922
0.00060, 0.03950
0.00069, 0.03977
0.00077, 0.04005
0.00087, 0.04033
0.00096, 0.04060
0.00107, 0.04088
0.00118, 0.04115
0.00129, 0.04143
0.00141, 0.04170
0.00153, 0.04198
0.00166, 0.04225
0.00180, 0.04252
0.00194, 0.04280
0.00209, 0.04307
0.00224, 0.04335
0.00240, 0.04362
0.00256, 0.04389
0.00273, 0.04416
0.00290, 0.04443
0.00308, 0.04471
0.00326, 0.04498
0.00345, 0.04525
0.00364, 0.04552
0.00385, 0.04579
0.00405, 0.04606
0.00426, 0.04632
0.00448, 0.04659
0.00470, 0.04686
0.00493, 0.04713
0.00516, 0.04740
0.00540, 0.04766
0.00565, 0.04793
0.00590, 0.04819
0.00615, 0.04846
0.00641, 0.04872
0.00668, 0.04899
0.00695, 0.04925
0.00723, 0.04951
0.00751, 0.04977
0.00780, 0.05004
0.00810, 0.05030
0.00840, 0.05056
0.00870, 0.05081
0.00901, 0.05107
0.00933, 0.05133
0.00965, 0.05159
0.00998, 0.05184
0.01032, 0.05210
0.01066, 0.05235
0.01100, 0.05261
0.01135, 0.05286
0.01171, 0.05311
0.01207, 0.05336
0.01244, 0.05361
0.01281, 0.05386
0.01319, 0.05411
0.01358, 0.05436
0.01397, 0.05460
0.01436, 0.05485
0.01477, 0.05509
0.01517, 0.05534
0.01559, 0.05558
0.01601, 0.05582
0.01643, 0.05606
0.01686, 0.05630
0.01730, 0.05654
0.01774, 0.05677
0.01819, 0.05701
0.01864, 0.05724
0.01910, 0.05747
0.01956, 0.05771
0.02003, 0.05794
0.02051, 0.05816
0.02099, 0.05839
0.02147, 0.05862
0.02197, 0.05884
0.02246, 0.05907
0.02297, 0.05929
0.02348, 0.05951
0.02399, 0.05973
0.02451, 0.05994
0.02504, 0.06016
0.02557, 0.06038
0.02610, 0.06059
0.02665, 0.06080
0.02720, 0.06101
0.02775, 0.06122
0.02831, 0.06142
0.02887, 0.06163
0.02944, 0.06183
0.03002, 0.06203
0.03060, 0.06223
0.03119, 0.06243
0.03178, 0.06262
0.03238, 0.06282
0.03298, 0.06301
0.03359, 0.06320
0.03420, 0.06339
0.03482, 0.06358
0.03545, 0.06376
0.03608, 0.06394
0.03671, 0.06412
0.03735, 0.06430
0.03800, 0.06448
0.03865, 0.06465
0.03931, 0.06483
0.03997, 0.06500
0.04064, 0.06517
0.04131, 0.06533
0.04199, 0.06550
0.04267, 0.06566
0.04336, 0.06582
0.04405, 0.06598
0.04475, 0.06613
0.04546, 0.06628
0.04617, 0.06644
0.04688, 0.06658
0.04760, 0.06673
0.04832, 0.06688
0.04905, 0.06702
0.04979, 0.06716
0.05053, 0.06729
0.05127, 0.06743
0.05202, 0.06756
0.05278, 0.06769
0.05354, 0.06782
0.05430, 0.06794
0.05507, 0.06807
0.05585, 0.06819
0.05662, 0.06830
0.05741, 0.06842
0.05820, 0.06853
0.05899, 0.06864
0.05979, 0.06875
0.06059, 0.06886
0.06140, 0.06896
0.06221, 0.06906
0.06303, 0.06916
0.06385, 0.06925
0.06468, 0.06934
0.06551, 0.06943
0.06635, 0.06952
0.06719, 0.06961
0.06803, 0.06969
0.06888, 0.06977
0.06973, 0.06984
0.07059, 0.06992
0.07145, 0.06999
0.07232, 0.07006
0.07319, 0.07012
0.07407, 0.07019
0.07495, 0.07025
0.07583, 0.07031
0.07672, 0.07036
0.07761, 0.07041
0.07851, 0.07046
0.07941, 0.07051
0.08032, 0.07056
0.08122, 0.07060
0.08214, 0.07064
0.08305, 0.07068
0.08398, 0.07071
0.08490, 0.07074
0.08583, 0.07077
0.08676, 0.07080
0.08770, 0.07082
0.08864, 0.07084
0.08959, 0.07086
0.09053, 0.07087
0.09149, 0.07089
0.09244, 0.07090
0.09340, 0.07090
0.09436, 0.07091
0.09533, 0.07091
0.09630, 0.07091
0.09728, 0.07091
0.09825, 0.07090
0.09923, 0.07090
0.10022, 0.07088
0.10121, 0.07087
0.10220, 0.07086
0.10319, 0.07084
0.10419, 0.07082
0.10519, 0.07079
0.10620, 0.07077
0.10720, 0.07074
0.10822, 0.07071
0.10923, 0.07068
0.11025, 0.07064
0.11127, 0.07060
0.11229, 0.07056
0.11332, 0.07052
0.11435, 0.07048
0.11538, 0.07043
0.11641, 0.07038
0.11745, 0.07033
0.11849, 0.07028
0.11954, 0.07022
0.12058, 0.07016
0.12163, 0.07010
0.12268, 0.07004
0.12374, 0.06997
0.12480, 0.06991
0.12586, 0.06984
0.12692, 0.06977
0.12798, 0.06970
0.12905, 0.06962
0.13012, 0.06954
0.13119, 0.06947
0.13227, 0.06939
0.13335, 0.06930
0.13442, 0.06922
0.13551, 0.06913
0.13659, 0.06905
0.13768, 0.06896
0.13876, 0.06887
0.13986, 0.06877
0.14095, 0.06868
0.14204, 0.06858
0.14314, 0.06849
0.14424, 0.06839
0.14534, 0.06829
0.14643, 0.06819
0.14753, 0.06809
0.14863, 0.06798
0.14973, 0.06788
0.15084, 0.06778
0.15194, 0.06767
0.15304, 0.06757
0.15414, 0.06746
0.15524, 0.06735
0.15634, 0.06725
0.15744, 0.06714
0.15853, 0.06703
0.15963, 0.06693
0.16073, 0.06682
0.16183, 0.06671
0.16293, 0.06661
0.16402, 0.06650
0.16512, 0.06640
0.16621, 0.06629
0.16731, 0.06619
0.16840, 0.06608
0.16949, 0.06598
0.17058, 0.06588
0.17167, 0.06578
0.17276, 0.06568
0.17384, 0.06558
0.17493, 0.06548
0.17601, 0.06538
0.17709, 0.06529
0.17817, 0.06519
0.17925, 0.06510
0.18033, 0.06501
0.18140, 0.06492
0.18248, 0.06484
0.18355, 0.06475
0.18462, 0.06467
0.18568, 0.06459
0.18675, 0.06451
0.18781, 0.06444
0.18887, 0.06437
0.18992, 0.06430
0.19098, 0.06423
0.19203, 0.06416
0.19308, 0.06410
0.19412, 0.06404
0.19517, 0.06398
0.19621, 0.06393
0.19725, 0.06388
0.19828, 0.06383
0.19931, 0.06379
0.20034, 0.06375
0.20136, 0.06371
0.20238, 0.06368
0.20340, 0.06365
0.20442, 0.06362
0.20543, 0.06360
0.20645, 0.06358
0.20747, 0.06357
0.20850, 0.06355
0.20953, 0.06354
0.21057, 0.06353
0.21162, 0.06353
0.21268, 0.06353
0.21374, 0.06353
0.21481, 0.06353
0.21588, 0.06354
0.21697, 0.06354
0.21806, 0.06355
0.21916, 0.06357
0.22027, 0.06358
0.22138, 0.06360
0.22250, 0.06362
0.22363, 0.06364
0.22477, 0.06367
0.22591, 0.06369
0.22707, 0.06372
0.22823, 0.06375
0.22940, 0.06378
0.23058, 0.06382
0.23176, 0.06385
0.23296, 0.06389
0.23416, 0.06393
0.23537, 0.06397
0.23659, 0.06401
0.23782, 0.06405
0.23905, 0.06410
0.24030, 0.06415
0.24155, 0.06419
0.24281, 0.06424
0.24408, 0.06429
0.24536, 0.06434
0.24665, 0.06439
0.24794, 0.06444
0.24925, 0.06449
0.25056, 0.06454
0.25188, 0.06459
0.25321, 0.06464
0.25456, 0.06469
0.25590, 0.06474
0.25726, 0.06479
0.25863, 0.06484
0.26001, 0.06489
0.26139, 0.06494
0.26279, 0.06499
0.26419, 0.06504
0.26560, 0.06508
0.26702, 0.06512
0.26844, 0.06517
0.26986, 0.06521
0.27128, 0.06525
0.27271, 0.06528
0.27414, 0.06532
0.27557, 0.06535
0.27701, 0.06538
0.27844, 0.06542
0.27988, 0.06545
0.28132, 0.06547
0.28276, 0.06550
0.28420, 0.06552
0.28565, 0.06555
0.28709, 0.06557
0.28854, 0.06559
0.28999, 0.06561
0.29144, 0.06562
0.29290, 0.06564
0.29435, 0.06565
0.29581, 0.06567
0.29727, 0.06568
0.29873, 0.06569
0.30020, 0.06570
0.30166, 0.06570
0.30313, 0.06571
0.30459, 0.06571
0.30606, 0.06571
0.30754, 0.06571
0.30901, 0.06571
0.31048, 0.06571
0.31196, 0.06571
0.31344, 0.06570
0.31492, 0.06570
0.31640, 0.06569
0.31788, 0.06568
0.31936, 0.06567
0.32085, 0.06566
0.32233, 0.06565
0.32382, 0.06563
0.32531, 0.06562
0.32680, 0.06560
0.32830, 0.06558
0.32979, 0.06556
0.33128, 0.06554
0.33278, 0.06552
0.33428, 0.06549
0.33578, 0.06547
0.33728, 0.06544
0.33878, 0.06542
0.34028, 0.06539
0.34179, 0.06536
0.34329, 0.06533
0.34480, 0.06529
0.34631, 0.06526
0.34782, 0.06523
0.34933, 0.06519
0.35084, 0.06515
0.35235, 0.06512
0.35387, 0.06508
0.35538, 0.06504
0.35690, 0.06499
0.35841, 0.06495
0.35993, 0.06491
0.36145, 0.06486
0.36297, 0.06482
0.36449, 0.06477
0.36602, 0.06472
0.36754, 0.06467
0.36906, 0.06462
0.37059, 0.06457
0.37212, 0.06452
0.37364, 0.06447
0.37517, 0.06441
0.37670, 0.06436
0.37823, 0.06430
0.37976, 0.06424
0.38129, 0.06419
0.38282, 0.06413
0.38436, 0.06407
0.38589, 0.06400
0.38743, 0.06394
0.38896, 0.06388
0.39050, 0.06382
0.39203, 0.06375
0.39357, 0.06369
0.39511, 0.06362
0.39665, 0.06355
0.39819, 0.06349
0.39973, 0.06342
0.40127, 0.06335
0.40281, 0.06328
0.40436, 0.06321
0.40590, 0.06313
0.40744, 0.06306
0.40899, 0.06299
0.41053, 0.06291
0.41208, 0.06284
0.41362, 0.06276
0.41517, 0.06269
0.41672, 0.06261
0.41826, 0.06253
0.41981, 0.06246
0.42136, 0.06238
0.42291, 0.06230
0.42446, 0.06222
0.42601, 0.06214
0.42756, 0.06206
0.42911, 0.06197
0.43066, 0.06189
0.43221, 0.06181
0.43376, 0.06173
0.43531, 0.06164
0.43687, 0.06156
0.43842, 0.06147
0.43997, 0.06139
0.44153, 0.06130
0.44308, 0.06121
0.44463, 0.06113
0.44619, 0.06104
0.44774, 0.06095
0.44929, 0.06086
0.45085, 0.06078
0.45240, 0.06069
0.45396, 0.06060
0.45551, 0.06051
0.45707, 0.06042
0.45862, 0.06033
0.46018, 0.06024
0.46173, 0.06015
0.46329, 0.06005
0.46485, 0.05996
0.46640, 0.05987
0.46796, 0.05978
0.46951, 0.05969
0.47107, 0.05959
0.47262, 0.05950
0.47418, 0.05941
0.47574, 0.05932
0.47729, 0.05922
0.47885, 0.05913
0.48040, 0.05904
0.48196, 0.05894
0.48351, 0.05885
0.48507, 0.05875
0.48662, 0.05866
0.48818, 0.05857
0.48973, 0.05847
0.49129, 0.05838
0.49284, 0.05828
0.49440, 0.05819
0.49595, 0.05809
0.49750, 0.05800
0.49906, 0.05790
0.50061, 0.05781
0.50216, 0.05772
0.50372, 0.05762
0.50527, 0.05753
0.50682, 0.05743
0.50837, 0.05734
0.50993, 0.05725
0.51148, 0.05715
0.51303, 0.05706
0.51458, 0.05696
0.51613, 0.05687
0.51768, 0.05678
0.51923, 0.05668
0.52078, 0.05659
0.52233, 0.05650
0.52388, 0.05641
0.52542, 0.05631
0.52697, 0.05622
0.52852, 0.05613
0.53006, 0.05604
0.53161, 0.05595
0.53316, 0.05585
0.53470, 0.05576
0.53625, 0.05567
0.53779, 0.05558
0.53933, 0.05549
0.54088, 0.05540
0.54242, 0.05531
0.54396, 0.05522
0.54550, 0.05514
0.54704, 0.05505
0.54858, 0.05496
0.55012, 0.05487
0.55166, 0.05479
0.55320, 0.05470
0.55473, 0.05461
0.55627, 0.05453
0.55781, 0.05444
0.55934, 0.05436
0.56087, 0.05427
0.56241, 0.05419
0.56394, 0.05411
0.56547, 0.05402
0.56700, 0.05394
0.56853, 0.05386
0.57006, 0.05378
0.57159, 0.05370
0.57312, 0.05362
0.57465, 0.05354
0.57618, 0.05346
0.57770, 0.05338
0.57923, 0.05331
0.58075, 0.05323
0.58227, 0.05315
0.58379, 0.05308
0.58531, 0.05300
0.58683, 0.05293
0.58835, 0.05285
0.58987, 0.05278
0.59139, 0.05271
0.59291, 0.05264
0.59442, 0.05257
0.59594, 0.05250
0.59745, 0.05243
0.59896, 0.05236
0.60047, 0.05229
0.60198, 0.05222
0.60349, 0.05216
0.60500, 0.05209
0.60651, 0.05203
0.60801, 0.05196
0.60952, 0.05190
0.61102, 0.05184
0.61252, 0.05177
0.61402, 0.05171
0.61552, 0.05165
0.61702, 0.05159
0.61852, 0.05154
0.62002, 0.05148
0.62151, 0.05142
0.62301, 0.05137
0.62450, 0.05131
0.62599, 0.05126
0.62748, 0.05121
0.62897, 0.05115
0.63046, 0.05110
0.63195, 0.05105
0.63343, 0.05100
0.63492, 0.05096
0.63640, 0.05091
0.63788, 0.05086
0.63936, 0.05082
0.64084, 0.05077
0.64232, 0.05073
0.64379, 0.05069
0.64527, 0.05064
0.64674, 0.05060
0.64821, 0.05056
0.64968, 0.05053
0.65115, 0.05049
0.65262, 0.05045
0.65409, 0.05042
0.65555, 0.05038
0.65701, 0.05035
0.65848, 0.05032
0.65994, 0.05029
0.66140, 0.05026
0.66285, 0.05023
0.66431, 0.05020
0.66577, 0.05017
0.66722, 0.05015
0.66868, 0.05012
0.67014, 0.05010
0.67159, 0.05008
0.67305, 0.05005
0.67451, 0.05003
0.67597, 0.05001
0.67743, 0.04999
0.67888, 0.04997
0.68034, 0.04996
0.68180, 0.04994
0.68326, 0.04992
0.68472, 0.04990
0.68618, 0.04989
0.68763, 0.04987
0.68909, 0.04985
0.69055, 0.04984
0.69201, 0.04982
0.69346, 0.04980
0.69492, 0.04979
0.69638, 0.04977
0.69783, 0.04975
0.69929, 0.04974
0.70074, 0.04972
0.70220, 0.04970
0.70365, 0.04968
0.70511, 0.04966
0.70656, 0.04964
0.70801, 0.04962
0.70946, 0.04960
0.71091, 0.04958
0.71236, 0.04956
0.71381, 0.04953
0.71526, 0.04951
0.71671, 0.04948
0.71815, 0.04945
0.71960, 0.04943
0.72104, 0.04940
0.72249, 0.04937
0.72393, 0.04934
0.72537, 0.04930
0.72681, 0.04927
0.72825, 0.04923
0.72968, 0.04919
0.73112, 0.04916
0.73255, 0.04911
0.73399, 0.04907
0.73542, 0.04903
0.73685, 0.04898
0.73828, 0.04894
0.73971, 0.04889
0.74113, 0.04883
0.74256, 0.04878
0.74398, 0.04873
0.74540, 0.04867
0.74682, 0.04861
0.74824, 0.04855
0.74965, 0.04848
0.75106, 0.04842
0.75247, 0.04835
0.75388, 0.04828
0.75528, 0.04820
0.75668, 0.04813
0.75808, 0.04805
0.75947, 0.04797
0.76086, 0.04789
0.76224, 0.04781
0.76363, 0.04772
0.76500, 0.04764
0.76638, 0.04755
0.76775, 0.04746
0.76912, 0.04736
0.77049, 0.04727
0.77185, 0.04717
0.77321, 0.04707
0.77456, 0.04697
0.77592, 0.04687
0.77727, 0.04676
0.77861, 0.04666
0.77995, 0.04655
0.78129, 0.04644
0.78263, 0.04633
0.78396, 0.04622
0.78529, 0.04610
0.78661, 0.04599
0.78793, 0.04587
0.78925, 0.04575
0.79056, 0.04563
0.79188, 0.04551
0.79318, 0.04539
0.79449, 0.04526
0.79579, 0.04514
0.79708, 0.04501
0.79838, 0.04488
0.79967, 0.04475
0.80095, 0.04462
0.80224, 0.04448
0.80352, 0.04435
0.80479, 0.04421
0.80606, 0.04408
0.80733, 0.04394
0.80860, 0.04380
0.80986, 0.04366
0.81112, 0.04352
0.81237, 0.04338
0.81362, 0.04323
0.81487, 0.04309
0.81611, 0.04294
0.81735, 0.04280
0.81859, 0.04265
0.81982, 0.04250
0.82105, 0.04235
0.82228, 0.04220
0.82350, 0.04205
0.82472, 0.04189
0.82593, 0.04174
0.82714, 0.04159
0.82835, 0.04143
0.82955, 0.04128
0.83075, 0.04112
0.83195, 0.04096
0.83314, 0.04080
0.83433, 0.04064
0.83551, 0.04048
0.83669, 0.04032
0.83787, 0.04016
0.83904, 0.04000
0.84021, 0.03984
0.84138, 0.03967
0.84254, 0.03951
0.84370, 0.03935
0.84485, 0.03918
0.84600, 0.03901
0.84715, 0.03885
0.84829, 0.03868
0.84943, 0.03852
0.85057, 0.03835
0.85170, 0.03818
0.85283, 0.03801
0.85395, 0.03784
0.85507, 0.03767
0.85619, 0.03750
0.85730, 0.03733
0.85841, 0.03716
0.85951, 0.03699
0.86061, 0.03682
0.86171, 0.03665
0.86280, 0.03648
0.86389, 0.03631
0.86498, 0.03614
0.86606, 0.03596
0.86713, 0.03579
0.86821, 0.03562
0.86928, 0.03545
0.87034, 0.03527
0.87140, 0.03510
0.87246, 0.03493
0.87351, 0.03476
0.87456, 0.03458
0.87561, 0.03441
0.87665, 0.03424
0.87769, 0.03406
0.87872, 0.03389
0.87975, 0.03372
0.88078, 0.03354
0.88180, 0.03337
0.88282, 0.03320
0.88383, 0.03302
0.88484, 0.03285
0.88585, 0.03268
0.88685, 0.03251
0.88785, 0.03233
0.88884, 0.03216
0.88983, 0.03199
0.89082, 0.03181
0.89180, 0.03164
0.89278, 0.03147
0.89375, 0.03130
0.89472, 0.03113
0.89568, 0.03096
0.89665, 0.03078
0.89760, 0.03061
0.89856, 0.03044
0.89951, 0.03027
0.90045, 0.03010
0.90139, 0.02993
0.90233, 0.02976
0.90326, 0.02959
0.90419, 0.02943
0.90511, 0.02926
0.90603, 0.02909
0.90695, 0.02892
0.90786, 0.02875
0.90877, 0.02859
0.90967, 0.02842
0.91057, 0.02825
0.91147, 0.02809
0.91236, 0.02792
0.91325, 0.02776
0.91413, 0.02759
0.91501, 0.02743
0.91588, 0.02727
0.91675, 0.02710
0.91762, 0.02694
0.91848, 0.02678
0.91934, 0.02662
0.92019, 0.02646
0.92104, 0.02630
0.92189, 0.02614
0.92273, 0.02598
0.92356, 0.02582
0.92440, 0.02566
0.92522, 0.02550
0.92605, 0.02534
0.92687, 0.02519
0.92768, 0.02503
0.92849, 0.02487
0.92930, 0.02472
0.93010, 0.02457
0.93090, 0.02441
0.93169, 0.02426
0.93248, 0.02411
0.93327, 0.02395
0.93405, 0.02380
0.93483, 0.02365
0.93560, 0.02350
0.93637, 0.02335
0.93713, 0.02321
0.93789, 0.02306
0.93864, 0.02291
0.93939, 0.02276
0.94014, 0.02262
0.94088, 0.02247
0.94162, 0.02233
0.94235, 0.02219
0.94308, 0.02204
0.94381, 0.02190
0.94452, 0.02176
0.94524, 0.02162
0.94595, 0.02148
0.94666, 0.02134
0.94736, 0.02120
0.94806, 0.02106
0.94875, 0.02093
0.94944, 0.02079
0.95013, 0.02066
0.95081, 0.02052
0.95148, 0.02039
0.95215, 0.02025
0.95282, 0.02012
0.95348, 0.01999
0.95414, 0.01986
0.95479, 0.01973
0.95544, 0.01960
0.95609, 0.01947
0.95673, 0.01935
0.95736, 0.01922
0.95799, 0.01909
0.95862, 0.01897
0.95924, 0.01885
0.95986, 0.01872
0.96047, 0.01860
0.96108, 0.01848
0.96168, 0.01836
0.96228, 0.01824
0.96288, 0.01812
0.96347, 0.01800
0.96405, 0.01789
0.96463, 0.01777
0.96521, 0.01765
0.96578, 0.01754
0.96635, 0.01743
0.96691, 0.01731
0.96747, 0.01720
0.96802, 0.01709
0.96857, 0.01698
0.96912, 0.01687
0.96966, 0.01676
0.97019, 0.01666
0.97072, 0.01655
0.97125, 0.01644
0.97177, 0.01634
0.97229, 0.01624
0.97280, 0.01613
0.97331, 0.01603
0.97381, 0.01593
0.97431, 0.01583
0.97480, 0.01573
0.97529, 0.01563
0.97577, 0.01553
0.97625, 0.01544
0.97673, 0.01534
0.97720, 0.01525
0.97766, 0.01515
0.97812, 0.01506
0.97858, 0.01497
0.97903, 0.01488
0.97948, 0.01479
0.97992, 0.01470
0.98036, 0.01461
0.98079, 0.01453
0.98122, 0.01444
0.98164, 0.01435
0.98206, 0.01427
0.98247, 0.01419
0.98288, 0.01411
0.98329, 0.01402
0.98369, 0.01394
0.98408, 0.01386
0.98447, 0.01379
0.98486, 0.01371
0.98524, 0.01363
0.98562, 0.01356
0.98599, 0.01348
0.98635, 0.01341
0.98672, 0.01333
0.98707, 0.01326
0.98742, 0.01319
0.98777, 0.01312
0.98811, 0.01305
0.98845, 0.01299
0.98879, 0.01292
0.98911, 0.01285
0.98944, 0.01279
0.98976, 0.01272
0.99007, 0.01266
0.99038, 0.01260
0.99068, 0.01254
0.99098, 0.01248
0.99128, 0.01242
0.99157, 0.01236
0.99185, 0.01230
0.99213, 0.01225
0.99241, 0.01219
0.99268, 0.01214
0.99294, 0.01208
0.99321, 0.01203
0.99346, 0.01198
0.99371, 0.01193
0.99396, 0.01188
0.99420, 0.01183
0.99444, 0.01178
0.99467, 0.01174
0.99490, 0.01169
0.99512, 0.01165
0.99534, 0.01160
0.99555, 0.01156
0.99576, 0.01152
0.99596, 0.01148
0.99616, 0.01144
0.99635, 0.01140
0.99654, 0.01136
0.99672, 0.01132
0.99690, 0.01129
0.99707, 0.01125
0.99724, 0.01122
0.99741, 0.01119
0.99757, 0.01116
0.99772, 0.01112
0.99787, 0.01109
0.99801, 0.01107
0.99815, 0.01104
0.99829, 0.01101
0.99842, 0.01098
0.99854, 0.01096
0.99866, 0.01094
0.99878, 0.01091
0.99889, 0.01089
0.99899, 0.01087
0.99909, 0.01085
0.99919, 0.01083
0.99928, 0.01081
0.99937, 0.01079
0.99945, 0.01078
0.99952, 0.01076
0.99959, 0.01075
0.99966, 0.01074
0.99972, 0.01072
0.99978, 0.01071
0.99983, 0.01070
0.99988, 0.01069
0.99992, 0.01068
0.99995, 0.01068
0.99999, 0.01067
1.00001, 0.01067
1.00003, 0.01066
1.00005, 0.01066
1.00007, 0.01065
1.00010, 0.01065
1.00011, 0.01065

=== Lower Surface ===
0.00000, 0.03449
0.00002, 0.03421
0.00003, 0.03393
0.00006, 0.03365
0.00009, 0.03337
0.00012, 0.03310
0.00016, 0.03282
0.00020, 0.03254
0.00025, 0.03227
0.00030, 0.03199
0.00036, 0.03172
0.00043, 0.03144
0.00049, 0.03117
0.00057, 0.03090
0.00064, 0.03063
0.00072, 0.03035
0.00081, 0.03008
0.00090, 0.02981
0.00100, 0.02954
0.00110, 0.02927
0.00120, 0.02901
0.00131, 0.02874
0.00143, 0.02847
0.00155, 0.02820
0.00167, 0.02794
0.00180, 0.02767
0.00193, 0.02740
0.00207, 0.02714
0.00221, 0.02687
0.00236, 0.02661
0.00251, 0.02635
0.00266, 0.02608
0.00282, 0.02582
0.00298, 0.02556
0.00315, 0.02530
0.00333, 0.02504
0.00350, 0.02478
0.00369, 0.02451
0.00387, 0.02425
0.00406, 0.02400
0.00426, 0.02374
0.00446, 0.02348
0.00466, 0.02322
0.00487, 0.02296
0.00508, 0.02270
0.00529, 0.02245
0.00552, 0.02219
0.00574, 0.02193
0.00597, 0.02168
0.00620, 0.02142
0.00644, 0.02117
0.00668, 0.02091
0.00693, 0.02066
0.00718, 0.02040
0.00743, 0.02015
0.00769, 0.01989
0.00795, 0.01964
0.00822, 0.01939
0.00849, 0.01913
0.00877, 0.01888
0.00904, 0.01863
0.00933, 0.01838
0.00962, 0.01812
0.00991, 0.01787
0.01020, 0.01762
0.01050, 0.01737
0.01081, 0.01712
0.01111, 0.01687
0.01142, 0.01661
0.01174, 0.01636
0.01206, 0.01611
0.01238, 0.01586
0.01271, 0.01561
0.01304, 0.01536
0.01338, 0.01511
0.01372, 0.01486
0.01406, 0.01461
0.01441, 0.01436
0.01476, 0.01411
0.01511, 0.01386
0.01547, 0.01361
0.01584, 0.01336
0.01620, 0.01311
0.01657, 0.01286
0.01695, 0.01261
0.01733, 0.01236
0.01771, 0.01211
0.01810, 0.01185
0.01849, 0.01160
0.01888, 0.01135
0.01928, 0.01110
0.01968, 0.01085
0.02009, 0.01060
0.02050, 0.01035
0.02091, 0.01010
0.02133, 0.00985
0.02175, 0.00959
0.02217, 0.00934
0.02260, 0.00909
0.02304, 0.00884
0.02347, 0.00858
0.02391, 0.00833
0.02436, 0.00808
0.02481, 0.00782
0.02526, 0.00757
0.02571, 0.00732
0.02617, 0.00706
0.02664, 0.00681
0.02710, 0.00655
0.02757, 0.00630
0.02805, 0.00604
0.02853, 0.00578
0.02901, 0.00553
0.02950, 0.00527
0.02999, 0.00501
0.03048, 0.00475
0.03098, 0.00450
0.03148, 0.00424
0.03199, 0.00398
0.03250, 0.00372
0.03301, 0.00346
0.03353, 0.00320
0.03405, 0.00294
0.03457, 0.00267
0.03510, 0.00241
0.03563, 0.00215
0.03617, 0.00189
0.03671, 0.00162
0.03725, 0.00136
0.03780, 0.00109
0.03835, 0.00083
0.03891, 0.00056
0.03947, 0.00029
0.04003, 0.00003
0.04060, -0.00024
0.04117, -0.00051
0.04175, -0.00078
0.04233, -0.00105
0.04291, -0.00132
0.04350, -0.00159
0.04409, -0.00186
0.04468, -0.00214
0.04528, -0.00241
0.04588, -0.00269
0.04649, -0.00296
0.04710, -0.00324
0.04772, -0.00351
0.04834, -0.00379
0.04896, -0.00407
0.04959, -0.00435
0.05022, -0.00463
0.05085, -0.00491
0.05149, -0.00519
0.05213, -0.00547
0.05278, -0.00575
0.05343, -0.00604
0.05409, -0.00632
0.05475, -0.00661
0.05541, -0.00690
0.05608, -0.00718
0.05675, -0.00747
0.05743, -0.00776
0.05811, -0.00805
0.05879, -0.00834
0.05948, -0.00863
0.06017, -0.00893
0.06087, -0.00922
0.06157, -0.00951
0.06228, -0.00981
0.06298, -0.01010
0.06370, -0.01040
0.06442, -0.01070
0.06514, -0.01100
0.06587, -0.01130
0.06660, -0.01160
0.06733, -0.01190
0.06807, -0.01221
0.06882, -0.01251
0.06956, -0.01281
0.07032, -0.01312
0.07107, -0.01343
0.07184, -0.01373
0.07260, -0.01404
0.07337, -0.01435
0.07415, -0.01466
0.07493, -0.01497
0.07571, -0.01529
0.07650, -0.01560
0.07729, -0.01591
0.07809, -0.01623
0.07889, -0.01655
0.07970, -0.01686
0.08051, -0.01718
0.08132, -0.01750
0.08214, -0.01782
0.08297, -0.01814
0.08380, -0.01846
0.08463, -0.01879
0.08547, -0.01911
0.08631, -0.01943
0.08716, -0.01976
0.08802, -0.02009
0.08887, -0.02041
0.08973, -0.02074
0.09060, -0.02107
0.09147, -0.02140
0.09235, -0.02173
0.09323, -0.02206
0.09412, -0.02240
0.09501, -0.02273
0.09590, -0.02306
0.09680, -0.02340
0.09771, -0.02373
0.09862, -0.02407
0.09954, -0.02441
0.10046, -0.02474
0.10138, -0.02508
0.10231, -0.02542
0.10325, -0.02576
0.10419, -0.02610
0.10513, -0.02645
0.10608, -0.02679
0.10704, -0.02713
0.10800, -0.02747
0.10896, -0.02782
0.10993, -0.02816
0.11091, -0.02851
0.11189, -0.02885
0.11287, -0.02920
0.11386, -0.02955
0.11486, -0.02989
0.11586, -0.03024
0.11687, -0.03059
0.11788, -0.03094
0.11890, -0.03129
0.11992, -0.03163
0.12095, -0.03198
0.12198, -0.03233
0.12302, -0.03268
0.12406, -0.03303
0.12511, -0.03338
0.12617, -0.03374
0.12724, -0.03409
0.12831, -0.03444
0.12939, -0.03479
0.13047, -0.03514
0.13157, -0.03549
0.13267, -0.03585
0.13378, -0.03620
0.13489, -0.03655
0.13601, -0.03690
0.13714, -0.03725
0.13828, -0.03760
0.13943, -0.03795
0.14058, -0.03830
0.14174, -0.03865
0.14290, -0.03900
0.14408, -0.03935
0.14526, -0.03970
0.14645, -0.04004
0.14765, -0.04039
0.14886, -0.04073
0.15007, -0.04107
0.15129, -0.04141
0.15252, -0.04175
0.15376, -0.04209
0.15501, -0.04242
0.15626, -0.04275
0.15752, -0.04308
0.15879, -0.04341
0.16007, -0.04374
0.16136, -0.04406
0.16266, -0.04438
0.16396, -0.04470
0.16527, -0.04502
0.16659, -0.04533
0.16792, -0.04564
0.16926, -0.04595
0.17061, -0.04625
0.17197, -0.04655
0.17333, -0.04684
0.17470, -0.04713
0.17609, -0.04742
0.17748, -0.04770
0.17888, -0.04798
0.18029, -0.04825
0.18171, -0.04852
0.18314, -0.04879
0.18457, -0.04904
0.18602, -0.04930
0.18748, -0.04954
0.18894, -0.04978
0.19041, -0.05002
0.19190, -0.05025
0.19339, -0.05047
0.19489, -0.05068
0.19639, -0.05089
0.19790, -0.05109
0.19940, -0.05128
0.20090, -0.05147
0.20241, -0.05165
0.20391, -0.05182
0.20541, -0.05198
0.20690, -0.05214
0.20840, -0.05229
0.20990, -0.05243
0.21139, -0.05256
0.21288, -0.05269
0.21437, -0.05282
0.21586, -0.05294
0.21734, -0.05305
0.21883, -0.05315
0.22031, -0.05325
0.22179, -0.05335
0.22326, -0.05344
0.22474, -0.05352
0.22621, -0.05360
0.22768, -0.05368
0.22914, -0.05374
0.23061, -0.05381
0.23207, -0.05387
0.23352, -0.05393
0.23498, -0.05398
0.23643, -0.05403
0.23788, -0.05407
0.23932, -0.05411
0.24076, -0.05415
0.24220, -0.05418
0.24364, -0.05421
0.24507, -0.05424
0.24649, -0.05427
0.24792, -0.05429
0.24934, -0.05431
0.25075, -0.05433
0.25216, -0.05434
0.25357, -0.05436
0.25498, -0.05437
0.25638, -0.05438
0.25777, -0.05438
0.25917, -0.05439
0.26055, -0.05440
0.26194, -0.05440
0.26332, -0.05441
0.26469, -0.05441
0.26606, -0.05441
0.26743, -0.05441
0.26880, -0.05441
0.27016, -0.05441
0.27153, -0.05442
0.27290, -0.05442
0.27428, -0.05442
0.27566, -0.05442
0.27703, -0.05441
0.27842, -0.05441
0.27980, -0.05441
0.28119, -0.05441
0.28257, -0.05441
0.28397, -0.05440
0.28536, -0.05440
0.28675, -0.05440
0.28815, -0.05439
0.28955, -0.05439
0.29096, -0.05438
0.29236, -0.05438
0.29377, -0.05437
0.29518, -0.05437
0.29659, -0.05436
0.29800, -0.05435
0.29942, -0.05435
0.30084, -0.05434
0.30226, -0.05433
0.30368, -0.05432
0.30511, -0.05431
0.30654, -0.05430
0.30797, -0.05429
0.30940, -0.05428
0.31083, -0.05427
0.31227, -0.05426
0.31371, -0.05425
0.31515, -0.05423
0.31659, -0.05422
0.31804, -0.05421
0.31948, -0.05420
0.32093, -0.05418
0.32238, -0.05417
0.32384, -0.05415
0.32529, -0.05414
0.32675, -0.05412
0.32821, -0.05410
0.32967, -0.05409
0.33113, -0.05407
0.33260, -0.05405
0.33406, -0.05403
0.33553, -0.05401
0.33700, -0.05399
0.33848, -0.05397
0.33995, -0.05395
0.34143, -0.05393
0.34291, -0.05391
0.34439, -0.05389
0.34587, -0.05386
0.34736, -0.05384
0.34884, -0.05382
0.35033, -0.05379
0.35182, -0.05377
0.35331, -0.05374
0.35480, -0.05372
0.35630, -0.05369
0.35780, -0.05366
0.35929, -0.05364
0.36080, -0.05361
0.36230, -0.05358
0.36380, -0.05355
0.36531, -0.05352
0.36681, -0.05349
0.36832, -0.05346
0.36983, -0.05342
0.37134, -0.05339
0.37286, -0.05336
0.37437, -0.05332
0.37589, -0.05329
0.37741, -0.05325
0.37893, -0.05322
0.38045, -0.05318
0.38197, -0.05315
0.38350, -0.05311
0.38502, -0.05307
0.38655, -0.05303
0.38808, -0.05299
0.38961, -0.05295
0.39114, -0.05291
0.39268, -0.05287
0.39421, -0.05283
0.39575, -0.05278
0.39728, -0.05274
0.39882, -0.05269
0.40036, -0.05265
0.40190, -0.05260
0.40345, -0.05256
0.40499, -0.05251
0.40653, -0.05246
0.40808, -0.05241
0.40963, -0.05236
0.41118, -0.05231
0.41273, -0.05226
0.41428, -0.05221
0.41583, -0.05215
0.41739, -0.05210
0.41894, -0.05205
0.42050, -0.05199
0.42205, -0.05193
0.42361, -0.05188
0.42517, -0.05182
0.42673, -0.05176
0.42829, -0.05170
0.42986, -0.05164
0.43142, -0.05158
0.43298, -0.05152
0.43455, -0.05146
0.43612, -0.05139
0.43768, -0.05133
0.43925, -0.05126
0.44082, -0.05120
0.44239, -0.05113
0.44396, -0.05106
0.44553, -0.05099
0.44711, -0.05092
0.44868, -0.05085
0.45025, -0.05078
0.45183, -0.05071
0.45340, -0.05064
0.45498, -0.05056
0.45656, -0.05049
0.45814, -0.05041
0.45972, -0.05033
0.46130, -0.05025
0.46288, -0.05018
0.46446, -0.05010
0.46604, -0.05001
0.46762, -0.04993
0.46920, -0.04985
0.47079, -0.04976
0.47237, -0.04968
0.47396, -0.04959
0.47554, -0.04951
0.47713, -0.04942
0.47871, -0.04933
0.48030, -0.04924
0.48189, -0.04915
0.48347, -0.04906
0.48506, -0.04896
0.48665, -0.04887
0.48824, -0.04877
0.48983, -0.04868
0.49142, -0.04858
0.49301, -0.04848
0.49460, -0.04838
0.49619, -0.04828
0.49778, -0.04818
0.49937, -0.04807
0.50096, -0.04797
0.50255, -0.04786
0.50414, -0.04776
0.50574, -0.04765
0.50733, -0.04754
0.50892, -0.04743
0.51051, -0.04732
0.51211, -0.04721
0.51370, -0.04710
0.51529, -0.04698
0.51688, -0.04687
0.51848, -0.04675
0.52007, -0.04663
0.52166, -0.04651
0.52326, -0.04639
0.52485, -0.04627
0.52644, -0.04615
0.52803, -0.04602
0.52963, -0.04590
0.53122, -0.04577
0.53281, -0.04564
0.53440, -0.04551
0.53600, -0.04538
0.53759, -0.04525
0.53918, -0.04512
0.54077, -0.04498
0.54236, -0.04485
0.54395, -0.04471
0.54555, -0.04458
0.54714, -0.04444
0.54873, -0.04430
0.55032, -0.04415
0.55191, -0.04401
0.55350, -0.04387
0.55508, -0.04372
0.55667, -0.04357
0.55826, -0.04343
0.55985, -0.04328
0.56144, -0.04313
0.56302, -0.04297
0.56461, -0.04282
0.56620, -0.04266
0.56778, -0.04251
0.56937, -0.04235
0.57095, -0.04219
0.57253, -0.04203
0.57412, -0.04187
0.57570, -0.04171
0.57728, -0.04154
0.57886, -0.04138
0.58044, -0.04121
0.58202, -0.04104
0.58360, -0.04087
0.58518, -0.04070
0.58676, -0.04053
0.58833, -0.04035
0.58991, -0.04018
0.59148, -0.04000
0.59306, -0.03982
0.59463, -0.03964
0.59621, -0.03946
0.59778, -0.03928
0.59935, -0.03909
0.60092, -0.03891
0.60249, -0.03872
0.60405, -0.03853
0.60562, -0.03834
0.60719, -0.03815
0.60875, -0.03796
0.61032, -0.03777
0.61188, -0.03757
0.61344, -0.03737
0.61500, -0.03718
0.61656, -0.03698
0.61812, -0.03678
0.61968, -0.03657
0.62124, -0.03637
0.62279, -0.03616
0.62434, -0.03596
0.62590, -0.03575
0.62745, -0.03554
0.62900, -0.03533
0.63055, -0.03511
0.63210, -0.03490
0.63364, -0.03468
0.63519, -0.03447
0.63673, -0.03425
0.63827, -0.03403
0.63981, -0.03380
0.64135, -0.03358
0.64289, -0.03336
0.64443, -0.03313
0.64596, -0.03290
0.64750, -0.03267
0.64903, -0.03244
0.65056, -0.03221
0.65209, -0.03198
0.65362, -0.03174
0.65514, -0.03151
0.65667, -0.03127
0.65819, -0.03103
0.65971, -0.03079
0.66123, -0.03055
0.66275, -0.03030
0.66427, -0.03006
0.66578, -0.02981
0.66729, -0.02956
0.66880, -0.02931
0.67031, -0.02906
0.67182, -0.02881
0.67332, -0.02855
0.67482, -0.02830
0.67631, -0.02804
0.67780, -0.02779
0.67929, -0.02753
0.68077, -0.02727
0.68225, -0.02701
0.68373, -0.02675
0.68520, -0.02649
0.68667, -0.02623
0.68814, -0.02597
0.68960, -0.02571
0.69106, -0.02545
0.69251, -0.02518
0.69396, -0.02492
0.69541, -0.02466
0.69685, -0.02440
0.69829, -0.02413
0.69973, -0.02387
0.70116, -0.02361
0.70259, -0.02335
0.70401, -0.02308
0.70544, -0.02282
0.70685, -0.02256
0.70827, -0.02230
0.70968, -0.02204
0.71109, -0.02178
0.71249, -0.02152
0.71390, -0.02127
0.71529, -0.02101
0.71669, -0.02075
0.71808, -0.02050
0.71947, -0.02024
0.72085, -0.01999
0.72223, -0.01974
0.72361, -0.01949
0.72498, -0.01924
0.72635, -0.01899
0.72772, -0.01874
0.72908, -0.01849
0.73044, -0.01825
0.73180, -0.01801
0.73315, -0.01776
0.73450, -0.01752
0.73585, -0.01728
0.73719, -0.01705
0.73854, -0.01681
0.73987, -0.01658
0.74121, -0.01635
0.74254, -0.01612
0.74386, -0.01589
0.74519, -0.01566
0.74651, -0.01544
0.74783, -0.01522
0.74914, -0.01500
0.75045, -0.01478
0.75176, -0.01456
0.75307, -0.01435
0.75437, -0.01414
0.75567, -0.01393
0.75698, -0.01372
0.75827, -0.01351
0.75957, -0.01331
0.76087, -0.01311
0.76216, -0.01291
0.76345, -0.01271
0.76474, -0.01251
0.76603, -0.01232
0.76731, -0.01213
0.76860, -0.01194
0.76988, -0.01175
0.77116, -0.01156
0.77244, -0.01138
0.77371, -0.01119
0.77499, -0.01101
0.77626, -0.01083
0.77753, -0.01066
0.77880, -0.01048
0.78006, -0.01031
0.78132, -0.01013
0.78259, -0.00996
0.78384, -0.00980
0.78510, -0.00963
0.78636, -0.00946
0.78761, -0.00930
0.78886, -0.00914
0.79011, -0.00898
0.79135, -0.00882
0.79260, -0.00866
0.79384, -0.00850
0.79508, -0.00835
0.79631, -0.00820
0.79755, -0.00805
0.79878, -0.00790
0.80001, -0.00775
0.80124, -0.00760
0.80246, -0.00746
0.80368, -0.00731
0.80490, -0.00717
0.80612, -0.00703
0.80734, -0.00689
0.80855, -0.00675
0.80976, -0.00662
0.81097, -0.00648
0.81217, -0.00635
0.81337, -0.00621
0.81457, -0.00608
0.81577, -0.00595
0.81696, -0.00582
0.81816, -0.00570
0.81935, -0.00557
0.82053, -0.00545
0.82172, -0.00532
0.82290, -0.00520
0.82407, -0.00508
0.82525, -0.00496
0.82642, -0.00484
0.82759, -0.00472
0.82876, -0.00461
0.82992, -0.00449
0.83109, -0.00438
0.83224, -0.00427
0.83340, -0.00415
0.83455, -0.00404
0.83570, -0.00393
0.83685, -0.00383
0.83799, -0.00372
0.83914, -0.00361
0.84027, -0.00351
0.84141, -0.00340
0.84254, -0.00330
0.84367, -0.00320
0.84480, -0.00310
0.84592, -0.00300
0.84704, -0.00290
0.84816, -0.00280
0.84927, -0.00270
0.85039, -0.00261
0.85149, -0.00251
0.85260, -0.00241
0.85370, -0.00232
0.85480, -0.00223
0.85590, -0.00214
0.85699, -0.00204
0.85808, -0.00195
0.85916, -0.00186
0.86025, -0.00178
0.86133, -0.00169
0.86240, -0.00160
0.86348, -0.00151
0.86455, -0.00143
0.86561, -0.00134
0.86668, -0.00126
0.86773, -0.00118
0.86879, -0.00109
0.86984, -0.00101
0.87089, -0.00093
0.87194, -0.00085
0.87298, -0.00077
0.87402, -0.00069
0.87506, -0.00061
0.87609, -0.00053
0.87712, -0.00046
0.87815, -0.00038
0.87917, -0.00030
0.88019, -0.00023
0.88120, -0.00015
0.88221, -0.00008
0.88322, -0.00000
0.88422, 0.00007
0.88522, 0.00014
0.88622, 0.00021
0.88721, 0.00029
0.88820, 0.00036
0.88919, 0.00043
0.89017, 0.00050
0.89115, 0.00057
0.89213, 0.00064
0.89310, 0.00070
0.89407, 0.00077
0.89503, 0.00084
0.89599, 0.00091
0.89695, 0.00097
0.89790, 0.00104
0.89885, 0.00111
0.89979, 0.00117
0.90073, 0.00124
0.90167, 0.00130
0.90260, 0.00136
0.90353, 0.00143
0.90446, 0.00149
0.90538, 0.00155
0.90630, 0.00162
0.90721, 0.00168
0.90812, 0.00174
0.90903, 0.00180
0.90993, 0.00186
0.91083, 0.00192
0.91172, 0.00198
0.91262, 0.00204
0.91350, 0.00210
0.91438, 0.00216
0.91526, 0.00222
0.91614, 0.00228
0.91701, 0.00233
0.91787, 0.00239
0.91874, 0.00245
0.91959, 0.00250
0.92045, 0.00256
0.92130, 0.00262
0.92214, 0.00267
0.92299, 0.00273
0.92382, 0.00278
0.92466, 0.00284
0.92549, 0.00289
0.92631, 0.00295
0.92713, 0.00300
0.92795, 0.00306
0.92876, 0.00311
0.92957, 0.00316
0.93037, 0.00322
0.93117, 0.00327
0.93197, 0.00332
0.93276, 0.00337
0.93355, 0.00342
0.93433, 0.00348
0.93511, 0.00353
0.93588, 0.00358
0.93665, 0.00363
0.93742, 0.00368
0.93818, 0.00373
0.93894, 0.00378
0.93969, 0.00383
0.94044, 0.00388
0.94119, 0.00393
0.94193, 0.00398
0.94266, 0.00403
0.94339, 0.00407
0.94412, 0.00412
0.94484, 0.00417
0.94556, 0.00422
0.94627, 0.00427
0.94698, 0.00431
0.94769, 0.00436
0.94839, 0.00441
0.94908, 0.00445
0.94977, 0.00450
0.95046, 0.00455
0.95114, 0.00459
0.95182, 0.00464
0.95249, 0.00468
0.95316, 0.00473
0.95383, 0.00477
0.95449, 0.00482
0.95514, 0.00486
0.95579, 0.00490
0.95644, 0.00495
0.95708, 0.00499
0.95772, 0.00504
0.95835, 0.00508
0.95898, 0.00512
0.95960, 0.00516
0.96022, 0.00521
0.96084, 0.00525
0.96145, 0.00529
0.96205, 0.00533
0.96265, 0.00537
0.96325, 0.00541
0.96384, 0.00546
0.96443, 0.00550
0.96501, 0.00554
0.96559, 0.00558
0.96616, 0.00562
0.96673, 0.00566
0.96729, 0.00570
0.96785, 0.00573
0.96841, 0.00577
0.96896, 0.00581
0.96950, 0.00585
0.97004, 0.00589
0.97058, 0.00593
0.97111, 0.00596
0.97163, 0.00600
0.97216, 0.00604
0.97267, 0.00608
0.97319, 0.00611
0.97369, 0.00615
0.97420, 0.00618
0.97469, 0.00622
0.97519, 0.00626
0.97567, 0.00629
0.97616, 0.00633
0.97664, 0.00636
0.97711, 0.00639
0.97758, 0.00643
0.97805, 0.00646
0.97851, 0.00650
0.97896, 0.00653
0.97941, 0.00656
0.97986, 0.00659
0.98030, 0.00663
0.98073, 0.00666
0.98116, 0.00669
0.98159, 0.00672
0.98201, 0.00675
0.98243, 0.00678
0.98284, 0.00681
0.98325, 0.00684
0.98365, 0.00687
0.98405, 0.00690
0.98444, 0.00693
0.98483, 0.00696
0.98521, 0.00699
0.98559, 0.00702
0.98596, 0.00705
0.98633, 0.00708
0.98669, 0.00710
0.98705, 0.00713
0.98741, 0.00716
0.98775, 0.00718
0.98810, 0.00721
0.98844, 0.00724
0.98877, 0.00726
0.98910, 0.00729
0.98943, 0.00731
0.98975, 0.00734
0.99006, 0.00736
0.99037, 0.00738
0.99067, 0.00741
0.99097, 0.00743
0.99127, 0.00745
0.99156, 0.00748
0.99185, 0.00750
0.99213, 0.00752
0.99240, 0.00754
0.99267, 0.00756
0.99294, 0.00758
0.99320, 0.00760
0.99345, 0.00762
0.99370, 0.00764
0.99395, 0.00766
0.99419, 0.00768
0.99443, 0.00770
0.99466, 0.00772
0.99489, 0.00774
0.99511, 0.00775
0.99532, 0.00777
0.99553, 0.00779
0.99574, 0.00780
0.99594, 0.00782
0.99614, 0.00783
0.99633, 0.00785
0.99652, 0.00786
0.99670, 0.00788
0.99687, 0.00789
0.99705, 0.00791
0.99721, 0.00792
0.99738, 0.00793
0.99753, 0.00794
0.99768, 0.00796
0.99783, 0.00797
0.99797, 0.00798
0.99811, 0.00799
0.99824, 0.00800
0.99837, 0.00801
0.99849, 0.00802
0.99861, 0.00803
0.99872, 0.00804
0.99883, 0.00805
0.99893, 0.00806
0.99903, 0.00806
0.99912, 0.00807
0.99921, 0.00808
0.99929, 0.00809
0.99937, 0.00809
0.99944, 0.00810
0.99951, 0.00810
0.99957, 0.00811
0.99962, 0.00811
0.99968, 0.00812
0.99972, 0.00812
0.99977, 0.00812
0.99980, 0.00813
0.99984, 0.00813
0.99986, 0.00813
0.99989, 0.00813
0.99990, 0.00814
0.99991, 0.00814
0.99990, 0.00814
0.99989, 0.00814
