airfoil_points_677
1.000000 -0.006154
0.999748 -0.006091
0.998993 -0.005899
0.997736 -0.005579
0.995977 -0.005131
0.993719 -0.004552
0.990964 -0.003842
0.987715 -0.002999
0.983974 -0.002022
0.979746 -0.000910
0.975036 0.000339
0.969846 0.001725
0.964184 0.003248
0.958054 0.004908
0.951463 0.006704
0.944418 0.008633
0.936925 0.010691
0.928992 0.012875
0.920627 0.015177
0.911838 0.017590
0.902635 0.020105
0.893027 0.022709
0.883022 0.025390
0.872632 0.028132
0.861867 0.030917
0.850737 0.033725
0.839255 0.036536
0.827430 0.039325
0.815276 0.042063
0.802805 0.044719
0.790028 0.047259
0.776960 0.049647
0.763613 0.051847
0.750000 0.053820
0.736136 0.055555
0.722033 0.057094
0.707708 0.058490
0.693173 0.059803
0.678443 0.061101
0.663534 0.062460
0.648460 0.063919
0.633237 0.065462
0.617879 0.067072
0.602403 0.068728
0.586824 0.070411
0.571157 0.072100
0.555419 0.073774
0.539625 0.075409
0.523791 0.076986
0.507933 0.078481
0.492067 0.079873
0.476209 0.081142
0.460375 0.082266
0.444581 0.083226
0.428843 0.084005
0.413176 0.084584
0.397597 0.084949
0.382121 0.085084
0.366763 0.084978
0.351540 0.084619
0.336466 0.083998
0.321557 0.083107
0.306827 0.081942
0.292292 0.080497
0.277967 0.078770
0.263864 0.076762
0.250000 0.074475
0.236387 0.071937
0.223040 0.069197
0.209972 0.066306
0.197195 0.063309
0.184724 0.060249
0.172570 0.057158
0.160745 0.054034
0.149263 0.050873
0.138133 0.047674
0.127368 0.044433
0.116978 0.041150
0.106973 0.037829
0.097365 0.034480
0.088162 0.031115
0.079373 0.027744
0.071008 0.024376
0.063075 0.021018
0.055582 0.017677
0.048537 0.014358
0.041946 0.011065
0.035816 0.007802
0.030154 0.004571
0.024964 0.001375
0.020254 -0.001785
0.016026 -0.004907
0.012285 -0.007990
0.009036 -0.011031
0.006281 -0.014027
0.004023 -0.016973
0.002264 -0.019856
0.001007 -0.022639
0.000252 -0.025176
0.000000 -0.026577
0.000252 -0.032303
0.001007 -0.034678
0.002264 -0.037154
0.004023 -0.039578
0.006281 -0.041906
0.009036 -0.044125
0.012285 -0.046223
0.016026 -0.048193
0.020254 -0.050029
0.024964 -0.051726
0.030154 -0.053277
0.035816 -0.054677
0.041946 -0.055921
0.048537 -0.057003
0.055582 -0.057919
0.063075 -0.058666
0.071008 -0.059240
0.079373 -0.059639
0.088162 -0.059862
0.097365 -0.059910
0.106973 -0.059785
0.116978 -0.059490
0.127368 -0.059030
0.138133 -0.058414
0.149263 -0.057649
0.160745 -0.056732
0.172570 -0.055658
0.184724 -0.054423
0.197195 -0.053021
0.209972 -0.051446
0.223040 -0.049706
0.236387 -0.047841
0.250000 -0.045904
0.263864 -0.043958
0.277967 -0.042074
0.292292 -0.040307
0.306827 -0.038665
0.321557 -0.037148
0.336466 -0.035754
0.351540 -0.034481
0.366763 -0.033321
0.382121 -0.032269
0.397597 -0.031315
0.413176 -0.030450
0.428843 -0.029661
0.444581 -0.028938
0.460375 -0.028267
0.476209 -0.027633
0.492067 -0.027023
0.507933 -0.026422
0.523791 -0.025815
0.539625 -0.025186
0.555419 -0.024522
0.571157 -0.023808
0.586824 -0.023029
0.602403 -0.022172
0.617879 -0.021224
0.633237 -0.020175
0.648460 -0.019011
0.663534 -0.017725
0.678443 -0.016307
0.693173 -0.014799
0.707708 -0.013281
0.722033 -0.011829
0.736136 -0.010519
0.750000 -0.009418
0.763613 -0.008579
0.776960 -0.007984
0.790028 -0.007592
0.802805 -0.007365
0.815276 -0.007271
0.827430 -0.007280
0.839255 -0.007366
0.850737 -0.007506
0.861867 -0.007683
0.872632 -0.007882
0.883022 -0.008090
0.893027 -0.008297
0.902635 -0.008494
0.911838 -0.008673
0.920627 -0.008830
0.928992 -0.008962
0.936925 -0.009067
0.944418 -0.009143
0.951463 -0.009192
0.958054 -0.009216
0.964184 -0.009215
0.969846 -0.009195
0.975036 -0.009157
0.979746 -0.009107
0.983974 -0.009048
0.987715 -0.008983
0.990964 -0.008918
0.993719 -0.008856
0.995977 -0.008801
0.997736 -0.008754
0.998993 -0.008719
0.999748 -0.008697
1.000000 -0.008686
