airfoil_points_544
1.000000 0.005235
0.999748 0.005293
0.998993 0.005466
0.997736 0.005753
0.995977 0.006154
0.993719 0.006665
0.990964 0.007285
0.987715 0.008010
0.983974 0.008837
0.979746 0.009760
0.975036 0.010774
0.969846 0.011872
0.964184 0.013046
0.958054 0.014289
0.951463 0.015589
0.944418 0.016936
0.936925 0.018317
0.928992 0.019718
0.920627 0.021123
0.911838 0.022516
0.902635 0.023878
0.893027 0.025189
0.883022 0.026428
0.872632 0.027571
0.861867 0.028594
0.850737 0.029471
0.839255 0.030175
0.827430 0.030680
0.815276 0.030996
0.802805 0.031172
0.790028 0.031270
0.776960 0.031362
0.763613 0.031538
0.750000 0.031902
0.736136 0.032540
0.722033 0.033413
0.707708 0.034457
0.693173 0.035598
0.678443 0.036762
0.663534 0.037869
0.648460 0.038876
0.633237 0.039792
0.617879 0.040630
0.602403 0.041401
0.586824 0.042119
0.571157 0.042800
0.555419 0.043458
0.539625 0.044108
0.523791 0.044767
0.507933 0.045451
0.492067 0.046176
0.476209 0.046958
0.460375 0.047813
0.444581 0.048755
0.428843 0.049800
0.413176 0.050960
0.397597 0.052248
0.382121 0.053676
0.366763 0.055252
0.351540 0.056984
0.336466 0.058879
0.321557 0.060941
0.306827 0.063170
0.292292 0.065568
0.277967 0.068130
0.263864 0.070809
0.250000 0.073399
0.236387 0.075706
0.223040 0.077587
0.209972 0.078937
0.197195 0.079682
0.184724 0.079806
0.172570 0.079334
0.160745 0.078293
0.149263 0.076712
0.138133 0.074622
0.127368 0.072053
0.116978 0.069034
0.106973 0.065604
0.097365 0.061839
0.088162 0.057807
0.079373 0.053577
0.071008 0.049209
0.063075 0.044760
0.055582 0.040281
0.048537 0.035813
0.041946 0.031393
0.035816 0.027051
0.030154 0.022808
0.024964 0.018681
0.020254 0.014683
0.016026 0.010819
0.012285 0.007096
0.009036 0.003514
0.006281 0.000079
0.004023 -0.003200
0.002264 -0.006300
0.001007 -0.009151
0.000252 -0.011516
0.000000 -0.012598
0.000252 -0.020603
0.001007 -0.022629
0.002264 -0.024872
0.004023 -0.027074
0.006281 -0.029153
0.009036 -0.031071
0.012285 -0.032807
0.016026 -0.034344
0.020254 -0.035668
0.024964 -0.036767
0.030154 -0.037631
0.035816 -0.038249
0.041946 -0.038617
0.048537 -0.038729
0.055582 -0.038588
0.063075 -0.038200
0.071008 -0.037580
0.079373 -0.036749
0.088162 -0.035744
0.097365 -0.034611
0.106973 -0.033418
0.116978 -0.032253
0.127368 -0.031237
0.138133 -0.030532
0.149263 -0.030332
0.160745 -0.030693
0.172570 -0.031660
0.184724 -0.033273
0.197195 -0.035556
0.209972 -0.038387
0.223040 -0.041545
0.236387 -0.044826
0.250000 -0.048038
0.263864 -0.051012
0.277967 -0.053683
0.292292 -0.056048
0.306827 -0.058106
0.321557 -0.059855
0.336466 -0.061299
0.351540 -0.062441
0.366763 -0.063288
0.382121 -0.063847
0.397597 -0.064126
0.413176 -0.064139
0.428843 -0.063898
0.444581 -0.063416
0.460375 -0.062711
0.476209 -0.061800
0.492067 -0.060702
0.507933 -0.059436
0.523791 -0.058023
0.539625 -0.056485
0.555419 -0.054844
0.571157 -0.053122
0.586824 -0.051342
0.602403 -0.049526
0.617879 -0.047697
0.633237 -0.045875
0.648460 -0.044081
0.663534 -0.042336
0.678443 -0.040657
0.693173 -0.039012
0.707708 -0.037330
0.722033 -0.035544
0.736136 -0.033596
0.750000 -0.031436
0.763613 -0.029025
0.776960 -0.026407
0.790028 -0.023680
0.802805 -0.020941
0.815276 -0.018277
0.827430 -0.015767
0.839255 -0.013481
0.850737 -0.011455
0.861867 -0.009670
0.872632 -0.008098
0.883022 -0.006714
0.893027 -0.005496
0.902635 -0.004424
0.911838 -0.003480
0.920627 -0.002648
0.928992 -0.001914
0.936925 -0.001266
0.944418 -0.000693
0.951463 -0.000186
0.958054 0.000264
0.964184 0.000662
0.969846 0.001015
0.975036 0.001327
0.979746 0.001601
0.983974 0.001841
0.987715 0.002048
0.990964 0.002225
0.993719 0.002374
0.995977 0.002494
0.997736 0.002587
0.998993 0.002653
0.999748 0.002692
1.000000 0.002705
