airfoil_points_010
1.000000 -0.004096
0.999748 -0.004051
0.998993 -0.003917
0.997736 -0.003693
0.995977 -0.003382
0.993719 -0.002985
0.990964 -0.002504
0.987715 -0.001942
0.983974 -0.001303
0.979746 -0.000589
0.975036 0.000195
0.969846 0.001046
0.964184 0.001958
0.958054 0.002928
0.951463 0.003950
0.944418 0.005019
0.936925 0.006131
0.928992 0.007281
0.920627 0.008463
0.911838 0.009672
0.902635 0.010904
0.893027 0.012154
0.883022 0.013416
0.872632 0.014688
0.861867 0.015965
0.850737 0.017243
0.839255 0.018518
0.827430 0.019789
0.815276 0.021053
0.802805 0.022312
0.790028 0.023568
0.776960 0.024823
0.763613 0.026081
0.750000 0.027346
0.736136 0.028620
0.722033 0.029897
0.707708 0.031171
0.693173 0.032432
0.678443 0.033674
0.663534 0.034888
0.648460 0.036068
0.633237 0.037216
0.617879 0.038332
0.602403 0.039416
0.586824 0.040469
0.571157 0.041493
0.555419 0.042489
0.539625 0.043457
0.523791 0.044398
0.507933 0.045315
0.492067 0.046207
0.476209 0.047075
0.460375 0.047920
0.444581 0.048743
0.428843 0.049543
0.413176 0.050322
0.397597 0.051078
0.382121 0.051811
0.366763 0.052520
0.351540 0.053204
0.336466 0.053862
0.321557 0.054493
0.306827 0.055093
0.292292 0.055661
0.277967 0.056194
0.263864 0.056690
0.250000 0.057164
0.236387 0.057652
0.223040 0.058191
0.209972 0.058814
0.197195 0.059547
0.184724 0.060344
0.172570 0.061102
0.160745 0.061740
0.149263 0.062194
0.138133 0.062415
0.127368 0.062366
0.116978 0.062043
0.106973 0.061462
0.097365 0.060636
0.088162 0.059581
0.079373 0.058311
0.071008 0.056843
0.063075 0.055191
0.055582 0.053371
0.048537 0.051399
0.041946 0.049290
0.035816 0.047058
0.030154 0.044720
0.024964 0.042287
0.020254 0.039776
0.016026 0.037197
0.012285 0.034564
0.009036 0.031888
0.006281 0.029181
0.004023 0.026451
0.002264 0.023715
0.001007 0.020994
0.000252 0.018371
0.000000 0.016666
0.000252 0.012083
0.001007 0.009506
0.002264 0.006889
0.004023 0.004312
0.006281 0.001791
0.009036 -0.000670
0.012285 -0.003075
0.016026 -0.005425
0.020254 -0.007728
0.024964 -0.009989
0.030154 -0.012217
0.035816 -0.014420
0.041946 -0.016608
0.048537 -0.018790
0.055582 -0.020979
0.063075 -0.023185
0.071008 -0.025421
0.079373 -0.027697
0.088162 -0.030026
0.097365 -0.032421
0.106973 -0.034893
0.116978 -0.037455
0.127368 -0.040118
0.138133 -0.042861
0.149263 -0.045625
0.160745 -0.048351
0.172570 -0.050975
0.184724 -0.053426
0.197195 -0.055630
0.209972 -0.057560
0.223040 -0.059228
0.236387 -0.060655
0.250000 -0.061864
0.263864 -0.062885
0.277967 -0.063745
0.292292 -0.064450
0.306827 -0.065000
0.321557 -0.065396
0.336466 -0.065640
0.351540 -0.065736
0.366763 -0.065686
0.382121 -0.065495
0.397597 -0.065167
0.413176 -0.064708
0.428843 -0.064124
0.444581 -0.063420
0.460375 -0.062604
0.476209 -0.061682
0.492067 -0.060663
0.507933 -0.059554
0.523791 -0.058363
0.539625 -0.057098
0.555419 -0.055767
0.571157 -0.054379
0.586824 -0.052942
0.602403 -0.051464
0.617879 -0.049954
0.633237 -0.048418
0.648460 -0.046866
0.663534 -0.045303
0.678443 -0.043738
0.693173 -0.042172
0.707708 -0.040603
0.722033 -0.039030
0.736136 -0.037451
0.750000 -0.035865
0.763613 -0.034271
0.776960 -0.032678
0.790028 -0.031095
0.802805 -0.029532
0.815276 -0.027997
0.827430 -0.026499
0.839255 -0.025043
0.850737 -0.023635
0.861867 -0.022279
0.872632 -0.020974
0.883022 -0.019725
0.893027 -0.018531
0.902635 -0.017394
0.911838 -0.016315
0.920627 -0.015294
0.928992 -0.014332
0.936925 -0.013429
0.944418 -0.012584
0.951463 -0.011798
0.958054 -0.011070
0.964184 -0.010399
0.969846 -0.009786
0.975036 -0.009228
0.979746 -0.008726
0.983974 -0.008280
0.987715 -0.007887
0.990964 -0.007549
0.993719 -0.007263
0.995977 -0.007030
0.997736 -0.006850
0.998993 -0.006721
0.999748 -0.006644
1.000000 -0.006622
