=== Airfoil Parameters ===
m = 0.02
p = 0.4
t = 0.12

=== Control Points ===
0.00000, -0.00291, -0.00291
0.06667, 0.00268, -0.00343
0.13333, 0.00426, -0.00686
0.20000, 0.00314, -0.01186
0.26667, 0.00440, -0.01338
0.66667, 0.00831, -0.00774
0.75000, 0.01743, 0.00423
0.83333, 0.02655, 0.01698
0.91667, 0.02919, 0.02402
1.00000, 0.02504, 0.02504

=== Upper Surface ===
0.00000, -0.00291
-0.00004, -0.00264
-0.00005, -0.00236
-0.00007, -0.00208
-0.00009, -0.00180
-0.00009, -0.00152
-0.00010, -0.00124
-0.00010, -0.00096
-0.00009, -0.00068
-0.00008, -0.00040
-0.00006, -0.00012
-0.00004, 0.00016
-0.00002, 0.00044
0.00001, 0.00072
0.00005, 0.00100
0.00009, 0.00128
0.00014, 0.00156
0.00019, 0.00184
0.00025, 0.00213
0.00031, 0.00241
0.00037, 0.00269
0.00045, 0.00297
0.00052, 0.00325
0.00060, 0.00354
0.00069, 0.00382
0.00078, 0.00410
0.00088, 0.00438
0.00098, 0.00467
0.00109, 0.00495
0.00120, 0.00523
0.00132, 0.00552
0.00144, 0.00580
0.00157, 0.00608
0.00170, 0.00637
0.00184, 0.00665
0.00198, 0.00693
0.00213, 0.00722
0.00228, 0.00750
0.00244, 0.00779
0.00260, 0.00807
0.00277, 0.00836
0.00294, 0.00864
0.00312, 0.00892
0.00330, 0.00921
0.00349, 0.00949
0.00368, 0.00978
0.00388, 0.01006
0.00408, 0.01035
0.00429, 0.01063
0.00450, 0.01092
0.00472, 0.01120
0.00495, 0.01149
0.00518, 0.01178
0.00541, 0.01206
0.00565, 0.01235
0.00589, 0.01263
0.00614, 0.01292
0.00640, 0.01320
0.00666, 0.01349
0.00692, 0.01377
0.00719, 0.01406
0.00746, 0.01434
0.00774, 0.01463
0.00803, 0.01492
0.00832, 0.01520
0.00861, 0.01549
0.00891, 0.01577
0.00922, 0.01606
0.00953, 0.01634
0.00985, 0.01663
0.01017, 0.01691
0.01049, 0.01720
0.01082, 0.01748
0.01116, 0.01777
0.01150, 0.01805
0.01185, 0.01834
0.01220, 0.01862
0.01255, 0.01891
0.01291, 0.01919
0.01328, 0.01948
0.01365, 0.01976
0.01403, 0.02004
0.01441, 0.02033
0.01480, 0.02061
0.01519, 0.02090
0.01559, 0.02118
0.01599, 0.02146
0.01640, 0.02174
0.01681, 0.02203
0.01723, 0.02231
0.01765, 0.02259
0.01808, 0.02288
0.01851, 0.02316
0.01895, 0.02344
0.01939, 0.02372
0.01984, 0.02400
0.02029, 0.02428
0.02075, 0.02456
0.02121, 0.02484
0.02168, 0.02512
0.02215, 0.02540
0.02263, 0.02568
0.02311, 0.02596
0.02360, 0.02624
0.02409, 0.02652
0.02459, 0.02680
0.02510, 0.02708
0.02560, 0.02735
0.02612, 0.02763
0.02664, 0.02791
0.02716, 0.02818
0.02769, 0.02846
0.02822, 0.02873
0.02876, 0.02901
0.02930, 0.02928
0.02985, 0.02956
0.03041, 0.02983
0.03097, 0.03010
0.03153, 0.03038
0.03210, 0.03065
0.03267, 0.03092
0.03325, 0.03119
0.03384, 0.03146
0.03442, 0.03173
0.03502, 0.03200
0.03562, 0.03227
0.03622, 0.03254
0.03683, 0.03281
0.03744, 0.03307
0.03806, 0.03334
0.03869, 0.03361
0.03931, 0.03387
0.03995, 0.03414
0.04059, 0.03440
0.04123, 0.03466
0.04188, 0.03493
0.04253, 0.03519
0.04319, 0.03545
0.04385, 0.03571
0.04452, 0.03597
0.04520, 0.03623
0.04587, 0.03649
0.04656, 0.03675
0.04724, 0.03700
0.04794, 0.03726
0.04864, 0.03752
0.04934, 0.03777
0.05005, 0.03802
0.05076, 0.03828
0.05148, 0.03853
0.05220, 0.03878
0.05293, 0.03903
0.05366, 0.03928
0.05439, 0.03953
0.05514, 0.03978
0.05588, 0.04002
0.05663, 0.04027
0.05739, 0.04051
0.05815, 0.04076
0.05892, 0.04100
0.05969, 0.04124
0.06046, 0.04148
0.06124, 0.04172
0.06203, 0.04196
0.06282, 0.04220
0.06361, 0.04243
0.06441, 0.04267
0.06522, 0.04290
0.06603, 0.04314
0.06684, 0.04337
0.06766, 0.04360
0.06848, 0.04383
0.06931, 0.04406
0.07014, 0.04429
0.07098, 0.04452
0.07182, 0.04474
0.07267, 0.04496
0.07352, 0.04519
0.07438, 0.04541
0.07524, 0.04563
0.07611, 0.04585
0.07698, 0.04607
0.07785, 0.04628
0.07873, 0.04650
0.07962, 0.04671
0.08051, 0.04692
0.08140, 0.04714
0.08230, 0.04735
0.08320, 0.04755
0.08411, 0.04776
0.08502, 0.04797
0.08594, 0.04817
0.08686, 0.04837
0.08779, 0.04858
0.08872, 0.04878
0.08965, 0.04897
0.09059, 0.04917
0.09154, 0.04937
0.09248, 0.04956
0.09344, 0.04975
0.09440, 0.04994
0.09536, 0.05013
0.09633, 0.05032
0.09730, 0.05051
0.09827, 0.05069
0.09925, 0.05087
0.10024, 0.05105
0.10123, 0.05123
0.10222, 0.05141
0.10322, 0.05159
0.10422, 0.05176
0.10523, 0.05193
0.10624, 0.05211
0.10726, 0.05227
0.10828, 0.05244
0.10930, 0.05261
0.11033, 0.05277
0.11137, 0.05293
0.11240, 0.05309
0.11345, 0.05325
0.11449, 0.05341
0.11554, 0.05356
0.11660, 0.05372
0.11766, 0.05387
0.11872, 0.05401
0.11979, 0.05416
0.12086, 0.05431
0.12194, 0.05445
0.12302, 0.05459
0.12411, 0.05473
0.12519, 0.05487
0.12629, 0.05500
0.12739, 0.05513
0.12849, 0.05527
0.12959, 0.05539
0.13070, 0.05552
0.13182, 0.05565
0.13294, 0.05577
0.13406, 0.05589
0.13518, 0.05601
0.13631, 0.05612
0.13744, 0.05624
0.13857, 0.05635
0.13971, 0.05646
0.14084, 0.05657
0.14198, 0.05667
0.14312, 0.05678
0.14426, 0.05688
0.14540, 0.05698
0.14655, 0.05708
0.14769, 0.05718
0.14884, 0.05727
0.14999, 0.05737
0.15114, 0.05746
0.15229, 0.05755
0.15344, 0.05764
0.15460, 0.05772
0.15576, 0.05781
0.15691, 0.05790
0.15807, 0.05798
0.15923, 0.05806
0.16039, 0.05814
0.16156, 0.05822
0.16272, 0.05830
0.16388, 0.05838
0.16505, 0.05845
0.16622, 0.05853
0.16738, 0.05860
0.16855, 0.05868
0.16972, 0.05875
0.17089, 0.05882
0.17206, 0.05889
0.17323, 0.05896
0.17440, 0.05903
0.17557, 0.05910
0.17675, 0.05917
0.17792, 0.05924
0.17909, 0.05931
0.18027, 0.05938
0.18144, 0.05944
0.18262, 0.05951
0.18379, 0.05958
0.18496, 0.05964
0.18614, 0.05971
0.18732, 0.05978
0.18849, 0.05984
0.18967, 0.05991
0.19084, 0.05998
0.19202, 0.06004
0.19319, 0.06011
0.19437, 0.06018
0.19554, 0.06025
0.19672, 0.06032
0.19789, 0.06039
0.19907, 0.06046
0.20024, 0.06053
0.20142, 0.06060
0.20260, 0.06067
0.20379, 0.06074
0.20498, 0.06081
0.20618, 0.06089
0.20738, 0.06096
0.20859, 0.06104
0.20980, 0.06111
0.21101, 0.06119
0.21223, 0.06126
0.21346, 0.06134
0.21469, 0.06142
0.21593, 0.06149
0.21717, 0.06157
0.21841, 0.06165
0.21966, 0.06173
0.22092, 0.06180
0.22218, 0.06188
0.22345, 0.06196
0.22472, 0.06204
0.22599, 0.06212
0.22728, 0.06219
0.22856, 0.06227
0.22985, 0.06235
0.23115, 0.06243
0.23245, 0.06250
0.23376, 0.06258
0.23507, 0.06266
0.23639, 0.06273
0.23771, 0.06281
0.23904, 0.06289
0.24037, 0.06296
0.24171, 0.06303
0.24305, 0.06311
0.24440, 0.06318
0.24576, 0.06325
0.24712, 0.06332
0.24848, 0.06339
0.24985, 0.06346
0.25122, 0.06353
0.25260, 0.06360
0.25399, 0.06366
0.25538, 0.06372
0.25678, 0.06379
0.25818, 0.06385
0.25958, 0.06391
0.26100, 0.06397
0.26241, 0.06402
0.26384, 0.06408
0.26526, 0.06413
0.26669, 0.06418
0.26813, 0.06423
0.26956, 0.06428
0.27100, 0.06433
0.27244, 0.06437
0.27388, 0.06441
0.27532, 0.06445
0.27677, 0.06449
0.27822, 0.06453
0.27967, 0.06456
0.28112, 0.06460
0.28257, 0.06463
0.28403, 0.06466
0.28548, 0.06469
0.28694, 0.06471
0.28840, 0.06473
0.28986, 0.06476
0.29133, 0.06478
0.29279, 0.06479
0.29426, 0.06481
0.29573, 0.06483
0.29720, 0.06484
0.29867, 0.06485
0.30015, 0.06486
0.30162, 0.06487
0.30310, 0.06487
0.30458, 0.06488
0.30606, 0.06488
0.30754, 0.06488
0.30902, 0.06488
0.31051, 0.06488
0.31199, 0.06488
0.31348, 0.06487
0.31497, 0.06486
0.31646, 0.06485
0.31795, 0.06484
0.31945, 0.06483
0.32094, 0.06482
0.32244, 0.06480
0.32393, 0.06478
0.32543, 0.06477
0.32693, 0.06474
0.32844, 0.06472
0.32994, 0.06470
0.33144, 0.06468
0.33295, 0.06465
0.33445, 0.06462
0.33596, 0.06459
0.33747, 0.06456
0.33898, 0.06453
0.34049, 0.06449
0.34201, 0.06446
0.34352, 0.06442
0.34503, 0.06439
0.34655, 0.06435
0.34807, 0.06430
0.34958, 0.06426
0.35110, 0.06422
0.35262, 0.06417
0.35414, 0.06413
0.35567, 0.06408
0.35719, 0.06403
0.35871, 0.06398
0.36024, 0.06393
0.36176, 0.06388
0.36329, 0.06382
0.36482, 0.06377
0.36635, 0.06371
0.36788, 0.06365
0.36941, 0.06359
0.37094, 0.06353
0.37247, 0.06347
0.37400, 0.06341
0.37554, 0.06334
0.37707, 0.06328
0.37861, 0.06321
0.38014, 0.06315
0.38168, 0.06308
0.38322, 0.06301
0.38476, 0.06294
0.38629, 0.06287
0.38783, 0.06279
0.38937, 0.06272
0.39091, 0.06265
0.39246, 0.06257
0.39400, 0.06249
0.39554, 0.06242
0.39708, 0.06234
0.39863, 0.06226
0.40017, 0.06218
0.40172, 0.06210
0.40326, 0.06201
0.40481, 0.06193
0.40635, 0.06185
0.40790, 0.06176
0.40945, 0.06168
0.41099, 0.06159
0.41254, 0.06150
0.41409, 0.06142
0.41564, 0.06133
0.41719, 0.06124
0.41874, 0.06115
0.42029, 0.06106
0.42184, 0.06096
0.42339, 0.06087
0.42494, 0.06078
0.42649, 0.06069
0.42804, 0.06059
0.42959, 0.06050
0.43115, 0.06040
0.43270, 0.06030
0.43425, 0.06021
0.43580, 0.06011
0.43736, 0.06001
0.43891, 0.05991
0.44046, 0.05981
0.44201, 0.05972
0.44357, 0.05962
0.44512, 0.05951
0.44668, 0.05941
0.44823, 0.05931
0.44978, 0.05921
0.45134, 0.05911
0.45289, 0.05901
0.45445, 0.05890
0.45600, 0.05880
0.45755, 0.05870
0.45911, 0.05859
0.46066, 0.05849
0.46222, 0.05838
0.46377, 0.05828
0.46532, 0.05817
0.46688, 0.05807
0.46843, 0.05796
0.46999, 0.05786
0.47154, 0.05775
0.47309, 0.05765
0.47465, 0.05754
0.47620, 0.05743
0.47775, 0.05733
0.47931, 0.05722
0.48086, 0.05711
0.48241, 0.05701
0.48396, 0.05690
0.48552, 0.05679
0.48707, 0.05669
0.48862, 0.05658
0.49017, 0.05647
0.49172, 0.05636
0.49327, 0.05626
0.49482, 0.05615
0.49638, 0.05604
0.49793, 0.05594
0.49948, 0.05583
0.50102, 0.05572
0.50257, 0.05562
0.50412, 0.05551
0.50567, 0.05540
0.50722, 0.05530
0.50877, 0.05519
0.51031, 0.05509
0.51186, 0.05498
0.51341, 0.05488
0.51495, 0.05477
0.51650, 0.05467
0.51804, 0.05456
0.51959, 0.05446
0.52113, 0.05436
0.52267, 0.05425
0.52422, 0.05415
0.52576, 0.05405
0.52730, 0.05394
0.52884, 0.05384
0.53038, 0.05374
0.53192, 0.05364
0.53346, 0.05354
0.53500, 0.05344
0.53654, 0.05334
0.53808, 0.05324
0.53961, 0.05314
0.54115, 0.05304
0.54269, 0.05295
0.54422, 0.05285
0.54576, 0.05275
0.54729, 0.05266
0.54882, 0.05256
0.55036, 0.05247
0.55189, 0.05237
0.55342, 0.05228
0.55495, 0.05218
0.55648, 0.05209
0.55801, 0.05200
0.55953, 0.05191
0.56106, 0.05182
0.56259, 0.05173
0.56411, 0.05164
0.56564, 0.05155
0.56716, 0.05147
0.56868, 0.05138
0.57021, 0.05129
0.57173, 0.05121
0.57325, 0.05112
0.57477, 0.05104
0.57629, 0.05096
0.57780, 0.05088
0.57932, 0.05079
0.58084, 0.05071
0.58235, 0.05064
0.58386, 0.05056
0.58538, 0.05048
0.58689, 0.05040
0.58840, 0.05033
0.58991, 0.05025
0.59142, 0.05018
0.59293, 0.05011
0.59443, 0.05003
0.59594, 0.04996
0.59744, 0.04989
0.59895, 0.04983
0.60045, 0.04976
0.60195, 0.04969
0.60345, 0.04963
0.60495, 0.04956
0.60645, 0.04950
0.60795, 0.04944
0.60944, 0.04937
0.61094, 0.04931
0.61243, 0.04925
0.61392, 0.04920
0.61542, 0.04914
0.61691, 0.04908
0.61839, 0.04903
0.61988, 0.04898
0.62137, 0.04892
0.62285, 0.04887
0.62434, 0.04882
0.62582, 0.04878
0.62730, 0.04873
0.62878, 0.04868
0.63026, 0.04864
0.63174, 0.04859
0.63322, 0.04855
0.63469, 0.04851
0.63617, 0.04847
0.63764, 0.04843
0.63911, 0.04839
0.64058, 0.04836
0.64205, 0.04832
0.64351, 0.04829
0.64498, 0.04826
0.64644, 0.04823
0.64791, 0.04820
0.64937, 0.04817
0.65083, 0.04814
0.65229, 0.04812
0.65374, 0.04809
0.65520, 0.04807
0.65665, 0.04805
0.65811, 0.04803
0.65956, 0.04801
0.66101, 0.04800
0.66246, 0.04798
0.66390, 0.04797
0.66535, 0.04795
0.66680, 0.04794
0.66824, 0.04793
0.66969, 0.04793
0.67113, 0.04792
0.67257, 0.04791
0.67402, 0.04791
0.67546, 0.04791
0.67690, 0.04790
0.67834, 0.04790
0.67978, 0.04790
0.68122, 0.04791
0.68266, 0.04791
0.68409, 0.04791
0.68553, 0.04792
0.68697, 0.04793
0.68840, 0.04793
0.68984, 0.04794
0.69127, 0.04795
0.69270, 0.04796
0.69413, 0.04797
0.69556, 0.04799
0.69699, 0.04800
0.69842, 0.04801
0.69984, 0.04803
0.70127, 0.04804
0.70269, 0.04806
0.70412, 0.04808
0.70554, 0.04809
0.70696, 0.04811
0.70838, 0.04813
0.70980, 0.04815
0.71121, 0.04817
0.71263, 0.04819
0.71404, 0.04821
0.71546, 0.04824
0.71687, 0.04826
0.71828, 0.04828
0.71968, 0.04830
0.72109, 0.04833
0.72250, 0.04835
0.72390, 0.04838
0.72530, 0.04840
0.72670, 0.04843
0.72810, 0.04845
0.72950, 0.04848
0.73090, 0.04850
0.73229, 0.04853
0.73368, 0.04855
0.73507, 0.04858
0.73646, 0.04861
0.73785, 0.04863
0.73924, 0.04866
0.74062, 0.04869
0.74200, 0.04871
0.74338, 0.04874
0.74476, 0.04877
0.74614, 0.04879
0.74751, 0.04882
0.74888, 0.04885
0.75025, 0.04887
0.75162, 0.04890
0.75299, 0.04893
0.75436, 0.04895
0.75572, 0.04898
0.75708, 0.04900
0.75845, 0.04903
0.75980, 0.04905
0.76116, 0.04908
0.76252, 0.04910
0.76387, 0.04912
0.76522, 0.04915
0.76657, 0.04917
0.76792, 0.04919
0.76926, 0.04921
0.77061, 0.04923
0.77195, 0.04925
0.77329, 0.04927
0.77462, 0.04929
0.77596, 0.04931
0.77729, 0.04933
0.77862, 0.04934
0.77995, 0.04936
0.78128, 0.04937
0.78260, 0.04938
0.78392, 0.04940
0.78524, 0.04941
0.78656, 0.04942
0.78787, 0.04943
0.78918, 0.04944
0.79049, 0.04944
0.79180, 0.04945
0.79310, 0.04946
0.79440, 0.04946
0.79570, 0.04946
0.79700, 0.04946
0.79829, 0.04946
0.79958, 0.04946
0.80087, 0.04946
0.80216, 0.04946
0.80344, 0.04945
0.80472, 0.04945
0.80600, 0.04944
0.80727, 0.04943
0.80854, 0.04942
0.80981, 0.04941
0.81108, 0.04939
0.81234, 0.04938
0.81360, 0.04936
0.81486, 0.04934
0.81611, 0.04932
0.81736, 0.04930
0.81861, 0.04928
0.81986, 0.04926
0.82110, 0.04923
0.82234, 0.04920
0.82357, 0.04917
0.82481, 0.04914
0.82604, 0.04911
0.82726, 0.04908
0.82849, 0.04904
0.82971, 0.04900
0.83092, 0.04896
0.83214, 0.04892
0.83335, 0.04888
0.83455, 0.04884
0.83575, 0.04879
0.83695, 0.04874
0.83815, 0.04869
0.83934, 0.04864
0.84052, 0.04859
0.84170, 0.04854
0.84288, 0.04848
0.84406, 0.04842
0.84523, 0.04836
0.84640, 0.04830
0.84756, 0.04824
0.84872, 0.04818
0.84987, 0.04811
0.85102, 0.04805
0.85217, 0.04798
0.85331, 0.04791
0.85445, 0.04784
0.85559, 0.04777
0.85672, 0.04769
0.85785, 0.04762
0.85897, 0.04754
0.86009, 0.04747
0.86120, 0.04739
0.86231, 0.04731
0.86342, 0.04723
0.86452, 0.04715
0.86562, 0.04706
0.86672, 0.04698
0.86781, 0.04689
0.86890, 0.04680
0.86998, 0.04672
0.87106, 0.04663
0.87213, 0.04654
0.87320, 0.04645
0.87427, 0.04635
0.87533, 0.04626
0.87639, 0.04617
0.87744, 0.04607
0.87849, 0.04598
0.87954, 0.04588
0.88058, 0.04578
0.88162, 0.04568
0.88265, 0.04558
0.88368, 0.04548
0.88471, 0.04538
0.88573, 0.04528
0.88674, 0.04517
0.88775, 0.04507
0.88876, 0.04496
0.88977, 0.04486
0.89077, 0.04475
0.89176, 0.04464
0.89275, 0.04454
0.89374, 0.04443
0.89472, 0.04432
0.89570, 0.04421
0.89668, 0.04410
0.89765, 0.04399
0.89861, 0.04388
0.89957, 0.04376
0.90053, 0.04365
0.90148, 0.04354
0.90243, 0.04342
0.90338, 0.04331
0.90432, 0.04319
0.90525, 0.04308
0.90619, 0.04296
0.90711, 0.04284
0.90804, 0.04273
0.90895, 0.04261
0.90987, 0.04249
0.91078, 0.04237
0.91168, 0.04226
0.91259, 0.04214
0.91348, 0.04202
0.91437, 0.04190
0.91526, 0.04178
0.91615, 0.04166
0.91703, 0.04154
0.91790, 0.04142
0.91877, 0.04129
0.91964, 0.04117
0.92050, 0.04105
0.92136, 0.04093
0.92221, 0.04081
0.92306, 0.04068
0.92390, 0.04056
0.92474, 0.04044
0.92558, 0.04032
0.92641, 0.04019
0.92724, 0.04007
0.92806, 0.03995
0.92888, 0.03982
0.92969, 0.03970
0.93050, 0.03958
0.93130, 0.03945
0.93210, 0.03933
0.93290, 0.03921
0.93369, 0.03908
0.93448, 0.03896
0.93526, 0.03884
0.93604, 0.03871
0.93681, 0.03859
0.93758, 0.03847
0.93834, 0.03834
0.93910, 0.03822
0.93986, 0.03810
0.94061, 0.03797
0.94135, 0.03785
0.94209, 0.03773
0.94283, 0.03761
0.94356, 0.03748
0.94429, 0.03736
0.94501, 0.03724
0.94573, 0.03712
0.94645, 0.03699
0.94716, 0.03687
0.94786, 0.03675
0.94856, 0.03663
0.94926, 0.03651
0.94995, 0.03639
0.95064, 0.03627
0.95132, 0.03615
0.95200, 0.03603
0.95267, 0.03591
0.95334, 0.03579
0.95400, 0.03567
0.95466, 0.03556
0.95532, 0.03544
0.95597, 0.03532
0.95661, 0.03520
0.95725, 0.03509
0.95789, 0.03497
0.95852, 0.03485
0.95915, 0.03474
0.95977, 0.03462
0.96039, 0.03451
0.96100, 0.03439
0.96161, 0.03428
0.96221, 0.03417
0.96281, 0.03406
0.96340, 0.03394
0.96399, 0.03383
0.96458, 0.03372
0.96516, 0.03361
0.96574, 0.03350
0.96631, 0.03339
0.96687, 0.03328
0.96743, 0.03317
0.96799, 0.03306
0.96854, 0.03296
0.96909, 0.03285
0.96963, 0.03274
0.97017, 0.03264
0.97071, 0.03253
0.97123, 0.03243
0.97176, 0.03233
0.97228, 0.03222
0.97279, 0.03212
0.97330, 0.03202
0.97381, 0.03192
0.97431, 0.03182
0.97480, 0.03172
0.97530, 0.03162
0.97578, 0.03152
0.97626, 0.03142
0.97674, 0.03133
0.97721, 0.03123
0.97768, 0.03114
0.97814, 0.03104
0.97860, 0.03095
0.97905, 0.03085
0.97950, 0.03076
0.97994, 0.03067
0.98038, 0.03058
0.98082, 0.03049
0.98125, 0.03040
0.98167, 0.03031
0.98209, 0.03022
0.98251, 0.03014
0.98292, 0.03005
0.98332, 0.02997
0.98372, 0.02988
0.98412, 0.02980
0.98451, 0.02972
0.98490, 0.02963
0.98528, 0.02955
0.98565, 0.02947
0.98603, 0.02939
0.98639, 0.02932
0.98675, 0.02924
0.98711, 0.02916
0.98746, 0.02909
0.98781, 0.02901
0.98816, 0.02894
0.98849, 0.02887
0.98883, 0.02879
0.98916, 0.02872
0.98948, 0.02865
0.98980, 0.02858
0.99011, 0.02852
0.99042, 0.02845
0.99073, 0.02838
0.99103, 0.02832
0.99132, 0.02825
0.99161, 0.02819
0.99189, 0.02813
0.99218, 0.02807
0.99245, 0.02801
0.99272, 0.02795
0.99299, 0.02789
0.99325, 0.02783
0.99350, 0.02777
0.99375, 0.02772
0.99400, 0.02766
0.99424, 0.02761
0.99448, 0.02756
0.99471, 0.02751
0.99494, 0.02746
0.99516, 0.02741
0.99538, 0.02736
0.99559, 0.02731
0.99580, 0.02727
0.99600, 0.02722
0.99620, 0.02718
0.99639, 0.02713
0.99658, 0.02709
0.99676, 0.02705
0.99694, 0.02701
0.99711, 0.02697
0.99728, 0.02693
0.99744, 0.02690
0.99760, 0.02686
0.99776, 0.02683
0.99791, 0.02679
0.99805, 0.02676
0.99819, 0.02673
0.99832, 0.02670
0.99845, 0.02667
0.99858, 0.02664
0.99870, 0.02661
0.99881, 0.02659
0.99892, 0.02656
0.99903, 0.02654
0.99913, 0.02652
0.99922, 0.02650
0.99931, 0.02648
0.99940, 0.02646
0.99948, 0.02644
0.99956, 0.02642
0.99963, 0.02640
0.99969, 0.02639
0.99975, 0.02638
0.99981, 0.02636
0.99986, 0.02635
0.99991, 0.02634
0.99995, 0.02633
0.99999, 0.02632
1.00002, 0.02632
1.00005, 0.02631
1.00007, 0.02630
1.00008, 0.02630
1.00010, 0.02630
1.00014, 0.02629
1.00015, 0.02629

=== Lower Surface ===
0.00000, -0.00291
0.00004, -0.00319
0.00007, -0.00347
0.00012, -0.00374
0.00016, -0.00402
0.00022, -0.00429
0.00028, -0.00457
0.00034, -0.00484
0.00041, -0.00511
0.00048, -0.00538
0.00056, -0.00565
0.00064, -0.00592
0.00073, -0.00619
0.00082, -0.00645
0.00092, -0.00672
0.00102, -0.00698
0.00113, -0.00725
0.00124, -0.00751
0.00136, -0.00777
0.00148, -0.00803
0.00160, -0.00829
0.00173, -0.00855
0.00187, -0.00881
0.00201, -0.00907
0.00216, -0.00933
0.00231, -0.00958
0.00246, -0.00984
0.00262, -0.01009
0.00279, -0.01034
0.00296, -0.01059
0.00313, -0.01085
0.00331, -0.01110
0.00349, -0.01134
0.00368, -0.01159
0.00388, -0.01184
0.00407, -0.01209
0.00428, -0.01233
0.00448, -0.01258
0.00470, -0.01282
0.00491, -0.01306
0.00514, -0.01330
0.00536, -0.01355
0.00559, -0.01379
0.00583, -0.01402
0.00607, -0.01426
0.00632, -0.01450
0.00657, -0.01474
0.00682, -0.01497
0.00708, -0.01521
0.00734, -0.01544
0.00761, -0.01567
0.00789, -0.01590
0.00816, -0.01614
0.00845, -0.01637
0.00874, -0.01660
0.00903, -0.01682
0.00932, -0.01705
0.00963, -0.01728
0.00993, -0.01750
0.01024, -0.01773
0.01056, -0.01795
0.01088, -0.01817
0.01120, -0.01840
0.01153, -0.01862
0.01187, -0.01884
0.01220, -0.01906
0.01255, -0.01928
0.01289, -0.01949
0.01325, -0.01971
0.01360, -0.01993
0.01396, -0.02014
0.01433, -0.02036
0.01470, -0.02057
0.01508, -0.02078
0.01546, -0.02100
0.01584, -0.02121
0.01623, -0.02142
0.01662, -0.02163
0.01702, -0.02183
0.01742, -0.02204
0.01783, -0.02225
0.01824, -0.02245
0.01865, -0.02266
0.01907, -0.02286
0.01950, -0.02307
0.01993, -0.02327
0.02036, -0.02347
0.02080, -0.02367
0.02124, -0.02387
0.02169, -0.02407
0.02214, -0.02427
0.02259, -0.02447
0.02305, -0.02467
0.02352, -0.02486
0.02399, -0.02506
0.02446, -0.02525
0.02494, -0.02545
0.02542, -0.02564
0.02590, -0.02583
0.02639, -0.02602
0.02689, -0.02621
0.02739, -0.02640
0.02789, -0.02659
0.02840, -0.02678
0.02891, -0.02697
0.02943, -0.02716
0.02995, -0.02734
0.03048, -0.02753
0.03100, -0.02771
0.03154, -0.02790
0.03208, -0.02808
0.03262, -0.02826
0.03317, -0.02844
0.03372, -0.02862
0.03427, -0.02880
0.03483, -0.02898
0.03539, -0.02916
0.03596, -0.02934
0.03653, -0.02952
0.03711, -0.02970
0.03769, -0.02987
0.03827, -0.03005
0.03886, -0.03022
0.03946, -0.03040
0.04005, -0.03057
0.04065, -0.03074
0.04126, -0.03091
0.04187, -0.03109
0.04248, -0.03126
0.04310, -0.03143
0.04372, -0.03160
0.04435, -0.03176
0.04498, -0.03193
0.04561, -0.03210
0.04625, -0.03227
0.04689, -0.03243
0.04754, -0.03260
0.04819, -0.03276
0.04884, -0.03293
0.04950, -0.03309
0.05016, -0.03326
0.05083, -0.03342
0.05150, -0.03358
0.05218, -0.03374
0.05286, -0.03390
0.05354, -0.03406
0.05422, -0.03422
0.05491, -0.03438
0.05561, -0.03454
0.05631, -0.03470
0.05701, -0.03486
0.05772, -0.03501
0.05843, -0.03517
0.05914, -0.03533
0.05986, -0.03548
0.06058, -0.03564
0.06131, -0.03579
0.06204, -0.03595
0.06277, -0.03610
0.06351, -0.03625
0.06425, -0.03640
0.06499, -0.03656
0.06574, -0.03671
0.06650, -0.03686
0.06725, -0.03701
0.06801, -0.03716
0.06878, -0.03731
0.06954, -0.03746
0.07032, -0.03761
0.07109, -0.03776
0.07187, -0.03790
0.07265, -0.03805
0.07344, -0.03820
0.07423, -0.03835
0.07503, -0.03849
0.07582, -0.03864
0.07663, -0.03878
0.07743, -0.03893
0.07824, -0.03907
0.07905, -0.03922
0.07987, -0.03936
0.08069, -0.03951
0.08151, -0.03965
0.08234, -0.03979
0.08317, -0.03994
0.08401, -0.04008
0.08485, -0.04022
0.08569, -0.04036
0.08653, -0.04051
0.08738, -0.04065
0.08823, -0.04079
0.08909, -0.04093
0.08995, -0.04107
0.09081, -0.04121
0.09168, -0.04135
0.09255, -0.04149
0.09343, -0.04163
0.09430, -0.04177
0.09518, -0.04191
0.09607, -0.04205
0.09696, -0.04218
0.09785, -0.04232
0.09874, -0.04246
0.09964, -0.04260
0.10054, -0.04274
0.10145, -0.04287
0.10236, -0.04301
0.10327, -0.04315
0.10419, -0.04329
0.10510, -0.04342
0.10603, -0.04356
0.10695, -0.04370
0.10788, -0.04384
0.10881, -0.04397
0.10975, -0.04411
0.11069, -0.04425
0.11163, -0.04438
0.11258, -0.04452
0.11353, -0.04465
0.11448, -0.04479
0.11544, -0.04493
0.11639, -0.04506
0.11736, -0.04520
0.11832, -0.04534
0.11929, -0.04547
0.12026, -0.04561
0.12124, -0.04574
0.12222, -0.04588
0.12320, -0.04602
0.12418, -0.04615
0.12517, -0.04629
0.12616, -0.04643
0.12716, -0.04656
0.12816, -0.04670
0.12916, -0.04684
0.13016, -0.04697
0.13117, -0.04711
0.13218, -0.04725
0.13320, -0.04738
0.13421, -0.04752
0.13524, -0.04766
0.13627, -0.04780
0.13730, -0.04793
0.13834, -0.04807
0.13938, -0.04821
0.14043, -0.04835
0.14149, -0.04848
0.14255, -0.04862
0.14361, -0.04876
0.14468, -0.04889
0.14576, -0.04903
0.14684, -0.04917
0.14793, -0.04930
0.14902, -0.04944
0.15012, -0.04958
0.15122, -0.04971
0.15233, -0.04985
0.15344, -0.04998
0.15456, -0.05012
0.15569, -0.05025
0.15682, -0.05038
0.15795, -0.05051
0.15910, -0.05065
0.16024, -0.05078
0.16140, -0.05091
0.16256, -0.05104
0.16372, -0.05116
0.16489, -0.05129
0.16607, -0.05142
0.16725, -0.05154
0.16844, -0.05167
0.16963, -0.05179
0.17083, -0.05191
0.17204, -0.05204
0.17325, -0.05216
0.17446, -0.05227
0.17569, -0.05239
0.17692, -0.05251
0.17815, -0.05262
0.17939, -0.05273
0.18064, -0.05284
0.18189, -0.05295
0.18315, -0.05306
0.18442, -0.05316
0.18569, -0.05327
0.18697, -0.05337
0.18825, -0.05346
0.18954, -0.05356
0.19084, -0.05366
0.19214, -0.05375
0.19345, -0.05384
0.19476, -0.05392
0.19608, -0.05401
0.19741, -0.05409
0.19874, -0.05417
0.20008, -0.05424
0.20142, -0.05432
0.20276, -0.05439
0.20411, -0.05445
0.20545, -0.05452
0.20680, -0.05458
0.20815, -0.05464
0.20950, -0.05469
0.21085, -0.05475
0.21220, -0.05480
0.21355, -0.05485
0.21490, -0.05489
0.21625, -0.05494
0.21760, -0.05498
0.21896, -0.05502
0.22031, -0.05505
0.22167, -0.05509
0.22302, -0.05512
0.22438, -0.05515
0.22573, -0.05518
0.22709, -0.05520
0.22844, -0.05523
0.22980, -0.05525
0.23116, -0.05527
0.23252, -0.05529
0.23387, -0.05530
0.23523, -0.05532
0.23659, -0.05533
0.23795, -0.05534
0.23930, -0.05536
0.24066, -0.05536
0.24202, -0.05537
0.24338, -0.05538
0.24473, -0.05538
0.24609, -0.05539
0.24745, -0.05539
0.24881, -0.05539
0.25016, -0.05539
0.25152, -0.05539
0.25288, -0.05539
0.25423, -0.05539
0.25559, -0.05539
0.25694, -0.05539
0.25830, -0.05538
0.25965, -0.05538
0.26101, -0.05537
0.26236, -0.05537
0.26371, -0.05536
0.26506, -0.05536
0.26642, -0.05535
0.26777, -0.05535
0.26912, -0.05534
0.27047, -0.05534
0.27183, -0.05533
0.27319, -0.05532
0.27455, -0.05532
0.27592, -0.05531
0.27728, -0.05530
0.27865, -0.05530
0.28002, -0.05529
0.28140, -0.05528
0.28277, -0.05528
0.28415, -0.05527
0.28553, -0.05526
0.28692, -0.05526
0.28830, -0.05525
0.28969, -0.05524
0.29108, -0.05523
0.29248, -0.05522
0.29387, -0.05522
0.29527, -0.05521
0.29667, -0.05520
0.29808, -0.05519
0.29948, -0.05518
0.30089, -0.05517
0.30230, -0.05516
0.30371, -0.05515
0.30513, -0.05514
0.30654, -0.05513
0.30796, -0.05512
0.30938, -0.05511
0.31081, -0.05510
0.31223, -0.05509
0.31366, -0.05508
0.31509, -0.05507
0.31653, -0.05506
0.31796, -0.05505
0.31940, -0.05504
0.32084, -0.05502
0.32228, -0.05501
0.32372, -0.05500
0.32517, -0.05499
0.32662, -0.05497
0.32807, -0.05496
0.32952, -0.05495
0.33097, -0.05493
0.33243, -0.05492
0.33389, -0.05490
0.33535, -0.05489
0.33681, -0.05487
0.33828, -0.05486
0.33974, -0.05484
0.34121, -0.05483
0.34268, -0.05481
0.34416, -0.05479
0.34563, -0.05478
0.34711, -0.05476
0.34859, -0.05474
0.35007, -0.05472
0.35155, -0.05471
0.35303, -0.05469
0.35452, -0.05467
0.35601, -0.05465
0.35750, -0.05463
0.35899, -0.05461
0.36048, -0.05459
0.36198, -0.05457
0.36348, -0.05455
0.36497, -0.05452
0.36648, -0.05450
0.36798, -0.05448
0.36948, -0.05446
0.37099, -0.05443
0.37250, -0.05441
0.37401, -0.05438
0.37552, -0.05436
0.37703, -0.05433
0.37855, -0.05431
0.38006, -0.05428
0.38158, -0.05425
0.38310, -0.05423
0.38462, -0.05420
0.38614, -0.05417
0.38767, -0.05414
0.38919, -0.05411
0.39072, -0.05408
0.39225, -0.05405
0.39378, -0.05402
0.39531, -0.05399
0.39685, -0.05395
0.39838, -0.05392
0.39992, -0.05389
0.40146, -0.05385
0.40300, -0.05382
0.40454, -0.05378
0.40608, -0.05375
0.40762, -0.05371
0.40917, -0.05367
0.41071, -0.05363
0.41226, -0.05360
0.41381, -0.05356
0.41536, -0.05352
0.41691, -0.05348
0.41847, -0.05343
0.42002, -0.05339
0.42158, -0.05335
0.42313, -0.05330
0.42469, -0.05326
0.42625, -0.05321
0.42781, -0.05317
0.42937, -0.05312
0.43093, -0.05307
0.43250, -0.05303
0.43406, -0.05298
0.43563, -0.05293
0.43719, -0.05288
0.43876, -0.05282
0.44033, -0.05277
0.44190, -0.05272
0.44347, -0.05266
0.44504, -0.05261
0.44662, -0.05255
0.44819, -0.05250
0.44977, -0.05244
0.45134, -0.05238
0.45292, -0.05232
0.45450, -0.05226
0.45607, -0.05220
0.45765, -0.05214
0.45923, -0.05207
0.46081, -0.05201
0.46240, -0.05194
0.46398, -0.05188
0.46556, -0.05181
0.46715, -0.05174
0.46873, -0.05167
0.47032, -0.05160
0.47190, -0.05153
0.47349, -0.05146
0.47508, -0.05138
0.47666, -0.05131
0.47825, -0.05123
0.47984, -0.05116
0.48143, -0.05108
0.48302, -0.05100
0.48461, -0.05092
0.48620, -0.05084
0.48780, -0.05076
0.48939, -0.05067
0.49098, -0.05059
0.49257, -0.05050
0.49417, -0.05042
0.49576, -0.05033
0.49736, -0.05024
0.49895, -0.05015
0.50055, -0.05006
0.50214, -0.04996
0.50374, -0.04987
0.50534, -0.04977
0.50693, -0.04968
0.50853, -0.04958
0.51013, -0.04948
0.51172, -0.04938
0.51332, -0.04928
0.51492, -0.04917
0.51652, -0.04907
0.51811, -0.04896
0.51971, -0.04886
0.52131, -0.04875
0.52291, -0.04864
0.52451, -0.04853
0.52611, -0.04842
0.52770, -0.04830
0.52930, -0.04819
0.53090, -0.04807
0.53250, -0.04795
0.53410, -0.04783
0.53570, -0.04771
0.53729, -0.04759
0.53889, -0.04747
0.54049, -0.04734
0.54209, -0.04722
0.54369, -0.04709
0.54528, -0.04696
0.54688, -0.04683
0.54848, -0.04670
0.55007, -0.04656
0.55167, -0.04643
0.55327, -0.04629
0.55486, -0.04615
0.55646, -0.04601
0.55805, -0.04587
0.55965, -0.04573
0.56124, -0.04558
0.56284, -0.04544
0.56443, -0.04529
0.56602, -0.04514
0.56762, -0.04499
0.56921, -0.04483
0.57080, -0.04468
0.57239, -0.04453
0.57398, -0.04437
0.57557, -0.04421
0.57716, -0.04405
0.57875, -0.04389
0.58034, -0.04372
0.58193, -0.04356
0.58351, -0.04339
0.58510, -0.04322
0.58669, -0.04305
0.58827, -0.04288
0.58986, -0.04270
0.59144, -0.04253
0.59302, -0.04235
0.59460, -0.04217
0.59618, -0.04199
0.59776, -0.04181
0.59934, -0.04163
0.60092, -0.04144
0.60250, -0.04125
0.60408, -0.04106
0.60565, -0.04087
0.60723, -0.04068
0.60880, -0.04049
0.61037, -0.04029
0.61195, -0.04009
0.61352, -0.03989
0.61509, -0.03969
0.61665, -0.03949
0.61822, -0.03928
0.61979, -0.03908
0.62135, -0.03887
0.62292, -0.03866
0.62448, -0.03844
0.62604, -0.03823
0.62760, -0.03801
0.62916, -0.03780
0.63072, -0.03758
0.63228, -0.03736
0.63383, -0.03713
0.63538, -0.03691
0.63694, -0.03668
0.63849, -0.03645
0.64004, -0.03622
0.64159, -0.03599
0.64313, -0.03576
0.64468, -0.03552
0.64622, -0.03528
0.64777, -0.03504
0.64931, -0.03480
0.65085, -0.03456
0.65239, -0.03431
0.65392, -0.03407
0.65546, -0.03382
0.65699, -0.03357
0.65852, -0.03332
0.66005, -0.03306
0.66158, -0.03280
0.66311, -0.03255
0.66463, -0.03229
0.66616, -0.03202
0.66768, -0.03176
0.66920, -0.03150
0.67072, -0.03123
0.67223, -0.03096
0.67375, -0.03069
0.67526, -0.03042
0.67676, -0.03014
0.67827, -0.02987
0.67977, -0.02959
0.68127, -0.02931
0.68276, -0.02903
0.68426, -0.02875
0.68575, -0.02846
0.68723, -0.02818
0.68872, -0.02789
0.69020, -0.02761
0.69168, -0.02732
0.69315, -0.02703
0.69463, -0.02674
0.69610, -0.02645
0.69756, -0.02615
0.69903, -0.02586
0.70049, -0.02557
0.70195, -0.02527
0.70340, -0.02497
0.70486, -0.02467
0.70631, -0.02438
0.70775, -0.02408
0.70920, -0.02378
0.71064, -0.02348
0.71208, -0.02317
0.71351, -0.02287
0.71495, -0.02257
0.71638, -0.02226
0.71780, -0.02196
0.71923, -0.02165
0.72065, -0.02135
0.72207, -0.02104
0.72348, -0.02074
0.72489, -0.02043
0.72630, -0.02012
0.72771, -0.01981
0.72911, -0.01951
0.73051, -0.01920
0.73191, -0.01889
0.73330, -0.01858
0.73470, -0.01827
0.73608, -0.01796
0.73747, -0.01765
0.73885, -0.01734
0.74023, -0.01703
0.74161, -0.01672
0.74298, -0.01641
0.74435, -0.01610
0.74572, -0.01579
0.74709, -0.01549
0.74845, -0.01518
0.74981, -0.01487
0.75116, -0.01456
0.75252, -0.01425
0.75386, -0.01394
0.75521, -0.01363
0.75655, -0.01332
0.75789, -0.01301
0.75923, -0.01270
0.76056, -0.01240
0.76189, -0.01209
0.76322, -0.01178
0.76454, -0.01148
0.76586, -0.01117
0.76718, -0.01087
0.76849, -0.01056
0.76980, -0.01026
0.77111, -0.00996
0.77241, -0.00966
0.77371, -0.00936
0.77501, -0.00905
0.77630, -0.00876
0.77759, -0.00846
0.77887, -0.00816
0.78016, -0.00786
0.78144, -0.00757
0.78271, -0.00727
0.78399, -0.00698
0.78525, -0.00669
0.78652, -0.00640
0.78778, -0.00611
0.78904, -0.00582
0.79030, -0.00553
0.79155, -0.00524
0.79280, -0.00496
0.79405, -0.00467
0.79529, -0.00439
0.79653, -0.00411
0.79777, -0.00383
0.79900, -0.00355
0.80023, -0.00328
0.80146, -0.00300
0.80268, -0.00273
0.80390, -0.00245
0.80512, -0.00218
0.80633, -0.00191
0.80754, -0.00165
0.80875, -0.00138
0.80995, -0.00112
0.81115, -0.00085
0.81235, -0.00059
0.81354, -0.00033
0.81473, -0.00007
0.81592, 0.00018
0.81710, 0.00044
0.81828, 0.00069
0.81946, 0.00094
0.82063, 0.00119
0.82180, 0.00144
0.82297, 0.00168
0.82413, 0.00192
0.82529, 0.00216
0.82645, 0.00240
0.82761, 0.00264
0.82876, 0.00288
0.82990, 0.00311
0.83105, 0.00334
0.83219, 0.00357
0.83333, 0.00380
0.83446, 0.00403
0.83559, 0.00425
0.83672, 0.00447
0.83784, 0.00469
0.83897, 0.00491
0.84009, 0.00512
0.84120, 0.00534
0.84232, 0.00555
0.84343, 0.00576
0.84454, 0.00597
0.84564, 0.00618
0.84675, 0.00638
0.84784, 0.00658
0.84894, 0.00678
0.85004, 0.00698
0.85113, 0.00718
0.85221, 0.00737
0.85330, 0.00757
0.85438, 0.00776
0.85546, 0.00795
0.85654, 0.00814
0.85761, 0.00832
0.85868, 0.00851
0.85974, 0.00869
0.86081, 0.00887
0.86187, 0.00905
0.86292, 0.00923
0.86398, 0.00941
0.86503, 0.00958
0.86608, 0.00975
0.86712, 0.00992
0.86816, 0.01009
0.86920, 0.01026
0.87024, 0.01043
0.87127, 0.01059
0.87230, 0.01076
0.87332, 0.01092
0.87434, 0.01108
0.87536, 0.01124
0.87638, 0.01139
0.87739, 0.01155
0.87840, 0.01170
0.87941, 0.01185
0.88041, 0.01201
0.88141, 0.01215
0.88240, 0.01230
0.88339, 0.01245
0.88438, 0.01259
0.88537, 0.01274
0.88635, 0.01288
0.88733, 0.01302
0.88830, 0.01316
0.88927, 0.01330
0.89024, 0.01343
0.89120, 0.01357
0.89217, 0.01370
0.89312, 0.01383
0.89408, 0.01396
0.89503, 0.01409
0.89597, 0.01422
0.89692, 0.01435
0.89786, 0.01447
0.89879, 0.01460
0.89972, 0.01472
0.90065, 0.01484
0.90158, 0.01496
0.90250, 0.01508
0.90342, 0.01520
0.90433, 0.01532
0.90524, 0.01543
0.90615, 0.01555
0.90705, 0.01566
0.90795, 0.01577
0.90884, 0.01588
0.90973, 0.01599
0.91062, 0.01610
0.91151, 0.01621
0.91239, 0.01631
0.91326, 0.01642
0.91413, 0.01652
0.91500, 0.01663
0.91587, 0.01673
0.91673, 0.01683
0.91759, 0.01693
0.91844, 0.01703
0.91929, 0.01712
0.92013, 0.01722
0.92098, 0.01731
0.92181, 0.01741
0.92265, 0.01750
0.92348, 0.01759
0.92430, 0.01768
0.92512, 0.01777
0.92594, 0.01786
0.92676, 0.01795
0.92757, 0.01804
0.92837, 0.01812
0.92917, 0.01821
0.92997, 0.01829
0.93076, 0.01838
0.93155, 0.01846
0.93234, 0.01854
0.93312, 0.01862
0.93390, 0.01870
0.93467, 0.01878
0.93544, 0.01886
0.93620, 0.01893
0.93697, 0.01901
0.93772, 0.01908
0.93847, 0.01916
0.93922, 0.01923
0.93997, 0.01930
0.94071, 0.01937
0.94144, 0.01944
0.94217, 0.01951
0.94290, 0.01958
0.94363, 0.01965
0.94434, 0.01972
0.94506, 0.01979
0.94577, 0.01985
0.94648, 0.01992
0.94718, 0.01998
0.94788, 0.02004
0.94857, 0.02011
0.94926, 0.02017
0.94994, 0.02023
0.95062, 0.02029
0.95130, 0.02035
0.95197, 0.02041
0.95264, 0.02047
0.95330, 0.02053
0.95396, 0.02058
0.95461, 0.02064
0.95526, 0.02069
0.95591, 0.02075
0.95655, 0.02080
0.95719, 0.02086
0.95782, 0.02091
0.95845, 0.02096
0.95907, 0.02101
0.95969, 0.02106
0.96030, 0.02111
0.96091, 0.02116
0.96152, 0.02121
0.96212, 0.02126
0.96272, 0.02131
0.96331, 0.02135
0.96389, 0.02140
0.96448, 0.02145
0.96506, 0.02149
0.96563, 0.02154
0.96620, 0.02158
0.96676, 0.02162
0.96732, 0.02167
0.96788, 0.02171
0.96843, 0.02175
0.96898, 0.02179
0.96952, 0.02183
0.97006, 0.02187
0.97059, 0.02191
0.97112, 0.02195
0.97164, 0.02199
0.97216, 0.02203
0.97268, 0.02206
0.97319, 0.02210
0.97369, 0.02214
0.97419, 0.02217
0.97469, 0.02221
0.97518, 0.02224
0.97566, 0.02228
0.97615, 0.02231
0.97662, 0.02234
0.97710, 0.02238
0.97756, 0.02241
0.97803, 0.02244
0.97848, 0.02247
0.97894, 0.02250
0.97939, 0.02253
0.97983, 0.02256
0.98027, 0.02259
0.98071, 0.02262
0.98114, 0.02265
0.98156, 0.02268
0.98198, 0.02271
0.98240, 0.02273
0.98281, 0.02276
0.98321, 0.02279
0.98361, 0.02281
0.98401, 0.02284
0.98440, 0.02287
0.98479, 0.02289
0.98517, 0.02291
0.98555, 0.02294
0.98592, 0.02296
0.98629, 0.02299
0.98665, 0.02301
0.98701, 0.02303
0.98737, 0.02305
0.98771, 0.02307
0.98806, 0.02310
0.98840, 0.02312
0.98873, 0.02314
0.98906, 0.02316
0.98938, 0.02318
0.98970, 0.02320
0.99002, 0.02322
0.99033, 0.02324
0.99063, 0.02325
0.99093, 0.02327
0.99123, 0.02329
0.99152, 0.02331
0.99180, 0.02332
0.99208, 0.02334
0.99236, 0.02336
0.99263, 0.02337
0.99289, 0.02339
0.99316, 0.02340
0.99341, 0.02342
0.99366, 0.02343
0.99391, 0.02345
0.99415, 0.02346
0.99439, 0.02348
0.99462, 0.02349
0.99484, 0.02350
0.99507, 0.02351
0.99528, 0.02353
0.99549, 0.02354
0.99570, 0.02355
0.99590, 0.02356
0.99610, 0.02357
0.99629, 0.02358
0.99648, 0.02360
0.99666, 0.02361
0.99684, 0.02362
0.99701, 0.02363
0.99718, 0.02363
0.99734, 0.02364
0.99749, 0.02365
0.99765, 0.02366
0.99779, 0.02367
0.99794, 0.02368
0.99807, 0.02368
0.99821, 0.02369
0.99833, 0.02370
0.99845, 0.02371
0.99857, 0.02371
0.99868, 0.02372
0.99879, 0.02372
0.99889, 0.02373
0.99899, 0.02374
0.99908, 0.02374
0.99917, 0.02375
0.99925, 0.02375
0.99933, 0.02375
0.99940, 0.02376
0.99947, 0.02376
0.99953, 0.02377
0.99959, 0.02377
0.99964, 0.02377
0.99969, 0.02377
0.99973, 0.02378
0.99977, 0.02378
0.99980, 0.02378
0.99983, 0.02378
0.99985, 0.02378
0.99987, 0.02378
0.99988, 0.02378
0.99986, 0.02379
0.99985, 0.02379
